Repetition start
-0.314758300781
0.707092285156
1.57904052734
1.44787597656
1.72979736328
1.54760742188
1.10040283203
1.37091064453
1.06024169922
1.29351806641
1.15551757812
1.16009521484
0.1884765625
0.637817382812
-0.675476074219
-1.87365722656
-0.0167846679688
0.0665893554688
-0.202331542969
0.0146484375
Repetition end
0
Repetition start
1.07391357422
1.89233398438
2.30603027344
1.42443847656
1.00659179688
0.748901367188
2.18627929688
1.16448974609
1.50744628906
1.25177001953
1.88702392578
1.87274169922
1.12847900391
0.545471191406
0.17041015625
0.741821289062
0.645385742188
-0.865417480469
-0.830871582031
-0.269958496094
Repetition end
0
Repetition start
0.0108642578125
0.166625976562
0.260375976562
0.260375976562
1.1953125
1.1953125
1.74572753906
1.55316162109
1.16772460938
1.11059570312
1.11059570312
1.2607421875
1.39996337891
1.78338623047
1.40814208984
0.156433105469
0.156433105469
0.156433105469
-1.81146240234
-1.00665283203
Repetition end
0
Repetition start
0.852478027344
1.15148925781
1.73480224609
1.48529052734
1.39129638672
1.80584716797
1.67907714844
1.7470703125
1.04138183594
1.57489013672
1.60900878906
1.72680664062
1.60888671875
1.43084716797
1.18487548828
0.922546386719
0.333862304688
-0.101928710938
-0.146057128906
0.0498657226562
Repetition end
0
Repetition start
1.29711914062
1.41619873047
1.05511474609
1.62170410156
1.54174804688
1.4912109375
1.52807617188
1.42236328125
1.51983642578
1.5205078125
1.4599609375
1.63714599609
1.53369140625
1.38745117188
1.43188476562
1.73999023438
0.383056640625
0.6572265625
0.743530273438
0.510498046875
Repetition end
0
Repetition start
1.46606445312
1.50665283203
1.72552490234
1.54364013672
1.61730957031
1.42926025391
1.41571044922
1.51641845703
1.44024658203
1.458984375
1.46710205078
1.46099853516
1.50421142578
1.47955322266
1.46081542969
1.42834472656
1.43524169922
0.420043945312
0.12109375
0.14208984375
Repetition end
0
Repetition start
1.47216796875
1.53326416016
1.44030761719
1.52075195312
1.68981933594
1.62469482422
1.52392578125
1.63525390625
1.59692382812
1.57263183594
1.48498535156
1.57421875
1.43975830078
1.29919433594
1.32635498047
1.05303955078
-0.582336425781
-0.529052734375
0.185546875
0.0357666015625
Repetition end
0
Repetition start
1.26708984375
1.26708984375
1.26708984375
1.07763671875
1.15277099609
1.14862060547
1.14862060547
0.825012207031
-0.344787597656
-0.508361816406
-0.508361816406
-0.508361816406
-0.907958984375
-0.16064453125
-0.16064453125
0.410400390625
0.410400390625
0.547668457031
0.547668457031
0.0941162109375
Repetition end
0
Repetition start
0.765563964844
0.753967285156
0.941772460938
0.976745605469
1.07769775391
1.16851806641
1.49481201172
1.59112548828
1.28314208984
1.33697509766
0.927551269531
0.377502441406
-0.966247558594
-0.434265136719
-0.289916992188
0.245422363281
0.31591796875
0.0040283203125
0.058837890625
0.0202026367188
Repetition end
0
Repetition start
0.232177734375
0.025634765625
0.287902832031
-0.1103515625
0.215515136719
-0.01025390625
0.942260742188
1.29040527344
1.44458007812
1.49035644531
1.36810302734
1.17730712891
0.0345458984375
-0.27490234375
0.2724609375
0.339111328125
0.184692382812
0.165893554688
0.265258789062
0.35205078125
Repetition end
0
Repetition start
1.45135498047
1.45135498047
1.43743896484
1.619140625
1.50128173828
0.836975097656
0.836975097656
2.60784912109
0.404418945312
-0.950561523438
-1.32788085938
-0.484802246094
0.491394042969
0.124938964844
-0.179931640625
-0.2998046875
0.0527954101562
0.00018310546875
0.00018310546875
-0.0980834960938
Repetition end
0
Repetition start
-0.112915039062
-0.078125
0.138610839844
0.723876953125
1.47546386719
1.58148193359
1.44879150391
1.52478027344
1.5419921875
1.63342285156
1.59185791016
1.43621826172
1.56768798828
1.31610107422
1.02868652344
-0.756530761719
0.255249023438
0.412658691406
0.194458007812
-0.06640625
Repetition end
0
Repetition start
0.575500488281
1.15631103516
1.11029052734
1.25653076172
1.14495849609
1.10968017578
1.18170166016
1.302734375
1.27697753906
1.30401611328
1.30023193359
1.31408691406
1.51470947266
1.65484619141
1.49761962891
1.53466796875
1.30767822266
1.3876953125
1.42175292969
0.654907226562
Repetition end
0
Repetition start
0.02294921875
0.276733398438
0.260498046875
0.439758300781
0.431274414062
1.11645507812
1.33728027344
1.30950927734
1.4091796875
1.30737304688
1.36547851562
1.03411865234
1.16058349609
1.11181640625
1.39111328125
1.58306884766
1.46215820312
1.57244873047
1.56127929688
1.62463378906
Repetition end
0
Repetition start
1.38208007812
1.54901123047
1.55560302734
1.60626220703
1.47711181641
1.50128173828
1.59704589844
1.52044677734
1.47320556641
1.37200927734
1.39593505859
1.4072265625
1.43792724609
1.42248535156
1.4248046875
1.41815185547
1.33435058594
1.4580078125
2.00537109375
-0.661071777344
Repetition end
0
Repetition start
1.47998046875
1.51690673828
1.48815917969
1.70770263672
1.50286865234
1.74768066406
1.63739013672
1.70739746094
1.66839599609
1.63049316406
1.74169921875
1.73736572266
1.66088867188
1.54968261719
1.52166748047
1.44250488281
1.31909179688
1.30920410156
1.20349121094
-0.489807128906
Repetition end
0
Repetition start
1.73095703125
1.42987060547
1.72601318359
1.64471435547
1.46313476562
1.47692871094
1.60748291016
1.42041015625
1.31213378906
1.28363037109
1.15417480469
1.29681396484
1.28454589844
1.26904296875
1.20764160156
1.13702392578
1.50982666016
1.72113037109
0.239929199219
-0.552917480469
Repetition end
0
Repetition start
1.23901367188
1.36926269531
1.27032470703
1.22833251953
1.65954589844
1.69140625
1.55169677734
1.97698974609
1.83386230469
1.80737304688
1.69970703125
1.70550537109
1.75122070312
1.65832519531
1.58178710938
1.41656494141
-1.00750732422
-0.0841674804688
-0.107666015625
0.148193359375
Repetition end
0
Repetition start
0.0305786132812
0.152099609375
0.332763671875
0.733215332031
1.06475830078
0.883728027344
1.20367431641
0.780212402344
0.813903808594
0.847595214844
0.821655273438
0.955627441406
0.765441894531
0.94482421875
-0.677917480469
0.0238037109375
0.0348510742188
0.228149414062
0.0001220703125
-0.126647949219
Repetition end
0
Repetition start
-0.102905273438
0.0662231445312
0.941772460938
1.51068115234
1.2314453125
1.49884033203
1.22320556641
1.34564208984
1.58813476562
0.681945800781
1.80297851562
1.96221923828
1.41070556641
2.20483398438
1.56048583984
1.67486572266
2.67016601562
1.06896972656
0.744018554688
-0.633483886719
Repetition end
0
