-2405 -10177 13402
 -1782 -9421 13402
 -1529 -9846 12582
 -2340 -10350 13039
 -1292 -10015 12242
 -1251 -10382 12725
 -2657 -10231 13945
 -2141 -9427 12796
 -3013 -10143 12001
 -1745 -10149 12662
 -2998 -8910 13182
 -2706 -8118 13725
 -3344 -10515 13572
 -1400 -11099 11567
 -1430 -9266 12230
 -4049 -7853 13359
 -3200 -10336 12493
 -3749 -11705 12322
 -1674 -12069 13484
 -1285 -9370 12669
 -3872 -8166 12440
 -3063 -9716 12142
 -4651 -10311 11700
 -672 -11315 13109
 -1701 -10128 13442
 -3175 -10646 14445
 -4011 -8442 12853
 -2677 -9167 12653
 -1459 -10922 11678
 -1417 -11420 11651
 -2750 -11021 10947
 -2413 -11851 11121
 -2076 -11360 11542
 -1517 -11730 11677
Repetition Start
 -2149 -11478 11851
 -2332 -11231 11844
 -2018 -11226 11746
 -1910 -10963 11835
 -1846 -11051 11766
 -1970 -11242 11559
 -1409 -11698 11706
 -1769 -11406 11605
 -1492 -11252 11946
 -2133 -11938 11748
 -2888 -11877 10885
 -2279 -12181 11204
 -1167 -12409 11552
 -2965 -13556 10992
 -167 -12737 11478
 -260 -11218 12150
 -1895 -10847 14542
 -2295 -11115 13338
 1424 -7008 13629
 2288 -2588 14413
 4769 -256 13704
 3569 -4635 15770
 1284 -5063 17102
 2065 -5823 15215
 1407 -5156 15773
 602 -5835 15178
 938 -4877 16032
 1142 -3006 15167
 1733 -4038 15920
 1882 -5001 16373
 1621 -3870 15913
 2077 -6843 15138
 3047 -6083 14914
 2265 -6240 15659
 2103 -4500 15513
 1802 -3410 15843
 2770 -2653 15847
 1890 -3019 15442
 2169 -3744 16233
 2335 -5809 15719
 3157 -4265 16217
 3203 -3214 15535
 2334 -3487 15772
 4179 -4108 16268
 2973 -4104 15941
 4683 -3832 15525
 3885 -4951 15445
 2828 -4345 14026
 5125 -2368 16957
 6091 -3954 15057
 5678 -2487 14763
 4919 -5161 15825
 2923 -4960 16750
 4881 -3734 15205
 6247 -1511 14900
 5238 -166 14407
 4931 -2975 17289
 3881 -2583 15334
 2590 -2902 15088
 4221 -3470 15385
 3513 -2592 14616
 2658 -2748 17426
 2723 -3722 13451
 3858 -8937 8461
 3091 -11606 17138
 1595 -13349 9411
 1074 -15007 11350
 691 -10990 11906
 -2753 -13029 10191
 -1560 -12135 13266
Repetition End
0
 -195 -14135 11719
 -1083 -13261 10118
 -2670 -12945 10881
 -2036 -11789 11390
 -1056 -11548 11412
 -430 -11895 11423
 -398 -12043 11241
 -1203 -11622 11688
 -1067 -11568 11763
 -1133 -11911 11538
 -939 -11705 11630
 -944 -11490 11765
 -1109 -11508 11792
 -894 -11551 11833
 -682 -11668 11809
 -952 -11506 11860
 -1171 -11330 11891
 -941 -11606 11939
 -990 -11410 11865
 -1134 -11433 11873
 -1015 -11302 11972
 -1045 -11373 11931
 -1125 -11518 11870
 -1098 -11433 11933
 -967 -11399 11940
 -1265 -11496 11904
 -1072 -11295 11935
 -1051 -11399 11852
 -1230 -11492 11759
 -1104 -11375 11880
 -1032 -11407 11959
 -1153 -11437 11878
 -1150 -11467 11899
 -1116 -11380 11911
 -1316 -11401 11824
 -1392 -11747 11753
 -2496 -12066 12109
 -1268 -10646 13088
 -191 -11664 12100
 -878 -12541 12435
Repetition Start
 -1612 -11833 11439
 -1868 -9486 12906
 -1812 -8443 15223
 -400 -8421 14139
 -142 -6567 14775
 1491 -6446 15101
 -261 -6447 15582
 -1543 -3834 15473
 -372 -2870 14499
 -293 -5649 16140
 971 -5067 16923
 483 -5152 15331
 3303 -6106 14813
 1441 -5589 14233
 2236 -5021 15484
 2226 -6024 17188
 1113 -3377 16268
 1302 -3198 14749
 4109 -3089 17826
 4723 -634 15104
 5592 -3780 16550
 5267 -3815 13758
 4839 -3953 14844
 1965 -5645 17409
 -1084 -6582 14957
 1037 -4938 17160
 3776 -1783 15225
 4494 -2092 17548
 5811 -5925 15711
 3416 -4441 13258
 3357 -2458 14086
 3696 -3166 17104
 3917 -1701 14535
 5995 1055 15754
 4360 -87 14269
 5436 -445 13695
 3766 -692 14289
 1369 1585 16065
 -3403 -9035 16517
 -6502 -27843 3911
 -759 -18614 984
 -99 -12904 10772
 -297 -9995 8042
 180 -10797 11236
Repetition End
0
 -538 -11171 11042
 120 -12578 10940
 -867 -13327 10403
 -2353 -13203 8888
 -2311 -14017 9408
 -1137 -13524 10013
 -447 -12698 10526
 -741 -12340 10910
 -1100 -12868 10376
 -1159 -13114 10114
 -1063 -12964 10081
 -1178 -12929 10243
 -1234 -12817 10410
 -1074 -12716 10440
 -1015 -12817 10345
 -1149 -12874 10344
 -1185 -12880 10326
 -1131 -12831 10322
 -1140 -12809 10477
 -1108 -12795 10463
 -1071 -12828 10412
 -1139 -12770 10335
 -1139 -12694 10468
 -1121 -12753 10489
 -1148 -12855 10410
 -1131 -12783 10437
 -1159 -12759 10509
 -1187 -12765 10423
 -1099 -12789 10634
 -1132 -12645 10427
 -1133 -12702 10491
 -1241 -12769 10407
 -1038 -12788 10362
 -1237 -12741 10674
 -1167 -12727 10471
 -670 -12938 10108
 399 -13923 10003
 -2020 -15545 9428
 -1641 -13631 9470
 -932 -13579 11030
Repetition Start
 -2093 -12631 11777
 -2685 -9256 12532
 1549 -1384 13996
 1526 -5026 15995
 1901 -7252 15793
 1849 -4321 16306
 1910 -1660 14474
 1963 -6002 15041
 2177 -8327 16302
 2151 -5684 14881
 634 -5578 15397
 1670 -4381 16055
 2825 -2261 15428
 2157 -2030 14443
 2923 -2638 16193
 3434 -3841 15991
 3226 -4299 14759
 2829 -3174 10770
 -151 -11934 12601
 395 -12166 11821
 -1161 -14874 11054
 -3385 -17146 5800
 -2993 -14802 9376
 -2332 -12561 10392
Repetition End
0
 90 -9578 13000
 -269 -12551 11282
 -899 -13949 9974
 -1080 -13034 10084
 -749 -12139 10916
 -1150 -12216 10868
 -1290 -12580 10641
 -793 -12325 10607
 -891 -12444 10721
 -1094 -12613 10687
 -2958 -13355 10725
 -1093 -15344 11167
 -184 -13286 11029
 -837 -12036 11792
Repetition Start
 -986 -10948 11899
 16 -8181 13167
 477 -5884 14167
 185 -4605 15268
 700 -1005 14997
 560 -4416 15929
 874 -6602 16052
 915 -6118 15382
 -393 -6946 15306
 -686 -6996 15528
 684 -4925 16470
 898 -3074 14662
 3566 -2734 16244
 3777 -2592 15675
 3082 -2816 14820
 3863 -2767 15477
 4629 -2284 14984
 4075 -3854 15718
 3164 -4226 7019
 -2289 -12462 11219
 -2711 -15299 10599
 -4607 -16954 6039
 -1849 -15741 9311
Repetition End
0
 103 -11595 11999
 774 -10426 11921
 -775 -12766 10929
 -757 -13855 10387
 -1807 -12811 10485
 -1356 -12164 10967
 -975 -12413 10891
 -769 -12468 10805
 -824 -12552 10858
 -1105 -12417 10927
 -1227 -12467 10905
 -1311 -12419 10762
 -857 -12169 10947
 -943 -12266 11088
 -1098 -12349 11002
 -1075 -12277 11057
 -1124 -12351 11059
 -1001 -12374 11122
 -1281 -12167 10768
 -1860 -12243 10432
 -1024 -12010 11508
 -893 -12996 12145
 -1167 -12413 12139
Repetition Start
 -832 -10076 12591
 152 -8125 13774
 1471 -8056 14335
 2385 -6328 15000
 1461 -6632 15492
 1056 -7398 16105
 1107 -4839 15530
 772 -4008 16052
 789 -4019 14758
 2144 -3982 14966
 2381 -3572 15030
 2321 -3234 15724
 2491 -3469 18122
 3237 -5703 15635
 3712 -5754 14997
 3048 -5252 14072
 3056 -4475 15119
 2968 -2249 15729
 3322 -2468 14775
 3634 -760 15137
 2746 -1735 15472
 5619 -5188 13974
 4169 -8694 10754
 -781 -12097 14615
 -2037 -15346 8554
 -5971 -16544 6037
 -3398 -14791 8258
Repetition End
0
 -4700 -11570 10311
 -2176 -8915 12795
 -1577 -11610 11761
 -75 -12936 11072
 -317 -12520 11026
 -1046 -12278 11167
 -1753 -11871 11301
 -1866 -12009 11192
 -1118 -11831 11519
 -1186 -11728 11589
 -1288 -11845 11418
 -1278 -11826 11434
 -1139 -11846 11442
 -1369 -11846 11459
 -1376 -11805 11512
 -1192 -11808 11529
 -1152 -11811 11485
 -1197 -11881 11370
 -1291 -11831 11473
 -1279 -11773 11520
 -1284 -11928 11398
 -1249 -11855 11566
 -471 -12509 11900
 -2591 -14481 11956
 -1133 -12536 10427
 -665 -7722 12804
Repetition Start
 -561 -9804 12036
 -2176 -13831 11940
 -2394 -10867 11998
 -818 -8364 13448
 -527 -7628 14349
 -1709 -9847 13516
 -1412 -11985 12038
 -1628 -10321 13381
 -743 -10515 12772
 266 -10201 11806
 -2284 -12885 9284
 -1650 -12852 12100
 -4057 -15178 11141
 -3631 -16674 10796
 1038 -10260 12105
 232 -2782 20148
 2653 978 13351
 2900 2041 17087
 4127 972 17611
 3413 2920 17135
 6188 1572 13519
 8299 2675 10987
 7742 8143 12152
 3615 9248 9433
 1669 11754 10246
 1681 12038 10587
 2860 12014 9127
 3198 12817 8233
 3879 13624 8053
 3911 13722 8229
 4120 13179 7679
 4134 13123 8073
 4333 13243 8408
 4456 12548 8401
 4355 12863 8076
 4068 13220 8698
 4102 12741 8539
 4278 12897 8531
 4144 12681 8654
 3721 12789 9056
 3476 12301 9045
 3808 12471 9134
 3873 12223 9429
 3801 11811 9750
 3519 11326 9721
 3579 11027 10233
 3588 10161 10357
 2888 9354 10142
 3611 8092 8871
 1165 4258 12675
 2434 -1331 14343
 2628 -4234 12674
 -787 -2683 32621
 -570 -14817 11199
 -2197 -19902 4192
 -2614 -16446 9483
 -1166 -17169 10101
Repetition End
0
 -2530 -9155 13146
 -1119 -8625 12019
 -922 -11591 11486
 -3104 -13893 8798
 -3136 -12847 11229
 -1820 -10735 11816
 -2322 -11169 11768
 -2249 -11836 11464
 -1983 -11961 11017
 -2067 -12372 10620
 -2487 -12748 10777
 -2590 -12010 9862
 -2048 -11387 11171
 -2130 -11407 11951
 -1539 -10679 11877
 -1068 -11821 11545
 -1099 -12691 10985
 -335 -12754 10208
 -785 -12473 11762
 -1698 -11265 10246
 -2741 -11894 12331
 -1838 -10395 11737
 -2007 -20301 7427
 -1145 -14141 11173
 -1772 -6709 13648
Repetition Start
 889 -1789 18766
 5219 2644 15430
 4327 6696 18865
 2570 2715 13931
 962 2952 12897
 621 5562 16353
 3993 5777 10930
 7833 9678 10041
 7397 9230 9659
 3897 11475 8721
 5093 9700 9754
 4169 10010 9078
 8076 13501 11127
 6708 11107 10333
 5680 11950 8388
 4185 12032 8170
 6351 12698 7984
 5980 12302 7334
 6273 12733 8921
 5667 12608 8365
 5668 12972 8005
 5802 12879 8490
 5426 12723 8346
 4612 12010 8955
 5270 12860 9007
 5409 12499 8230
 5259 12633 8682
 4575 12633 9174
 4677 12538 8962
 4835 11665 9431
 4495 11606 9888
 4632 10708 10289
 4812 10639 10791
 4758 10326 10684
 4510 9061 10999
 3270 7934 11964
 2296 6981 11790
 2407 7040 12510
 2343 3048 13191
 1616 -2634 13386
 6276 -1400 13973
 -1246 -15066 6475
 -2188 -14173 3302
 -720 -19636 11687
 -1519 -13482 8514
 -1875 -13017 10444
Repetition End
0
 -746 -11870 11842
 -1553 -10492 12187
 -50 -12689 10223
 -470 -13176 10500
 375 -11969 11370
 368 -11081 12711
 582 -11817 11586
 -322 -12182 11631
 105 -12437 10568
 -1719 -13734 9992
 -2307 -13167 9677
 -1169 -14436 12644
 -778 -11316 12562
 -909 -11287 11520
 -1890 -11957 11272
 -1737 -12769 11231
 -1500 -11379 11822
 -1307 -11275 11557
 -1399 -11303 11601
 -748 -12293 11044
 -995 -12370 11566
 -1462 -11803 10856
 -1044 -12280 11605
 -1151 -12071 11134
 -485 -11909 11265
 -537 -12088 11484
 -767 -12179 11206
 -285 -12265 10937
 -910 -12145 11320
 -354 -12240 11352
 -347 -11991 11210
 -100 -12422 11179
 -427 -11914 11647
 -1395 -12504 10935
 -1480 -14492 10336
Repetition Start
 -876 -16658 10990
 797 -12664 12018
 -659 -8356 16159
 1100 -4886 19528
 5540 1332 15596
 4620 3926 19922
 5200 1289 13525
 4415 4484 13145
 3467 3859 11946
 6224 5053 7793
 3246 14650 12834
 2881 10362 11860
 3922 11204 11144
 4506 12299 10962
 3752 12011 7747
 2602 13331 9120
 2472 12865 8885
 2479 12760 9727
 2807 12350 9211
 3282 12957 9227
 2942 12404 9534
 3486 12534 9219
 4346 12252 8769
 4057 12894 9006
 3942 12599 8996
 3877 12592 9078
 3814 12591 9279
 3965 12310 8913
 4255 12915 9020
 3911 12955 9203
 3878 12526 8745
 4009 12841 9198
 3905 12673 8631
 3889 12678 8889
 3958 12725 8940
 3919 12719 9014
 3966 12704 8887
 4076 12754 8661
 3949 12669 8705
 3971 12684 9222
 4065 12654 9054
 4020 12617 8964
 4122 12756 9139
 3979 12566 9080
 4004 12222 9175
 4310 12324 9224
 4285 12270 9300
 4378 12030 9378
 4360 12099 9810
 4350 11877 9838
 4427 11664 9866
 4283 11448 10101
 4219 11210 10404
 4415 10970 10601
 4233 10481 10644
 4287 11064 10671
 3626 8447 10968
 3673 7006 11310
 3784 6231 11966
 4059 5216 11299
 4748 -1170 13675
 1939 -5388 9682
 2852 -14824 11654
 -4212 -6935 4953
 2732 -19888 8951
 -2866 -16980 9822
Repetition End
0
 -2498 -9394 13760
 -1651 -6968 14535
 -628 -11624 10178
 -95 -15174 11333
 -708 -12409 12235
 -1839 -10573 13805
 -1430 -8769 13601
 -2969 -10476 12373
 -1874 -11294 11368
 -1134 -13094 11022
 -1186 -12644 10319
 -1821 -10575 12780
 -2170 -9609 12797
 -1580 -10505 12602
 -771 -8343 11471
 203 -13610 11125
 -528 -14461 10090
 -649 -14011 11756
 -2080 -8583 13078
 -354 -10676 16379
Repetition Start
 5579 -9106 13373
 2560 2591 16699
 4934 9493 20752
 2899 1915 15362
 3428 1903 12638
 933 5543 10362
 1721 10250 12018
 246 9608 12379
 2179 8461 13644
 3267 8004 14530
 3404 7775 11168
 2737 11287 11537
 2022 11549 12915
 2522 9176 11662
 3335 9806 11179
 2662 10307 11359
 3021 10515 11977
 2766 10274 12037
 2824 9693 11387
 2374 9758 11824
 3083 9395 12528
 3395 9279 12572
 2833 8717 12275
 2476 8372 12604
 1964 7890 13705
 1848 6517 12950
 2072 5981 12451
 2928 5539 14105
 2862 3359 13763
 2770 1435 13781
 4096 -4130 25923
 7602 -11738 17915
 3683 -6959 11312
 3628 -14048 9136
 -8263 -23937 6612
 -329 -10617 12417
 1098 -9008 14266
 1609 -9820 15775
 -1918 -16987 7206
 1216 -13768 12758
Repetition End
0
 1222 -1897 15394
 3658 9980 19755
 1930 5115 20215
 2825 1181 11023
 3140 5542 12777
 313 8382 9233
Repetition Start
 2994 8613 13688
 972 10525 14401
 5605 8292 11008
 4565 10525 11365
 4533 9260 12404
 4017 10113 12209
 3826 9833 11427
 3249 10451 10887
 3873 9400 10179
 5090 9156 11044
 5500 8037 11720
 5327 7583 12193
 5260 6938 11896
 6777 3769 12359
 5636 2172 12702
 3159 -360 13168
 6544 519 20763
 3965 -11751 8045
 -7 -11301 13681
 -97 -12234 13012
Repetition End
0
 401 -10591 14720
 -123 -9569 14051
 -751 -9011 14213
 -1510 -10612 12889
 -154 -10559 13516
 1693 -10983 13986
 -2481 -10342 14234
 -656 -10040 14210
 540 -9262 16021
Repetition Start
 2516 -5900 19243
 1924 4516 15295
 4632 4711 18184
 2371 5777 13765
 888 6370 11763
 1673 8470 14454
 1467 7415 10654
 4567 10411 9575
 5366 12883 10773
 5470 10561 9252
 5986 11833 10334
 5695 9960 8930
 3072 11396 7910
 5470 14039 9775
 5671 11402 7824
 4689 11653 9283
 4829 12291 9277
 5398 12986 9756
 5250 11499 9260
 5608 12031 8767
 5489 12026 9193
 5604 11271 9567
 5511 11404 9836
 5086 11161 9520
 4306 11614 9836
 4067 11173 10952
 4486 10046 11755
 4673 9870 11614
 5086 8978 9592
 3239 6634 14049
 2753 7576 14112
 3223 7647 13309
 2800 5805 13508
 2610 4645 13683
 3088 4152 12704
 1268 1375 14601
 2982 -3879 32575
 1252 -4675 17754
 63 -8944 9944
 1283 -12795 13281
 -5084 -22785 7659
 -2432 -13725 11343
Repetition End
0
 -765 -9862 12927
 1803 -8968 14846
 -704 -12363 12642
 -1144 -13945 5155
 431 -13145 10726
 1475 -11064 11692
 1028 -10702 12857
 154 -12374 10696
 -834 -12706 10617
 -159 -12531 9640
 -616 -12683 10995
 -656 -11995 11613
 -683 -12005 11605
 -1035 -11672 11748
 -1038 -11753 11590
 -938 -11739 11521
 -1061 -12043 11462
 -1150 -11878 11658
 -879 -11624 11642
 -695 -10934 12359
 -1101 -11419 11677
 -687 -11456 11096
 -1073 -12101 11625
 -869 -11275 11718
 -685 -10850 12205
 -1020 -10943 12201
 -1379 -11284 12698
 -742 -11011 12955
 -1836 -10601 12896
 -1807 -11272 12454
 -924 -11255 11093
 -645 -10726 12192
 -2044 -11637 12202
 -1749 -9383 10933
 -1471 -11099 12272
 -1613 -13511 20265
 -3282 -9747 15791
 -2231 -18564 9120
 -5293 -26276 2969
 -884 -17100 10357
 -437 8919 19324
 -445 736 15918
 6302 3299 14881
 2041 1161 9391
 4438 5508 8640
 5943 11028 8385
Repetition Start
 3364 13183 10696
 4259 12022 7914
 4270 12166 7090
 4975 13230 8209
 3550 13725 7992
 3971 13392 7463
 4106 13444 6676
 4266 13514 6489
 4281 14739 6670
 3723 13964 6942
 3486 13768 6713
 4229 13768 6445
 4022 13913 6834
 3554 13850 7216
 3574 13983 7285
 4311 13326 7119
 4425 13372 7469
 4025 13483 7840
 3962 13386 7929
 4036 12988 8263
 3887 12542 8555
 3198 12132 8670
 5256 12114 8410
 3383 10804 10180
 2371 9747 10951
 1767 8859 11709
 1547 7095 11957
 1792 5581 12822
 856 1584 12692
 1258 -2040 12612
 -11432 -4566 32537
 -775 -11892 5980
 -2953 -9226 7338
 -4575 -12990 14989
Repetition End
0
 -1183 -14554 10093
 -2455 -13854 10232
 -1544 -11217 11711
 -1557 -10606 13063
 -541 -10242 11878
 -2307 -10822 12216
 -2684 -11121 11933
 -2548 -11205 12056
 -1497 -10583 12443
 -1567 -10394 12593
 -1542 -10813 12228
 -1469 -11157 12063
 -1355 -11146 12169
 -1357 -10824 12330
 -1188 -10716 12351
 -1462 -11036 12310
 -1601 -11138 12347
 -2187 -11371 12347
 -3965 -14267 14856
 -483 -11660 11383
 -119 -13416 11910
 -1596 -13075 12824
Repetition Start
 217 -11544 12260
 1496 -11608 13897
 -2953 -4910 15341
 4898 4129 16840
 5417 6543 23182
 4539 -873 13809
 6541 1589 12168
 3547 6411 9024
 4924 9151 9320
 4047 10955 10291
 6364 10758 9743
 6761 11400 9741
 5411 10266 9426
 4624 11466 9566
 4632 12671 10365
 4634 11019 9076
 4905 11856 8979
 5446 12530 9711
 5404 11296 9417
 5279 10530 9391
 6308 11368 9651
 5943 10579 10094
 6449 9936 10354
 5237 9712 11268
 4523 8959 10870
 4094 8127 10886
 3273 7242 10919
 2468 5524 11229
 1120 1223 15130
 1904 -1106 15552
 7630 -4694 31976
 -1714 -12476 10715
 -2470 -17419 8747
 -1011 -17041 5077
 79 -14320 10122
 -3149 -10131 12428
Repetition End
0
 -1074 -8467 13740
 -804 -10710 10160
 -1574 -13413 10100
 51 -12045 11806
 -1052 -10426 12681
 -2000 -10391 12306
 -2216 -11299 12428
 -2204 -10599 11957
 -1763 -10746 12126
 -1437 -11875 11860
 -1403 -12122 11263
 -1424 -11970 11521
 -1328 -11023 12092
 -1803 -10869 12131
 -1597 -10908 12252
 -1737 -11125 12074
 -1675 -11306 11853
 -1631 -11271 11968
 -1575 -11020 12143
 -1730 -11038 12071
 -1731 -11105 11928
 -1757 -11295 11949
 -1755 -11331 11956
 -1403 -10969 12161
 -1583 -11036 12177
 -1743 -11147 11985
 -1774 -11189 11932
 -1629 -11191 11979
 -1769 -11104 11980
 -1751 -11288 11911
 -1524 -11413 12197
 -1794 -11120 11955
 -1963 -11286 11841
 -1468 -11204 11765
 -1660 -11196 12223
 -1745 -11098 12293
 -2251 -11192 12047
 -2645 -11394 11937
 -2808 -11693 12047
 -2588 -10825 11773
 -2506 -11037 11868
 -1966 -10519 12661
Repetition Start
 -2676 -10073 11458
 -2795 -12617 10581
 -5774 -16035 9510
 -3362 -11588 11155
 -1856 -12051 10826
 -3211 -11513 13425
 -4053 -10508 14925
 -658 -2988 12455
 -3819 5756 20757
 1996 3547 16594
 839 2975 14860
 5845 2737 13291
 5163 4189 14817
 4524 5481 12234
 3803 6709 13393
 8342 7103 12431
 7261 9581 12221
 3834 9443 12749
 4365 8829 11878
 3739 8185 11672
 4647 10057 11555
 3388 9588 10327
 4354 8928 11843
 4819 11192 12174
 4790 9812 11216
 5161 10060 10708
 4625 11195 10736
 5136 11075 11103
 4072 11375 10618
 4784 11056 10316
 4966 11337 10298
 5580 11288 9861
 5256 11261 10112
 5084 11124 9826
 5498 11218 11021
 4916 10855 11222
 5086 10904 10558
 5202 11138 10681
 5257 10766 10958
 5144 10755 10818
 5023 10672 10838
 5332 11184 11133
 5539 10710 10798
 5497 10832 10320
 5258 10919 10619
 5019 10997 10705
 5152 10815 10783
 5362 11316 10284
 5260 11447 10265
 5500 11285 9998
 5139 11461 10152
 5047 11402 9938
 4922 11378 10309
 4977 11409 10122
 5061 11292 10081
 4888 11441 10195
 4743 11026 10340
 4784 11204 10649
 4557 11397 10827
 4187 10223 10497
 3866 10874 10635
 3685 10753 11903
 1238 9042 10461
 4546 6094 13981
 4682 3576 13110
 257 2125 12588
 -959 814 13639
 -1190 -2325 13975
 8623 -6754 18291
 -1311 -14015 17598
 920 -11314 7914
 -1436 -19056 6684
 -4431 -15676 7947
Repetition End
0
 -3710 -12579 10667
 -2262 -10517 13722
 -690 -11190 12882
 -1540 -13424 10495
 -1985 -13681 10081
 -1973 -12011 11193
 -1675 -10854 11886
 -2162 -11766 11353
 -2336 -12777 10399
 -1977 -12618 10812
 -1406 -11590 11361
 -1559 -11651 11671
 -1822 -11907 11330
 -2153 -11955 11122
 -1221 -11882 11539
 -1430 -11644 11564
 -1600 -11618 11478
 -1530 -11695 11391
 -1593 -11882 11381
 -1402 -11753 11426
 -1445 -11863 11534
 -1527 -11659 11501
 -1751 -11763 12480
 -738 -12057 10870
 -1256 -12245 10154
 -2962 -14952 10637
 -725 -14002 9977
 -1165 -11437 11610
 -379 -11584 13896
Repetition Start
 -1496 -10089 16194
 769 -5703 14632
 2553 640 16367
 3744 2414 16277
 2396 2473 15004
 3103 2958 14431
 2100 3655 14767
 1849 4487 15391
 2948 5497 15035
 3699 5682 15281
 3207 5239 14015
 3275 5290 13729
 3087 3835 13566
 3393 3840 15069
 2585 3177 15170
 2123 2006 15331
 3416 1009 16693
 3438 -1909 18249
 4537 -4431 14908
 2125 -2098 12933
 302 -9140 16713
 -613 -12510 12617
 -2261 -14802 12013
 -2020 -15864 8216
 -623 -12087 11100
Repetition End
0
 -241 -10547 13052
 60 -10631 13057
 -1825 -11306 10241
 -2128 -13004 10541
 -1245 -10960 12071
 -575 -12086 11807
 -3254 -17805 8258
 1366 -13733 10482
 11 -5860 13820
 3294 -294 18113
Repetition Start
 861 -214 16526
 3188 2396 13301
 4049 6330 15354
 5149 7193 16678
 2349 4833 14354
 2701 6145 14392
 2266 3994 13044
 4076 6717 11465
 2568 8756 15253
 2803 6351 14145
 2564 5710 13373
 2222 4907 14525
 3005 4312 15544
 3390 3851 16372
 2778 1304 15890
 2112 -638 15777
 2013 -2182 16865
 2346 -4419 15738
 2412 -5917 14990
 1218 -8839 14704
 70 -12036 12623
 558 -12613 11624
 -74 -12631 10401
 -759 -12021 11724
Repetition End
0
 -1164 -11177 12413
 -1462 -10367 10995
 -400 -9867 13183
 -488 -9920 13556
 -109 -10421 12442
 308 -10169 12919
 -81 -10275 12966
 -625 -10329 12935
 -452 -10543 12897
 -920 -10420 12785
 -954 -10231 12966
 -1065 -10054 12932
 -1127 -10665 13292
 -1686 -10144 13713
 -2198 -12745 14661
 -1087 -16123 15866
 2197 -7201 12805
Repetition Start
 1593 -1671 16681
 1016 1576 15952
 1617 2036 14803
 3245 4021 15273
 1769 8676 17160
 3593 7751 15477
 3014 5652 13131
 3009 5909 13727
 3464 6278 13691
 4686 6749 13228
 5325 8520 12977
 5915 8343 12684
 5780 8345 11831
 5827 8227 11618
 6062 7748 10846
 6050 8282 12451
 5490 8308 13029
 6472 7736 11771
 6335 7421 12154
 6209 6678 12681
 5752 5980 12833
 5215 5262 12007
 5137 2918 12839
 6990 391 24140
 10222 341 17180
 2742 -5810 13676
 2139 -8331 11357
 1691 -14202 12474
 971 -11904 13607
 1149 -9425 14503
 1187 -8496 13693
 1680 -8476 14124
Repetition End
0
 1056 -8413 14500
 1243 -8491 14164
 687 -5763 14095
 -475 -4939 15663
 -384 -4004 16148
 -160 -4616 16244
 471 -5295 15713
 624 -5872 15033
 -33 -6492 15037
 -101 -6407 15234
 -16 -6734 14930
 145 -6932 15070
 -107 -7034 14960
 -43 -7175 14915
 -690 -7705 15417
 -963 -8275 16584
 -1998 -9215 15802
 3831 -6814 15429
Repetition Start
 -501 -730 15196
 -257 3872 17764
 1080 4481 16210
 1608 5856 17192
 1461 7068 15277
 2018 5997 13961
 3089 8342 12009
 3214 7118 9608
 4947 10849 11354
 5035 10805 10637
 3774 7881 14524
 4319 11151 11750
 2776 9185 9387
 4654 10827 10405
 4505 11976 11601
 4575 10272 10607
 4074 11116 10249
 4220 10703 10180
 4447 11097 10907
 4899 11192 10970
 4466 10652 10256
 3963 10849 10975
 3825 10964 11343
 3277 10627 11614
 3466 10768 11453
 4009 10090 11574
 4011 9941 11792
 4395 9740 11406
 4999 9506 11615
 4446 9093 11784
 4024 8291 12151
 3937 7677 12287
 3798 7190 12117
 3605 4149 13704
 4331 2035 13971
 3405 94 16916
 4429 1294 18382
 3018 -6146 13034
 2053 -10180 11222
 -2070 -16339 14121
 -3774 -14431 10642
 -1345 -9744 12857
 -1037 -8002 13989
 -779 -10098 13014
Repetition End
0
 -1427 -12083 11365
 -1098 -11415 11400
 -1844 -10827 12526
 -1591 -10289 12485
 -1769 -10555 12353
 -1312 -10766 12650
 -765 -10314 12749
 -808 -10487 12509
 -1446 -10886 12234
 -1808 -11115 12100
 -1808 -11030 12233
 -1648 -10527 12542
 -1445 -10292 12418
 -1332 -10491 12648
 -1729 -11035 12127
 -1605 -11167 12315
 -1594 -10817 12432
 -1401 -10763 12433
 -1575 -10679 12485
 -1501 -10820 12322
 -1327 -10745 12351
 -1399 -10720 12369
 -1343 -10742 12337
 -1485 -10809 12360
 -1463 -10758 12372
 -1272 -10716 12533
 -1505 -9906 10895
 -1121 -12368 10361
 -1024 -14569 10409
 -55 -14698 11763
 -924 -15411 11666
 444 -8205 12899
Repetition Start
 205 -2144 17336
 2443 6022 17277
 4007 5293 16742
 4280 6262 16897
 4140 4263 14310
 3035 5749 12021
 3903 5938 10548
 6215 8501 9939
 6685 10791 11796
 3686 9166 12608
 4668 9299 11753
 4460 9652 11785
 5030 10209 10113
 3451 11418 10783
 4186 11245 12060
 2941 11517 10799
 3029 11294 9938
 3528 12345 10431
 3709 11401 10418
 3435 11064 9912
 3066 11853 10462
 3316 12310 10918
 2901 11557 10179
 2968 11776 10365
 2940 11510 10771
 3043 11439 11271
 3040 11327 10790
 3766 11203 10438
 4100 11188 10902
 3704 11441 10851
 3727 11466 10801
 3520 11315 10383
 3757 11190 10548
 3565 11406 10654
 3854 11180 10613
 4182 11507 10849
 3810 11180 10604
 3843 10981 10810
 4094 11060 11090
 4058 10870 10997
 4098 10737 11026
 4009 10539 11170
 3892 10558 11215
 3625 10616 11466
 3987 10180 11621
 3945 9899 11712
 3737 9954 11809
 3494 9368 12060
 3824 9169 12072
 4012 8615 12120
 3637 7582 12301
 4662 6730 12814
 4506 5761 12708
 4236 4225 12631
 3501 2560 12750
 4568 -1093 27560
 4598 -3101 18728
 -1622 -3716 8125
 7295 -13359 15344
 -7858 -17895 11402
 3635 -13826 10017
Repetition End
0
 -3091 -9012 12229
 -30 -6907 15383
 -787 -8647 13631
 -1053 -12077 11373
 158 -11319 11495
 -57 -9622 13499
 -205 -10457 12978
 278 -9847 12837
 -338 -9522 13462
 -546 -9891 12980
 -1283 -10735 12702
 -1137 -11241 12282
 -1051 -10924 12909
 -429 -12924 14589
 1462 -10254 11755
 1752 -13423 9986
 597 -15337 11423
Repetition Start
 -1957 -12902 12674
 4022 -6294 11530
 -1834 2341 17738
 2968 7529 16635
 2182 5809 19130
 4191 4167 13404
 2734 5444 11784
 3067 7152 11140
 3148 7295 10753
 3210 11056 11579
 3576 12421 12439
 2012 9566 9648
 2230 11263 10518
 2959 9571 12242
 3615 9232 13042
 3961 8231 13249
 3775 9100 12836
 3186 7422 12141
 3660 7080 12740
 3354 6309 13312
 3128 5061 13189
 3403 3763 13226
 6148 2993 19054
 2182 -2903 16606
 1320 -10867 15453
 -2083 -17757 7250
 -2207 -17821 9250
 112 -14418 12308
Repetition End
0
 -411 -8663 12466
 802 -4039 14330
 690 -6108 16048
 787 -7038 17043
 2006 -4690 16192
 4273 7039 16639
Repetition Start
 2718 7452 19479
 1494 2871 13753
 1040 5360 9736
 378 10598 10438
 2174 10072 12738
 2037 9856 12461
 968 9025 11212
 9 11578 12709
 384 8945 11514
 1336 10778 11506
 2566 10890 11207
 2217 10539 10790
 966 10764 11585
 1675 11610 11846
 719 10232 11660
 918 10691 11083
 1247 10872 11207
 1336 10711 11609
 1210 10754 11736
 1390 10290 11676
 570 10373 11661
 3055 10576 11591
 2979 10596 11186
 2492 9747 11386
 2011 9781 12429
 1354 9748 12778
 2514 8229 11181
 3071 6528 12390
 3676 5730 13016
 2822 2027 14329
 2041 597 12428
 5971 11582 23278
 4671 -5789 11053
 -4932 -16199 8049
 -3055 -19454 4461
 -4636 -16398 10131
Repetition End
0
 1621 -10024 13089
 -684 -4000 19467
 -1114 -8970 14447
 -861 -12047 11398
 -813 -13541 10827
 -386 -11621 12186
 1122 -10198 12957
Repetition Start
 -832 -8913 14281
 -1298 -8652 13061
 -2597 -11475 11105
 -1085 -11247 10721
 -2204 -10628 12973
 1725 -13104 10767
 -1399 -9377 12977
 10 -10962 12141
 -890 -14303 10532
 -2212 -11352 12057
 -2239 -9783 13266
 -1767 -9298 13531
 -1072 -10524 12098
 -755 -12226 11455
 -373 -11736 11688
 -737 -10892 12139
 -1410 -10788 12459
 -1509 -10594 12650
 -1160 -10637 12454
 -1135 -10875 12401
 -871 -11047 12308
 -944 -10982 12281
 -1028 -10926 12298
 -1200 -10897 12455
 -1160 -10874 12412
 -1189 -10812 12449
 -1123 -10851 12344
 -1149 -10916 12327
 -1274 -10909 12256
 -1181 -10936 12420
 -1108 -10771 12431
 -1238 -10834 12415
 -1235 -10917 12350
 -1232 -10902 12287
 -1163 -10795 12451
 -1239 -10815 12367
 -1228 -10902 12354
 -1198 -10897 12407
 -1225 -10944 12480
 -1051 -10742 12521
 -1208 -10797 12405
 -1166 -10840 12372
 -1220 -10851 12354
 -1094 -10705 12478
 -1121 -10733 12446
Repetition End
0
 -1139 -10826 12394
 -1122 -10846 12467
 -948 -10783 12545
 -961 -10673 12597
 -1140 -10704 12464
 -1088 -10826 12407
 -1147 -10825 12386
 -1083 -10680 12542
 -1107 -10722 12410
 -1060 -10828 12477
 -1083 -10837 12526
 -1033 -10794 12448
 -1241 -10712 12378
 -1132 -10721 12480
 -1096 -10824 12409
 -1119 -10806 12446
 -1099 -10698 12468
 -1088 -10776 12502
 -1161 -10821 12380
 -1116 -10807 12384
 -1112 -10736 12491
 -1079 -10823 12509
 -996 -10732 12514
 -1173 -10760 12424
 -1129 -10835 12389
 -1081 -10802 12487
 -1154 -10660 12560
 -1160 -10740 12422
 -1169 -10802 12362
 -1165 -10824 12437
 -1168 -10737 12436
 -1128 -10771 12292
 -1343 -10837 12336
 -919 -12672 13158
 -2026 -9463 14091
Repetition Start
 -730 -10741 12338
 -2155 -10273 12065
 -70 -10458 12998
 -1355 -11294 12307
 -1654 -10167 13192
 -1037 -5612 15448
 -1162 -664 15402
 -841 -518 14928
 -2596 -1864 17021
 -2549 -4318 14426
 -2181 -11252 16384
 -185 -15627 6944
 -4585 -18095 4431
 -1369 -13264 9879
 -1075 -11292 12820
 -1371 -12157 13394
 -1190 -10703 11868
 -1546 -10861 13472
 -1139 -11953 11056
 -1722 -13481 10122
Repetition End
0
 -2347 -13064 9358
 -2567 -12389 10710
 -2488 -12014 11406
 -1090 -13683 10123
 164 -13696 7690
 -671 -14264 9808
 -439 -13383 9675
 -1313 -13436 9988
 -609 -13732 9412
 136 -13014 10030
 -162 -13218 10119
 -579 -13588 9620
 -789 -13032 10117
 -708 -12829 10348
 -1106 -13019 10231
 129 -13591 10230
 1154 -14012 8181
 -1268 -14482 11783
 -1289 -13407 9281
 -1019 -12990 9947
 263 -14149 9331
 -242 -14643 7629
 -739 -13227 9665
 63 -12964 9921
 -297 -12067 10568
 461 -12628 9251
 333 -14295 8149
 -276 -11899 9702
 -1277 -12891 10532
 -2140 -11817 11419
 -1556 -11926 11085
 -2039 -12895 10710
 -1916 -12482 11510
 -510 -11262 11974
 270 -11570 12055
 -1180 -10929 12234
 -2851 -10285 12134
 -1999 -7926 13090
 -1493 -7642 13531
 -878 -12454 10922
 -1248 -17414 9061
 -2334 -11770 12053
 -2129 -12183 12059
 -1290 -9278 14222
Repetition Start
 279 -7825 14196
 4437 929 15895
 5799 2111 14650
 7563 1705 12392
 7808 -2633 15845
 7206 -5933 14044
 6898 -6207 13986
 6222 -6365 15113
 6810 -2970 15238
 6812 23 13965
 7623 422 14318
 8629 -1828 14697
 6144 -2750 14662
 6288 -2834 15353
 5563 -4838 14002
 4151 -5355 12355
 2895 -9121 12238
 -860 -11596 14407
 -3257 -12460 11250
 -2865 -13344 9642
 -2771 -13160 10203
 -3071 -12474 11367
 -1947 -10508 12818
 -679 -9785 12155
Repetition End
0
 -26 -10800 12823
 -1041 -10602 12490
 -2517 -10277 12798
 -1603 -10392 12751
 -957 -10631 12493
 -1222 -10854 12371
 -1676 -10521 12707
 -1493 -9915 12994
 -1380 -10157 12833
 -1392 -10552 12617
 -1350 -10496 12505
 -1684 -10319 12670
 -1495 -10099 12882
 -1398 -10275 12863
 -1374 -10380 12742
 -1381 -10373 12784
 -1424 -10283 12818
 -1420 -10355 12740
 -1376 -10319 12725
 -1403 -10317 12755
 -1408 -10342 12615
 -1550 -10359 12793
 -1306 -10142 12769
 -1296 -10183 12933
 -1646 -9204 12447
 -1993 -12460 12772
 -2591 -13194 11693
 -1343 -12966 13274
Repetition Start
 -1755 -7398 12343
 -1323 -5908 14699
 547 -5285 15306
 1301 -3580 14931
 1000 -5814 15774
 994 -6386 15460
 1357 -5812 15300
 1461 -4128 14941
 1089 -6829 15427
 1129 -8556 15003
 1353 -7578 14925
 1478 -5398 14547
 1420 -5404 15481
 1658 -6179 15533
 1103 -6531 15469
 847 -5666 15656
 341 -4047 15005
 1608 -2527 15038
 1603 -4316 16083
 2155 -5691 16245
 1216 -8290 15793
 -354 -5835 14453
 1973 -4901 15697
 1802 -3571 15945
 2047 -2882 16429
 1501 -3285 15808
 568 -4097 16287
 668 -4972 15173
 1703 -3040 15742
 2476 -1806 15386
 3557 -1472 16153
 3358 -2322 13750
 942 -7597 14959
 202 -12350 14000
 -443 -13133 12014
 -914 -11930 11425
 -1664 -11037 12454
 -1692 -10841 12964
 -1722 -9695 13334
 -2499 -8297 13748
 -1955 -7798 14223
Repetition End
0
 -1258 -7999 14336
 -802 -9146 13507
 -1761 -9817 13361
 -1548 -9596 13505
 -1063 -9361 13370
 -1066 -8780 13686
 -1934 -8901 13763
 -1335 -9151 14130
 -1218 -8438 14059
 -1679 -8161 14047
 -3143 -10463 12686
 -2258 -9282 13623
 -2734 -9333 12811
 -2803 -9070 13234
 -2568 -9383 13434
 -2491 -9202 13520
 -2438 -9257 13429
 -3095 -9015 13192
 -3008 -9498 13137
 -2619 -9342 13470
 -2773 -9222 13020
 -2696 -9188 13189
 -2195 -8719 13470
 -2727 -8895 13260
 -2609 -9006 13464
 -2911 -9011 13642
 -1540 -8703 13591
 -1457 -8440 14303
 -1439 -10381 12668
 -1195 -10028 12611
 -892 -10239 12810
 -871 -10633 12127
 -3530 -12914 12551
 -1142 -10317 12479
 267 -9238 12804
 -183 -10591 13016
 -831 -11117 12401
 -1203 -10574 12830
 -811 -10147 12906
 -926 -10257 12715
 -816 -10576 12600
 -709 -10741 12522
 -537 -10671 12772
 -588 -10401 12781
 -833 -10464 12665
 -807 -10551 12651
 -784 -10541 12651
 -758 -10555 12692
 -776 -10528 12644
 -833 -10587 12781
 -831 -10567 12641
 -676 -10472 12793
 -373 -10589 13445
 -2762 -11505 12174
 -2364 -12508 13166
 -1052 -11531 12895
 -1255 -9986 12978
 -867 -9309 13058
Repetition Start
 -564 -9603 13697
 807 -9007 14405
 873 -7678 13723
 691 -7095 15743
 1234 -6041 15054
 1127 -2968 14528
 822 -4400 15557
 551 -5644 16034
 1283 -6929 15408
 1542 -6443 15270
 -644 -8893 14626
 -1852 -6762 14177
 -40 -3907 15106
 1014 -2211 16116
 2959 -1568 15000
 3190 -3364 16134
 2746 -3975 15017
 3720 -6754 16440
 2639 -8127 15296
 1854 -10231 14134
 1535 -12134 13041
 2862 -7531 13835
 3550 -1016 15020
 1601 -1012 16553
 -1641 -4622 16101
 -1715 -4523 15328
 -1029 -3708 16091
 -2987 -5841 14342
 -2765 -9417 13762
 -5173 -8960 12759
 -5377 -7215 13918
 -4051 -6347 14940
 -2322 -5216 14531
 1562 -6890 15638
 1595 -5434 15386
 324 -1046 15098
 2821 -129 14477
 2772 -2589 15490
 6053 -4516 16668
 6468 -4590 14076
 7153 -7935 13328
 2120 -9690 10785
 -878 -18060 10529
 -1455 -16105 8081
 -3320 -11472 11513
 -1803 -10116 12285
 -1311 -9958 12326
 -1872 -12030 11186
 -2047 -13371 10260
 -1591 -12161 11098
 -839 -11091 12219
Repetition End
0
 -985 -11218 12050
 -827 -11983 11787
 -1047 -11235 12054
 -1743 -10627 12139
 -1541 -11170 12369
 -895 -11371 12093
 -603 -10675 12257
 -953 -11091 12372
 -1232 -11024 12184
 -1084 -11009 12413
 -858 -11275 12024
 -944 -11131 12236
 -1189 -10769 12135
 -1342 -11193 12167
 -1069 -11127 12387
 -1021 -10558 11903
 -1060 -11104 12290
 -1398 -11425 11925
 -1106 -11288 11786
 -1162 -11212 12227
 -1236 -11042 12268
 -1157 -11183 12291
 -1048 -11073 12214
 -1109 -11050 12088
 -1236 -11060 12154
 -1196 -11040 12300
-1317 -11059 11859
 -1195 -11825 11613
 -1671 -11319 11855
 -1896 -11187 11986
 -1598 -11668 12083
 -40 -11675 11779
 329 -10936 11940
 -360 -11581 11970
 -1100 -11846 11600
 -744 -11537 11855
 -1485 -10275 12534
 -2953 -10598 12793
 -892 -9892 13213
 1074 -10718 12489
 -372 -11051 11842
 -1364 -12020 12994
 -1214 -9881 12344
 -2084 -9743 12675
 -2452 -9718 13321
 -1069 -9907 12807
 90 -10655 12705
 -341 -10628 12313
 -1041 -10791 13079
 -1192 -9161 13618
 -1239 -10225 13568
 -488 -10599 12130
 179 -10616 12792
 -733 -10282 12749
 -1651 -10509 12489
 -1300 -10751 12767
 -567 -10378 12833
 -1111 -10618 12569
 -1109 -10846 12470
 -864 -10866 12473
 -730 -10898 12198
 -952 -11104 12021
 -922 -11262 12331
 -1174 -10882 12161
 -1386 -11068 11883
 -1394 -9760 12401
 -1735 -13451 12141
 -1393 -12246 12336
 -572 -11533 12414
Repetition Start
 -527 -9742 13168
 -34 -8546 13629
 -134 -8259 14108
 -1130 -7247 13966
 871 -5606 15267
 1254 -6233 15071
 2202 -5777 14860
 265 -5721 15809
 125 -6363 15205
 869 -6606 14877
 909 -5899 14402
 376 -8583 14624
 527 -7937 14683
 404 -8111 14706
 1090 -7127 15124
 857 -6332 15594
 1055 -4732 16015
 1339 -3613 15959
 1579 -4930 15214
 2813 -3793 15860
 2349 -4018 15773
 1621 -3821 16114
 1671 -4974 16922
 3258 -2791 15912
 1914 -2053 15000
 2920 79 15232
 850 -957 15117
 -226 -1983 14693
 159 -945 14887
 1893 -588 13600
 2722 -2189 18497
 756 -7209 20553
 -4108 -14567 14690
 -548 -13581 7983
 -647 -19902 7575
 -884 -16969 7722
 636 -13029 10156
 -147 -9532 11775
 -325 -11522 13491
Repetition End
0
 -1853 -12720 10877
 -1742 -13204 10650
 -1092 -12008 11546
 -190 -11395 11929
 -442 -11792 11648
 -970 -11885 11574
 -1158 -11496 11837
 -1051 -11262 11727
 -1085 -11651 11723
 -701 -11759 11663
 -874 -11394 11850
 -440 -11350 11893
 -594 -11576 12024
 -756 -11583 11677
 -819 -11475 11885
 -405 -11624 11799
 -404 -11645 11669
 -767 -11587 11745
 -701 -11312 12043
 -482 -11403 11931
 -743 -11636 11841
 -662 -11588 11919
 -954 -11475 12084
 -472 -11362 11679
 -67 -11299 12308
 93 -11423 12038
 -645 -11992 11809
 -1009 -10921 11881
 -627 -11595 12698
 -356 -10741 12436
 -1932 -10432 12213
 -2622 -10534 12541
 -3055 -8226 11599
 -2530 -11327 14260
 -634 -12838 10047
 -2003 -10803 11571
 -3002 -12222 12797
 -2795 -13527 13042
Repetition Start
 -2907 -14787 9596
 -1903 -7701 13996
 847 -3420 16549
 -3262 2519 17492
 969 3741 16052
 1473 3775 16094
 -185 -156 16029
 -700 -2119 15910
 -50 -240 14611
 1530 -2439 15194
 1170 -4391 17926
 -1998 -6056 12260
 -283 -11918 14202
 -1205 -11666 8531
 -1972 -14108 11570
 -323 -12597 8719
 -3710 -9679 12135
 -920 -8500 12069
 -851 -10628 12615
 -2692 -9300 12551
Repetition End
0
 -4555 -10893 11765
 -2012 -11815 12258
 -1941 -11001 11708
 -2209 -11462 11819
 -2512 -11407 12015
 -2091 -11418 11807
 -1331 -11425 11996
 -1785 -11489 11623
 -2303 -11367 11879
 -2239 -11325 11431
 -1828 -11326 11675
 -2104 -11244 11741
 -2300 -11351 12230
 -1871 -12202 11222
 -1890 -12593 11249
 -2341 -13569 11723
 -2311 -12533 12553
Repetition Start
 -2020 -12100 12037
 -2756 -12057 13050
 -2779 -9614 13614
 2143 -6163 16962
 4253 142 15801
 -68 1179 16573
 4594 5373 12988
 2450 3134 12096
 3291 3155 12794
 3640 5980 14567
 3481 6785 13866
 3784 7952 13092
 4081 8312 13052
 5107 6949 11636
 5233 6784 12951
 3070 5100 14575
 2313 2963 12038
 691 -689 11928
 3540 -1361 12220
 12492 6056 24014
 -5966 -14986 1649
 -6050 -27549 3180
 -5900 -14716 8095
 -2814 -13556 11305
 -3883 -9068 12550
 -2932 -7381 13775
 -3172 -10849 12400
 -7996 -9747 10151
 -6751 -9067 9334
Repetition End
0
 -8755 -8860 11332
 -10550 -7938 11512
 -6183 -8775 12766
 -3519 -12479 12799
 -1267 -11018 11391
 -605 -12209 11311
 49 -11678 11798
 -1261 -10673 11515
 -2048 -11421 12477
 -3163 -11498 11494
 -2850 -12258 11242
 -2163 -10878 11529
 -2364 -10987 11888
 -2683 -11778 11612
 -2071 -11827 11410
 -1660 -12383 12071
 -2699 -11280 11374
 -2349 -11510 11359
 -2968 -12413 12216
 -2356 -11912 11911
 -2258 -10678 11776
 -2570 -10173 13709
 -1985 -9363 12918
 -2339 -13263 12863
 -1781 -12299 9818
 -17 -10170 11951
 -2121 -12306 11200
 -2338 -13787 10456
 -1923 -12309 10516
 -1298 -9144 12772
 -1657 -10245 11510
 -3030 -12653 11676
 -1584 -13607 11604
 -927 -7129 14086
 -1579 -5812 16707
Repetition Start
 -2118 -4660 14282
 -2059 -4592 14842
 -1349 -4611 15912
 -1254 -5262 15945
 -835 -5629 15598
 -1529 -3559 14881
 -2147 -4678 15118
 -1739 -4846 15133
 -464 -3838 15337
 -391 -4007 15934
 -561 -5608 15959
 -449 -4864 15885
 120 -4882 15623
 -903 -5728 15029
 1222 -4246 15896
 1557 -2725 16272
 2345 -5031 15224
 2488 -3808 15310
 2830 -4660 16125
 3978 -4739 15392
 3760 -4810 15070
 4007 -5405 16046
 4623 -5365 15183
 5070 -5324 15816
 3073 -4084 15867
 3658 -4844 15593
 2022 -3401 14955
 1980 -4149 15900
 1363 -5379 15782
 801 -4385 16051
 670 -4370 15375
 189 -4701 16353
 96 -866 15521
 964 -822 14961
 2509 -2868 14761
 111 -4874 13861
 2466 -2285 15653
 2551 -7110 15541
 371 -15666 15086
 -1620 -14511 9672
 -407 -14010 9093
 -1747 -12896 10059
 -195 -11255 11956
 -1460 -10203 13985
 -1146 -11548 12951
 -830 -10778 12350
Repetition End
0
 -346 -10916 12408
 -769 -11527 11910
 -1527 -11438 11837
 -1024 -11061 12171
 -723 -10514 12431
 -1063 -10706 12584
 -1073 -11045 12256
 -1103 -11365 12069
 -1033 -11005 12196
 -1064 -10823 12450
 -1216 -10825 12265
 -692 -11416 12327
 -645 -10361 12927
 -793 -9242 13150
 -1017 -10237 13076
 -1105 -11089 12257
 -908 -10673 12676
Repetition Start
 -590 -9844 13068
 -1140 -10627 12516
 -1106 -11956 11765
 -959 -11098 12781
 -1050 -9129 13176
 -1342 -10381 13342
 -792 -10915 12395
 -683 -10691 12790
 -893 -10119 12810
 -1251 -10353 12942
 -992 -10479 12703
 -661 -10791 12423
 -735 -10658 12642
 -902 -10498 12693
 -1019 -10379 12721
 -1056 -10486 12746
 -768 -10609 12632
 -774 -10626 12696
 -984 -10469 12714
 -1137 -10514 12701
 -979 -10569 12604
 -816 -10592 12605
 -900 -10598 12655
 -975 -10531 12642
 -876 -10491 12689
 -469 -11592 12406
 -1999 -13105 11983
 -1293 -10894 12542
 -778 -9960 12958
 -278 -11206 13167
 -480 -11602 13182
 -392 -10573 13445
 373 -7718 13806
 1403 -4978 15494
 2331 -4040 16531
 2655 -4868 16207
 2890 -3959 14321
 3273 -3606 14860
 3790 -4869 15606
 3277 -6317 15174
 1649 -8310 15011
 2652 -7546 16083
 1909 -4156 15566
 1401 -426 15453
 2084 -1148 15262
 1804 -2151 16598
 2390 -3432 14720
 2056 -4841 16242
 -529 -3233 14401
 1422 -5912 12335
 1582 -17304 15772
 -426 -12976 9533
 -2182 -15092 9333
 -1998 -14737 11216
 -1432 -11069 11766
 -1916 -9841 11893
 -1274 -9766 13034
 -1266 -10331 12795
 -1306 -11501 11846
 -976 -11572 12177
 -1002 -11126 12097
Repetition End
0
 -1329 -10911 12322
 -1233 -10913 12307
 -1123 -10943 12379
 -1185 -10886 12470
 -1053 -10820 12492
 -1061 -10961 12324
 -1124 -11016 12212
 -1085 -10958 12310
 -1143 -10696 12471
 -1065 -10846 12360
 -1136 -10922 12275
 -1112 -10888 12379
 -1057 -10877 12393
 -1099 -10857 12328
 -1350 -10920 12226
 -1180 -10682 12386
 -1063 -10810 12437
 -1213 -10855 12287
 -1174 -10759 12368
 -1099 -10792 12519
 -1114 -10875 12321
 -1246 -10876 12421
 -1098 -10343 12891
 -607 -10182 12796
 -1175 -13578 10837
 -2842 -14003 10232
 -974 -11208 11674
Repetition Start
 -898 -8762 13154
 11 -11508 11668
 -1208 -14844 11522
 -102 -7483 13985
 150 -4770 14467
 568 -6355 14699
 2264 -3905 15324
 2707 -2387 15731
 1078 -3668 16189
 1406 -7082 15343
 1777 -7910 14393
 2646 -7878 14148
 4296 -8772 13549
 3883 -8873 13809
 3627 -7119 14793
 2850 -4880 15379
 4363 -5667 14394
 5346 -5610 14921
 4504 -5662 15311
 3362 -7041 14933
 2921 -9527 14520
 3381 -8110 13898
 2708 -5018 15790
 2584 -2364 15655
 4476 -2185 15103
 6243 -2767 14933
 7345 -2852 14793
 6603 -4130 13974
 6285 -6109 12921
 3547 -9029 14619
 338 -11244 13253
 -1382 -12415 14014
 -1161 -12833 12058
 145 -15716 8568
 -2510 -11056 11174
 -912 -8715 12908
 -696 -8211 14195
 -171 -9814 14189
Repetition End
0
 -503 -10866 12466
 134 -11563 12392
 496 -10439 12731
 119 -10119 13055
 -572 -10762 12541
 -435 -10957 12802
 127 -10523 12812
 -146 -10654 12437
 -576 -11340 12098
 -1417 -10977 12605
 -1088 -8820 13496
 -669 -9515 13481
 51 -11732 12046
 435 -12258 11315
 308 -11001 12347
 -170 -10093 12892
 -567 -10301 12843
 -161 -10919 12292
 103 -11056 12374
 203 -10906 12391
 -200 -10785 12514
 -405 -10843 12550
 -193 -10805 12504
 -34 -10833 12491
 49 -11003 12848
 -149 -10608 12568
 -291 -10744 12718
 -131 -10696 12617
 477 -9597 12823
 593 -13480 11042
 -1362 -13476 11340
 -264 -13317 12104
 1747 -9960 12962
Repetition Start
 1091 -10384 12200
 1401 -7131 12608
 4280 -6583 15480
 2991 -3374 15774
 3017 -3569 15271
 4279 -3416 15319
 6820 -3335 13545
 5981 -8738 14153
 3314 -11043 13674
 2913 -10621 12802
 3980 -6308 14183
 4586 -3615 15402
 3596 -4492 15852
 3321 -4544 15214
 4234 -4926 15313
 3560 -8621 14916
 1057 -11462 11138
 3662 -6266 14921
 4903 -1949 15237
 4963 -2894 15865
 3420 -3814 14417
 5698 -7063 14745
 5600 -5847 12812
 1863 -7126 16712
 -559 -12931 12111
 -5062 -16138 10482
 -3418 -13493 9878
 -1948 -11179 9509
 -1293 -10549 13220
 -961 -8808 13414
 -815 -10974 12888
 -909 -10852 13008
Repetition End
0
 -1119 -10084 12354
 -824 -10386 12642
 -1172 -10959 12372
 -1539 -11134 12183
 -1643 -10359 12609
 -1018 -10123 12904
 -853 -10471 12716
 -1304 -10648 12393
 -1448 -10579 12546
 -1288 -10414 12660
 -1218 -10413 12573
 -1234 -10598 12551
 -1155 -10633 12590
 -1258 -10577 12624
 -1265 -10618 12543
 -1375 -10565 12473
 -1542 -12955 13383
 -451 -8816 10280
 -65 -9047 12123
 -1443 -9884 15033
 -766 -11063 12189
 -441 -10872 11728
Repetition Start
 -263 -9968 12963
 -1060 -10092 13066
 -1192 -12268 13296
 194 -8228 7859
 -2269 -12082 10888
 -3460 -10031 12538
 -3273 -10347 12814
 -2556 -11522 12191
 -810 -11448 11487
 -382 -10958 11727
 -2610 -9864 12781
 -2073 -10158 12503
 -1509 -10684 12582
 -2263 -10516 11785
 -3812 -9590 11874
 -643 -12795 11966
 -463 -15620 13971
 -6992 -19375 12014
 -888 -14245 15394
 5740 1147 11012
 6076 19893 20194
 5158 4929 8856
 4485 7104 8784
 2531 3162 10379
 1134 -2064 9406
 606 -15575 11440
 -1453 -13422 3182
 -7230 -24836 5621
 -3583 -13826 9597
 -4218 -9692 11746
 -2139 -8145 13793
Repetition End
0
 -868 -7422 14674
 -1670 -10032 13217
 -2148 -11880 12275
 -1477 -10842 12144
 -1974 -10283 12613
 -2588 -10054 12668
 -2376 -10396 12504
 -1878 -10122 12633
 -1780 -9981 12858
 -1987 -10197 12709
 -2002 -10333 12639
 -1962 -10375 12639
 -2178 -10329 12663
 -2149 -10174 12623
 -3232 -9784 12259
 -2059 -11024 12621
 -1848 -11015 12421
 -1979 -10691 12171
 -2375 -10661 12226
 -2294 -10956 12241
 -2271 -10812 12219
 -2113 -10824 12248
 -2051 -10852 12203
 -2079 -10868 12242
 -2322 -10854 12281
 -2557 -10685 11871
 -2035 -9911 10857
 -1375 -10168 13137
 -1214 -10581 13901
 -1877 -9735 12676
 -2257 -9610 13147
 -2186 -8986 13282
 -1974 -9319 13067
 -3649 -10939 18000
 -5870 -8664 7186
 -5063 -18126 12421
 -4610 -22447 10573
 5648 -3911 5871
Repetition Start
 -2466 12414 13730
 1359 5353 11551
 7025 4495 10354
 6322 3045 21951
 7186 1237 14597
 -2767 -18061 10572
 -7239 -23429 1252
 -3317 -14660 7909
 -3678 -11511 10071
 286 -7683 13574
 -933 -10466 12706
 -2140 -12646 11482
Repetition End
0
 -1484 -12538 11590
 -827 -11549 11529
 -1476 -11484 11356
 -1326 -11794 11571
 -1314 -11589 11781
 -1166 -11452 12068
 -960 -11131 12064
 -938 -11446 11503
 -2024 -11893 11613
 -3581 -13175 11457
 -939 -11376 13603
 -765 -9362 13002
Repetition Start
 -1195 -11142 12166
 -1571 -11605 10982
 -1876 -13163 14492
 -843 -9741 12965
 -3101 -11915 9211
 -1875 -17206 9110
 -6452 -26843 8324
 -4139 -19354 3394
 366 5141 17849
 2938 4829 21500
 2110 2527 13080
 4001 4598 10447
 2553 5021 10605
 1682 1296 9045
 6072 4527 18596
 -1367 -17475 3797
 -4552 -28113 15468
 -3624 -12771 7860
Repetition End
0
 -2624 -12511 10299
 -1136 -9791 12799
 -1066 -8615 12669
 -1354 -10936 12506
 -362 -10685 12399
 -1020 -11268 11642
 -2168 -11590 11276
 -1724 -11622 11558
 -1230 -11277 12123
 -1047 -10681 12499
 -951 -10809 12529
 -963 -11029 12292
 -1220 -11104 12149
 -1136 -12477 13600
 -2139 -10616 12317
 -2403 -11775 13728
 -681 -14391 13788
 -2544 -10130 18879
 -3920 -14150 9822
 -3661 -14685 13630
Repetition Start
 788 -1503 14380
 6242 5808 18081
 5760 1055 13099
 3677 2853 11684
 3003 3624 10962
 3942 1205 10852
 7822 -3150 19044
 2649 -4205 17171
 -2984 -16737 12378
 -5553 -24166 875
 -4431 -14262 5260
 -2965 -12127 10357
 -171 -3346 11707
 -3118 -15644 9608
 -1562 -11920 11918
 -880 -10363 13082
 -564 -10994 11723
Repetition End
0
 -1843 -12157 11301
 -2179 -11858 11181
 -2198 -11485 11472
 -1691 -11365 11937
 -1519 -11363 11838
 -1571 -11372 11747
 -1740 -11490 11792
 -1609 -11755 11642
 -1602 -11224 11899
 -1878 -11202 11889
 -1621 -11550 11594
 -1793 -11520 11699
 -1585 -11431 11785
 -1942 -12416 11874
 -2206 -10812 8987
 -959 -9315 12588
 -686 -10071 12437
 -1915 -10316 11730
 -4043 -10297 11447
 -1082 -11682 7819
 -2035 -17723 9363
 -5209 -17437 9276
 -2701 -16989 9338
Repetition Start
 -3205 -3807 11157
 2772 8323 21346
 -45 -1860 12657
 6712 5019 15756
 5433 -652 14149
 6572 46 13630
 9370 -7449 16551
 5603 -10174 13878
 2759 -21987 12257
 -4398 -21795 10502
 -3089 -15393 11146
 -4144 -6193 15243
 -1499 -10386 13333
 -3262 -13091 12807
 -2580 -12032 12001
 -1315 -11448 11626
Repetition End
0
 -441 -12010 11534
 -890 -12723 11155
 -1191 -12443 11135
 -1155 -11431 11558
 -1218 -11345 12044
 -1913 -11242 11458
 -1497 -11470 11741
 -1499 -11631 11777
 -1207 -11442 11723
 -1155 -11343 11940
 -1233 -11331 11945
 -3277 -12716 12636
 -1785 -10227 12507
 -1315 -10145 12418
 -151 -10576 11995
 -1590 -11535 11556
 -2144 -11357 11581
 -2367 -11150 12246
 -2445 -11384 12095
 -2149 -11669 11664
 -1456 -11373 11941
 -1300 -11026 12027
 -1999 -10831 12018
 -2399 -10967 12117
 -2476 -13426 10002
 -3089 -16041 9971
 -3566 -17067 8927
 1153 -15117 10595
Repetition Start
 -3756 -4098 13990
 2591 5748 18110
 9699 4237 16627
 9912 -991 11879
 5690 334 14203
 5558 -810 12668
 6261 -365 12496
 5923 438 12061
 5629 1250 10882
 7422 -104 25086
 3414 -6536 10407
 1953 -11103 14818
 -4652 -15220 8989
 -4931 -17054 7810
 -2434 -11722 8847
 -3973 -10917 14504
 -4671 -8719 12273
 -1959 -13473 11403
 -1307 -13068 10897
Repetition End
0
 -471 -9781 12542
 -1323 -10456 11547
 -3262 -12486 12975
 -2884 -9188 13765
 -2352 -8628 13800
 -799 -9964 13201
 -1285 -12034 11436
 -2050 -12618 11060
 -2476 -12773 10371
 -1171 -12095 11734
 -1141 -10002 12644
 -1512 -8713 13715
 -2691 -10260 12891
 -2908 -11499 11754
 -2681 -11398 12355
 -2011 -9824 12925
 -2583 -9311 13317
 -5370 -13263 14070
 -5240 -15345 9252
 -1618 -21431 8531
 -3446 -16168 12656
Repetition Start
 -5333 5858 23450
 8611 5527 19008
 9101 -6 9143
 6497 1205 6437
 5636 2837 10920
 -842 -1193 8531
 -1843 -14155 19915
 805 -15741 7020
 -4551 -19775 5745
 -5156 -16923 8627
 -3755 -10992 12182
 -2853 -9880 11700
 -391 -9713 12907
 -1046 -11411 12218
 -1260 -12078 11505
 -1003 -12076 11588
Repetition End
0
 -1433 -11599 11627
 -1565 -11680 11500
 -1462 -12269 11297
 -1200 -12046 11472
 -2715 -12476 10850
 -2411 -11359 12840
 -2259 -14485 11295
Repetition Start
 -201 -11235 8808
 -5084 -21828 10429
 -3021 -9329 9635
 4956 175 12029
 9235 6404 18398
 7503 4054 15835
 9366 -528 10557
 7302 1776 11215
 4576 1356 9002
 6655 -2782 20024
 1931 -8966 10640
 -3731 -20900 5410
 -6681 -15333 1181
 -1554 -12103 9876
 -2640 -8574 12624
 -1207 -8861 13112
 -643 -11681 11158
 98 -10952 12073
Repetition End
0
 272 -10814 12531
 -564 -11571 11981
 -960 -11658 11688
 -1018 -11283 12140
 -987 -10497 12544
 -1219 -11229 13101
 -1540 -9676 11591
 -1033 -10324 11502
 -836 -10788 11744
 -800 -8397 13658
 2877 -9725 10199
 -2978 -11036 7013
 -2477 -12934 16594
 -3947 -10981 13862
Repetition Start
 -6587 -5231 15987
 3998 -2964 16025
 5809 -2327 13034
 10450 -4837 14195
 10559 -4179 12486
 8425 -5232 13240
 7519 -5213 11757
 10528 -5707 11960
 11618 -5287 11523
 12577 -5622 9483
 12878 -5047 9657
 12794 -3732 9591
 13814 -2637 9689
 13403 -1761 10119
 13831 -28 10464
 15859 1786 9173
 16077 1402 7704
 11956 605 7851
 13035 -193 8268
 14865 711 7653
 15690 1024 7763
 14747 -2345 6990
 11586 -4862 8259
 4817 -9400 10570
 2789 -8199 10943
 -10909 -17796 18762
 -5896 -13665 9604
 -7519 -14292 8371
 -3923 -10416 12769
 -1185 -8463 13423
 -566 -11827 12047
 -1559 -12257 11381
 -2713 -11698 11678
Repetition End
0
 -2187 -10638 12022
 -2797 -10954 11799
 -2427 -11642 11618
 -2324 -11465 11688
 -2298 -10992 11554
 -2432 -10966 12004
 -2443 -11205 11842
 -2886 -11404 12695
 -4197 -12354 9871
 -861 -12983 11680
 -1805 -12350 11689
 -2508 -12221 11786
 -451 -11198 12053
Repetition Start
 747 -8797 13141
 1186 -5234 15090
 2070 -5331 15158
 5108 -6505 13386
 5645 -5659 13978
 5002 -6467 14300
 5562 -7428 13612
 5532 -6468 14438
 8326 -5945 13506
 9134 -5010 13489
 8996 -3859 13741
 10204 -2512 13131
 10698 -3061 13252
 10918 -3901 11689
 13855 33 10704
 13069 -2292 10141
 13043 -2148 9572
 13852 -1525 8105
 14896 480 7946
 15244 252 8170
 14550 100 7545
 15702 263 6113
 14102 -1231 7896
 15496 -1101 9625
 9816 -3656 8700
 5458 -5477 13738
 455 -11911 15504
 -7157 -10719 14815
 -3346 -14850 13476
 -3005 -8590 14266
 -3754 -9704 13332
 -5169 -10056 13705
Repetition End
0
 -1263 -11450 12606
 -2523 -10641 12427
 -1382 -9833 13499
 -1423 -9100 12466
 -2587 -13896 11710
 -1640 -10341 10270
 -1053 -11262 13395
 -2897 -8437 15228
 -2419 -7279 11679
 -1858 -4263 12931
Repetition Start
 -4730 1832 15560
 -6995 -3873 13819
 -7907 -682 13638
 -8450 -1645 13516
 -9459 -4379 12889
 -9802 -5191 11600
 -12051 -3992 9527
 -13663 -1302 8399
 -13267 -2966 8291
 -13698 -1886 9031
 -13279 -1292 8887
 -12450 -1908 9369
 -12653 -2324 10321
 -11514 -3160 10496
 -10548 -3790 11790
 -9161 -4315 12759
 -6371 -6244 12336
 -2574 -6282 13408
 -427 -12916 13932
 2089 -16666 9557
 2779 -13274 10164
 58 -11579 8772
 -46 -11925 12121
 -2310 -10575 13883
 -1818 -12113 12399
 -1858 -10412 12571
 -1988 -10133 12778
Repetition End
0
 -1791 -10603 12456
 -1396 -11548 12368
 -883 -11283 12334
 -895 -10933 12482
 -1598 -10713 12511
 -1274 -10974 12224
 -1092 -11211 12082
 -1188 -10937 12203
 -1345 -10821 12431
 -1011 -10873 12343
 -1075 -10992 12250
 -1278 -10880 12401
 -1188 -10756 12472
