Repetition start
1.01547696062
0.999307713191
1.00576693656
0.998977708562
1.03722756282
1.04654122839
1.11331571224
0.885763992411
1.09142231018
1.01647179221
1.02439104496
1.008013914
1.00444677845
1.00051961378
0.994190900539
0.995151444314
1.0253767939
1.0414464374
0.996131726083
1.02094326311
1.01794061593
1.09082802042
0.977269912083
1.08104277297
0.990422372071
1.1122389264
0.951008134413
0.931035421039
0.867896344472
1.27731950982
1.15029172521
1.0234821015
Repetition end
0
0
0
Repetition start
1.00933244589
0.984235102688
1.06821519133
1.004736861
0.986895781226
1.00627371763
1.02936230547
0.977504531449
0.902404909002
1.04385580066
1.07983121585
0.998476234694
0.937424678558
1.11990945847
1.01636038713
0.924547461776
1.13234950831
0.966669519301
1.09091077547
0.928814064983
0.983000450327
0.99957927593
1.09170179175
0.963578483376
1.11295863379
1.08448475295
0.896462070379
1.03082861744
0.910675477839
0.988827194605
1.16770785904
1.02596993385
Repetition end
0
0
0
Repetition start
1.06176709219
0.964922745363
0.86360512997
0.86360512997
1.02754888372
1.02754888372
1.06702328741
1.035756851
0.896823046173
0.896823046173
0.995657309117
1.12515701086
0.981089243659
1.00027599289
1.00027599289
1.02084849753
0.967202014999
0.899878047754
1.01713988593
1.01713988593
1.02542280964
0.958692234238
0.706718631254
1.05932199056
1.03562762127
1.03562762127
1.13330750174
1.13330750174
1.13330750174
1.12391486584
1.08492737898
1.00515583396
Repetition end
0
0
0
Repetition start
0.988726393147
0.988726393147
0.988726393147
0.946141206825
0.936751213657
0.973414255939
0.918391584856
0.918391584856
1.00947738053
1.00947738053
1.0607077545
1.01191995343
1.02618050987
1.04034669293
1.05006082825
0.915995412575
1.02868893529
0.996743192449
0.9397451617
0.988160097665
0.967295649018
1.01860062559
1.01860062559
0.536055251801
0.536055251801
1.03293220631
1.14796034801
1.14796034801
1.13389470925
1.13389470925
1.12193940829
1.12193940829
Repetition end
0
0
0
Repetition start
0.985583186454
0.976108073363
1.00764440643
1.00426818209
1.03241469077
1.03241469077
1.08363887505
0.995120657783
1.01091383799
0.934801680925
0.95424756404
0.954042643716
0.989993193936
1.13637876834
1.13637876834
1.03482151557
1.00624275123
0.93544216008
0.980272725636
0.986560125732
0.936501553452
0.936501553452
0.951272267912
0.951272267912
0.96492224347
0.972282914437
0.881561323139
1.15893787892
1.07951160943
1.07951160943
1.13499488091
1.05453958004
Repetition end
0
0
0
Repetition start
1.12310515045
0.992375922897
1.02598326859
1.04037178878
1.03620473556
0.95244729267
1.17554537096
1.23248714782
0.970585785265
0.85611069122
1.01016063269
0.957148394908
0.950043100553
0.994537532843
0.964331290026
0.973652153627
0.969045328685
0.97925169513
0.970578385211
0.95575910213
0.97141415404
0.963137515684
0.935968654382
0.943814033821
0.912240016983
0.860353311803
0.81919870148
0.831206992478
1.9983282059
1.13414749867
1.24859682989
1.16963363083
Repetition end
0
0
0
Repetition start
1.0071976971
0.880364979211
0.809659258163
1.05494124221
0.792946702435
0.97625966908
0.932070566932
0.895303078797
0.863147485735
1.17610946143
1.01239939664
0.994177566546
0.947298580265
0.986147152001
0.992603231801
1.00589927113
0.95672031918
1.01082501832
0.971236356881
0.989121539718
0.983013242422
0.96194429108
0.970419341423
0.952251518734
0.912306798934
0.888382055372
0.83861157272
0.838504895101
0.938816943648
1.39539351239
0.97762980502
1.0250182611
Repetition end
0
0
0
Repetition start
1.21923196262
1.11105830465
1.01344284969
0.887903459778
0.794908542193
1.20514773349
0.993768626164
0.901912177285
0.966135114506
0.955827442473
0.971613236652
0.957093880998
0.975039593568
0.982608614365
0.961985677387
0.965722218885
0.979447849674
0.976752340938
0.968663094453
0.981552454096
0.99025236674
0.964258744423
0.975425296499
0.987245305103
0.970795158843
0.968340165985
0.94764699043
0.873457035689
0.85520942668
0.886414624882
1.16399755233
1.34154769299
Repetition end
0
0
0
Repetition start
1.04454248618
1.04318971115
0.961303652809
0.719506855198
0.969780575649
0.956547324778
0.988873696197
1.03194224539
0.856151745808
1.06464823413
0.930160366141
0.950165417819
0.990087680748
0.980550635289
0.946854602481
0.974121281139
0.97595396155
0.935029117528
0.93581400902
0.972618571475
0.892009322234
0.942009431862
1.62155609547
1.38714833792
0.841208644073
1.04649075531
1.59741455572
0.99734287665
1.03196069042
1.13838650577
1.13230221699
1.14805010665
Repetition end
0
0
0
Repetition start
1.00385512322
1.00385512322
1.00385512322
1.09030933416
1.09030933416
0.908069709495
0.985633822902
0.984455455414
0.984455455414
0.984455455414
0.998197725172
0.94929290215
0.94929290215
0.942209990867
0.878083946415
0.929079329694
0.930063974865
0.934751110466
0.899763083071
0.899763083071
0.899763083071
0.890523576399
0.858456563012
0.826806983143
0.826806983143
1.32910337035
1.32910337035
0.902266534169
0.902266534169
0.902266534169
1.08306435213
1.09010960642
Repetition end
0
0
0
Repetition start
0.98043258
0.818266389886
1.02760066783
0.797302388601
0.907203031385
1.07606066494
0.919699002054
0.887383848048
0.867202183024
1.09619726167
0.953308218794
0.985014864557
1.04467181485
0.956397919418
0.97092894493
0.982770349875
0.964988299982
0.94764960657
0.965385423958
0.986662556822
0.982696981949
0.973006114696
0.859877578123
0.968663654017
0.991935519639
0.913498910545
0.83724232026
0.898456676942
2.01052212541
1.12315906296
0.816326084947
1.49960728561
Repetition end
0
0
0
Repetition start
1.05630045049
0.898093605568
0.997642371664
0.993299471271
0.96661435726
0.949816362614
0.951314850779
1.02141195518
0.958804587625
0.963080401029
0.977423496256
0.977561576957
0.986749898792
0.95894594368
0.973079133695
0.983135066899
0.979897490345
0.971311967366
0.956517603306
0.930824209967
0.955551389051
0.929266026672
0.906428687386
0.902628971204
0.853842533017
0.860492909021
0.782414179291
0.783551421691
2.12328259845
0.813808746565
0.741735443677
1.24239282591
Repetition end
0
0
0
Repetition start
1.02789187767
0.999513981103
1.09969133881
1.5069132159
0.888796642474
0.848739498794
0.709465646414
0.950062574895
0.967289017155
1.00394613654
0.912509579233
0.954100516093
1.0383924066
0.916068551379
0.955831207403
1.02306890948
0.956292005081
0.919465046738
0.96335700001
0.960250060044
0.962570928539
0.902986433856
0.865998236637
0.824276687068
0.778517811701
0.928992430328
0.958685624462
2.02680386538
1.00920407565
1.1992009904
1.0870320735
0.997338631569
Repetition end
0
0
0
Repetition start
0.945379343507
1.19120299216
0.995216755851
1.1412113492
1.33521898646
0.926396551759
0.991230065297
0.943276449077
1.04630445298
0.941785217713
0.977050436192
0.943428899837
0.955386597602
0.987903255052
0.981724889989
0.982718195507
0.977012484828
0.990990992982
0.987905289453
0.983469921647
0.983746649756
0.99183844261
0.985726174711
0.97417452864
0.966948535853
0.998968178795
0.8473186282
0.877253780355
0.835991380862
1.30125654261
0.844591586404
1.10627891118
Repetition end
0
0
0
Repetition start
1.16810442063
0.959652394162
1.01179666477
1.03000449517
0.939577822033
0.918841928794
0.918841928794
0.937308677383
0.984984986592
0.99350337756
1.02035865606
0.933961937338
0.919982580138
0.880839341268
0.880839341268
0.971461918644
0.971461918644
0.971461918644
0.959057228289
0.952560582093
1.04179589622
1.13939759764
1.13939759764
0.988819627788
0.988819627788
0.810136157847
1.1628041042
1.1628041042
1.08509549423
1.17168980407
1.0973597496
1.00234091841
Repetition end
0
0
0
Repetition start
1.01011946841
0.847533663222
1.04334171106
1.15226734684
1.15226734684
1.15226734684
0.935478028729
0.969260746386
0.844036389243
0.848318610283
1.08484074384
0.961711562089
0.901204957342
0.945535944706
0.945535944706
1.00149616618
1.04718379726
0.987770234929
0.972321489092
1.04518409006
1.00794145402
0.994571069863
0.994571069863
1.04976753524
1.06455238125
1.06455238125
1.0474538146
1.0474538146
1.0474538146
0.998682208064
0.998682208064
1.02592217973
Repetition end
0
0
0
Repetition start
1.02783212367
0.980336214508
0.917333817549
0.984092283901
1.17857596629
1.07900278839
0.891724386874
0.930462672328
0.943296436319
0.950440231154
1.00169933369
0.994473673224
0.951483050915
0.938861537731
0.89373282236
0.984581306955
1.00089804179
0.946121549395
0.951293526298
0.953311944826
0.932723819169
0.861121306383
0.862613588089
1.53409965811
1.22033375301
0.922232203058
0.86953642973
1.15831309789
1.10505411372
1.05801910027
0.986221674094
1.01059244862
Repetition end
0
0
0
Repetition start
0.929063180656
1.1097966068
1.02860059297
1.11285563582
1.03125552335
1.00492661198
0.975121424753
1.03454106062
1.02324681653
0.819295911755
1.05416532588
0.943487948389
0.95575078239
0.937629947001
0.987717560074
1.00217043693
0.942782373665
0.972466069132
0.990771059797
0.982522305234
0.968590925215
0.972669214522
0.953947394497
0.965556614963
0.948133996749
0.91635433637
0.890658731407
0.901193624795
1.15675453989
0.93322033976
1.3241259759
1.00650774049
Repetition end
0
0
0
Repetition start
1.06624008288
1.09925394429
0.834122324753
0.776259593586
1.05765406226
0.977637302214
0.96878565638
0.929253689347
0.981420287008
0.936632392679
0.969430065639
0.930579120566
0.982926440116
1.02447228862
0.997595330307
0.972676420577
0.962425539385
0.977160798856
0.998444446277
0.969301140042
0.972068840962
0.968732922157
0.979056486777
0.97384304964
0.969863355656
0.956152415127
0.95423293405
0.909462934844
0.894922805862
0.853044606882
1.31914785189
1.38104742218
Repetition end
0
0
0
Repetition start
1.11030604186
0.838499146128
1.09775165571
1.1290977507
1.22749348103
1.22749348103
0.894108972452
0.809664298608
0.829398366061
0.816033278147
0.996598652426
1.0948926849
0.838296049686
0.950379107853
0.950379107853
0.965487211544
0.999918705273
0.982220249835
0.987607524622
0.890026864175
0.917213616332
0.922140303519
0.883108954321
0.864607000123
0.864607000123
1.23558263766
1.03750388945
1.03750388945
1.15585390279
1.17753954679
1.23288204048
1.15706001081
Repetition end
0
0
0
Repetition start
1.28370046776
0.862346380312
0.681303536648
0.908198883703
0.999986305739
0.977642655957
0.880465910212
1.04932347469
0.890219623348
0.965703125913
0.930480326461
0.966996214767
1.01752294768
0.947847453104
0.941551304164
0.956037827091
0.967516579209
0.974359529995
0.953683205037
0.953209994388
0.975677245395
0.95783638271
0.927363008156
0.973108138779
0.861118018546
0.875078821464
0.896535876089
0.769569032971
1.62823317021
0.813165069237
1.23238378487
1.21001186833
Repetition end
0
0
0
Repetition start
0.959498337652
0.987451987593
0.950684179571
1.032397948
1.0404994644
0.980916538419
0.998385588396
1.01528999599
1.00784375268
0.980873822129
1.01120015886
1.00956599588
1.01129271216
1.00215467579
1.00720661825
1.00601614314
1.0127268927
1.00900300629
1.00546906315
1.00742068178
1.00446677423
1.01260848119
1.00619535668
1.00854094926
1.00888845022
1.00539890786
1.00830372771
1.01586808633
1.00896597435
1.00649089803
1.0063472361
1.00568148512
Repetition end
0
0
0
Repetition start
0.999427573832
0.999427573832
0.976071766578
1.01824983916
1.01824983916
1.02286747717
1.02155507392
1.00515584879
0.943605773844
0.943605773844
0.913125081167
0.913125081167
1.05703331953
1.05703331953
1.05703331953
0.932164908384
0.932164908384
0.932164908384
1.22039748524
1.22039748524
1.04378413713
1.17099253648
1.17099253648
1.01289399938
1.01289399938
1.04478441029
1.10719779773
0.97812476699
0.97812476699
1.06040784546
0.996213916935
1.03428485289
Repetition end
0
0
0
Repetition start
0.989513130793
1.00883753163
1.00883753163
1.00883753163
1.00883753163
0.970261697929
0.970261697929
0.892173779845
1.0900570958
1.0900570958
1.02923600634
1.02923600634
1.02444095958
1.07051780221
1.07051780221
1.03470998537
0.948355721965
0.990375743835
1.04618430127
1.04618430127
0.984702479673
1.02728733481
0.96584006271
0.860038958165
0.948193105887
1.13000532622
1.04372285341
1.01992417032
1.03032921012
1.04696271657
1.01859245523
0.953304451715
Repetition end
0
0
0
Repetition start
0.884820490098
0.970277385875
0.988890219022
0.940503558212
1.02789739913
1.02273621447
1.00237268546
0.95028501442
1.03186153392
1.05640163645
0.951322729614
1.00454481018
1.02532358223
1.02706142905
1.01753367475
0.948786576321
0.935875830824
0.951564805571
1.0108799108
1.00335980917
1.02569607136
0.989705506948
1.0256347402
0.975392474217
0.957534828822
1.02563301854
1.13951722005
1.08671400383
1.00974161684
1.03661962932
0.991878029477
0.997181761936
Repetition end
0
0
0
Repetition start
1.02157521254
1.03810255086
1.0547937322
0.992904030771
0.907644155211
0.988045760509
1.03804184864
1.03411567137
1.01594280442
0.938065487466
1.02458841097
0.962831147158
1.10830250464
1.06938761059
1.07095505751
0.977161662355
0.981027576878
1.00981072522
0.962600877201
1.02112857975
0.95290775051
0.900259680753
0.973366284789
0.986122827598
1.04254982425
1.27707123985
1.10335392907
1.01248172763
0.970460444995
1.00911600256
1.03623504925
1.00954954023
Repetition end
0
0
0
Repetition start
1.00027016067
0.981859931857
0.962818833667
0.994081083212
0.998363985719
0.9823477719
1.02627043808
1.00605382984
0.994928325217
0.951526313401
1.03520850464
1.01923993761
1.02262142091
1.02858546861
1.02128628694
1.00204851578
1.0100155084
1.00374472465
1.01562330906
1.08135109915
1.00586972463
0.93141769245
0.946628444742
0.925969981822
0.905025242399
0.910510904771
1.14892097923
1.33018421809
0.962097138928
1.00902701726
0.924700258798
1.08304161452
Repetition end
0
0
0
Repetition start
1.09044603571
0.981916676911
0.981916676911
1.03270909012
1.03270909012
1.03270909012
1.09686148199
1.00772859165
1.00772859165
1.01295779366
1.01295779366
0.978444007339
0.980575443633
0.980575443633
0.891910188288
0.891910188288
0.943871260504
1.12872348778
0.843466861337
1.13173008375
0.885168741614
1.12010628546
1.12010628546
1.12010628546
0.935272309902
0.974090051754
0.974090051754
0.902736910507
0.902736910507
1.00812787659
1.00812787659
0.967488022568
Repetition end
0
0
0
Repetition start
1.04898779203
1.09739324365
1.03128254182
1.10923645001
0.998777950401
1.01410053355
0.90254076545
0.777180736069
0.828980431397
0.986444993224
0.965859974509
0.963028439453
0.963028439453
0.976750563633
0.883991673465
0.883991673465
0.947786455416
0.960921971653
0.769727570524
0.730459473291
0.730459473291
0.780945530213
1.69299399142
0.989621683892
1.73243353516
1.08652809776
1.09095413118
0.974287841981
0.970490480308
1.02408623155
0.987907930964
0.894763828843
Repetition end
0
0
0
Repetition start
0.926000174861
0.956541654343
1.0134050426
1.00309805121
1.03301720848
1.01434722997
0.999051458165
0.983208422974
1.01146848448
0.989033533338
0.974819741642
1.0389254433
1.01251468685
0.992414748833
1.06198398949
1.02255081576
1.01744721975
1.0212897066
1.01020946562
1.02106350093
0.976441232781
0.916414977013
0.930476154679
0.896812956355
1.05465921081
1.06897131046
1.01972266479
1.00391664388
1.0022764112
1.06034954968
1.06137665977
1.00175163965
Repetition end
0
0
0
Repetition start
0.999235285487
1.00454853344
1.02601603917
1.03503656415
1.00920576812
0.997859866395
1.00516124868
1.0068652429
1.0094481362
1.00792705454
1.00601185874
1.00631995535
1.03670555091
1.09068528879
0.998660218258
1.05543464935
1.07220882689
1.04423646284
0.965653116703
1.04549017809
0.923865073596
0.954444981581
1.02294174228
1.05204750187
0.990232112137
0.942770140116
0.933995699046
0.901423201469
1.1369095557
0.989846744322
0.949405310394
1.0108762514
Repetition end
0
0
0
Repetition start
0.966220961612
1.1492777041
0.968106698435
0.929799019112
0.978028627377
0.975034848303
0.985089230281
1.03497199272
1.00825252464
1.00147905344
1.01944973682
1.02948108415
1.02616805441
1.00002809761
0.981011544399
1.02620420786
1.03358848359
1.02835311548
1.07485383074
1.00357400651
1.02465955558
0.970649767662
1.00221478613
0.976427421765
0.952956706573
1.07084822474
1.06100063031
1.07710913122
1.09255368509
0.971578299442
0.952225575379
1.00180049946
Repetition end
0
0
0
Repetition start
0.98009944701
0.888214886719
1.05942103481
1.0013282586
0.974736396524
0.992925238237
0.94772023176
1.0788426395
1.09167433547
1.0307217278
0.978065769928
1.00536079457
1.02929812002
0.99009253071
1.01524089189
1.07373711799
0.977610477808
1.01272249139
0.984170232017
1.02985831119
0.933843645066
1.05675141817
0.925029531939
1.11469244441
1.0818893584
1.21447877829
1.04175168187
0.903620955466
1.03530028079
0.981204978022
1.03434953204
1.03544168136
Repetition end
0
0
0
Repetition start
0.998199260896
1.009744382
1.10658657859
0.694572303876
1.00229990686
1.00252730108
1.02490283444
1.03563927411
0.99107257084
0.979887484181
0.998189921495
0.991341910142
1.01165962231
0.973876406119
0.960196341042
1.06996322766
1.27939298138
1.45542279584
1.28127869859
0.761173133575
1.76943735059
0.694108856131
0.741873968557
0.680009014994
0.591817244881
1.18008197259
1.18008197259
0.846578556784
1.61564040357
1.0502633694
0.964461509572
0.986361351964
Repetition end
0
0
0
Repetition start
1.13974301322
1.13974301322
0.781457613539
0.781457613539
0.781457613539
0.781457613539
0.811471448534
0.811471448534
1.40657382786
1.40657382786
0.995904444489
0.995904444489
0.995904444489
0.995904444489
1.28843927345
1.28843927345
1.28843927345
1.28843927345
1.49864448703
1.49864448703
1.49864448703
1.03664645408
0.960127524031
0.960127524031
0.960127524031
0.952155794947
0.952155794947
0.952155794947
1.00634013603
1.00634013603
1.05068655899
1.05068655899
Repetition end
0
0
0
Repetition start
1.00954389259
1.00954389259
1.00954389259
1.00954389259
0.979891614777
0.979891614777
0.979891614777
1.20039567292
1.20039567292
0.991119521487
0.991119521487
0.938485634767
1.1937861218
1.1937861218
1.75995582565
1.22561857172
1.22561857172
1.13392518415
1.13392518415
1.35685021555
0.823237854662
0.738221196351
0.738221196351
0.738221196351
0.732915775346
0.567071343316
1.22553689106
1.22553689106
1.0946609297
1.0946609297
1.97806692449
0.941627114453
Repetition end
0
0
0
Repetition start
0.883776317947
0.883776317947
1.22012008323
1.22012008323
0.875752249143
0.767626700187
0.767626700187
0.767626700187
0.767626700187
0.72812876772
0.72812876772
0.708526665878
0.708526665878
0.708526665878
1.27120292349
1.09104924374
1.09104924374
1.09104924374
1.28354816211
1.51435712255
0.966412255817
0.990054960757
0.990054960757
0.743223786931
0.743223786931
0.743223786931
0.743223786931
1.13658265154
1.13658265154
1.0332171578
1.02004500303
0.981537280352
Repetition end
0
0
0
Repetition start
0.745638611162
0.745638611162
0.745638611162
0.745638611162
0.745638611162
1.40858777622
0.780823767739
1.08925584263
1.08925584263
1.08925584263
0.925919200582
0.923569415202
1.24670204873
1.24670204873
1.10455551607
1.54561732803
1.54561732803
1.54561732803
1.50084001271
1.50084001271
1.50084001271
1.17517592287
1.17517592287
1.03557620257
1.03559392278
1.03559392278
1.03559392278
1.13537559924
1.04911147007
1.04911147007
0.999094995004
0.999094995004
Repetition end
0
0
0
Repetition start
0.918819844582
1.17041956007
1.17041956007
1.20299642514
1.20299642514
0.946223021448
0.946223021448
0.934082926597
0.934082926597
0.845784507166
0.853365262926
0.820557453277
0.751664899108
0.751664899108
0.751664899108
0.751664899108
0.751664899108
1.59674815926
0.778480247712
0.778480247712
0.778480247712
1.13640829809
1.11561117304
1.18375128935
0.908581745022
0.908581745022
1.13422245873
0.962084703753
1.08393320014
1.08393320014
1.08393320014
1.04158507226
Repetition end
0
0
0
Repetition start
1.51073978204
1.51073978204
1.31756951583
1.31756951583
0.787383526371
0.787383526371
0.5630406424
0.769767940254
0.769767940254
0.528263328709
0.528263328709
1.49550817773
1.49550817773
1.05311294925
1.28720127611
1.28720127611
1.28720127611
1.20131917221
1.02736004755
1.02736004755
1.02736004755
0.950746744779
0.950746744779
0.950746744779
0.950746744779
0.986215375367
0.986215375367
1.02237906033
1.02100471373
1.02100471373
1.02334959985
1.02334959985
Repetition end
0
0
0
Repetition start
0.871428339895
1.50878200221
0.839072265692
0.794136113587
0.794136113587
0.794136113587
1.3158461245
1.3158461245
1.3158461245
1.09774600371
0.861981922282
0.823973716453
0.621883597866
0.621883597866
1.29904426124
1.29904426124
0.857381061547
0.857381061547
0.857381061547
0.857381061547
1.33721113144
1.33721113144
1.0233748668
0.958140957958
0.958140957958
0.945253993029
0.945253993029
0.968708333535
0.986733257069
0.986733257069
0.994916551259
0.994916551259
Repetition end
0
0
0
Repetition start
1.10258637015
1.02417269537
0.882469089354
1.11562030415
1.0301329856
1.00966990809
1.03301029714
1.04957369015
1.02079378712
1.02961938355
1.00216964888
1.04235661506
1.03063728995
1.05855557595
1.1235138395
1.09146688623
0.873784212587
0.942214195702
1.02139038726
1.07027342822
1.00630876817
0.917733184539
0.912038414378
0.851766043581
1.71303029399
1.08108382802
1.11021970437
1.03387563773
0.971213996897
1.03098567913
1.02530286686
1.02236939706
Repetition end
0
0
0
Repetition start
0.966267872589
0.977533719623
0.988824960544
0.960391015217
0.98278881751
1.00538092966
1.00550223371
1.02294246699
1.03414042491
1.04025677654
1.02973196617
1.02650703508
1.05615942111
1.0048641837
1.06861687788
1.01929059239
0.996120933087
0.983962733359
1.03086216454
1.05573520897
1.00038003592
1.02856597067
0.989313011098
1.11542285255
0.831087714681
0.962189643615
1.1936282122
1.1985350331
1.24086257764
1.03280588926
1.03220240367
1.08441580014
Repetition end
0
0
0
Repetition start
0.998895340479
0.974452438027
0.963081420272
0.978069632078
1.01173875671
1.01173875671
0.979582285136
0.968761555541
0.982108530693
0.982108530693
0.971880419523
1.00800657437
0.978429676324
0.958118064906
1.00665908059
0.970293545807
0.970293545807
0.992883678307
0.994208603354
0.929166938594
0.917282383575
1.15983822667
1.17950455403
1.03441322039
1.03441322039
0.886638513792
1.03782450631
1.07446912795
1.07446912795
1.06377307622
1.00270925958
1.00273743545
Repetition end
0
0
0
