Repetition start
1.0680127619
1.14239758263
0.958661141471
1.01077554436
0.898648937887
1.11690136606
1.03848843922
1.06027709663
1.03864473535
1.08510855384
1.04177420319
1.04766771743
1.05752843835
1.07923542073
1.14388885144
1.20543591924
1.21872067111
1.08812068274
1.06625959415
0.933351042255
0.888789171296
1.01674722696
1.00814608849
0.909821287003
0.937487916074
0.893607676868
1.04892640923
0.877312656609
0.748668514448
1.12607599334
1.04171186071
0.924807148722
Repetition end
0
1
0
Repetition start
1.18430937167
0.942400439004
1.08218609394
0.975737408172
0.937704884473
1.01156956814
0.983033660922
1.07372415948
1.04160272601
0.940041754184
0.974015865522
0.970542863784
1.06829344391
1.20765769159
1.13942623179
1.30519754896
1.24452394901
1.18242775576
1.03283510522
0.95538722928
0.960459229612
0.930705733032
0.929146308615
0.745962725614
1.02026978779
1.03143660345
1.03086909752
1.35386080421
1.12828916626
0.813454115925
1.02391820822
1.21489854364
Repetition end
0
1
0
Repetition start
0.812672461491
0.812672461491
1.02594862514
0.987698443459
0.987698443459
0.958359096879
0.958359096879
0.958359096879
0.942736074222
0.942736074222
0.941627599091
0.941627599091
0.941627599091
0.941627599091
0.941636553963
1.02955684419
1.02955684419
1.02955684419
1.01355258151
1.01355258151
1.01355258151
1.23233107158
1.23233107158
1.23233107158
1.02567245425
1.02567245425
1.01198920571
1.07371996484
1.07371996484
1.07371996484
1.07371996484
1.04774948682
Repetition end
0
1
0
Repetition start
1.4373081963
0.915234283337
0.971763710721
0.989859803588
1.07127801999
0.980563586614
0.934135999781
0.936343471113
1.10093572892
0.958490615573
1.01459925829
0.990187704051
1.13838119624
1.20821600703
1.23285559505
1.27414112018
1.15645095168
1.11364070544
1.01865696782
0.926317771737
0.841947053139
0.922779982682
0.889701247087
1.09904933409
0.745786958301
0.996178397154
0.998448779933
1.29383758816
0.571314930126
1.2156067473
1.38597498008
0.943598124697
Repetition end
0
1
0
Repetition start
1.4373081963
1.07127801999
0.934135999781
1.10093572892
1.01459925829
1.13838119624
1.23285559505
1.15645095168
1.01865696782
0.841947053139
0.889701247087
0.745786958301
0.998448779933
0.571314930126
0.880708888832
1.31374117657
0.830217067085
1.07399026348
0.90156380688
0.996344237528
1.08272806343
1.22703536753
1.29938110684
1.08544405182
1.11898226891
0.999638352341
0.911976571799
0.77095123895
0.935763359905
1.15592406486
0.952982522524
1.22980654775
Repetition end
0
1
0
Repetition start
0.862994662135
0.900089894299
1.19601817587
1.03598896578
0.984098459939
1.06479807348
1.03472157655
1.06174364412
0.997363317406
0.985787851777
1.03404065243
1.07694852259
1.08839373024
1.25459012132
1.22697671651
1.19161612898
1.04410291469
1.07453747616
0.947497577387
1.07116376132
0.861168065845
0.868052809102
0.996130033842
0.953888743472
0.951733210085
1.11219920562
1.25530356096
0.804771745309
0.903571084758
1.03109590867
1.06323559451
1.04088189803
Repetition end
0
1
0
Repetition start
1.00563615896
1.01453712227
1.07370561482
1.06099676808
1.06099676808
1.05966962006
1.05966962006
1.02616853906
1.13178675185
1.24978484597
1.24009653812
1.12401014564
1.21143071528
1.03944618269
1.03944618269
0.978364833855
0.978364833855
1.04852210008
0.932535910934
0.932535910934
0.958863184666
0.934478103489
0.829168042954
1.12382319446
0.954373232175
0.953678189445
1.11403754462
1.20825848642
1.33788640794
1.33788640794
0.7941244423
1.09131029201
Repetition end
0
0
0
Repetition start
1.10554581633
0.972768162413
1.00041764635
0.953098363191
0.971527007103
1.01100474647
1.04416821297
0.966568309083
1.00685194541
1.02757081906
1.08632262351
1.03336833722
1.0383289121
1.17048213516
1.24851533518
1.20147083098
1.11428941787
1.26049800254
1.12236486043
1.06851202347
1.02838769784
0.96667110704
0.998236399309
1.03315881335
1.01963034875
0.966296422881
0.991018276564
1.22194499056
0.930833865083
0.903104894573
1.062020653
0.968256215028
Repetition end
0
1
0
Repetition start
0.993780524307
1.09179960636
1.02610225325
1.020770604
0.92199954711
1.06143248097
0.976704568066
1.0539014925
0.989016078776
1.10426743984
1.07122406984
1.14889231097
1.16291278348
1.21043227485
1.18829287236
1.12620648124
1.11166101307
1.086449799
1.04616626548
1.03347714834
0.914512865673
0.96674753699
1.00668125648
0.994523216479
1.05181182078
0.975706545503
0.96026550033
1.25075718477
0.839989288051
0.952783716964
0.891375906927
0.969145403815
Repetition end
0
1
0
Repetition start
1.01660157899
1.14230074165
1.07347410923
0.882693951589
0.940308579899
0.969589066146
1.04081796842
0.995817003888
1.02031267664
0.983511216516
1.07209234801
1.04617856653
1.112424849
1.11348075083
1.23289111132
1.12051206711
1.07663986983
1.04073673005
1.01282971924
0.940524739169
0.927322619566
0.982149253165
0.883760873334
0.968585369519
0.994995160244
1.07747703064
0.937035847046
0.984840354974
0.992085999831
0.973791455781
1.07280837326
1.39740312938
Repetition end
0
1
0
Repetition start
0.894660244932
1.04462144223
0.945019262719
1.01716305656
1.00537637206
1.02610238395
0.95139623616
1.00153095245
1.00916215436
1.06925571959
1.07395479948
1.05226752487
1.16631247226
1.26683052217
1.196442335
1.19696051458
1.11250661703
1.05147400253
1.11464486684
1.00674928168
0.96889452087
0.871262491245
0.990220888035
0.951778739168
1.00913304856
1.0780357742
0.970482682233
1.46976537938
0.87724699224
0.898160445991
1.00838017925
1.47188310793
Repetition end
0
1
0
Repetition start
1.02612584595
1.00439196833
0.993540130953
0.969110979229
0.998023221357
1.0640947246
0.991578690658
1.0867060182
1.06488324321
1.07814844942
1.13536457958
1.22251060185
1.15174732291
1.10884741542
1.1251785481
1.14115933255
1.07222583051
1.04588532462
0.995245967315
0.957349586092
1.00133165341
1.05848781119
0.935149367187
1.0205646134
0.946356610544
0.974322232774
0.989206727
1.33784939361
1.06670294641
0.985361921485
0.896655749893
1.03520519393
Repetition end
0
1
0
Repetition start
0.976596085925
1.03766971473
1.0956479975
1.09289595264
0.969948350451
0.962200917881
1.03009516181
0.998481635266
0.966676656396
1.02740956411
1.00453088305
1.05425491115
1.08619831747
1.05313761177
1.1365580183
1.19064765606
1.20579775803
1.15932296118
1.16004280859
1.06251451889
1.02831417201
0.899400592914
1.00579972507
0.917015290706
0.943266010995
1.11052531558
1.04248891108
0.958495798368
1.04802427619
1.20250049397
1.00512837819
1.34416577372
Repetition end
0
1
0
Repetition start
1.12479553914
0.886108570806
0.987877408924
0.951818964759
0.931514239586
1.02499331088
0.98413439111
1.07683660052
1.07550129361
1.10225691788
1.13323421028
1.20810206608
1.18304625523
1.16038800182
1.1102487337
1.08018102897
1.08367917516
0.95873733182
0.991432326825
1.01205902931
1.0185708788
0.874658573329
0.911346432992
1.10853063997
0.983484976559
0.897200564283
1.00453003381
1.09426554893
1.01212585573
1.14581055637
1.08751263892
0.942023009955
Repetition end
0
1
0
Repetition start
1.02947510257
1.05643059305
0.969451415796
1.03032493643
1.01235445222
1.05075743446
1.04415196549
1.06527183615
1.03726950808
1.10039221033
1.04857394799
1.08951252173
1.07880782708
1.20724393613
1.16187174475
1.19689872621
1.18659207024
1.0621869962
1.07333808172
0.953142115174
0.948520038256
1.05722130246
0.931489578334
0.964136943926
0.83779936518
1.21555709288
0.954263220516
0.862790278812
1.31095107109
0.997516724562
0.886711748658
1.01660242365
Repetition end
0
1
0
Repetition start
0.971498875113
1.09749198513
0.98848954746
0.991773565934
1.03081338844
0.920555550503
1.06841955416
1.01727358824
1.06908021073
1.06293857337
1.02619325015
1.07092444997
1.21114841132
1.2107604005
1.17220123518
1.17125740466
1.04843516243
0.971761320509
1.01816197594
1.01056166248
0.983824899781
1.00981677533
0.921904815984
0.964125955045
1.03096935579
0.966056943242
1.08852406728
0.987966702278
0.942685714032
1.0060920835
1.09561732495
1.32957405392
Repetition end
0
1
0
Repetition start
0.996509235346
0.992500802008
0.980172416466
0.945820628496
1.02353162733
1.0536857404
0.996607853482
1.07649247124
1.07284372932
1.07092448649
1.09393885379
1.11744076352
1.18317004448
1.17221946263
1.19081905935
1.12899316796
1.03585367281
0.958172359198
0.989795907512
0.992650699252
0.987013338985
0.861893368924
1.04660815603
1.07365753079
0.963709293639
1.31074306566
1.11517293063
1.03265002613
1.46270484152
1.18831161006
1.0221219398
0.890379305044
Repetition end
0
1
0
Repetition start
1.03633448286
0.965395429938
0.970682527719
1.01373419634
0.970845543989
0.979108080946
0.963260490615
1.02008143192
1.01962239307
1.07117824972
1.17183696367
1.12054527969
1.20647517145
1.17671336648
1.13241017037
1.15783720524
1.08749752716
1.07000039764
0.987436787553
0.984854919897
1.05505345495
0.963553438458
0.933435460562
0.982508301014
0.976897014546
0.956871759009
1.01549633568
0.98724090906
1.24402740508
1.11778856161
1.19548357257
1.06850408833
Repetition end
0
1
0
Repetition start
1.01532267692
1.06905346279
1.01545691383
0.996593768711
0.927343205755
0.956090326395
1.09052528244
0.961261574442
1.03709682091
1.03442228136
1.04158251323
1.02961350227
1.00267757378
1.03614314916
1.08272343231
1.23660058519
1.23122745617
1.07658762093
1.13033744647
1.05974416581
1.01254660196
1.033870822
0.948162867158
0.9018569021
0.968287497912
0.939885137286
1.02369074928
1.27339973569
0.838151019878
1.04312750862
1.04559634002
0.963691399728
Repetition end
0
1
0
Repetition start
0.98438968534
0.895069597491
0.945604399468
1.07087460258
1.01902717245
1.12134314631
0.976847214203
1.00219342583
0.991039930353
1.01134430462
1.03835698964
1.04348516895
1.1034310587
1.1797363148
1.200630525
1.19489812993
1.06244256061
1.09389952251
0.996941917813
0.920407853263
1.06458121063
0.921460963878
0.862516420405
0.998909543836
0.947503848452
0.849724687227
1.06714247697
1.32559413573
1.01606117749
0.881171636361
1.1487535136
1.02084873838
Repetition end
0
1
0
Repetition start
0.960025612485
0.917320998921
1.01345977696
0.990514988236
0.934463835723
0.960555405751
1.074935835
0.913501400189
1.05498153155
1.02192331004
1.02357738391
1.05855239457
1.01411616781
1.00498468459
1.05853198811
1.06153428494
1.20942388043
1.2050419312
1.16656578446
1.06396940247
0.97425174076
0.978140622081
0.955464051096
0.963967290084
1.00708563046
0.990926694282
1.45195272547
0.977602759391
1.17986049394
1.1544002577
1.23764868653
1.17405041956
Repetition end
0
1
0
Repetition start
0.996031360916
1.0171913979
1.07203953171
0.949491726513
0.893055343768
1.01552790581
1.04197299228
1.02593857793
1.00048412026
1.03562154389
1.04771550976
1.1030131673
1.03499689135
1.20156242875
1.16835211041
1.16888766039
1.1236863016
1.09026815498
1.04685614875
0.96307184669
0.898663297558
0.985346638163
0.854752475877
1.00738606931
1.01773709064
0.935150367078
0.994309723868
1.55893031289
1.25844246034
1.09338260509
1.22587121022
1.04815433035
Repetition end
0
1
0
Repetition start
0.894310097239
0.97913725556
1.04539793525
0.971736034121
1.05473699983
1.01642157237
1.03335701746
1.08536248626
1.12950702706
1.15746782902
1.08552213485
1.02463713618
0.979509153818
0.975010189361
1.06046011168
1.00904435457
0.991524658918
1.03531290165
0.924276128376
0.955470338104
1.0154497674
0.914918897753
0.828781000808
1.01140242496
0.978780794286
0.982761631454
0.902198980121
0.936157389716
0.942009107583
0.945947908411
0.941555840332
0.957099869273
Repetition end
0
1
0
Repetition start
1.01683296846
1.20749043246
1.02943827872
1.09757437519
0.936367409749
1.02871830621
0.83527859228
1.07489259219
0.992101945342
0.985160673042
1.01153766087
1.03914447153
1.0930092074
1.03755048757
1.24479139367
1.26916131865
1.18361898748
1.2202244438
1.03879713133
1.03838122951
1.02001030216
0.894572298699
1.00625102742
0.895485082107
0.923620587803
1.01536296435
1.00364647929
1.0809969262
0.982436180011
0.968498024165
1.04376280129
1.17447972104
Repetition end
0
1
0
Repetition start
0.847596386145
1.10452892064
0.895309447072
1.11185098761
0.971109157587
0.999976912247
1.03976706588
1.01726093584
1.01169716875
1.06280147259
1.04137224885
1.04962348439
1.03800824468
1.00750628336
1.09986636951
1.08363954369
1.16669533916
1.21034624524
1.15918656486
1.05627100891
1.00141207083
1.01322915951
0.939806314644
1.00006460376
0.945980509873
0.910151148033
0.884122671737
1.06795574632
0.962669304566
1.62340295124
1.02401708797
1.07458707044
Repetition end
0
1
0
Repetition start
1.20142401243
0.564736717419
0.992684917342
1.04782660136
1.06122376775
0.948484391808
0.906388420189
0.959986367185
1.09410406581
1.12845902346
1.04519576467
1.01645614104
0.986380130039
1.06607609134
1.02322706578
1.03340988218
1.09817599315
1.05024754964
1.24412720013
1.23287371138
1.19540015535
1.15667081115
1.11192804043
1.07128489832
1.06924376243
1.00491714975
0.916562049578
0.977843516343
0.963321028613
1.00203180097
0.951826076224
0.913680206545
Repetition end
0
1
0
Repetition start
0.842266679644
0.996169631536
1.03958444286
1.01735472103
1.08776501696
1.00013573664
1.01182987825
1.02239719327
1.04912847165
1.06304837724
1.10374018148
1.15876499397
1.20713304813
1.16508069568
1.1370483671
1.16695015325
1.14510823213
1.07766958134
1.08075577998
1.07099435138
1.02817073143
0.984915072394
1.00701907071
0.923245262252
1.06227236301
0.842221706046
0.892843670232
1.05936728259
0.914248048257
0.966767909839
0.914750142118
1.08019318752
Repetition end
0
1
0
Repetition start
0.867575492065
0.949181430381
1.04324918184
0.992414572406
1.00556889015
1.04169116369
1.08521663458
0.950255542034
1.07514201802
1.03895871999
0.984692072136
0.976055526745
1.09693937717
1.12897372127
1.26523371229
1.19546509062
1.06608721743
1.06600319403
0.96252484754
1.0336326777
0.90818303609
0.959630662949
0.949749221453
1.04102182476
0.922290888016
0.943234565724
0.894137018696
0.960139068887
1.01011831223
1.31097043977
0.796416807746
0.975044300604
Repetition end
0
1
0
Repetition start
0.999869341808
0.861011606997
0.856429970929
0.923536845493
1.0920305872
0.893708835918
0.922891720902
1.03007022607
1.10758083118
1.15171344944
1.21603079357
1.23886105354
1.28313146243
1.18153971249
1.08100027242
1.00871602668
1.01096892463
0.982897408294
1.0151020079
0.96895308058
0.949443947409
0.859745160491
1.00404595542
0.868391914633
1.02192344128
0.977360128819
1.52397995241
0.672640068245
0.672640068245
1.05596673351
1.4553201167
1.03257207583
Repetition end
0
1
0
Repetition start
1.0420251017
1.04750573139
1.01082247724
0.954258877485
1.04484135148
1.03286082902
1.06056420258
1.00179810468
1.03091156709
1.02041368187
1.02225447304
1.03499137537
1.10596536797
1.21361108474
1.26224203744
1.22450592511
1.22081782908
1.09747948021
1.0176093267
0.946775309505
1.09320047232
0.927511160249
0.98838758462
0.88117683002
0.980782496646
1.01951076407
0.936285764431
0.930623324805
1.05239635023
1.30014209252
1.19273063654
1.20538696616
Repetition end
0
1
0
Repetition start
1.09869549043
0.966643492737
1.02142327055
0.967731721289
1.09252231702
1.07099194436
1.00200154186
1.06592342954
1.00279143884
1.01881216897
1.06801701034
1.1233271274
1.15483032203
1.21260146136
1.20920363858
1.10324882725
1.08033697086
1.06104316831
1.06182703451
0.923274991619
1.02302944624
1.05160722212
1.07744052486
0.87126257676
0.981492535798
0.97687752411
0.989290140872
0.928310717199
0.995221399273
1.30555651043
1.05463500069
1.10549377272
Repetition end
0
1
0
Repetition start
0.934400923794
1.13448052592
1.11293615715
1.05523273715
1.06452664988
1.01860109554
1.01476581985
1.07373670686
1.06379010436
1.04067622981
1.01858882902
1.04807706399
1.00328204309
1.03785528059
1.12421929404
1.09974978653
1.16584250988
1.14601209034
1.15964152577
1.09179277709
1.06215538193
1.00154997242
1.09225979854
0.987466519654
0.94198257367
0.932514336792
0.950115914081
0.917544680912
0.981372147295
1.0799386795
1.01612340179
1.3996623565
Repetition end
0
1
0
Repetition start
1.06339277072
1.02212336851
1.0499863596
1.02568947025
0.970565611542
1.01439088705
1.05741381077
0.989069149634
1.01116749021
1.03220198682
1.01449633386
1.10981372768
1.05401030452
1.08046190297
1.15861580751
1.12346220049
1.15687384562
1.14417179504
1.11185551584
1.09932845069
1.08569602889
1.11264619115
0.997545652077
0.927042697255
1.02795073306
0.948357972797
0.980119171743
0.939527855595
1.00411923632
0.86508347894
1.39145337169
1.02005370591
Repetition end
0
1
0
Repetition start
0.973940562487
0.968124472259
0.981252844998
1.00289207655
1.07624707764
0.977217959733
1.00897921998
1.01773560819
1.09937272481
1.02400888079
1.0569324866
1.03930907981
1.0463218028
1.26959583998
1.26457238282
1.19533902027
1.13489753134
1.09509116949
1.07505059719
1.05723183816
0.923001032033
0.994961120826
0.979082906299
0.911933287669
0.90612251314
0.957306901977
0.92312089532
1.66762030868
0.801302396018
1.14634292679
1.058673648
1.09277541985
Repetition end
0
1
0
Repetition start
1.17189461215
1.31900946236
1.06564704363
0.850323940005
1.03829338355
1.02848940054
0.938545794122
1.02841976877
1.02560426394
0.963059327395
1.04381372213
0.993920266212
0.941181630923
1.04143211843
1.11878923322
1.08913775277
1.28252453766
1.17922928576
1.16444553244
1.13838941005
1.0431154073
1.06763442024
0.94629563289
0.954854814287
0.9139046227
0.841997043151
0.962887818137
0.815091854628
1.94638195859
1.10753202479
1.47394105785
1.00730761738
Repetition end
0
1
0
Repetition start
1.04523933259
1.07380951109
1.17817568063
1.21513548565
1.2164291221
1.15302461618
1.1856642544
1.10632632829
1.10632632829
1.08738080343
1.07593234282
1.04179342889
1.01367790573
1.02047016494
0.945653566199
0.994572699208
1.0305026753
1.03883419182
1.03883419182
0.860610589514
0.912399286761
0.910668509324
1.03929123655
0.920273306713
0.891287964722
0.891287964722
1.10672357701
1.10672357701
1.10672357701
1.23834916359
0.810476309221
1.28037079878
Repetition end
0
0
0
Repetition start
0.894491388441
0.956211798036
1.00896070189
1.01224135742
1.05937564661
1.06310501824
0.990622260138
1.00184619065
1.04942390988
1.07331084812
0.976159228029
1.10623922895
1.14506065929
1.13889255152
1.14018919373
1.15866345076
1.14389486001
1.11952707599
1.10920601888
1.04285581384
1.00651112339
0.975565076725
0.928351985745
0.982208795741
0.999725836931
0.971563234492
0.891846776628
1.64427203063
0.968072664057
0.983470792864
1.10951842133
1.30380192271
Repetition end
0
1
0
