-550 -8796 12593
 -738 -7923 13139
 -965 -7533 13555
 -609 -8013 13128
 -775 -8841 12789
 -1170 -9023 12545
 -1179 -8606 12883
 -970 -8253 13316
 -606 -7989 13322
 -1452 -9100 12615
 -604 -9542 11401
 -1080 -10638 9767
 -1191 -8690 12297
 -744 -8933 12442
 -1154 -8599 12936
 -963 -9184 12662
 -926 -8893 12731
 -1729 -8599 13104
 -1640 -8727 12933
 -411 -10620 11951
 254 -9349 13011
 -192 -8451 12254
 -216 -9298 12289
 -232 -9451 12444
 -390 -8614 12987
 -906 -7760 13847
 -1030 -7725 13470
 -251 -8368 13144
 -138 -8396 12773
 -509 -8447 13066
 -840 -8322 12975
 -1029 -8327 13512
 -513 -8073 13725
 -615 -8240 13011
 -698 -8680 12907
 -723 -8867 12951
 -606 -8226 13413
 -462 -7643 13521
 -263 -8114 13156
 -1198 -9002 12659
 -1257 -8958 12886
 -767 -8319 13103
 -539 -8323 13061
 -683 -9148 12923
 -714 -8529 12976
 -849 -8541 13120
 -914 -8462 12983
 -694 -8374 13103
 -731 -8435 13061
 -756 -8484 13102
 -732 -8352 13116
 -864 -8318 13221
 -816 -8329 13218
 -828 -8354 13102
 -732 -8390 13178
 -786 -8299 13135
 -869 -8302 13269
 -817 -8473 13233
 -787 -8933 13419
 -357 -7846 13275
 -536 -7108 13530
 -1619 -6837 14477
 -1642 -6288 14781
 -522 -7546 13955
 438 -8760 11504
 -412 -11074 12075
 397 -12616 11391
 -1489 -13938 12227
 1015 -7842 10067
 -1763 595 16711
 308 -1320 16949
 -2955 -4346 15130
 -951 -7898 13713
 -416 -8740 13134
 -1594 -9968 11666
 -104 -11628 10949
 958 -9721 12124
 166 -8325 12968
 -1245 -7857 13366
 -767 -7566 13620
 -449 -8817 13173
 486 -8625 13147
 663 -8234 12607
 317 -8681 13211
 504 -8964 13310
 495 -8678 13212
 110 -5293 14999
 139 -7547 13533
 452 -8115 13594
 816 -7255 14069
 638 -6796 14005
 209 -6978 13874
 -91 -7100 13890
 379 -7492 13727
 777 -7217 13364
 -387 -7211 13285
 -1297 -7695 14425
 -2107 -8557 14093
 -1302 -8232 13626
 -1034 -9038 13504
 -132 -9423 11860
 -931 -9563 12522
 -127 -8755 12621
 -533 -8266 13162
 -1006 -8789 13002
 -1224 -8577 12923
 -533 -8613 12945
 -926 -8720 13292
 -1211 -8330 13259
 -1176 -8380 13218
 -754 -8344 13053
 -1070 -8422 12713
 -1071 -8257 12948
 -919 -8051 13300
 -767 -8076 13303
 -691 -8181 13257
 -868 -8087 13145
 -862 -7503 13937
 -1013 -8278 13207
 -203 -8891 12543
 -1150 -9045 12832
 -790 -9010 12992
 -809 -8884 12729
 -1114 -9684 11676
 -1622 -8844 13039
 -207 -9403 12794
 -745 -9254 12695
 264 -9673 12631
 -220 -9459 11809
 -4017 -9184 12199
 677 -9879 14775
 105 -12059 12933
Repetition Start
 -4207 -12827 11877
 6570 -11300 16315
 5703 8116 21647
 2147 8247 14593
 3205 5232 11045
 3909 9858 12104
 3781 10504 9437
 1927 15813 10601
 4691 15863 6055
 4390 17473 3493
 1361 17827 -1159
 2421 16554 3486
 -3066 15251 5186
 -3007 20738 3462
 5985 17869 -2627
 1830 15213 -3016
 -3293 14952 5834
 581 14110 9952
 2810 7177 10060
 1676 6861 10395
 3418 3453 12136
 865 -4330 6553
 -2750 -10020 23220
 -5013 -6340 286
 -6819 -26287 2408
 1170 -11460 13382
 1381 -10968 9312
 1959 -3636 16734
 -838 -8663 10592
 -2877 -12780 12342
 -833 -10744 11817
 253 -10874 10797
Repetition End
0
 2264 -11165 10362
 307 -11488 10693
 -68 -10337 11795
 23 -9472 12530
 -203 -9346 12202
 -602 -10000 11853
 -246 -9917 11895
 124 -9826 12188
 131 -9597 12179
 -99 -9650 12151
 -258 -9584 12228
 -359 -9648 12162
 -429 -9572 12302
 -3 -9880 12264
 -841 -8896 11951
 713 -8247 10960
 -1928 -10237 14671
 1116 -10094 9660
 7456 -18235 21494
 1755 -17909 17279
 -174 -9265 17072
Repetition Start
 -3698 -24356 3361
 -2052 1664 17983
 -4587 4077 13377
 7208 4450 19346
 12931 10616 14235
 801 7761 11989
 3390 5147 14801
 -3188 2222 17458
 -6616 6740 12146
 -3162 7210 14478
 -1447 8065 17165
 880 19425 15515
 5030 9073 4976
 2882 14417 7399
 3257 11445 5807
 -589 14802 2078
 501 21789 8627
 3954 13761 12968
 -213 13092 11856
 -64 7763 10790
 694 2650 5593
 -3122 1395 4519
 185 366 11603
 82 -11252 21744
 -1454 -17726 5001
 -1658 -21949 9994
 -396 -13601 8203
 -2758 -10846 9181
Repetition End
0
 730 -10284 12752
 -1983 -5546 14668
 -1718 -6211 13955
 -2247 -9682 11967
 -3118 -11972 11615
 2409 -13994 10643
 2705 -10230 12425
 -3646 -7506 11512
 -3707 -7861 8234
 -4369 -10397 10610
 -5378 -9873 10869
 -6311 -7715 11233
 -8064 -8153 10278
 -8716 -7507 10736
 -7542 -7849 11512
 -6520 -7354 11252
 -6832 -7651 10799
 -8782 -6904 10617
 -9725 -6562 9830
 -9844 -5845 8850
 -8520 -8494 11388
 -5248 -8738 11694
 -4712 -7018 10778
 -2867 -7758 13180
 2680 -8247 12607
 653 -6091 14291
 3290 -8663 13272
 2902 -8069 13118
 494 -8705 12376
 -387 -9607 11402
 -2066 -9439 13329
 -2050 -9195 13218
 -1645 -7234 12923
 -559 -10603 11526
 -1230 -8041 12345
 -1329 -10951 10595
 -181 -8798 15723
Repetition Start
 -4373 -6391 10942
 2202 -11452 11980
 2457 -10391 12200
 1854 -274 18004
 3688 6495 18419
 3963 6011 15473
 1882 4851 12399
 1431 7033 9732
 1965 9862 8829
 1807 10184 10946
 2551 10415 16253
 -365 1528 21908
 -1483 -8447 12493
 -7817 -25153 3291
 -1299 -17909 2715
Repetition End
0
 -815 -16544 7635
 3165 -6333 13823
 2186 -6377 13769
 2233 -11725 9347
 -995 -15220 6720
 -441 -9524 10204
 -810 -2610 15003
 504 183 16333
 88 -10469 12759
 -802 -13692 9243
 -1511 -11306 9812
 -363 -11083 10735
 -392 -9216 12224
 204 -8774 13103
 172 -8588 13259
 -343 -8676 13135
 -318 -8992 12634
 -412 -9973 12367
 -1076 -9942 11783
 151 -8838 12753
 -156 -9083 12530
 -408 -9597 13012
 262 -9397 13215
 149 -9442 12420
 -903 -9772 12831
 -1466 -9946 14358
 2686 -5349 14022
 5930 -2939 14413
 6827 -2411 14163
 3937 -4107 12712
 7080 -4209 14295
 7289 -3992 13916
 8096 -3108 13247
 9268 -2626 12628
 10838 -1270 11437
 11077 -1689 12721
 10043 -3132 12343
 7974 -4958 13991
 6877 -6329 15299
 5511 -7899 12112
 2245 -9092 10880
 -2991 -10487 12536
 -4970 -10174 10444
 -1887 -11414 9941
 -549 -9287 11512
 1832 -6882 14363
 2452 -6152 14767
 -975 -8764 12576
 97 -10546 12211
 305 -10546 8889
 1363 -12156 10406
 -1892 -6779 13251
 -1726 -7095 13525
 -960 -8460 12564
 1681 -11528 10876
 1452 -12015 10830
 1658 -15127 10468
 -3312 -12578 10111
Repetition Start
 2000 -4433 16400
 5223 -2281 15924
 2751 3601 13459
 2351 7340 18732
 3386 4446 16503
 3988 6018 14329
 4461 6111 12223
 5792 12266 11529
 7507 10177 9796
 7013 13207 7290
 4902 15291 8431
 200 9559 7303
 4090 12735 8486
 4004 15378 9785
 3335 13594 8890
 3689 15855 8593
 1976 15081 8746
 4050 14469 9194
 4727 12731 8904
 2463 14170 9581
 3624 14482 9686
 1933 13851 9259
 5194 12390 10708
 4077 11459 11169
 3790 10330 12240
 3834 7174 12435
 250 6024 13139
 -271 4118 13913
 -1405 1450 13283
 780 -9651 23986
 -2633 -2881 11847
 -2855 -3930 12255
 -2358 -15535 16223
 -1426 -13282 10644
 -598 -11781 9986
 309 -10460 10968
Repetition End
0
 -507 -9179 12740
 -377 -9076 13205
 -2243 -9844 13011
 -3540 -13578 11504
 -2787 -13754 12221
 -1030 -4948 17610
 3215 3966 18096
Repetition Start
 2493 1159 17600
 2571 7546 13086
 5327 7146 9527
 1585 12011 10412
 -387 13767 6567
 391 11282 5614
 2509 16324 7737
 1720 16349 7191
 2550 15063 6159
 1630 15347 7455
 728 15250 8367
 1470 15335 8231
 1329 14195 7780
 1811 15362 7669
 1762 15999 7706
 871 15291 8433
 1819 14773 8696
 1702 14372 8827
 1806 14640 8466
 1640 14096 9335
 1669 13445 9999
 1481 12575 9864
 2719 13821 10283
 3077 11864 10187
 1719 9218 11795
 2649 7048 13763
 666 2601 14694
 1284 3580 23644
 1456 -9789 21433
 1407 -9892 14761
 1571 -5309 14506
 462 -4802 16522
 808 -7536 15092
 509 -11242 12369
Repetition End
0
 -1532 -8973 12381
 -2338 -12312 10548
 -1155 -10776 10835
 -131 -9859 11459
 -151 -10478 12252
 144 -11779 10887
 -731 -11121 10571
 259 -10831 10973
 293 -10117 11595
 512 -11103 10998
 -1136 -11548 11230
 -1384 -10908 11255
 859 -10215 12040
 1542 -9388 12953
 -22 -8113 13914
 2705 -6689 15813
 2176 -3308 17792
 3250 1662 16029
 5787 7293 17074
Repetition Start
 4965 5180 15573
 2152 8034 13834
 2458 9344 11170
 2685 11365 7971
 3342 14277 8030
 1074 13758 9853
 3196 15422 9653
 2568 13383 9340
 3996 14509 7993
 3524 15585 6339
 2531 15655 5831
 1724 16048 5942
 1404 15542 7135
 1808 15740 5869
 2463 16415 4317
 2410 17598 4837
 2191 16428 5291
 1859 16624 5114
 2155 16012 5737
 2324 16026 5702
 1983 16090 5964
 2067 15271 6599
 1864 16174 6885
 1977 14807 6996
 2147 14899 7599
 2291 13768 8182
 2915 13613 8530
 3103 11867 8964
 2734 8231 12437
 1033 1519 15779
 2222 3889 17404
 4403 -1502 18723
 -346 -5309 16708
 -1121 -6553 16205
 -858 -6482 14222
 -1556 -10494 14034
 421 -10764 12321
 -44 -9426 11798
Repetition End
0
 -1327 -9930 12561
 -1553 -10031 12097
 -1177 -8235 12822
 -197 -10414 11649
 194 -11251 11122
 -528 -10727 11099
 -639 -9397 11909
 -1688 -10747 10471
 -3385 -12121 10227
 -2193 -11469 11477
 -855 -9318 11943
 369 -12549 12246
 1582 -9244 13159
Repetition Start
 1016 -4269 16048
 -714 1210 18465
 906 1420 17666
 2064 4767 15988
 2328 6301 16704
 2142 8681 13297
 2360 10884 11877
 3249 11516 10070
 3473 11641 8484
 2917 13977 9416
 2304 14043 10179
 2603 14276 8037
 3852 15302 7685
 4179 15048 8459
 3739 15086 7906
 4097 14973 7549
 3643 14509 9190
 3046 14401 7521
 3550 15146 8096
 3721 15032 7580
 2844 15234 8086
 2683 14857 8226
 2946 14996 8720
 2717 13861 7752
 2842 15222 8764
 2521 14247 8013
 3219 13507 9066
 4828 12786 9822
 2717 9827 11045
 2858 5872 12556
 2735 5349 13647
 3595 928 12730
 9598 -5439 9217
 1344 -8212 -2673
 -7696 -32768 7526
 -1024 -13207 5563
 530 -13670 10469
 -1922 -8156 13118
 -47 -8131 13855
 -836 -10440 11862
 -862 -11296 10832
 -627 -10708 11323
Repetition End
0
 1159 -11739 9360
 -1989 -15160 9256
 -5692 -14770 6647
 -2306 -18191 9584
 2973 -1827 22356
 4023 5717 14395
Repetition Start
 1982 8554 10224
 1188 7763 8705
 766 7826 10295
 626 -1904 20097
 1424 -4178 16271
 -4019 -18374 16744
 -2963 -13798 8432
 -3505 -16719 5348
 -1137 -11657 10162
 -1125 -7470 15319
 -160 -5044 14177
 -1476 -9667 12685
Repetition End
0
 -2155 -11221 10931
 -1685 -11087 11136
 -1153 -9853 11859
 -1107 -9141 12277
 -1065 -9276 12341
 -1024 -9511 12341
 -1266 -9488 12256
 -1201 -9280 12181
 -1317 -9756 11915
 -1291 -9959 11880
 -1269 -9683 11859
 -1333 -9540 11970
 -929 -9588 12451
 -1928 -9764 11551
 -2750 -10948 11344
 -2205 -12115 11505
 -382 -9679 11243
 -419 -8993 11288
 -1654 -13020 10702
 -2518 -10771 11154
 -1695 -8675 12036
 -9 -7637 13913
 1268 -5128 14762
Repetition Start
 956 -6223 13814
 2382 -5911 14542
 3758 -6319 14384
 4758 -6111 13896
 4424 -6094 14023
 7697 -5726 13459
 7655 -4792 13140
 8922 -4117 12852
 9119 -2952 12978
 10935 -1797 11818
 10766 82 11432
 12721 294 11862
 12336 683 10116
 15525 1614 9384
 12200 2250 8170
 15102 1751 9064
 13756 2111 8624
 13352 1312 9951
 14185 1093 10791
 11933 -1003 10093
 11448 -508 10965
 9823 -2180 10589
 4622 -2173 12748
 -3330 -6871 16386
 -10904 -12928 8001
 -12033 -12598 7880
 -3146 -13078 9109
 -2862 -10456 8568
 -1638 -9109 14768
 -276 -7678 13130
 -938 -10625 11629
 -1048 -9671 12220
 -1681 -9365 12010
 -2374 -9393 12098
Repetition End
0
 -2647 -9598 11892
 -2205 -9641 11751
 -1743 -9401 12088
 -1610 -9325 12141
 -1889 -9462 12094
 -1982 -9475 11949
 -2135 -9569 12188
 -2150 -9314 12189
 -1747 -9419 12106
 -1917 -9506 12175
 -1765 -9445 12225
 -1922 -9307 12226
 -1972 -9287 12122
 -1919 -9455 12165
 -1826 -9693 12255
 -2668 -10350 11058
 -3158 -8699 15363
 -1576 -8470 12332
 -934 -8727 12237
Repetition Start
 -2483 -10692 10744
 -2460 -10597 11492
 -1404 -7983 13191
 135 -6182 13890
 -161 -7598 13203
 -1534 -9626 11580
 -1132 -10124 12656
 64 -7993 12646
 730 -8375 12043
 -2243 -10716 11151
 -1382 -10572 13137
 -1126 -8078 13508
 -2069 -8121 13721
 -2118 -10116 12066
 -1599 -12940 10666
 2034 -4230 14599
 640 2285 17045
 -1195 1224 15409
 -1542 3537 16678
 1726 1629 17787
 2275 8450 14378
 3932 6487 13249
 3206 7214 17892
 2819 7899 13036
 2225 8914 8391
 1015 11843 15214
 -1501 9552 16367
 -2116 7896 13762
 -102 9403 13830
 713 8500 13202
 608 10685 13163
 665 10391 13095
 1305 10283 12851
 665 9054 13220
 2012 7035 13400
 1623 7877 15926
 719 5495 15335
 1606 3417 14266
 -82 864 18624
 -736 -4782 17472
 -654 -7986 16211
 580 -8559 10117
 -107 -11747 12420
 1377 -15482 9601
 1138 -9936 13262
 505 -7355 12406
 -2759 -6425 12210
 -22 -9117 11857
 1292 -8733 11787
 172 -7623 13219
Repetition End
0
 1727 -10925 10725
 3136 -5085 13299
 -2695 -6530 15563
 -2118 -11626 9074
 -8266 -22320 7900
 2706 -16850 9035
 -374 6425 25702
 4172 6322 14672
 5285 8477 11287
Repetition Start
 6239 11171 6369
 5150 15283 3118
 5344 15536 5648
 3877 12006 8714
 2482 1750 9481
 8935 1025 32767
 5342 -6140 7424
 -1819 -27691 13936
 -1929 -16144 -3683
 -4115 -12672 8844
 -4196 -4313 16560
 -1083 -9260 12390
 -1355 -11647 10054
 -1041 -12577 8706
 -1523 -9878 12266
 -2242 -9166 11411
 -1747 -11152 11292
Repetition End
0
 -1442 -10556 11466
 -568 -9703 12197
 -1108 -8956 12328
 -1542 -9499 12176
 -1584 -9909 11908
 -1391 -9970 12043
 -1351 -9620 11972
 -1263 -9442 12007
 -1448 -9545 12117
 -1472 -9554 12073
 -1719 -9861 12040
 -1586 -9368 12085
 -1408 -8892 12467
 -1554 -9307 12406
 -1788 -8572 12648
 -1905 -9564 12195
 -1160 -6508 12848
 -1106 -8811 12580
 -1239 -7040 14061
 -1960 -9976 13649
 -1189 -6518 12148
 -2163 -8998 14328
 -1566 -7997 13221
 -1361 -7497 14021
 -1196 -8479 14473
 -1310 -7595 13317
 -1154 -8108 12813
 -997 -7872 13450
 -1449 -8976 11573
 -1442 -7020 13115
 -1316 -8008 14822
 -994 -7666 13021
 -1489 -7850 14683
 -572 -7507 14274
 -1816 -7410 13261
 -1955 -8314 13021
 -1687 -7917 13257
 -955 -7967 13157
 -1252 -8417 13387
 -739 -8517 12848
 -785 -8294 13125
 -1223 -8632 13019
 -1452 -8382 12959
 -1189 -8328 13012
 -836 -8572 13134
 -1005 -8614 12885
 -1132 -8619 12971
 -948 -8418 13128
 -1169 -8469 12986
 -1164 -8321 13078
 -1097 -8337 13143
 -1172 -8487 12970
 -1150 -8547 12841
 -1204 -8349 13084
 -1123 -8376 13096
 -1207 -8391 13130
 -967 -8685 12880
 -1073 -8589 12870
 -1072 -8688 13129
 -1487 -8822 11812
 -1022 -10440 14000
 -2681 -10556 11594
 -2782 -7902 12799
 -1273 -6454 13723
Repetition Start
 -860 -8601 12048
 -5541 -8956 12647
 -3163 -8511 13849
 892 -10737 8565
 709 -10445 12007
 -520 -13184 11873
 -2396 -9946 11469
 3159 -8280 15918
 -1094 1027 11927
 4249 4876 15049
 4030 5291 16590
 5137 4211 14389
 3892 7309 13781
 5606 8421 11569
 6095 9698 9471
 6641 12362 7759
 6991 11068 8022
 8077 12490 6179
 7349 9446 8246
 8587 5378 9566
 6641 5959 13085
 4348 2246 14969
 -116 -7035 24005
 408 -4507 10312
 -7184 -14583 12514
 -7296 -16903 5823
 -3692 -14256 5553
 390 -8662 12454
 -133 -5377 12271
 -977 -8813 12976
 -2482 -13239 11174
 -2067 -10460 11439
Repetition End
0
 -2363 -8395 12291
 -2446 -8589 12277
 -2341 -10790 10799
 -1686 -10493 11526
 -1079 -8843 12497
 -1378 -8622 12600
 -2314 -9206 12086
 -2662 -9773 11803
 -2068 -9503 12154
 -1704 -9018 12361
 -1553 -9088 12355
 -2021 -9194 12268
 -2071 -9234 12228
 -2034 -9165 12153
 -1868 -9253 12324
 -1691 -9274 12422
 -1903 -9128 12303
 -1979 -9163 12214
 -2068 -9240 12218
 -1864 -9247 12218
 -1944 -9174 12286
 -2248 -9185 12206
 -1924 -9988 11792
 -1574 -9355 12261
 -1389 -9071 12108
 -319 -8965 12251
 -3411 -8873 12419
 -2097 -10338 11943
 -2275 -9899 10963
 -1811 -8953 12650
 -2731 -6975 14040
 -4053 -6746 13758
 -5129 -8059 11139
 -3868 -8625 12274
 -3903 -7982 12185
 -4740 -7255 12509
 -6246 -6876 12002
 -5617 -6366 12745
 -5020 -5936 12641
 -5717 -7521 12386
 -5600 -8547 11776
 -4531 -8617 11682
 -1866 -9580 13410
 -1424 -8057 12985
 -802 -8038 13637
 -2114 -8461 13164
 -3102 -7991 13638
 -3078 -8683 12459
 -3105 -8240 12574
 -2597 -8141 13138
 -2012 -8275 12784
 -1481 -8534 12922
 -2154 -8032 13131
 -2512 -8137 13062
 -2587 -8228 12814
 -2295 -8439 12848
 -2111 -7607 13155
 -1912 -8144 12905
 -1545 -8581 12797
 -1855 -8516 13142
 -2268 -7956 13211
 -2445 -7849 13175
 -2235 -8110 12999
 -2046 -8074 13152
 -2152 -7667 13360
 -2108 -7658 13395
 -2079 -7727 13347
 -2186 -7897 13212
 -2169 -7752 13505
 -2330 -7701 13346
 -2139 -7589 13381
 -2089 -7670 13448
 -2085 -7734 13443
 -2084 -7714 13359
 -1973 -7735 13300
 -1890 -7777 13444
 -1972 -7733 13410
 -2020 -7700 13420
 -2026 -7747 13414
 -2022 -7910 13350
 -1941 -7784 13270
 -1915 -7877 13369
 -1964 -7973 13187
 -2043 -8031 13177
 -2049 -8050 13041
 -2176 -7890 13438
 -2126 -7801 13267
 -1909 -8321 13909
 -1915 -7395 13020
 -2226 -7212 13913
 -2138 -7386 13476
 -2324 -7980 13564
 -2036 -8379 13334
 -2291 -6804 13594
 -2377 -6977 13702
 -1856 -8168 13302
 -1453 -8615 13008
 -1351 -8270 12994
 -1758 -8078 13246
 -1665 -7853 13392
 -1670 -7967 13210
 -1881 -8270 13160
 -1833 -8405 12734
 -1880 -8434 13190
 -1724 -8624 13055
 -1574 -9170 12614
 -1975 -8917 12576
 -1776 -8502 12178
 -1379 -9100 13093
 -1437 -7839 12371
 -2960 -10038 13067
 -1859 -9430 12418
 -1960 -9987 13317
Repetition Start
 -4552 -11900 14861
 -3162 -10568 12764
 -791 -4400 14620
 -428 -1798 15753
 628 -1396 14222
 19 -2145 15783
 991 -1848 16175
 1077 -1019 15937
 1042 158 16077
 883 1338 15953
 644 2334 15847
 7 2884 16054
 90 2091 16010
 197 1694 16381
 -4 1245 16728
 37 1527 16711
 91 3017 16648
 1311 2627 16598
 2134 2792 15047
 859 3820 15908
 1033 2949 16227
 1446 1859 16444
 1059 1562 15680
 901 1154 15337
 977 968 16657
 1102 1432 16225
 1414 900 16626
 1150 461 16570
 1207 484 16340
 2419 1618 17065
 906 1857 15582
 2049 2417 15574
 1957 2142 16127
 2666 2135 16597
 1801 1389 16345
 2259 724 16378
 2221 496 16114
 1810 429 16398
 2372 254 16673
 2455 -187 15936
 2420 49 16360
 2086 104 16693
 2229 623 16365
 1855 609 16049
 1648 762 16783
 1436 1170 16678
 1002 1647 16583
 1165 1850 16358
 1392 2913 17039
 1174 3316 16866
 732 4432 15758
 1337 5266 14762
 995 4271 16037
 341 3867 16186
 1874 3164 15099
 884 3802 16844
 1490 4003 15851
 2395 6010 16862
 2194 6224 14407
 1766 7044 14508
 2437 5748 16632
 1973 7040 15645
 1070 7336 15294
 944 9950 15026
 1653 10202 13626
 2551 12302 13080
 944 10497 13327
 1332 11087 14612
 1994 10622 13041
 2562 12684 12425
 2459 12583 10643
 2898 13312 8859
 3359 15658 8096
 2057 14889 6331
 3527 15197 4773
 4371 17223 6246
 3869 14969 5699
 4818 16012 4314
 4724 18312 2580
 4018 16966 441
 4262 15613 2048
 4585 18090 1966
 4152 17176 1891
 3887 16766 1443
 3886 17363 1319
 3914 17537 1469
 3860 17078 1289
 3917 17266 1282
 3938 17252 1823
 4053 16912 2131
 4050 16748 1938
 3734 16461 2645
 3434 17811 3506
 2208 16527 4559
 3551 15840 5273
 2846 14723 5976
 2200 14459 6311
 1571 13507 6290
 4778 8615 9573
 272 6806 12805
 -784 -1906 13420
 3583 -13870 20429
 -1894 -8487 3684
 -5454 -28890 9841
 -3493 -13483 7301
Repetition End
0
 566 -12473 10017
 99 -7039 14283
 -358 -5439 15208
 -1525 -9076 12350
 -1095 -11521 11572
 -1036 -10661 10985
 -836 -10393 11712
 -368 -9600 12167
 -393 -9543 12236
 43 -9483 12482
 -978 -9481 12654
 -1096 -8874 11243
 -191 -8720 13357
 -773 -8327 13487
 -2465 -8847 12422
 -4135 -10218 11647
 -2671 -9678 11741
 -2550 -9528 12316
 -1877 -8420 13140
 -1826 -8754 12673
 -1805 -8734 13052
 -1929 -9150 11796
 -1656 -10351 11339
 -1397 -9854 11631
 -1439 -9156 12279
 -1536 -8831 12539
 -1658 -9148 12301
 -1623 -9607 11911
 -1503 -9427 11773
 -1408 -9849 11985
 -1403 -9534 12230
 -1549 -9369 12068
 -1722 -9323 12247
 -1758 -9378 12173
 -1636 -9524 12228
 -1544 -9582 12235
 -1538 -9392 12308
 -1657 -9436 12328
 -1685 -9342 12137
 -1600 -9376 12217
 -1621 -9433 12226
 -1643 -9305 12172
 -1681 -9376 12104
 -1561 -9412 12290
 -1543 -9372 12240
 -1588 -9292 12202
 -1669 -9487 12154
 -1672 -9384 11971
 -1607 -9310 12293
 -1685 -9175 11679
 -1441 -9742 12461
 -1903 -8384 12750
 -1412 -9136 12428
 -2336 -8898 12101
 -1445 -9410 12548
 -2120 -8801 14472
 -1922 -4832 14201
 -1926 -6685 16066
 -962 -6311 14860
 -2531 -5884 14245
 -1444 -6019 15098
 637 -6659 14367
 -70 -7460 13092
 1839 -7955 12688
 953 -7134 14404
 618 -6953 13277
 422 -6990 13998
 756 -6890 13408
 999 -5520 12180
 796 -10346 17411
 -2803 -8214 12109
 -872 -9719 13870
 -790 -7772 13079
 -430 -7743 13042
 -904 -8728 13441
 -423 -8277 13092
 -965 -7984 13207
 -505 -9096 12712
 -641 -8994 12752
 -447 -8901 12809
 -225 -8788 12715
 -557 -8926 12723
 -665 -8970 12632
 -542 -8984 12814
 -525 -8864 12660
 -399 -9110 12662
 -626 -8861 12217
 -496 -9132 12680
 -622 -8935 12793
 -794 -9186 12570
 -697 -9660 12266
Repetition Start
 -772 -9151 12647
 -160 -8252 13081
 55 -8044 13180
 -145 -8994 12948
 -523 -9167 12544
 -871 -9431 12374
 -876 -9070 12556
 -706 -9093 12659
 -576 -8918 12682
 -520 -8932 12690
 -1079 -8877 12450
 -892 -10076 12285
 -1279 -10681 12336
 -675 -10399 11549
 2265 -6675 14145
 111 -5587 14300
 241 -7459 13226
 1338 -7804 13741
 686 -9111 13079
 960 -7025 13384
 1398 -7144 13067
 865 -7597 13490
 573 -8267 13100
 -45 -9291 13577
 320 -8536 12750
 726 -8471 13591
 1220 -11773 13817
 -341 -8356 12965
 -324 -7551 12433
 568 -7936 14573
 935 -7778 13909
 1701 -7344 13772
 1433 -4417 15104
 -1385 -2643 17536
 1154 -25 15711
 4404 -1404 15292
 3995 -1388 15532
 3886 -255 15922
 4268 1069 15469
 4138 2361 15411
 3667 2522 15951
 3367 3131 14957
 3659 2672 15562
 3570 2487 17031
 3721 2329 15395
 3497 2344 15392
 3344 2086 15990
 3795 3114 15720
 3828 3228 15316
 3914 2756 15313
 1234 567 15142
 4545 -953 16652
 5018 -2780 16777
 4843 -2161 15534
 2804 1111 15896
 2997 2568 15461
 3074 2811 14674
 2943 673 15748
 4131 -846 17763
 4614 -799 18193
 4032 1115 18007
 2346 2673 17269
 1751 6192 18138
 -565 5323 17004
 2755 5353 14684
 2838 3545 13951
 261 9323 15229
 3125 12279 11090
 2895 13146 9896
 3039 13917 8829
 3223 14459 6609
 2420 13839 5267
 4437 15629 4334
 4583 16609 4783
 5008 15128 3820
 5529 16839 3435
 5231 17425 3113
 5699 14982 2501
 5340 17105 2860
 5528 16566 3366
 4780 17549 3434
 4443 16299 3946
 5223 15967 4390
 4636 16497 5485
 3947 15086 5769
 4242 15274 7294
 4950 16784 8757
 4081 13063 8978
 3829 12651 9420
 5656 11106 11571
 7338 7380 10912
 4429 8090 13755
 3570 8533 11649
 2299 3335 12664
 2022 877 12307
 686 2151 21572
 -1381 -12103 23228
 -1406 -6646 10263
Repetition End
0
 1436 -11543 10154
 2342 -12444 12560
 2448 -10034 11173
 1567 -10109 12048
 376 -9624 8558
 -764 -10268 13490
 -134 -8088 13586
 484 -8787 12653
 2880 -8963 12208
 2066 -9204 12604
 1415 -9889 12940
 38 -8980 13522
 826 -8609 13549
 1700 -7946 12836
 209 -8927 12452
 -318 -9083 12137
 146 -9194 13402
 1185 -7850 13948
 1801 -7529 13529
 2086 -8681 12043
 1100 -10253 11940
 533 -9475 12489
 981 -8955 12658
 637 -8534 13163
 1806 -8924 12205
 -491 -4919 12079
 153 -6499 12762
 191 -10371 13028
 612 -10711 11025
 19 -8348 13053
 309 -8037 13582
 -95 -8808 12635
 295 -11652 12086
 609 -8684 13113
 897 -7459 13766
 -31 -7615 14043
 -1116 -9885 12607
 -950 -9772 12415
 426 -8748 12993
 763 -7749 13212
 1178 -8839 12840
 497 -9473 12032
 184 -9198 12707
 -259 -8983 12693
 325 -9279 12744
 332 -8877 12924
 611 -8776 12874
 572 -8462 13046
 575 -7276 13309
 1257 -5679 13468
 -649 -6769 14849
 -1252 -7933 14452
 -2135 -10405 15213
 262 -6927 15163
 233 -4694 16313
Repetition Start
 1096 -835 15604
 6950 1378 15281
 5894 -80 16830
 6956 1115 13618
 8229 1934 15296
 8756 5045 15498
 6592 2828 15959
 6194 1716 16348
 8316 3360 14967
 9093 3650 14346
 7337 6300 11688
 7190 6015 12282
 5555 8157 12059
 5232 6984 14101
 5250 2872 16818
 3331 2375 17410
 4036 3376 16789
 4321 3618 15576
 4343 4569 14406
 4586 6047 14670
 3986 5741 14368
 4322 4916 15359
 4144 3691 18331
 4351 1281 18207
 5003 2254 17911
 6672 4155 17300
 5072 6374 15266
 3034 8255 12853
 4404 11449 9733
 4845 13096 7696
 4656 14720 5535
 4627 14337 3770
 4699 15276 4162
 5302 16040 2838
 5332 17528 2568
 5716 17436 2705
 4554 15888 1585
 4387 16080 1377
 5327 17981 1660
 5312 17499 1583
 4929 16403 1246
 4253 17323 903
 5342 16735 794
 5219 16580 488
 5552 16968 951
 5394 17388 274
 5628 16674 754
 5704 16763 1092
 5811 16372 1979
 5351 16409 1546
 5084 16627 1633
 5270 17047 1021
 5798 16765 554
 5872 16957 269
 5712 16823 276
 6006 16935 869
 5860 16236 1139
 5282 17159 1166
 4907 17065 461
 2684 17790 -176
 2366 18227 -947
 5968 16875 -981
 5697 17086 591
 4753 12555 2646
 4291 14769 4828
 5435 9518 7149
 8844 6176 8957
 3447 2926 12875
 -1127 796 15306
 2199 -498 31155
 -2278 -13254 25565
 -6983 -10081 6233
 -1734 -18279 7684
 -2796 -12413 11216
Repetition End
0
 1122 -10663 17053
 -2129 -6822 13415
 -467 -6782 12478
 1110 -8150 12848
 1804 -9304 12392
 -1101 -11009 11728
 -1510 -8951 12760
 -1714 -8094 13246
 -2257 -9461 12540
 -228 -9908 13177
 362 -8209 13118
 -939 -6408 13812
 -335 -7018 13522
 -365 -8782 12835
 -142 -8309 13419
 -1446 -7378 13124
 -913 -6245 14442
 -212 -6523 14822
 -665 -7223 13842
 -816 -6715 15074
 -306 -9549 14208
 -764 -7317 14670
 -785 -4812 15655
 -709 -3106 16499
Repetition Start
 3317 -253 13886
 8675 1682 15534
 9400 2534 12314
 6080 6235 10750
 9853 1496 11600
 13493 758 12788
 16261 4194 11618
 11306 2453 13115
 12759 1561 14479
 8118 1952 14783
 8233 3787 12362
 6681 7728 10182
 8746 6840 9206
 10311 7041 12550
 10328 4590 14419
 9536 4115 15056
 10656 4660 15386
 9371 4502 15097
 6759 6731 13066
 6486 8512 11688
 5534 10421 10434
 6182 9277 11267
 5557 9511 14461
 7806 7059 15068
 6068 6726 15496
 7022 6468 14489
 6555 7954 14900
 5037 8314 14270
 5169 9373 12486
 4247 10831 10664
 3383 10760 10480
 3785 10542 12940
 5218 9939 13477
 4717 8654 13456
 4483 8512 14979
 3982 8082 15271
 4266 8467 13981
 5160 8495 14705
 5153 8985 14398
 4959 9432 14074
 3741 10029 12279
 3356 9825 11235
 4161 10141 12661
 5161 10076 14156
 5139 8710 14291
 4254 8700 14258
 4370 8484 14984
 5271 9929 13948
 4696 9277 14581
 4888 8930 15336
 3838 9395 13969
 1677 11081 12632
 1696 13602 9633
 1713 14657 7264
 1948 15334 6347
 3280 14780 4399
 2039 15811 2754
 3282 17493 1644
 4052 18178 927
 4162 17213 561
 4384 17069 478
 4563 17574 -282
 5006 18229 -536
 4898 17296 -310
 4388 17087 -220
 3856 17565 191
 2826 17140 211
 2693 18197 560
 3810 17266 77
 5059 13905 1506
 1576 16098 4839
 3678 11597 7892
 495 6011 10473
 6351 6579 11614
 3439 2984 13295
 1225 -5495 10303
 -41 -27273 25633
 -3768 -9637 5380
 -2782 -22558 7750
Repetition End
0
 -2587 -10777 10503
 -1148 -8595 12230
 -1429 -9346 12344
 -1150 -9644 13754
 238 -9292 13694
 1159 -10182 11472
 585 -10504 11035
 -19 -10462 11728
 -484 -9469 11928
 -620 -9318 12280
 -498 -9405 12308
 -304 -9702 12245
 -33 -9643 12174
 203 -9806 11962
 2 -9698 11922
 -249 -9599 12069
 -300 -9534 12241
 -244 -9721 12230
 -154 -9761 12208
 13 -9662 12079
 -39 -9698 12096
 -236 -9562 12293
 -163 -9643 12231
 99 -9657 12225
 -254 -9472 12429
 -319 -9273 12375
 233 -9391 12798
 -47 -9555 12531
 66 -9789 12303
 -620 -9661 12095
 -1692 -8015 12536
 -586 -9790 12800
 895 -9069 12489
 796 -9377 12389
 317 -8713 12911
 76 -6483 13198
 223 -7654 13701
 598 -8188 13267
 1087 -7841 13287
 779 -7507 13700
 533 -7741 13180
 683 -8191 13290
 966 -7689 13457
 850 -7928 13415
 973 -8244 13241
 774 -7907 13372
 846 -7622 13753
 741 -7790 13483
 1192 -6995 13783
 409 -7744 14624
 282 -10413 15564
 -1765 -10850 19414
 -141 -3375 17584
 -1641 -1427 18926
 9020 2991 13207
Repetition Start
 6678 5949 15733
 10175 2826 14004
 7885 1387 14155
 7770 4704 14612
 5919 7024 15336
 4875 8238 13809
 6393 7585 13431
 6580 10129 10238
 5324 10077 9173
 4168 11432 10362
 3297 12976 12077
 1234 14036 10303
 1453 13316 9124
 829 14091 9052
 925 13807 9466
 208 13332 9685
 662 15444 10231
 760 13762 9974
 38 13293 9941
 854 14201 10818
 -937 13517 9485
 -694 14195 7910
 -960 14991 7872
 -1871 16607 6762
 -1928 17228 5731
 -1663 17525 3890
 -476 17206 2180
 2682 17403 1162
 3139 17209 698
 3016 17417 390
 2857 17994 -59
 3164 17418 145
 1458 18893 -453
 1383 17757 -66
 4677 15009 100
 2838 16737 2969
 1605 16391 4203
 4372 13522 9022
 2231 7400 8998
 3900 6309 10719
 5449 5084 14204
 6015 -1489 12564
 -1139 -3221 32559
 -1068 -14456 19455
 -7614 -15927 14482
Repetition End
0
 -3513 -13821 6664
 -3342 -13419 7992
 -1538 -10574 10190
 -1542 -7886 14071
 -620 -6371 15210
 19 -8010 12687
 -513 -10660 11778
 -2154 -11144 10756
 -1897 -9677 11919
 -1729 -8264 12898
 -1213 -8636 12972
 -1015 -9368 12644
 -1175 -9205 12324
 -1514 -9140 12393
 -1611 -9135 12500
 -1604 -9107 12285
 -1704 -9123 12435
 -1305 -8838 12604
 -1308 -8945 12571
 -1441 -9037 12466
 -1385 -9107 12422
 -1490 -9058 12649
 -1537 -8982 12500
 -1517 -9079 12459
 -1392 -9047 12457
 -1542 -9100 12370
 -1659 -9226 12289
 -1537 -9049 12443
 -1376 -9001 12481
 -1320 -9223 12071
 -1560 -9332 12228
 -1448 -9428 12398
 -1378 -9663 11963
 -1502 -9367 12253
 -1421 -9479 12095
 -1431 -9539 12092
 -1447 -9487 12223
 -1315 -9258 12214
 -1507 -9442 12154
 -1455 -9837 12226
 -1440 -9638 12234
 -1315 -9199 13122
 -1344 -8579 12554
 -1676 -8726 12137
 -33 -9057 11859
 -1022 -7496 14079
 -903 -9004 11695
 -1630 -10572 11963
 -1471 -11157 10788
 -1773 -9029 10935
 -915 -12566 11162
 637 -10487 14686
 -895 -8983 12591
 222 -9711 14568
 3883 -4567 14427
Repetition Start
 5461 -1068 14055
 4162 213 14056
 5492 -1093 13629
 6536 234 14625
 4900 1886 15816
 6227 209 13864
 5217 1462 13945
 6502 -21 15302
 5907 -1140 16138
 7148 -338 15624
 7616 -2854 16051
 8096 -2999 15028
 7176 -2968 15504
 6361 -1928 15236
 5989 749 16755
 7194 2812 17602
 7533 4761 14896
 7969 7095 12648
 6470 7094 11859
 7950 9292 9826
 9685 10261 10088
 10040 12383 9968
 8832 11790 8537
 8875 11610 8117
 9019 13243 7784
 9412 13264 6431
 10707 12131 6774
 8126 12563 6019
 8542 12707 4097
 11633 13393 3068
 12299 13111 2438
 12909 12975 2059
 12032 11594 2381
 11968 11943 3722
 11249 11752 4631
 11474 11512 5706
 11352 11262 6082
 11610 10664 6068
 12036 11040 6174
 10458 9425 6226
 11090 8835 7245
 11302 6657 7957
 12351 2877 8292
 8512 1218 9848
 11195 -696 12710
 4947 -17798 8881
 6132 -7745 8023
 723 -14048 10952
 -7124 -18915 9532
 -5419 -12988 7614
 -4767 -10030 13418
 -4116 -9328 11680
 -1634 -8857 12919
Repetition End
0
 56 -11497 10084
 499 -12007 10533
 -657 -10115 11206
 -1815 -10636 11050
 -2124 -10282 11053
 -1889 -10858 11191
 -559 -10178 11402
 -1004 -10404 11095
 -1614 -10625 10919
 -1469 -10717 10889
 -1321 -10585 11188
 -1126 -10335 11212
 -1033 -10682 11205
 -1108 -10870 10848
 -900 -10020 11027
 -843 -11313 11728
 -1821 -10424 11565
 -2648 -9857 12199
 -2017 -9105 12274
 -1619 -9066 12892
 -1679 -9116 11901
 -3295 -12504 9744
 -301 -11141 11201
 -1049 -9415 12235
 -963 -8500 13130
 -656 -7966 13089
 -1466 -10007 11680
 -2441 -10110 11026
 -2415 -11171 11394
 -2478 -10097 12058
 -1117 -10881 12890
 -1610 -9446 11296
 4126 -12594 10656
Repetition Start
 -2783 -10779 11101
 -2182 -10101 12513
 -3763 -9018 13282
 -171 -10836 13499
 -3468 -3589 12509
 -2770 -1935 16718
 -1796 2279 16083
 -1491 3431 15505
 -4868 3586 15761
 -2457 4410 14457
 -2583 4781 13799
 -425 6644 13502
 -2261 10865 14662
 -3611 8175 13157
 -6364 7757 11390
 -7593 10054 10849
 -7520 9124 9592
 -9216 10223 10898
 -9424 9509 10895
 -7428 10377 10386
 -7322 10974 9838
 -7362 12779 8470
 -5861 13284 6381
 -6846 12750 4725
 -6971 15598 6725
 -8522 15383 6254
 -8323 13928 6696
 -6839 13223 7078
 -6590 12960 8167
 -5924 13900 9544
 -5110 12484 8283
 -6325 10558 8308
 -4803 11170 9113
 -1325 8081 7813
 -6709 4551 10684
 -5231 4514 20151
 209 -20324 10143
 -4089 538 1522
 3844 -24390 2518
 5418 -20833 4308
 2070 -12014 10334
 -598 -10375 11544
 1575 -9495 11658
 42 -9097 12263
 -779 -10226 11007
 -1515 -11074 10514
Repetition End
0
 -36 -10237 11595
 217 -9397 12526
 -147 -10051 11783
 -739 -10585 11668
 -608 -9591 12311
 -410 -9123 12402
 -520 -9854 11932
 -492 -10318 11660
 -128 -9771 12111
 -485 -8951 12398
 -56 -10147 11159
 -690 -11301 11449
 -776 -9788 12262
 -634 -12295 10710
 -4432 -12092 13137
 -1533 -9296 10824
 -880 -4109 14338
 -4661 -5219 13858
 3709 -1968 13551
 5565 -4486 14034
 4870 -6913 15650
 -2243 -13134 12877
 -2967 -10705 14101
 -3274 -9617 14526
 -7119 -9150 12977
 -252 -6178 12604
 3348 -10092 11499
 1196 -8322 11575
 -564 -7759 12064
 2055 -12035 14362
 905 -6038 14322
 -81 -9727 12563
 -1383 -9855 12571
 -1914 -9954 13479
 -1191 -6732 14564
 -483 -5457 14875
 -838 -8339 12898
 -2308 -10451 12131
 -679 -9134 12611
 -990 -7831 13001
 -221 -7774 12876
 361 -8543 12596
 -2486 -9908 11563
 -3047 -11200 11839
Repetition Start
 -22 -13542 11878
 -91 -11634 12810
 -3648 -14487 10872
 -4516 -13950 6237
 -5585 617 17330
 1374 3171 15658
 -1275 4580 18684
 -1316 23 16723
 -1965 7324 12224
 1967 11383 12378
 1153 11294 10459
 -285 12352 10692
 -685 13761 10012
 -1404 13922 8167
 -3060 15818 10665
 -2186 15241 12664
 1161 14311 9279
 1453 11441 7289
 2100 11087 9515
 -1073 8134 13115
 -6022 15549 10074
 351 12340 12277
 2753 11559 10245
 1218 23184 6572
 -2327 13322 8375
 -1948 12703 9286
 7186 20164 8163
 -3321 14954 10414
 -818 18139 12444
 100 16522 9398
 -1761 18239 5493
 -7506 9567 9112
 4117 11278 9731
 -1177 15333 8129
 1978 16463 11099
 706 13586 11457
 3386 15243 6163
 6944 17780 7425
 -851 10898 7177
 6673 22990 7721
 2345 11418 12222
 975 14087 8051
 6629 18318 11177
 3859 14606 7102
 3871 11461 11048
 6510 11770 10817
 -2247 12904 9268
 3160 10570 13711
 12992 16678 14078
 943 8857 7714
 -2067 8726 11442
 -2255 9027 13222
 3900 5274 15208
 2571 1982 14784
 2954 -271 9507
 10036 -15486 15263
 -6505 -7975 8271
 -1721 -32768 14912
 -1163 -16777 9540
 -1303 -11616 14256
 408 -7964 13329
 -1414 -7211 11470
 -3416 -15541 8578
Repetition End
0
 -1579 -11076 10723
 586 -9858 11846
 -473 -8303 11749
 -1267 -10503 11406
 -824 -11004 11337
 -787 -10239 11249
 -774 -10895 10714
 -1339 -11016 10865
 -1127 -10793 11020
 -881 -10323 11275
 -928 -10250 11393
 -760 -10538 11521
 -780 -10413 11565
 -667 -10482 11453
 -1129 -10394 11408
 -1717 -10512 11240
 -1162 -10518 11025
 -376 -10561 11232
 -237 -10291 11525
 -896 -10154 11523
 -1328 -10523 11323
 -870 -10495 11231
 -726 -10351 11303
 -1111 -10266 11564
 -682 -10401 11484
 -806 -10280 11568
 -1316 -10468 11138
 -1316 -10362 11449
 -978 -10289 11550
 -788 -10108 11413
 -802 -10048 11653
 -797 -9908 11694
 -845 -10149 11670
 -919 -9913 11874
 -903 -10061 11809
 -800 -9915 11752
 -950 -10048 11627
 -971 -10113 11660
 -818 -10061 11733
 -716 -9964 11816
 -857 -10089 11827
 -877 -10039 11607
 -1093 -10023 11666
 -1286 -9740 11765
-807 -9939 13429
 -701 -9919 13107
 -593 -10077 13039
 -467 -9904 13214
 -530 -9659 13216
 -426 -9797 13053
 -448 -10145 13178
 -830 -9898 13095
 -660 -9914 13217
 -612 -9954 13197
 -787 -9896 13112
 -555 -9788 13280
 -655 -9962 13156
 -749 -9892 13138
 -799 -9899 13252
 -633 -9852 13327
 -712 -9796 13223
 -699 -9930 13201
 -691 -9891 13186
 -645 -9868 13185
 -715 -9920 13219
 -544 -9916 13240
 -608 -9789 13280
 -640 -9905 13133
 -686 -9973 13177
 -740 -9847 13223
 -660 -9796 13201
 -606 -9900 13256
 -635 -9908 13146
 -670 -9864 13235
 -761 -9666 13127
 -726 -10169 12986
 -1074 -10187 13087
 -1358 -10084 13634
 -722 -10797 12598
 -326 -11264 12432
 -518 -11187 12661
 -750 -10762 13094
Repetition Start
 -223 -9967 13119
 -635 -9757 13538
 -1132 -9059 13576
 -446 -8159 14339
 -268 -8322 14949
 -767 -7815 13055
 -734 -6348 14776
 -622 -6894 15069
 -652 -8270 14754
 -1519 -7094 14298
 -846 -5634 15602
 -276 -4506 15429
 251 -3279 15770
 -744 -2671 15594
 -1375 -3994 16108
 -523 -5520 15854
 750 -5357 15325
 267 -4613 15847
 -39 -4468 16149
 136 -2946 15523
 741 -4519 15998
 1005 -4229 15633
 1435 -6009 15419
 863 -7049 15177
 549 -7789 15337
 1138 -5703 15383
 2359 -4484 15457
 2637 -3452 14697
 3091 -4480 15423
 3626 -1790 15516
 1245 -5108 14092
 1793 -6896 14670
 -1843 -13231 7583
 -4042 -14222 9736
 -1378 -16195 10746
 454 -12162 10665
 -2058 -12714 9266
 -2628 -11553 11054
Repetition End
0
 -1405 -10752 12225
 -1112 -11537 12287
 -654 -11831 11963
 -636 -11373 11579
 -670 -11534 11256
 -1448 -12075 11527
 -1822 -11948 11262
 -1327 -11619 11838
 -1179 -11618 11748
 -1329 -11734 11366
 -1268 -11481 11534
 -1347 -11761 11517
 -1406 -11725 11511
 -1262 -11668 11632
 -1126 -11770 11670
 -1264 -11745 11618
 -1401 -11834 11452
 -1294 -11744 11485
 -1426 -11820 11517
 -1199 -11788 11339
 -1518 -11877 11425
 -1157 -11967 11466
 -1047 -11883 11466
 -1130 -11961 11305
 -1452 -12085 11221
 -1497 -11900 11347
 -1281 -11804 11338
 -1319 -11969 11408
 -1378 -11966 11139
 -1325 -11945 11301
 -1394 -11977 11316
 -1330 -11924 11332
 -1358 -11913 11317
 -1403 -12029 11327
 -1285 -11967 11213
 -1480 -12013 11129
 -1308 -11854 11474
 -1361 -12007 11247
 -1528 -11709 11080
 -1118 -12080 11559
 -1471 -12308 11138
 -1476 -12044 11162
 -1373 -11808 11624
 -1397 -11976 11131
 -1339 -12042 11294
 -1377 -11824 11406
 -1364 -11842 11388
 -1475 -11851 11146
 -1608 -11945 11098
 -1354 -11746 11374
 -1375 -11910 11368
 -1280 -11903 10957
 -1360 -11842 11220
 -1313 -11836 11482
 -1355 -11911 11409
 -1357 -11869 11311
 -1326 -11930 11435
 -1360 -11996 11543
 -1429 -11702 11494
 -1415 -11931 11468
 -1138 -12345 12074
 -1639 -11391 11720
 -953 -11179 11077
 -2289 -12414 11521
 -1309 -12190 10627
 -1058 -12058 11053
Repetition Start
 -991 -12214 12154
 -1171 -12040 11869
 -1333 -11268 12730
 -1189 -11249 12872
 -1127 -10744 13409
 -386 -8558 14156
 -469 -8201 11918
 -1145 -6192 14811
 -306 -7312 15226
 -325 -7735 14497
 683 -5047 14525
 1343 -8416 15240
 1066 -8620 14351
 697 -9799 13843
 300 -9401 14555
 1115 -5284 14070
 1721 -3891 16101
 2203 -4223 15212
 2675 -3479 15748
 3054 -8260 15697
 723 -8234 16092
 2498 -6058 14201
 4808 -2196 13498
 5127 -3408 14694
 6278 -2518 15132
 3186 -1962 15463
 3098 -5655 14287
 1360 -17443 9666
 -4010 -16362 5640
 -5554 -17863 5319
 -2336 -13565 9736
Repetition End
0
 -2462 -9876 11668
 -1214 -10420 12305
 -897 -12134 10977
 -73 -11650 11917
 -611 -12008 12303
 -1005 -12063 11892
 -1866 -11891 11106
 -2239 -12045 11315
 -2014 -11411 11444
 -1646 -11794 11721
 -1496 -11504 10559
 -1209 -12214 11296
 -1826 -12009 11602
 -1335 -12044 11432
 -1594 -11517 11000
 -1486 -11142 11832
 -1456 -11535 11546
 -1502 -12591 11126
 -1859 -12101 10342
 -1070 -11425 10703
 -1027 -12542 11711
 -1511 -13027 10871
Repetition Start
 -1800 -11607 12540
 -1175 -12751 13244
 -1895 -11526 10387
 -492 -12228 11816
 -24 -10969 12581
 -564 -10941 12935
 -1778 -11724 15559
 867 -7641 12846
 330 -4216 15657
 1094 -1900 16324
 -527 -1213 15514
 927 -3684 14676
 -2737 -6080 18236
 -52 -7076 15185
 158 -1893 15318
 1002 2347 15747
 932 1709 15092
 806 -1916 14656
 2399 -9228 20237
 1807 -6950 14198
 3379 -7335 14071
 2491 -3838 16095
 3273 -297 14882
 3850 353 15278
 4088 -1628 15851
 2019 -4963 15146
 2861 -8832 12920
 1629 -7616 9984
 -1227 -16474 12701
 -941 -14128 6921
 -535 -15019 9217
Repetition End
0
 -4097 -11314 11140
 -2742 -10745 12514
 -526 -11251 12934
 1150 -11665 12210
 513 -10768 12270
 -867 -11049 12296
 -1520 -10875 12441
 -1765 -11248 12095
 -1161 -11002 12689
 -324 -10628 12967
 -310 -10887 13011
 -512 -11292 12149
 -920 -11162 11947
 -1189 -10936 12004
 -667 -11259 11965
 -706 -11079 12355
 -675 -11203 12197
 -762 -11165 11764
 -1191 -11157 12087
 -1115 -11127 12045
 -972 -11219 12167
 -1085 -11611 12469
 -571 -10843 11877
 -951 -11313 11835
 -616 -9696 13087
 -698 -9479 12687
 -944 -10833 12248
 -650 -10284 12491
 -824 -11108 13236
 -692 -10498 13075
 -588 -9926 12744
 -883 -11254 12843
 -1045 -10851 11839
 -1379 -10941 12464
 -727 -10005 12837
 -322 -10314 13672
 -541 -10710 12387
 -1095 -10533 12636
 -811 -9941 13123
 -682 -10811 13065
 -860 -10536 12841
 -421 -10129 12659
 -870 -10384 12540
 -875 -10519 12620
 -928 -10252 12797
 -920 -10949 12701
 -1221 -10198 12705
 -509 -9633 13219
 -244 -9906 12973
 -385 -10579 12581
 -1015 -10589 12665
 -976 -10076 13401
 -560 -9989 12820
 -1053 -10631 12485
 -1386 -10519 12901
 -462 -10441 12501
 -1076 -11029 12357
Repetition Start
 -1207 -11038 12509
 -254 -9503 10348
 -713 -10688 11311
 -1172 -11516 11992
 -2388 -12049 12216
 -2267 -11514 14386
 -637 -10050 12877
 800 -9494 13925
 1732 -7305 14794
 357 -4507 15234
 831 -4205 16159
 2035 -1397 15081
 1642 -37 14957
 1243 -3420 16831
 851 -5513 15425
 1836 -5998 15642
 2234 -5910 14792
 1963 -5650 15943
 1665 -5020 16611
 1183 -4074 15556
 2088 -2709 15811
 1982 -3541 15730
 1617 -4548 15866
 2027 -4621 15783
 2203 -5685 15670
 1748 -5299 15829
 1869 -4219 15637
 2014 -3586 15491
 2274 -3443 16012
 1989 -3877 16097
 1476 -4781 15700
 1420 -5315 15743
 1188 -4877 15263
 1315 -3637 15789
 1762 -2859 15836
 1692 -2437 16274
 2112 -2678 16584
 1807 -3518 15856
 2420 -4074 15444
 1586 -3751 15095
 1450 -4768 14633
 1362 -4519 12931
 -1354 -12848 16274
 -140 -12059 8367
 -1187 -14465 10067
 -1927 -12343 9507
 -3053 -11621 13807
 -2615 -10236 14551
Repetition End
0
 -2047 -9807 13066
 -2340 -10849 12810
 -2402 -10630 12139
 -2028 -10735 12219
 -1813 -9857 12077
 -1611 -10232 12096
 -1498 -10881 12382
 -998 -11051 12362
 -1238 -10980 12476
 -1119 -10841 12329
 -2008 -10831 12082
 -1919 -10407 12229
 -1759 -10639 12487
 -1649 -10818 12308
 -1706 -10637 12240
 -1465 -10560 12605
 -1508 -10723 12462
 -1648 -10633 12351
 -1657 -10694 12492
 -1594 -10556 12621
 -1485 -10326 12487
 -1872 -10755 12565
 -1831 -10736 12408
 -1954 -10551 12389
 -1457 -10446 12502
 -1664 -10741 12533
 -1671 -10823 12337
 -1981 -10778 12408
 -1443 -10564 12268
 -1582 -11117 12362
 -1603 -10609 12079
 -1542 -10668 12805
 -2178 -10234 12437
 -2286 -11141 12257
 -2862 -11965 12797
 -777 -10272 12822
 -1610 -11527 11124
 -824 -14342 10802
 -1808 -13806 10821
 -3525 -10938 13868
Repetition Start
 -150 -9708 15247
 -2781 -7323 15181
 780 -3688 15809
 405 6429 12960
 2574 4985 19753
 3074 -2290 14804
 1826 -2138 15003
 1852 -8889 12506
 -1051 -22929 3846
 -2399 -17619 4320
 -1458 -15368 9358
 331 -13561 11820
 -801 -10707 14430
 -1585 -10962 11555
Repetition End
0
 -72 -10821 12601
 80 -11344 12181
 -1591 -12720 11159
 -2418 -12041 11354
 -1601 -11780 11841
 -1053 -11903 11523
 -993 -11653 11960
 -798 -11125 12105
 -1005 -11340 11916
 -1071 -11782 11592
 -1370 -11539 11566
 -1219 -11449 11893
 -932 -11494 12157
 -872 -11431 11827
 -1056 -11357 11818
 -1091 -11579 11785
 -1060 -11545 11871
 -1078 -11300 11816
 -1074 -11481 11823
 -1087 -11609 11899
 -886 -11332 12318
 -1149 -11679 11650
 -1273 -11851 11432
 -1144 -11686 11584
 -1408 -10366 11777
 -1862 -12504 11660
 -1079 -14043 10557
 -1109 -13254 10921
Repetition Start
 -801 -11763 12084
 -408 -10223 12711
 -220 -9573 13680
 224 -8144 14078
 496 -7663 14469
 958 -4446 15047
 263 -5115 15709
 788 -6055 15405
 832 -5554 15469
 1227 -4945 15033
 929 -5271 15394
 1551 -5047 15027
 1284 -5883 16103
 1210 -5648 15454
 201 -5916 15593
 621 -5321 15056
 541 -5897 15401
 579 -5656 15874
 276 -6057 16352
 386 -3755 15933
 515 -3380 15691
 1510 -3617 16110
 1393 -3042 16045
 970 -3500 15725
 1120 -5129 16263
 933 -5427 15858
 569 -4575 15137
 1308 -5269 15101
 908 -5034 15981
 384 -3549 16267
 1718 -3769 15520
 1465 -5476 15102
 1254 -4840 16197
 -1296 -4295 15230
 -819 -6434 14712
 770 -5718 15632
 4037 -5237 15878
 3478 -5888 15520
 2571 -4274 15606
 255 -5143 14420
 -2008 -6837 16906
 -55 -5243 15185
 2779 -7140 15226
 647 -4913 15537
 -589 -5916 15509
 1097 -5471 15584
 2869 -4583 15814
 1887 -3497 15178
 299 -2862 13761
 2304 -3564 14018
 1866 -12864 10102
 -2126 -19448 3455
 -2546 -19091 7700
 -3745 -13337 10151
 -734 -7506 13648
 -2926 -12019 11423
Repetition End
0
 -1812 -13076 11188
 -817 -11966 10822
 -621 -11624 11748
 -1061 -11897 11444
 -2087 -12322 10927
 -1706 -11814 11443
 -1579 -11361 11688
 -1119 -11456 11721
 -1278 -11889 11624
 -1437 -11765 11366
 -1518 -11700 11597
 -1533 -11632 11607
 -1389 -11604 11682
 -1331 -11713 11656
 -1365 -11661 11595
 -1368 -11646 11646
 -1520 -11452 11704
 -1540 -11542 11747
 -1507 -11528 11554
 -1671 -11545 11535
 -1415 -11353 11745
 -1468 -11485 11758
 -1585 -11544 11743
 -1576 -11487 11722
 -1358 -11610 11841
 -1591 -11481 11766
 -1324 -12151 11867
 -2084 -11763 11933
 -3454 -13530 11701
 -2162 -12851 11568
 -2394 -14307 14037
 -1890 -11326 11996
Repetition Start
 -589 -8532 12869
 60 -7452 15343
 247 -6063 14697
 1301 -2633 15843
 992 -3345 16235
 1263 -4762 16338
 709 -4171 16316
 1259 -3727 15340
 1401 -4117 15487
 1721 -4425 17691
 1827 -4049 15615
 3029 -3449 14753
 2709 -4706 15586
 2531 -5406 15772
 3132 -4777 15750
 2649 -4392 15397
 1861 -4056 16826
 3218 -3522 15650
 2953 -2485 13673
 2130 -208 15636
 1711 -2609 15750
 2826 -6072 14865
 2051 -1170 12186
 -301 -6482 11288
 -2675 -19181 12827
 -5628 -19000 1668
 -4512 -12978 9840
Repetition End
0
 -1861 -8519 15069
 2018 -5752 15237
 1165 -12730 10283
 -2241 -12891 10423
 -1816 -12830 10694
 -2004 -10622 12161
 -1406 -10992 12351
 -1588 -11596 11631
 -1460 -11584 11835
 -1197 -11331 11914
 -1371 -11549 11683
 -1516 -11654 11599
 -1652 -11540 11749
 -1833 -11309 11597
 -1423 -11258 11783
 -1433 -11419 11881
 -1380 -11569 11738
 -1507 -11469 11821
 -1549 -11346 11864
 -1480 -11426 11864
 -1461 -11485 11683
 -1432 -11491 11858
 -1481 -11395 11662
 -1479 -11384 11809
 -1477 -11409 11927
 -1470 -11423 11808
 -1388 -11433 11731
 -1420 -11282 12026
 -1759 -12805 11786
 -2417 -15302 10344
 -1438 -13343 10700
 -190 -11486 11770
 -487 -10511 11979
Repetition Start
 -1179 -11562 13019
 -203 -9645 13340
 140 -6514 14241
 435 -4606 14323
 -218 -6957 14972
 -16 -7025 14818
 433 -5412 15500
 832 -5684 15325
 405 -4536 14992
 290 -5802 15329
 174 -7007 14888
 622 -6788 15156
 1054 -7155 15084
 521 -5706 14832
 231 -7932 15183
 691 -6679 15181
 473 -6717 15454
 993 -5192 15550
 1379 -5224 16084
 597 -6433 15426
 962 -5586 16019
 756 -5096 15666
 1456 -4351 16556
 1556 -2558 15677
 2454 -772 13953
 2577 -1370 16007
 2914 -4468 16450
 2910 -4964 16026
 2669 -4371 15034
 3385 -3825 15266
 2710 -2475 15320
 3386 -3439 16196
 1093 -5122 16650
 561 -7710 14350
 -335 -9861 11969
 100 -8830 13745
 -3004 -11034 10871
 -4025 -15167 9520
 -2336 -15067 11611
Repetition End
0
 -732 -9532 12453
 97 -9187 12971
 498 -9219 13893
 731 -10373 13339
 -735 -10508 12963
 -1516 -10407 12696
 -1652 -10208 13272
 -390 -10441 12765
 506 -10409 12955
 -392 -10176 13041
 -1081 -9742 13299
 -992 -9702 13536
 -725 -9962 13009
 -708 -10309 13044
 -712 -9957 13144
 -793 -9707 13175
 -772 -9993 13041
 -916 -10213 12861
 -696 -10139 13111
 -812 -9975 13068
 -895 -10111 12958
 -895 -10170 12957
 -505 -10520 12676
 -2088 -11515 10693
 -704 -11087 12155
 -446 -9677 12820
 -270 -9381 12824
 -121 -13142 10814
Repetition Start
 -365 -13406 11245
 -111 -10525 12457
 -132 -9641 13645
 270 -9057 14123
 550 -8259 13874
 -168 -8255 14812
 -525 -8155 15223
 222 -4452 15821
 1462 -2464 15197
 1352 -3332 15466
 1413 -3141 15172
 642 -3727 15189
 657 -3572 16717
 2073 -4100 15624
 894 -5393 15550
 2521 -5461 16161
 3985 -4019 16201
 3119 -3807 16635
 2455 -4061 16989
 2403 -3926 15622
 2547 -489 15987
 3549 -208 15085
 2644 -1093 15012
 2605 -2459 17265
 2872 -3110 15616
 1739 -3244 16022
 1669 -3378 17050
 2452 -1791 16115
 2040 192 14417
 2751 254 15247
 2036 776 14581
 3280 -2264 15914
 2698 -1865 17992
 2855 -7625 14290
 -13 -9493 14189
 -2483 -12211 13641
 -1726 -14476 9019
 -1788 -13821 10479
 -3049 -11225 12748
Repetition End
0
 -2243 -9041 13721
 -2672 -8313 14006
 -2503 -9495 13309
 -1609 -9969 13643
 -846 -9795 14122
 -1652 -9714 13400
 -2036 -10126 13048
 -1759 -9854 13178
 -1534 -9367 13484
 -1611 -9478 13576
 -1610 -9625 13436
 -1659 -9591 13288
 -1776 -9723 13211
 -1659 -9658 13200
 -1679 -9311 13405
 -1661 -9348 13280
 -1828 -9608 13221
 -1790 -9497 13263
 -1700 -9518 13199
 -1849 -9522 13327
 -1486 -9496 13316
 -1685 -9414 13442
 -1784 -9550 13271
 -1767 -9557 13177
 -1733 -9515 13352
 -1685 -9304 13388
 -1696 -9610 13314
 -1918 -9760 13153
 -1753 -9553 13344
 -1832 -9609 13233
 -1876 -9662 13131
 -1798 -9717 13210
 -1743 -9419 13060
 -2017 -9051 14111
 -4482 -9665 10738
 -2783 -12400 11248
 -2161 -11687 12183
 -1604 -10620 13080
Repetition Start
 -520 -10448 12961
 160 -9863 13128
 745 -3667 15308
 975 -4358 16786
 480 -7309 15350
 675 -4211 16019
 -417 -2317 15467
 1090 -5451 15810
 606 -7018 15970
 1355 -8228 15057
 1735 -9119 14048
 1616 -4330 16884
 1595 -4127 15943
 1798 -3241 15132
 2086 -4056 16418
 1114 -4582 15995
 1391 -4947 15883
 2160 -7549 15756
 1094 -7829 14942
 2715 -3898 16211
 835 -1069 15498
 1850 -1696 15473
 3922 -2889 16490
 3098 -2714 15623
 3858 -1771 15514
 5748 -2786 14801
 2245 -5849 14413
 2264 -5512 13186
 2751 -4690 15304
 150 -16151 16247
 -3981 -17286 8068
 -3497 -16218 10053
 -2131 -10208 13227
 -101 -8047 13183
Repetition End
0
 -21 -10720 13391
 -875 -10586 12432
 -675 -10782 13094
 -1109 -10023 13102
 -1479 -10107 12761
 -931 -10607 12650
 -866 -10411 12841
 -970 -10170 12954
 -1018 -10136 12954
 -864 -10285 12810
 -936 -10359 12786
 -1130 -10298 12910
 -1052 -10315 12892
 -791 -10094 12989
 -904 -10154 13016
 -1061 -10240 12893
 -1009 -10246 12843
 -1038 -10314 13440
 -957 -9696 12796
 -837 -10121 12923
 -902 -10136 13025
 -1045 -10002 13062
 -1038 -9945 13139
 -947 -9823 13199
 -900 -10049 13262
 -908 -9873 13132
 -983 -9879 13133
 -965 -9988 13255
 -3994 -9443 14882
 -8 -10776 13455
 -759 -12312 13206
Repetition Start
 -1554 -13286 10769
 1325 -10633 11549
 1143 -8110 13112
 644 -4115 14599
 3505 -1254 16151
 2072 -1728 15672
 2746 -3249 16210
 2309 -4219 16874
 2145 -5092 14973
 2347 -5656 15155
 1869 -7113 14590
 1534 -8244 13988
 1645 -8046 15430
 1483 -6737 16082
 886 -4453 16111
 1918 -2642 16318
 1443 -2308 14013
 2553 -2448 15631
 3923 -4745 15312
 4194 -5407 15491
 3392 -7754 15866
 4006 -7783 15016
 4615 -4762 15282
 5382 -265 13728
 5313 865 13080
 3515 -2078 16839
 3801 -5549 17928
 2885 -4161 15458
 1445 -5640 14537
 2709 -5255 16930
 2485 -4241 16836
 3686 -4977 17185
 2004 -1353 15512
 2278 -1059 14612
 2843 -1719 16145
 2706 -3018 16886
 2130 -2942 16362
 1848 -3424 16592
 2231 -3593 16128
 2934 -3408 15845
 2602 -5630 15986
 3081 -4071 15119
 3057 -3099 16073
 3156 -5338 15772
 2547 -5713 15976
 3088 -5703 15728
 5163 -2045 15967
 2722 -942 14874
 3283 -12 14900
 3520 1214 15135
 2697 -1328 17221
 1764 -3462 18314
 2180 -3101 12910
 180 -12914 14005
 -201 -17735 11609
 -1078 -16299 8799
 -1385 -13265 9106
Repetition End
0
 -2039 -11749 9729
 -62 -9420 16570
 -81 -5530 14413
 -141 -14019 11352
 -2045 -16317 8568
 -2949 -12181 10380
 -1431 -11341 11922
 -796 -9980 12803
 -833 -11283 12077
 -1280 -11763 12124
 -1635 -10615 11735
 -1122 -11090 12279
 -899 -11240 12082
 -1406 -11358 11996
 -1455 -10914 12224
 -1220 -10818 12335
 -1179 -11110 12175
 -1236 -11149 12155
 -1244 -11042 12036
 -1469 -11013 12171
 -1232 -10858 12331
 -1235 -10933 12286
 -1272 -11083 12173
 -1221 -10973 12267
 -1256 -10920 12373
 -1308 -10913 12230
 -1270 -11020 12261
 -1200 -10990 12315
 -1218 -10914 12315
 -1285 -10997 12404
 -1155 -10954 12203
 -1267 -10908 12141
 -1207 -10842 12286
 -1185 -10956 12308
 -1260 -10942 12182
 -1166 -10878 12285
 -1175 -10908 12384
 -1240 -10952 12274
 -1231 -10929 12294
 -1158 -10925 12314
 -1284 -10942 12214
