Repetition start
0.0774536132812
0.0777587890625
-0.231140136719
0.223083496094
1.07440185547
1.53051757812
1.24468994141
1.81390380859
1.61676025391
1.48345947266
1.40777587891
1.19146728516
1.03039550781
1.55230712891
1.53503417969
1.35046386719
1.27111816406
-0.642822265625
0.0431518554688
-0.0474243164062
Repetition end
1
Repetition start
0.984802246094
1.70495605469
1.5439453125
1.5146484375
1.66314697266
1.57299804688
1.32061767578
1.13037109375
1.25720214844
1.02801513672
1.31750488281
1.71691894531
1.16296386719
1.25408935547
-0.148376464844
-2.54309082031
-0.721984863281
-0.0623168945312
-0.174743652344
0.256164550781
Repetition end
1
Repetition start
0.824035644531
1.02844238281
1.49731445312
1.51489257812
1.61242675781
1.64233398438
1.57977294922
1.50012207031
1.37805175781
1.44543457031
1.66845703125
1.62084960938
1.72052001953
1.39135742188
1.12548828125
1.20574951172
1.32250976562
0.158508300781
-0.675048828125
-0.365844726562
Repetition end
1
Repetition start
1.40393066406
1.70202636719
1.51318359375
1.64520263672
1.52117919922
1.51171875
1.46893310547
1.13458251953
1.15246582031
1.06304931641
1.62817382812
1.361328125
1.72576904297
1.66577148438
1.05206298828
1.42376708984
-0.0501098632812
-0.400939941406
-0.283874511719
-0.120483398438
Repetition end
1
Repetition start
1.54632568359
1.63836669922
1.62036132812
1.73809814453
1.65710449219
1.45855712891
1.50341796875
1.38336181641
1.2255859375
0.931701660156
1.21343994141
1.56005859375
1.51824951172
1.74041748047
1.74163818359
1.48211669922
1.41265869141
1.4755859375
1.28350830078
-0.748291015625
Repetition end
1
Repetition start
1.54711914062
1.73175048828
1.70751953125
1.75872802734
1.70379638672
1.47894287109
1.37091064453
1.46380615234
1.27783203125
0.548095703125
0.870422363281
1.51391601562
1.56292724609
1.33422851562
1.673828125
0.445068359375
-0.321228027344
-0.450622558594
0.00799560546875
1.33227539062
Repetition end
1
Repetition start
1.53179931641
1.73596191406
1.61944580078
1.44732666016
1.34112548828
1.16278076172
1.06060791016
0.987548828125
1.23907470703
1.39398193359
1.25506591797
1.76623535156
1.34289550781
1.45397949219
1.67224121094
1.78131103516
1.21447753906
1.36383056641
0.455383300781
-0.0275268554688
Repetition end
1
Repetition start
1.36584472656
1.40771484375
1.83215332031
1.75408935547
1.66003417969
1.58673095703
1.21032714844
1.18731689453
1.517578125
1.64739990234
1.70404052734
1.671875
1.46868896484
2.09228515625
1.40625
1.19000244141
-0.207641601562
-0.107971191406
1.26226806641
1.49920654297
Repetition end
1
Repetition start
1.62982177734
1.39019775391
1.56799316406
1.25
0.955078125
1.06286621094
0.947814941406
1.31329345703
1.58306884766
1.64965820312
1.62335205078
1.6298828125
1.61401367188
1.67919921875
1.64886474609
1.59936523438
1.24206542969
0.678161621094
-0.311828613281
-0.313537597656
Repetition end
1
Repetition start
1.58581542969
1.70513916016
1.55133056641
1.58087158203
1.86791992188
1.64691162109
1.42291259766
1.45776367188
1.39813232422
1.55249023438
1.51525878906
1.96356201172
1.72680664062
1.62799072266
1.34600830078
1.31237792969
0.523254394531
0.0582885742188
-0.0407104492188
0.792236328125
Repetition end
1
Repetition start
1.64447021484
1.46478271484
1.56756591797
1.69580078125
1.5849609375
1.65502929688
1.38977050781
1.47760009766
1.11181640625
1.35583496094
1.50903320312
1.33099365234
1.47009277344
1.70361328125
1.67907714844
1.4921875
1.08862304688
1.37322998047
0.329956054688
-0.151428222656
Repetition end
1
Repetition start
1.29071044922
1.74029541016
1.57958984375
1.65399169922
1.59710693359
1.46508789062
1.3603515625
1.01263427734
1.34680175781
1.50811767578
1.60992431641
1.76422119141
1.28900146484
1.58532714844
1.47564697266
1.31500244141
0.682739257812
-0.11669921875
0.233825683594
0.0499267578125
Repetition end
1
Repetition start
1.37249755859
1.40789794922
1.68890380859
1.58410644531
1.67132568359
1.67584228516
1.15283203125
0.9306640625
1.30731201172
1.30364990234
1.25457763672
1.50170898438
1.54016113281
1.57281494141
1.60217285156
1.54602050781
1.21020507812
1.79895019531
0.2568359375
-0.2587890625
Repetition end
1
Repetition start
1.26000976562
1.71832275391
1.48455810547
1.49127197266
1.47290039062
1.41003417969
1.41052246094
1.13122558594
1.06634521484
1.16217041016
1.36285400391
1.35321044922
1.64630126953
1.65759277344
1.57403564453
1.45349121094
1.53558349609
1.44317626953
1.02545166016
1.32104492188
Repetition end
1
Repetition start
1.63903808594
1.65899658203
1.62097167969
1.49377441406
1.19268798828
1.21911621094
1.20135498047
1.22338867188
1.30316162109
1.34588623047
1.43249511719
1.41253662109
1.47241210938
1.54040527344
1.61657714844
1.49114990234
1.36785888672
1.17327880859
-0.0108642578125
-0.459228515625
Repetition end
1
Repetition start
0.468017578125
1.72924804688
1.57330322266
1.62902832031
1.77429199219
1.61456298828
1.51092529297
1.42395019531
1.16693115234
1.33612060547
1.06231689453
1.57794189453
1.68365478516
1.51440429688
1.80377197266
1.42895507812
1.26867675781
1.328125
0.208801269531
0.516662597656
Repetition end
1
Repetition start
-0.124694824219
0.109924316406
-0.348999023438
-0.116760253906
1.48046875
1.77758789062
1.69323730469
0.941223144531
0.931762695312
1.53717041016
1.5146484375
1.54516601562
1.60083007812
1.64508056641
1.10437011719
1.42388916016
0.871154785156
-0.0222778320312
0.391052246094
0.0269165039062
Repetition end
1
Repetition start
-0.682189941406
0.431213378906
1.43792724609
1.71759033203
1.69293212891
1.63800048828
1.44952392578
1.28698730469
1.12969970703
1.20068359375
1.48370361328
1.60357666016
1.65936279297
1.78601074219
1.69055175781
1.52618408203
1.06451416016
1.11547851562
0.0367431640625
0.0838623046875
Repetition end
1
Repetition start
-0.250183105469
1.22601318359
1.22326660156
1.27429199219
1.37249755859
1.40344238281
1.21759033203
0.982971191406
1.16119384766
1.37274169922
1.48016357422
1.55340576172
1.6533203125
1.66320800781
1.53344726562
1.37139892578
1.32330322266
1.36004638672
0.0303955078125
-0.08349609375
Repetition end
1
Repetition start
1.15972900391
1.46722412109
1.45989990234
1.38110351562
1.15362548828
1.14196777344
1.23443603516
1.27008056641
1.34045410156
1.37072753906
1.49627685547
1.61419677734
1.734375
1.80780029297
1.26416015625
1.65795898438
1.38897705078
1.46685791016
1.09130859375
0.050048828125
Repetition end
1
Repetition start
0.0809936523438
0.255554199219
-0.166381835938
-0.394958496094
0.809631347656
1.44036865234
1.48974609375
1.69293212891
1.27667236328
1.06213378906
1.14001464844
0.8935546875
1.26678466797
1.62609863281
1.56628417969
1.53692626953
1.18566894531
0.992919921875
0.0869140625
0.130249023438
Repetition end
1
Repetition start
0.008544921875
0.107360839844
1.26104736328
1.56781005859
1.3525390625
1.70965576172
1.67687988281
1.42340087891
1.45648193359
1.23480224609
1.09783935547
1.12274169922
1.41925048828
1.56646728516
1.65930175781
1.74182128906
1.38586425781
0.923156738281
1.16571044922
0.438659667969
Repetition end
1
Repetition start
0.541076660156
1.060546875
1.54620361328
1.52923583984
1.61511230469
1.43597412109
1.45678710938
1.23559570312
1.01495361328
1.07946777344
1.09204101562
1.29858398438
1.26953125
1.46917724609
1.63458251953
1.73016357422
1.63427734375
1.47387695312
1.24163818359
0.311462402344
Repetition end
1
Repetition start
0.178344726562
0.7138671875
1.43566894531
1.83337402344
1.49035644531
1.76409912109
1.79370117188
1.80010986328
1.73571777344
1.77355957031
1.67242431641
1.45477294922
1.26605224609
1.54718017578
1.68353271484
1.6083984375
1.40966796875
1.39337158203
1.63653564453
0.0693969726562
Repetition end
1
Repetition start
1.29870605469
1.28637695312
1.31091308594
1.34149169922
1.50256347656
1.75646972656
1.77117919922
1.67730712891
1.4013671875
1.10009765625
1.08465576172
1.41577148438
1.68499755859
1.73510742188
1.62951660156
1.46429443359
1.39172363281
1.15185546875
0.0282592773438
0.1943359375
Repetition end
1
Repetition start
1.35101318359
1.51629638672
1.61987304688
1.78619384766
1.65893554688
1.54809570312
1.42077636719
1.14752197266
1.18084716797
1.27899169922
1.45941162109
1.49945068359
1.62615966797
1.67633056641
1.69744873047
1.37725830078
1.40936279297
1.04376220703
0.518188476562
0.3291015625
Repetition end
1
Repetition start
1.14190673828
1.62780761719
1.50286865234
1.72314453125
1.70751953125
1.68023681641
1.53485107422
1.45965576172
1.23767089844
0.975036621094
1.19189453125
1.24768066406
1.35131835938
1.50512695312
1.74554443359
1.41748046875
1.33752441406
1.15472412109
1.81964111328
0.0310668945312
Repetition end
1
Repetition start
1.45178222656
1.49005126953
1.84289550781
1.71740722656
1.68609619141
1.91937255859
1.60028076172
1.60717773438
1.54376220703
1.43695068359
1.30157470703
1.42901611328
1.65234375
1.63439941406
1.59942626953
1.42242431641
1.5029296875
1.48187255859
0.676940917969
-0.0396728515625
Repetition end
1
Repetition start
1.40533447266
1.61145019531
1.744140625
1.751953125
1.59100341797
1.64660644531
1.28387451172
1.14837646484
1.31298828125
1.35009765625
1.37902832031
1.63299560547
1.685546875
1.67352294922
1.48303222656
1.64770507812
1.23638916016
1.18597412109
1.45635986328
-0.120300292969
Repetition end
1
Repetition start
1.19110107422
1.28497314453
1.44854736328
1.53399658203
1.67297363281
1.61724853516
1.64282226562
1.3955078125
1.27416992188
1.08715820312
1.14282226562
1.12536621094
1.09045410156
1.44921875
1.71600341797
1.28106689453
1.11956787109
0.242492675781
-0.137939453125
-0.186706542969
Repetition end
0
Repetition start
1.34436035156
1.31463623047
1.67877197266
1.791015625
1.65606689453
1.51751708984
1.31732177734
1.07635498047
1.16314697266
0.99853515625
0.898193359375
1.29461669922
1.61706542969
1.52905273438
1.42431640625
1.34155273438
1.21697998047
1.919921875
0.215393066406
0.145080566406
Repetition end
1
Repetition start
1.67877197266
1.6181640625
1.53015136719
1.54443359375
1.25732421875
1.28924560547
1.09814453125
1.39141845703
1.43084716797
1.50335693359
1.61669921875
1.505859375
1.58459472656
1.7470703125
1.35668945312
1.03125
1.02783203125
1.42651367188
0.0386962890625
-0.856018066406
Repetition end
1
Repetition start
1.58404541016
1.71936035156
1.70025634766
1.66735839844
1.56750488281
1.50982666016
1.51922607422
1.12194824219
1.15765380859
0.889587402344
0.977478027344
1.14105224609
1.20819091797
1.20477294922
1.24456787109
1.47869873047
1.5751953125
1.55102539062
1.61669921875
1.22924804688
Repetition end
1
Repetition start
-0.0541381835938
-0.12890625
-0.0563354492188
-0.0809936523438
-0.126647949219
-0.0750732421875
-0.106262207031
-0.111572265625
-0.0984497070312
-0.0827026367188
-0.0963745117188
-0.0469970703125
-0.0404052734375
-0.0419311523438
-0.0350341796875
-0.0645141601562
-0.05615234375
-0.0462646484375
-0.041259765625
-0.0535888671875
Repetition end
0
Repetition start
0.919738769531
1.29663085938
1.35455322266
1.37487792969
1.48742675781
1.74932861328
1.64440917969
1.51831054688
1.31567382812
1.259765625
1.03747558594
1.15771484375
1.2978515625
1.24487304688
1.57873535156
1.44256591797
1.61370849609
1.44934082031
1.62445068359
-0.471313476562
Repetition end
1
Repetition start
1.67681884766
1.58984375
1.78082275391
1.53411865234
1.59790039062
1.55236816406
1.26733398438
1.21868896484
1.12811279297
1.3291015625
1.43798828125
1.33520507812
1.50592041016
1.63250732422
1.59338378906
1.54339599609
1.17370605469
0.898864746094
-0.900024414062
0.225036621094
Repetition end
1
Repetition start
1.40948486328
1.31811523438
1.50152587891
1.62286376953
1.80792236328
1.67999267578
1.5888671875
1.05651855469
1.18994140625
1.13146972656
1.40380859375
1.56774902344
1.5634765625
1.50122070312
1.51708984375
1.35522460938
1.49340820312
1.12127685547
1.86059570312
0.0396118164062
Repetition end
1
Repetition start
1.45233154297
1.45111083984
1.64660644531
1.53851318359
1.55834960938
1.43365478516
1.48199462891
1.37255859375
1.04034423828
1.00799560547
1.4208984375
1.47766113281
1.69873046875
1.74731445312
1.57781982422
1.28735351562
1.15783691406
1.15386962891
0.336791992188
-0.363098144531
Repetition end
1
Repetition start
1.22326660156
1.32537841797
1.33831787109
1.72076416016
1.88482666016
1.72583007812
1.80969238281
1.53436279297
1.00091552734
1.19396972656
1.27075195312
1.38568115234
1.45745849609
1.53363037109
1.69647216797
1.66467285156
1.72058105469
1.61932373047
1.67443847656
1.42565917969
Repetition end
1
Repetition start
-0.021728515625
-0.701721191406
-0.294860839844
1.29956054688
1.43811035156
1.79998779297
1.78564453125
1.75311279297
1.66412353516
1.291015625
1.32189941406
1.43597412109
1.34881591797
1.52392578125
1.59918212891
1.60510253906
1.58636474609
1.40539550781
1.22198486328
0.000732421875
Repetition end
1
Repetition start
-0.1337890625
-0.2724609375
0.556335449219
0.969787597656
1.54803466797
1.82464599609
1.51361083984
1.42956542969
1.13592529297
0.929016113281
0.928283691406
0.760437011719
0.826599121094
1.54711914062
1.61871337891
1.43402099609
0.934448242188
0.831298828125
0.009033203125
-0.018798828125
Repetition end
1
Repetition start
-0.0599975585938
-0.0868530273438
-0.2744140625
-0.245483398438
0.555480957031
1.54681396484
1.83483886719
1.611328125
1.2724609375
1.31903076172
0.915344238281
1.30017089844
1.59222412109
1.6923828125
1.58972167969
1.61566162109
1.61370849609
1.2421875
1.81604003906
-0.20068359375
Repetition end
1
Repetition start
0.530334472656
0.45849609375
1.19403076172
1.00866699219
1.18865966797
1.67022705078
1.69757080078
1.66394042969
1.55267333984
1.47283935547
1.2607421875
0.758056640625
1.56646728516
1.61657714844
1.58422851562
1.69982910156
1.62951660156
0.725769042969
-0.159851074219
-0.416381835938
Repetition end
1
Repetition start
-0.185424804688
-0.0389404296875
0.410583496094
1.38165283203
1.15490722656
1.02124023438
0.982055664062
1.04382324219
1.15600585938
1.30340576172
1.42095947266
1.39300537109
1.59497070312
1.64996337891
1.59924316406
1.50561523438
1.1787109375
0.748352050781
1.37628173828
-0.271240234375
Repetition end
1
Repetition start
-0.542114257812
1.49206542969
1.63671875
1.62261962891
1.79461669922
1.78094482422
1.63983154297
1.43304443359
1.20666503906
0.965515136719
0.949951171875
0.944458007812
1.2021484375
1.36004638672
1.4443359375
1.70092773438
1.66265869141
1.63360595703
1.73626708984
1.46240234375
Repetition end
1
Repetition start
1.51446533203
1.59606933594
1.82000732422
1.64495849609
1.77117919922
1.65191650391
1.52136230469
1.52307128906
1.54217529297
1.13433837891
1.08306884766
1.21850585938
1.2607421875
1.55987548828
1.42565917969
1.70367431641
1.79455566406
1.62951660156
1.42333984375
1.51428222656
Repetition end
1
Repetition start
-0.308898925781
0.132568359375
1.4375
1.33020019531
1.60791015625
1.75103759766
1.802734375
1.71099853516
1.14105224609
0.813781738281
0.925109863281
1.0947265625
1.33367919922
1.37072753906
1.39654541016
1.66339111328
1.76934814453
1.76623535156
1.59283447266
0.791076660156
Repetition end
1
Repetition start
0.815734863281
1.376953125
1.40588378906
1.72808837891
1.73468017578
1.65606689453
1.80236816406
1.58935546875
1.50787353516
1.26739501953
1.25604248047
1.03997802734
0.957214355469
1.34838867188
1.44158935547
1.66204833984
1.57769775391
1.638671875
1.21508789062
0.908386230469
Repetition end
1
Repetition start
-0.052734375
0.019287109375
-0.0534057617188
-0.00360107421875
-0.067138671875
-0.0226440429688
0.0404052734375
0.348571777344
0.203430175781
-0.045654296875
0.185424804688
0.00469970703125
-0.109313964844
-0.0374145507812
0.223388671875
-0.254943847656
0.0298461914062
0.0650024414062
-0.228698730469
-0.0398559570312
Repetition end
0
Repetition start
1.70062255859
1.85473632812
1.69995117188
1.37811279297
1.00134277344
0.8876953125
0.825622558594
0.970397949219
1.21527099609
1.26544189453
1.40490722656
1.51733398438
1.70385742188
1.65844726562
1.65832519531
1.4921875
1.23736572266
0.853698730469
1.90399169922
-1.36724853516
Repetition end
1
Repetition start
1.16149902344
1.26037597656
1.75103759766
1.62969970703
1.77905273438
1.73461914062
1.55316162109
1.34686279297
0.805603027344
1.14544677734
1.26171875
1.59375
1.56469726562
1.6943359375
1.63452148438
1.57745361328
1.42663574219
1.13952636719
0.237060546875
-0.322082519531
Repetition end
1
Repetition start
1.51965332031
1.70446777344
1.68267822266
1.6279296875
1.72003173828
1.72357177734
1.6708984375
1.60858154297
1.46960449219
1.47955322266
1.63513183594
1.75988769531
1.74371337891
1.67529296875
1.61102294922
1.19470214844
1.06018066406
-0.802673339844
-0.706420898438
0.517883300781
Repetition end
1
Repetition start
1.15979003906
1.14044189453
1.14202880859
1.14019775391
1.16168212891
1.09094238281
0.991516113281
1.01898193359
0.699340820312
1.25372314453
1.43249511719
1.37170410156
1.4755859375
1.54449462891
1.60668945312
1.75408935547
1.73669433594
1.61590576172
1.47766113281
1.16857910156
Repetition end
0
Repetition start
1.70660400391
1.63507080078
1.66192626953
1.74896240234
1.48175048828
1.43023681641
1.12292480469
1.02453613281
1.09802246094
1.33087158203
1.27197265625
1.40692138672
1.58758544922
1.79010009766
1.72290039062
1.69323730469
1.00378417969
0.997497558594
-0.234680175781
-0.502868652344
Repetition end
1
Repetition start
1.64508056641
1.62542724609
1.65863037109
1.63543701172
1.72192382812
1.68292236328
1.71246337891
1.65063476562
1.68707275391
1.52868652344
1.03948974609
1.0908203125
1.28344726562
1.41741943359
1.6875
1.48529052734
1.603515625
0.689514160156
-0.887878417969
0.145446777344
Repetition end
1
