Repetition start
-0.129943847656
-0.287902832031
-0.966979980469
0.884582519531
1.03308105469
1.11828613281
1.2021484375
1.34564208984
1.32580566406
1.30895996094
1.19848632812
0.74169921875
1.03259277344
1.08178710938
1.33026123047
1.35314941406
1.25158691406
1.27484130859
1.08465576172
1.13403320312
Repetition end
1
Repetition start
1.26403808594
1.34619140625
1.37329101562
1.39208984375
1.23413085938
1.13739013672
0.838806152344
1.10675048828
1.31927490234
1.19281005859
1.52777099609
1.36108398438
1.06848144531
1.21154785156
1.16302490234
0.71728515625
0.4384765625
-0.752807617188
-0.866455078125
-0.537658691406
Repetition end
1
Repetition start
1.34295654297
1.31597900391
1.45855712891
1.40881347656
1.22766113281
1.12170410156
0.926147460938
0.742858886719
0.852233886719
1.10046386719
1.09649658203
1.12213134766
1.271484375
1.32159423828
1.2734375
1.17517089844
1.13555908203
0.809875488281
-0.948547363281
-0.619995117188
Repetition end
1
Repetition start
0.953063964844
1.19329833984
1.39379882812
1.35717773438
1.423828125
1.42932128906
1.42639160156
0.79736328125
0.893188476562
0.829772949219
1.06182861328
1.26049804688
1.37481689453
1.33776855469
1.19775390625
1.49694824219
0.940734863281
1.05444335938
-0.400329589844
-0.594482421875
Repetition end
1
Repetition start
0.176452636719
1.20404052734
1.20239257812
1.34387207031
1.43572998047
1.32775878906
1.25897216797
1.17980957031
0.924194335938
0.629516601562
0.939025878906
1.12451171875
1.42346191406
1.40045166016
1.27935791016
1.00732421875
0.554931640625
-0.230590820312
-0.442321777344
-0.249694824219
Repetition end
1
Repetition start
-0.373413085938
0.106506347656
0.746887207031
1.24499511719
1.29974365234
1.34362792969
1.26062011719
1.15246582031
0.967224121094
0.657775878906
0.797058105469
0.827392578125
0.964904785156
1.01989746094
0.87451171875
1.30847167969
1.34869384766
1.50543212891
1.2763671875
0.738708496094
Repetition end
1
Repetition start
0.623779296875
1.02734375
0.828491210938
1.19030761719
1.22326660156
1.41314697266
1.37506103516
1.35150146484
1.25054931641
1.10803222656
0.74560546875
0.817810058594
0.851989746094
0.981079101562
1.14837646484
1.22338867188
1.41149902344
1.47271728516
1.25805664062
0.775512695312
Repetition end
1
Repetition start
1.43176269531
1.37652587891
1.50372314453
1.45178222656
1.39343261719
1.26770019531
0.995971679688
0.864013671875
0.746520996094
0.636047363281
0.958557128906
1.09313964844
1.29180908203
1.37786865234
1.23187255859
1.21624755859
1.02819824219
-0.305969238281
-0.396301269531
-0.468566894531
Repetition end
1
Repetition start
-0.148742675781
-0.416320800781
-0.165344238281
1.25085449219
1.22680664062
1.25042724609
1.18597412109
1.49285888672
1.46124267578
1.49786376953
1.12860107422
0.706298828125
0.812072753906
0.767395019531
1.11645507812
1.41387939453
1.37615966797
1.04382324219
1.15759277344
0.393005371094
Repetition end
1
Repetition start
1.20465087891
1.47485351562
1.48760986328
1.49383544922
1.45660400391
1.17047119141
0.902648925781
0.935913085938
0.879272460938
0.886108398438
1.0634765625
1.31988525391
1.47265625
1.46716308594
1.29608154297
1.08001708984
1.31573486328
0.0776977539062
-0.111206054688
-0.353149414062
Repetition end
1
Repetition start
0.857849121094
1.11187744141
1.17663574219
1.18011474609
1.25592041016
0.890808105469
0.781799316406
0.788757324219
0.884155273438
1.06646728516
1.25048828125
1.37451171875
1.36798095703
1.40344238281
1.31665039062
1.31591796875
1.23034667969
1.26934814453
1.26440429688
1.16595458984
Repetition end
1
Repetition start
-0.218444824219
-0.460205078125
-0.309936523438
1.19580078125
1.21624755859
1.22454833984
1.26715087891
1.44262695312
1.39331054688
1.23583984375
1.12084960938
0.705322265625
0.75146484375
0.684509277344
0.742919921875
1.01605224609
0.988952636719
1.09527587891
1.26385498047
1.35394287109
Repetition end
1
Repetition start
1.15313720703
0.916687011719
1.18707275391
1.22760009766
1.28601074219
1.40502929688
1.27038574219
1.0732421875
1.04565429688
0.685668945312
0.930236816406
0.967651367188
0.953308105469
0.778198242188
1.32952880859
1.26574707031
1.51434326172
1.44757080078
1.11309814453
1.06402587891
Repetition end
1
Repetition start
0.148254394531
-0.08447265625
-0.482116699219
-0.317077636719
0.288696289062
0.631042480469
1.31072998047
1.43194580078
1.32843017578
1.45611572266
0.8681640625
0.881469726562
1.17535400391
1.29309082031
1.30841064453
1.32238769531
1.47454833984
1.20166015625
1.21350097656
0.880493164062
Repetition end
1
Repetition start
0.344970703125
0.8466796875
1.36627197266
1.52416992188
1.41436767578
1.30657958984
1.15350341797
0.724304199219
0.861999511719
0.825012207031
1.14367675781
1.3037109375
1.48944091797
1.39373779297
1.49884033203
1.19415283203
1.205078125
1.13812255859
-0.473266601562
-0.776611328125
Repetition end
1
Repetition start
-0.296875
-0.828125
0.563659667969
0.567810058594
1.03460693359
0.977844238281
1.08624267578
1.51019287109
1.43493652344
1.48217773438
1.38433837891
1.33435058594
1.20587158203
1.08984375
0.919311523438
1.01434326172
1.09204101562
1.19488525391
1.3896484375
1.21710205078
Repetition end
1
Repetition start
-0.275390625
-0.349365234375
-0.236938476562
-0.0978393554688
-0.497436523438
-0.748657226562
1.13592529297
1.30224609375
1.39166259766
1.38684082031
0.699890136719
1.36614990234
1.32122802734
1.39215087891
1.47607421875
1.515625
1.28295898438
0.480224609375
1.22479248047
-0.651794433594
Repetition end
0
Repetition start
-0.675903320312
-0.174011230469
0.5517578125
1.07049560547
1.32006835938
1.25372314453
1.47308349609
1.39837646484
1.52197265625
1.11865234375
0.791076660156
0.83984375
1.24835205078
1.46795654297
1.04162597656
1.31890869141
1.22613525391
1.12609863281
-0.706726074219
-0.213684082031
Repetition end
1
Repetition start
-0.780944824219
-1.33929443359
1.24603271484
1.08087158203
1.22937011719
1.29833984375
1.37036132812
1.3798828125
1.28546142578
1.07183837891
0.899719238281
1.02117919922
0.858520507812
0.990600585938
1.20928955078
1.29498291016
1.43701171875
1.15551757812
0.924560546875
0.697082519531
Repetition end
1
Repetition start
-0.228149414062
-0.347229003906
-0.381408691406
0.176879882812
1.1376953125
1.35559082031
1.12445068359
1.08233642578
0.779846191406
0.84716796875
1.07385253906
1.11437988281
1.31646728516
1.28430175781
1.23626708984
1.34124755859
0.00360107421875
-0.177551269531
-1.078125
-0.917663574219
Repetition end
1
