Repetition start
-0.488647460938
-0.451721191406
-0.342590332031
-0.480407714844
-0.181823730469
1.73406982422
0.761962890625
1.06188964844
1.05236816406
1.28729248047
1.31237792969
0.914123535156
1.14923095703
1.27679443359
1.43450927734
1.41809082031
1.16021728516
1.19128417969
0.9599609375
0.751281738281
Repetition end
1
Repetition start
-0.332275390625
1.26190185547
0.776489257812
1.14434814453
1.36975097656
1.30145263672
1.40173339844
1.41668701172
1.01379394531
0.930419921875
1.16339111328
1.52996826172
1.32971191406
1.25201416016
1.19879150391
1.25280761719
0.110290527344
-0.169067382812
-1.02038574219
-0.392150878906
Repetition end
1
Repetition start
0.916625976562
1.13836669922
1.19323730469
1.30670166016
1.41473388672
1.40759277344
1.33862304688
1.24615478516
0.728881835938
0.795227050781
0.758239746094
1.09045410156
1.35394287109
1.36004638672
1.28399658203
1.30987548828
1.1142578125
0.757385253906
-0.676208496094
-0.54833984375
Repetition end
1
Repetition start
0.804260253906
1.16882324219
1.36993408203
1.5185546875
1.54638671875
1.26373291016
1.31286621094
1.15020751953
0.894409179688
0.759643554688
0.880187988281
1.04962158203
1.57177734375
1.21960449219
1.38415527344
0.870483398438
0.317138671875
0.687744140625
-0.927307128906
-1.232421875
Repetition end
1
Repetition start
-1.28399658203
0.507141113281
1.04284667969
1.22271728516
1.19024658203
1.52301025391
1.51190185547
1.43481445312
0.875915527344
0.530090332031
0.756408691406
1.24688720703
1.37268066406
1.25775146484
1.25604248047
1.02301025391
-0.699035644531
-0.564453125
-1.32604980469
-0.30908203125
Repetition end
1
Repetition start
-0.428100585938
1.02502441406
0.97216796875
1.40234375
1.44219970703
1.22052001953
1.361328125
1.03497314453
0.884826660156
0.823791503906
0.941284179688
1.09600830078
1.28442382812
1.30163574219
1.39025878906
1.43798828125
0.878234863281
0.720275878906
-0.750854492188
-1.10131835938
Repetition end
1
Repetition start
0.761962890625
1.15655517578
1.27508544922
1.35668945312
1.27386474609
1.30163574219
1.21051025391
0.898132324219
0.849243164062
0.665283203125
1.03863525391
1.27514648438
1.43524169922
1.35675048828
1.474609375
0.858764648438
0.980224609375
-1.09344482422
-0.720581054688
-0.439514160156
Repetition end
1
Repetition start
-0.415344238281
-0.463073730469
-0.611572265625
1.30133056641
1.33557128906
1.30859375
1.14312744141
0.814514160156
0.646057128906
0.729431152344
0.788940429688
1.05285644531
1.16265869141
1.44927978516
1.38421630859
1.19006347656
1.15093994141
0.99072265625
0.941833496094
-0.861511230469
Repetition end
1
Repetition start
-0.462280273438
-0.314392089844
-0.305297851562
-0.286071777344
0.058349609375
0.656372070312
1.12689208984
1.25207519531
1.29364013672
1.29571533203
1.42053222656
1.16088867188
0.784790039062
1.07446289062
1.12780761719
1.37646484375
1.0966796875
1.18682861328
0.693603515625
0.518432617188
Repetition end
0
Repetition start
-0.462280273438
-0.305297851562
-0.286071777344
0.058349609375
0.656372070312
1.12689208984
1.25207519531
1.42053222656
1.16088867188
0.784790039062
1.07446289062
1.37646484375
1.0966796875
1.18682861328
0.693603515625
0.518432617188
-1.23181152344
-0.739501953125
-0.519348144531
-0.254699707031
Repetition end
1
Repetition start
0.76123046875
1.02728271484
0.779907226562
1.47521972656
1.54895019531
1.34735107422
1.19616699219
1.04724121094
0.832336425781
0.410827636719
1.07678222656
1.21435546875
1.35675048828
1.45843505859
1.44055175781
1.08831787109
1.24688720703
0.994873046875
0.768981933594
-0.523498535156
Repetition end
1
Repetition start
-0.574768066406
-0.426147460938
1.12780761719
0.898254394531
0.890197753906
1.09423828125
1.14685058594
1.41864013672
1.45642089844
1.45983886719
1.44494628906
1.42309570312
1.28057861328
0.790283203125
0.840026855469
1.32922363281
1.35870361328
1.40985107422
0.872985839844
-0.661743164062
Repetition end
1
Repetition start
1.39916992188
1.39916992188
1.39916992188
1.36749267578
1.43560791016
1.34613037109
1.34613037109
1.26354980469
1.26354980469
1.26354980469
1.15625
0.909057617188
0.833679199219
0.284973144531
0.53857421875
0.53857421875
-0.669189453125
-0.661804199219
-0.844665527344
-1.26104736328
Repetition end
0
Repetition start
0.424255371094
1.10302734375
1.38012695312
1.38165283203
1.35266113281
1.12622070312
1.13946533203
1.31475830078
1.40368652344
1.36120605469
1.41442871094
1.41003417969
1.13171386719
0.948181152344
0.872619628906
0.713745117188
-0.367797851562
-0.242492675781
-0.556579589844
-0.778076171875
Repetition end
1
Repetition start
-0.789672851562
0.426330566406
1.13110351562
0.791320800781
1.05590820312
1.25231933594
1.49914550781
1.30590820312
1.31323242188
1.31365966797
1.35992431641
1.40209960938
1.43469238281
1.14929199219
1.12445068359
1.08978271484
-0.0134887695312
-1.19689941406
-0.966491699219
-0.794982910156
Repetition end
1
Repetition start
-0.674255371094
-0.695190429688
-0.65576171875
-0.902465820312
0.452209472656
0.918884277344
1.17614746094
1.16015625
1.47222900391
1.40484619141
1.34057617188
0.796875
1.01745605469
1.21276855469
1.42791748047
1.42553710938
1.3857421875
1.13159179688
0.763244628906
-0.911560058594
Repetition end
1
Repetition start
-0.666748046875
-0.580993652344
-0.552185058594
0.691223144531
0.912902832031
1.36853027344
1.35687255859
1.37884521484
0.96630859375
1.21612548828
0.916564941406
1.26422119141
1.28192138672
1.30480957031
1.51092529297
1.23754882812
1.01013183594
0.695068359375
-1.37585449219
-0.309326171875
Repetition end
1
Repetition start
-0.626525878906
-0.560852050781
-0.63037109375
-1.08111572266
0.0988159179688
0.736755371094
1.05279541016
1.20709228516
1.431640625
1.54241943359
1.43963623047
1.32354736328
1.23297119141
0.8544921875
1.20245361328
1.22900390625
1.46484375
1.42785644531
0.469482421875
-1.36572265625
Repetition end
1
Repetition start
-0.528076171875
-0.577453613281
-0.636291503906
-0.636657714844
-0.5732421875
-0.686462402344
0.374816894531
1.30792236328
1.50164794922
1.39514160156
1.14068603516
0.800720214844
1.30053710938
1.41973876953
1.37933349609
1.34490966797
1.43017578125
1.11297607422
0.445556640625
-0.940063476562
Repetition end
1
Repetition start
0.417297363281
0.750183105469
1.251953125
1.21209716797
1.2705078125
1.56823730469
1.50970458984
1.39373779297
1.0966796875
1.19372558594
1.24517822266
1.38903808594
1.35363769531
1.47705078125
1.29779052734
1.22442626953
0.745910644531
0.111022949219
-0.851623535156
-0.637451171875
Repetition end
1
Repetition start
-0.570983886719
-0.55810546875
-0.551391601562
-0.563293457031
-0.561828613281
-0.562561035156
-0.646606445312
-0.574096679688
-0.630554199219
-0.636962890625
-0.63232421875
-0.577941894531
-0.648742675781
-0.598327636719
-0.419799804688
-0.721862792969
-0.424865722656
-0.5
-0.69140625
-0.769409179688
Repetition end
0
Repetition start
0.48046875
0.374694824219
1.12469482422
1.18255615234
1.49340820312
1.17602539062
0.797241210938
1.18005371094
1.14306640625
1.16967773438
1.25219726562
1.30969238281
1.298828125
1.31170654297
0.801208496094
0.684448242188
0.437072753906
0.636474609375
-0.896850585938
-0.888061523438
Repetition end
1
Repetition start
0.808166503906
0.98046875
1.21655273438
1.216796875
1.29022216797
1.373046875
1.38494873047
1.43560791016
1.36322021484
1.31896972656
1.25988769531
1.49432373047
1.31909179688
1.31365966797
1.30603027344
1.35485839844
1.10668945312
0.7333984375
-1.0400390625
-2.02954101562
Repetition end
1
Repetition start
0.503356933594
0.858764648438
0.934448242188
1.14916992188
1.16418457031
1.35876464844
1.50158691406
1.400390625
1.53637695312
1.25506591797
1.40441894531
1.49359130859
1.40509033203
1.37951660156
1.20306396484
1.02764892578
0.440612792969
0.914672851562
-1.02880859375
-0.788696289062
Repetition end
1
Repetition start
0.979187011719
0.892883300781
1.00720214844
1.16943359375
1.32019042969
1.31994628906
1.42120361328
1.59167480469
1.33807373047
0.806762695312
1.16418457031
1.48620605469
1.23468017578
1.10821533203
0.974426269531
1.19073486328
-1.13537597656
-0.751708984375
-0.354919433594
0.683837890625
Repetition end
1
Repetition start
1.41302490234
1.26776123047
1.34460449219
1.13385009766
1.13604736328
1.11499023438
1.21960449219
1.37878417969
1.26739501953
1.41058349609
1.35162353516
1.396484375
1.30889892578
1.17065429688
1.09143066406
1.34136962891
1.060546875
0.535034179688
0.443969726562
-1.03656005859
Repetition end
0
Repetition start
0.805236816406
1.18072509766
1.48352050781
1.48815917969
0.9892578125
1.48010253906
1.47100830078
1.46917724609
1.38623046875
1.19995117188
0.676452636719
-1.37945556641
-0.282897949219
-0.48291015625
-0.453247070312
-0.485717773438
-0.533203125
-0.543151855469
-0.504089355469
-0.620361328125
Repetition end
0
