-3752 -21648 18450
 -3871 -21451 18784
 -3830 -21631 18592
 -3858 -21606 18797
 -3914 -21625 18628
 -3683 -21659 18796
 -3916 -21559 18778
 -4105 -21486 18826
 -3868 -21479 18816
 -3760 -21529 18704
 -3812 -21542 18845
 -3830 -21563 18684
 -3805 -21507 18919
 -3880 -21559 18776
 -3799 -21536 18833
 -3777 -21623 18691
 -3840 -21538 18689
 -3787 -21364 19236
 -3777 -21764 18471
 -3818 -21488 18937
 -3888 -21882 18663
 -3769 -21714 18791
 -3637 -21953 18698
 -3707 -21526 19130
 -4054 -21809 18455
 -4690 -21844 18837
 -4378 -19509 20693
Repetition Start
 -4397 -21695 18086
 -3738 -21940 18277
 -3600 -21517 18230
 -2884 -22028 19299
 -5455 -21523 19107
 -4999 -21927 17319
 -3881 -23158 19343
 -4542 -28684 18214
 -4261 -19900 21182
 1151 -3441 30701
 1796 -14498 25186
 1966 -9202 24634
 1724 -7530 23048
 2849 -4988 23230
 2559 -3708 20919
 2493 -131 19451
 1777 2110 17801
 1812 3069 16621
 2467 4716 15556
 3145 3821 12418
 4854 7805 9909
 3255 8437 5268
 3486 9206 1510
 5105 7599 2273
 4140 7376 3675
 3597 6781 8112
 4122 6335 8372
 3150 6695 12770
 3569 3527 13823
 3457 1958 18088
 1946 990 19930
 3119 -1197 21312
 2054 -2611 19566
 2743 -4512 21287
 3452 -6984 23639
 2249 -10045 23524
 1519 -11554 23633
 1487 -13543 24365
 2364 -19235 29405
 -1891 -26645 11774
 -4414 -30258 22274
Repetition End
1
 -5087 -24516 14255
 -5055 -19119 21255
 -4648 -21023 20229
 -3782 -20436 19420
 -2640 -19804 21255
 -2210 -22326 20352
 -5013 -22094 15264
 -7354 -27161 18864
Repetition Start
 -4151 -23200 21907
 -389 -17109 22684
 2390 -8999 27284
 2946 -15532 25308
 3913 -10662 25498
 1856 -7372 23685
 1985 -5591 22615
 2177 -3403 20748
 2734 741 18967
 2583 2589 17088
 2869 2822 15632
 3079 4145 15742
 3326 7816 14179
 3372 10305 9534
 1581 6078 1922
 2990 8429 2396
 2928 8260 5422
 2218 7163 5863
 2960 8199 7902
 2901 7326 9662
 2949 6746 11501
 3264 5400 13680
 3171 4127 15034
 3240 3961 17866
 2886 37 18863
 1841 164 21882
 2090 -2709 21132
 1735 -5018 22924
 3857 -6820 23930
 2807 -8414 24790
 1153 -10095 24882
 2729 -12287 22056
 4296 -16537 32767
 912 -20752 21647
 235 -21208 18203
 -3787 -27268 15833
 -4764 -28497 16543
 -4031 -21381 18987
 -4398 -20950 19760
Repetition End
1
 -3300 -20141 19999
 -3412 -21102 19668
 -3179 -21513 19042
 -3071 -22703 18721
 -5078 -26186 19494
 -5370 -24979 19300
 -4511 -21271 21824
Repetition Start
 -4277 -18303 22742
 1268 -11045 21941
 2000 -10162 28046
 1227 -10564 24355
 1610 -7126 24167
 1713 -4898 22735
 1374 -2701 22141
 1542 646 19221
 2603 2665 17911
 2848 3397 16817
 2166 4291 15475
 2623 4999 12895
 2660 7022 10735
 3325 7219 8982
 2366 6814 5432
 1828 7450 2664
 2976 8312 1741
 2057 7916 1578
 2286 7245 2892
 2307 7886 4816
 2383 6834 6783
 2714 6483 8669
 2813 6878 9978
 3623 4645 12937
 3049 3660 15474
 2275 3066 16942
 2833 2361 20072
 1308 -241 19970
 792 -2128 20888
 1307 -2833 22987
 867 -5648 23037
 -157 -7685 25802
 -1410 -9785 23604
 1608 -12027 21302
 2237 -13977 32403
 164 -24575 13332
 -3104 -24131 18285
 -4773 -26559 12279
 -4445 -22364 17825
 -3918 -22438 17245
 -2890 -21127 18966
Repetition End
1
 -3002 -21297 18693
 -3142 -21153 17209
 -4360 -24841 16785
 -5829 -24526 18917
 -2033 -20837 22941
Repetition Start
 140 -19258 22280
 1533 -10756 24037
 1602 -13076 24651
 4025 -9490 24615
 3334 -7917 24084
 2384 -6955 22535
 3658 -2862 21649
 2328 -1573 21493
 5141 -426 20165
 3269 1902 18039
 3893 3955 17488
 3523 3575 14972
 2802 5080 12823
 4034 7253 10223
 2703 7316 8826
 2362 6394 5898
 2624 9546 4247
 1979 8549 1918
 1805 8282 2756
 2421 7923 4077
 3305 7570 6322
 3142 6705 7026
 3006 6724 9143
 3644 6249 11026
 3696 5507 14041
 3523 3283 14688
 3138 2397 18013
 3118 1489 21145
 1816 -1296 20208
 4054 -1981 22048
 2520 -5097 22559
 3842 -5244 24080
 739 -7434 23851
 830 -9184 24231
 444 -9779 23597
 -1458 -13827 20481
 75 -16333 27526
 -3435 -27433 15675
 -5404 -30339 15551
 -5796 -22326 18022
 -4718 -23858 16841
Repetition End
1
 -4007 -21498 18743
 -3428 -21907 22340
 -2290 -19887 20692
 -4361 -24315 19933
Repetition Start
 -8600 -30613 18176
 -3726 -25219 20995
 233 -16275 24351
 1231 -10107 25673
 2651 -11557 24580
 3298 -10786 24574
 2829 -6785 23989
 4317 -6634 21818
 3171 -3532 23177
 3816 -1234 22371
 3430 -1050 19103
 3956 2148 20055
 3180 2201 18042
 3715 3806 17250
 3710 4679 15119
 3769 5438 12970
 3662 5838 11532
 2985 7341 9782
 1540 10118 2693
 3192 11224 -5731
 1964 7295 3134
 2330 6636 1301
 1797 5701 6251
 3849 8674 8392
 3882 6574 9973
 2750 5473 12307
 2236 4804 14826
 1829 3782 17540
 1159 1966 19365
 1547 221 18839
 2078 -3006 21507
 1840 -6933 21854
 1449 -6807 24350
 1735 -9569 23617
 1540 -11067 25808
 561 -16851 30900
 -1506 -25075 15128
 -2554 -28344 21650
 -4971 -28638 11883
 -4055 -20298 19289
Repetition End
1
 -3810 -20728 18359
 -2943 -18681 20858
 -2768 -22086 16933
 -5652 -27038 16980
 -4220 -26380 18759
Repetition Start
 -3218 -23650 19854
 927 -10928 26442
 1595 -9761 24960
 1219 -8687 26886
 1372 -10728 24079
 2285 -6325 25027
 1221 -8774 23481
 285 -3600 23316
 1739 -2399 22870
 3217 -818 23616
 2252 228 21298
 2049 841 20086
 3012 2458 18159
 2946 3493 15932
 2414 4440 13143
 3104 7504 11696
 2935 6820 9485
 2935 7244 6778
 1653 6957 5230
 2684 7614 4199
 2274 7952 996
 2050 8034 2275
 2776 7524 3197
 2545 8180 4697
 2615 6646 6662
 3070 6857 8030
 3748 6655 10641
 3461 4853 13012
 3417 3900 13525
 2922 3352 16504
 2691 1838 19031
 939 -1912 20776
 -361 -6033 20783
 1371 -5906 25129
 1203 -10028 22227
 51 -11682 23286
 -464 -12706 24971
 -1038 -17289 29677
 -4579 -23532 15809
 -6210 -28947 19615
 -5013 -26437 13406
 -3428 -21786 19497
Repetition End
1
 -3040 -22755 17632
 -3110 -19606 20334
 -3625 -21195 19931
Repetition Start
 -3636 -23775 18176
 -4911 -25786 15178
 -5905 -26912 19591
 -6158 -22004 17103
 -1795 -16880 25402
 -1644 -10875 25003
 2599 -13792 21710
 2053 -7802 24698
 855 -9299 22540
 2723 -5791 23959
 2495 -3432 23165
 2896 -2299 21721
 3300 325 21491
 3886 963 19697
 3756 1516 17287
 4093 4273 16015
 3417 4544 12910
 3893 6586 10847
 3094 7471 9268
 2209 5971 6535
 2418 8364 5407
 2359 8782 2773
 1640 8135 1125
 1877 8291 2670
 2114 7516 4459
 3351 8224 6589
 2800 6249 7968
 2844 6356 9256
 3864 6333 10695
 3860 6021 13634
 3552 4283 14394
 3352 2133 17381
 3078 2127 18955
 845 246 20236
 1520 -1305 21676
 1410 -3411 22958
 3531 -5020 22499
 614 -9020 22476
 436 -9899 25523
 15 -13129 20835
 -849 -17777 32767
 -3387 -26995 13024
 -3647 -24793 21679
 -5390 -26195 13670
 -5866 -24149 18209
 -5122 -20898 18819
Repetition End
1
 -4388 -22129 17195
 -4218 -20475 20563
 -4193 -19563 20158
Repetition Start
 -3710 -21613 18518
 -3559 -22276 18248
 -3877 -20939 18588
 -4411 -24338 19762
 -6140 -22756 19144
 -6851 -23675 20506
 -722 -25456 18884
 -1453 -21861 22770
 -1563 -12142 21109
 1301 -12826 23788
 2366 -13019 24166
 2640 -9264 23163
 3035 -5829 24115
 2360 -3306 23819
 2969 -2382 21295
 3712 -502 19979
 2592 567 18281
 2683 2625 16686
 3501 4742 15360
 4126 4783 12275
 4010 7024 9500
 3616 8027 7086
 2814 5371 4107
 2878 7335 3132
 3350 7489 4040
 2793 7211 581
 2458 7532 1961
 2511 8036 2379
 2943 6757 3902
 3314 6041 5661
 3055 7245 6950
 3221 6994 8834
 3900 6576 10045
 3016 6080 12931
 3970 4393 14240
 3490 2492 17763
 2645 458 19576
 2664 -59 20317
 1155 -2731 21074
 1892 -3555 21374
 1183 -5172 22846
 529 -8903 24606
 -386 -11372 22663
 -1638 -12817 20306
 -1440 -15606 32477
 -2506 -26853 11128
 -4813 -27518 18216
Repetition End
1
 -5393 -26305 13788
 -4382 -21044 18505
 -5149 -21955 18672
 -4110 -20920 19488
 -3807 -20383 20029
Repetition Start
 -4077 -21432 18460
 -4001 -22153 18271
 -4115 -21936 18477
 -3787 -21424 18849
 -3931 -21479 18998
 -3850 -21331 19288
 -3620 -21051 19520
 -3708 -21093 20278
 -3735 -20682 19658
 -4210 -21143 19234
 -3891 -21146 19034
 -3553 -21137 19688
 -3500 -20775 19588
 -3373 -20491 20194
 -2698 -21112 20100
 -5415 -24268 16622
 -5820 -27495 17904
 -5124 -25386 21105
 -4464 -24404 20884
 -2559 -19248 22763
 -1240 -13591 25902
 433 -13113 23434
 -153 -9722 23211
 1680 -5342 23063
 1459 -4115 21119
 886 -433 20061
 1626 794 18775
 2088 2521 16620
 2242 4839 16193
 2478 4136 14272
 3196 5357 11814
 2520 8173 8327
 1368 5889 5601
 2115 8749 2575
 1411 8898 -2483
 278 8021 -409
 1357 8080 2284
 3116 8079 6409
 2160 7084 7619
 2367 5638 10473
 2804 5670 11492
 2752 4646 15154
 1819 2659 17449
 1502 1461 19236
 1600 5 20425
 436 -2870 21467
 1233 -5787 22522
 956 -5544 24033
 -1234 -9923 23520
 -1357 -11950 24671
 -969 -12706 22169
 1007 -15728 32738
 -1068 -21042 13138
Repetition End
0
 -1867 -20920 23136
 -4031 -28539 12388
 -5153 -24667 17704
 -4469 -21297 17257
 -3795 -20759 20381
Repetition End
1
 -3549 -20258 19031
 -3489 -20736 19389
 -3449 -20810 18873
 -3935 -22528 18842
 -4541 -22829 17237
 -5018 -27172 15229
 -4919 -22180 20771
 -3277 -16697 23676
Repetition Start
 -1234 -8904 22610
 -1056 -9763 27650
 -296 -9904 22978
 546 -6522 25797
 676 -8070 22748
 1405 -4208 23695
 1618 -2457 22175
 1986 -2257 21749
 3321 442 20940
 2889 1817 19464
 3650 3137 18591
 3391 3298 15935
 3177 5550 13538
 3483 6645 11947
 3259 7894 8445
 2306 6854 7998
 1943 5224 6470
 2617 7426 4074
 869 7512 -1650
 755 7992 435
 1813 6870 759
 2091 8735 3345
 2562 7648 7432
 2124 6932 7653
 1534 6615 11747
 2355 5196 13716
 2698 3294 16433
 2564 1862 17803
 2814 196 20885
 2315 -1149 22436
 663 -4889 22057
 1931 -5054 22011
 2330 -6023 24122
 381 -8699 24618
 249 -10886 23236
 250 -11203 23468
 1236 -17720 30605
 -3021 -26003 11876
 -2935 -27413 21771
 -2598 -25673 12584
Repetition End
1
 -3748 -19972 19709
 -5116 -23874 17000
 -3288 -22360 18663
 -3020 -20910 20615
 -2352 -22037 18254
Repetition Start
 -3526 -22552 16661
 -4253 -24068 18418
 -4182 -28319 16439
 -3756 -22399 19173
 1088 -6229 23619
 1160 -9281 22462
 1663 -11664 25408
 2423 -12748 25042
 4214 -10025 25096
 1160 -10453 23878
 522 -9546 23911
 -436 -6832 25196
 24 -5157 24978
 680 -4018 25385
 -1289 -4457 24536
 959 -2615 23750
 2303 -1683 23005
 1755 -1139 22627
 2156 -45 22478
 2207 159 21496
 1536 2024 20358
 2697 2747 18230
 2890 3817 16076
 2943 4900 14133
 3498 7123 12695
 3259 7253 10469
 3186 6321 7731
 2231 7620 6828
 2601 8160 4334
 3066 8064 1818
 3217 7957 1546
 2749 7666 3348
 2101 8036 5988
 2042 9324 7190
 2243 6897 9711
 2323 5682 11541
 2389 4970 14419
 2857 3330 16074
 2054 2078 18896
 1648 16 21435
 1151 -1567 21583
 46 -4047 21312
 35 -4586 22690
 16 -8512 22799
 -1154 -10736 21742
 -800 -14168 20591
 1956 -21217 32767
 -604 -30570 9296
 -2106 -24670 22300
 -3041 -24417 16616
Repetition End
1
 -2961 -22090 17916
 -3163 -24390 18767
 -4273 -19236 20523
 -2607 -23214 20142
 177 -19341 20082
 -213 -20523 19571
 300 -19544 20536
 -225 -22095 20256
 -2818 -19619 22085
 -331 -21021 21236
 3847 -21208 19298
 -8556 -19630 14303
 -8829 -17983 18682
 -11038 -18128 19616
 -4296 -20813 20093
 -4040 -23786 20910
 -2047 -21140 17894
 1162 -23233 17700
 -3175 -21738 19401
 -2720 -21498 20501
 -2525 -22181 20619
 -2611 -24044 15438
 -2162 -22306 19830
 -2279 -20775 19691
 -1821 -18816 21150
 -2725 -19800 19870
 -3323 -23654 18507
 -2783 -21564 18795
 -1369 -22796 17592
 -1438 -23115 15919
 -3150 -22694 16526
 -2984 -21622 18160
 -3108 -22453 19216
 -3053 -23847 17685
 -3331 -22988 17947
 -2731 -22491 19053
 -2363 -23103 16403
 -2006 -22405 17789
 -3343 -22549 18201
 -3206 -22314 18007
 -1247 -21704 18233
 -1133 -22827 18043
 -1444 -23633 15964
 -1609 -21826 17978
 -3572 -22204 16147
 -4158 -21409 19985
 -3743 -22028 18241
 -2145 -22001 17633
 -3710 -22014 18366
 -3815 -22201 18362
 -3231 -22194 18046
 -3021 -22062 19044
 -4320 -23240 17393
 -7292 -20444 17036
 345 -22162 21038
 2800 -23755 13223
 -1580 -21969 19379
 -3770 -23386 18029
 251 -22418 16560
 -3409 -21712 16946
 -8537 -21390 17452
 -5014 -21889 17961
 -1395 -22140 20242
 -2950 -22220 18677
 -5332 -21727 19756
 -1439 -23285 16516
 1214 -23772 15831
 -1325 -21796 18784
 -2420 -20663 18765
 -1732 -22830 18326
 -4036 -21532 18754
 -4991 -22499 15942
 -6194 -20244 19280
 -2658 -21610 18030
 708 -20514 16429
 -6299 -22405 18217
 -8014 -19482 20422
 -408 -21989 16901
 883 -23376 18498
 -2221 -20186 20069
 -2888 -20777 18712
 772 -22190 18579
 -3399 -24454 18456
 -9883 -20846 18237
 -7030 -20211 19033
 -2405 -21667 18810
 -1393 -21962 18455
 -1871 -23567 17831
 -5535 -22075 19574
 -7291 -18962 19224
 -4473 -22092 19203
 2767 -23476 16250
 1289 -21368 18638
 -2150 -22442 19145
 -4604 -21622 19121
 -6451 -20565 16784
 -3434 -24503 18036
 485 -22457 16663
 157 -21552 20441
 -3998 -22631 17371
 -3742 -22321 17511
 -5925 -21686 17770
 -4996 -21039 18789
 -2285 -21721 19169
 -532 -21100 19733
 -1314 -22198 16661
 -2710 -20497 19257
 -4538 -21676 19186
 -4310 -22083 19473
 -4261 -22295 19141
 -2676 -21864 16724
 -2452 -22927 16814
 -2389 -23001 16663
 -3803 -22565 17390
 -3554 -22142 17201
 -3995 -22434 16927
 -4344 -23602 16053
 -3894 -24301 14812
 -2767 -22007 20086
 -3037 -23241 17250
 -2654 -22719 17937
 -2341 -20995 19809
 -6661 -23532 16732
 -4660 -22272 18715
 -4207 -21379 18017
 -6339 -21748 18159
 -3471 -21331 20010
 2182 -21289 17509
 171 -24682 15229
 -3371 -21185 17601
 -2981 -19709 19879
 -3392 -22496 19040
 -3673 -24913 15282
 -4800 -22436 17737
 -3153 -21585 20283
 -2587 -15695 23679
 -1401 -26865 12337
 -3960 -24043 15399
 -1450 -16944 19548
 -2393 -19352 22598
 -2961 -24500 17555
 -2839 -21364 18033
 -1118 -18416 23961
 -6123 -18754 22835
 -1334 -25686 12114
 -1867 -21068 18911
 -2736 -22196 18695
 -3997 -20703 19622
 -3217 -21368 19416
 -2479 -21145 19349
 -3225 -21562 18646
 -3290 -21516 18722
 -2833 -21464 19207
 -3080 -21331 19142
 -3267 -21522 19090
 -3184 -21585 18903
 -2575 -21067 18925
 -3566 -21629 19026
 -3045 -21649 19264
 -3097 -21471 19444
 -3167 -21561 19363
 -3077 -21503 18977
 -3603 -21398 18661
 -3964 -19952 20914
 -1464 -19801 19094
 -3169 -24924 20330
 -5428 -24048 15442
 -2025 -22481 17260
 -1063 -20917 18007
 -3407 -20421 17889
 -956 -20875 22172
 -2942 -19782 20790
 -8857 -23437 17355
 -440 -23541 16582
 1222 -16192 23707
 134 -23084 19356
 -3575 -24715 17161
 -7296 -21522 18601
 -7460 -21073 20039
 -7166 -16195 18958
 -690 -27009 19316
 2777 -22188 21326
 2467 -19844 19770
 -3075 -22166 18324
 -6146 -21831 17107
 -4022 -19703 18892
 -6223 -20971 20211
 -3907 -19999 20300
 -1707 -20896 18922
 -1962 -21649 18604
 -3220 -21500 19156
 -3681 -21503 19259
 -3184 -20987 19162
 -3290 -21250 19616
 -3855 -21204 19414
 -3130 -21234 19292
 -3022 -21454 19125
 -3445 -21411 19099
 -3580 -21530 19313
 -3627 -20970 19685
 -3173 -22033 18715
 -1938 -22430 19077
 -1316 -19939 19345
 -3802 -21452 19828
 -4088 -21192 19989
 -2850 -23217 18131
 -2819 -23280 17448
 -1698 -20407 20159
 -1594 -19979 21317
 -2052 -23596 17381
 -3092 -23328 16953
 -3274 -22243 16996
 -2152 -21578 19362
 -2430 -20722 20790
 -4159 -21539 18486
 -2037 -22627 17710
 -3146 -22351 17520
 -3552 -20684 20043
 -3528 -21096 19019
 -2771 -22136 19047
 -1591 -21061 19856
 -3736 -22977 17934
 -2500 -20772 19925
 -2459 -22346 20306
 -2284 -20923 19626
 -3515 -24013 16193
 -4926 -20737 19331
 -3416 -19914 20615
 -2427 -22752 18364
 -2831 -22144 18428
 -2750 -21682 18059
 -3326 -22451 18852
 -3280 -21879 18331
 -3382 -21739 18470
 -3308 -21054 19850
 -3449 -21964 17909
 -3914 -22973 17579
 -1536 -21906 19225
 -3411 -22210 17088
 -4197 -20622 19352
 -3736 -22611 18083
 -2553 -23406 16907
 -3136 -21521 18637
 -4528 -21441 18212
 -2341 -22592 18517
 -2291 -22563 16691
 -2925 -22853 17571
 -2630 -23054 15002
 -3837 -24001 17201
 -3266 -21666 18437
 -365 -24515 16274
 -2856 -23674 13943
 -3085 -22564 16409
 -2447 -24285 14979
 -5696 -22716 17839
 -2939 -21173 16682
 -4549 -24499 16075
 -3733 -23859 14902
 -1339 -19041 20130
 550 -24843 14321
 -2096 -23605 17885
 -5595 -21362 18104
 -4939 -21467 18427
 -4379 -22125 17967
 -2091 -22240 18327
 -2278 -23097 17869
 -2918 -22141 17540
 -2860 -22443 17547
 -3180 -22381 18237
 -3893 -22814 17411
 -3732 -23380 16394
 -2733 -22774 18563
 -1545 -24011 17299
 -2897 -20743 18162
 -5935 -21862 18647
 -5477 -22307 17373
 -505 -19991 25179
 -1927 -25205 14336
 -2780 -20322 21576
 -1114 -21096 20717
 -3689 -19964 20931
 -2094 -20424 20606
 -3281 -19382 19204
 146 -20380 20780
 1732 -19019 19985
 1115 -19730 22428
 -2042 -21559 20700
 -1460 -22346 17526
 -1201 -22320 17975
 -863 -22438 17766
 -1019 -22582 17520
 -2026 -22744 17836
 -1157 -21853 18138
 -1055 -22327 18303
 -1278 -22572 17836
 -1580 -22725 17361
 -1386 -23113 17021
 -1158 -22855 17367
 -1664 -22720 17950
 -1007 -22301 17994
 -987 -21518 19181
 -1905 -22378 17888
 -1279 -22266 18200
 -1030 -22392 18014
 -1153 -22654 18170
 -2086 -21541 17724
 -1532 -23166 17276
 -1551 -22326 18288
 -164 -23290 17784
 -2310 -22102 17579
 -1218 -21534 18581
 -1596 -23334 17268
 -1164 -22780 17819
 235 -21755 17714
 -1952 -23654 16064
 -1367 -21109 17683
 227 -22673 16233
 -2954 -25138 14739
 -2659 -23269 17917
 -1270 -26414 14378
 -1129 -21741 13282
 -188 -21095 19907
 -1489 -22281 21053
 -2531 -22465 14977
 -2437 -23196 18765
 -1831 -23981 15471
 -2342 -24988 15472
 -2357 -24931 13499
 -2802 -24509 12934
 -896 -19809 16436
 -3945 -21350 21605
 -1472 -23492 15657
 -570 -25534 14150
 -2210 -21532 16801
 -2543 -23627 16361
 -2410 -24940 15006
 -1931 -26089 14376
 -2294 -21762 15136
 -921 -18474 17583
 -681 -23718 20153
 -2139 -21050 19190
 -3741 -21385 20474
 1240 -22466 17706
 -6050 -20571 19113
 -4348 -17810 17807
 -7494 -18522 20310
 -6053 -19745 20733
 84 -24068 16757
 1865 -22206 18710
 -2365 -22984 18536
 -5881 -23127 17619
 -5674 -14999 19964
 577 -24560 19406
 60 -25102 16904
 -2126 -20403 18628
 -66 -18724 21343
 -566 -24461 16814
 -3 -23644 16551
 -514 -22583 17909
 -3957 -17965 19321
 -2892 -25233 20211
 -3065 -22684 19014
 -2314 -21697 17816
 -2351 -20139 17978
 -2541 -22531 19117
 -812 -23639 16456
 -2927 -22128 19014
 -2428 -21550 18324
 -2309 -22865 17541
 -2176 -22675 17599
 -2509 -22041 18472
 -2523 -22143 18230
 -2215 -22563 17579
 -2306 -22469 17881
 -2430 -22668 17511
 -2670 -22683 17613
 -2700 -22373 18509
 -1535 -22107 18669
 -1470 -21910 18563
 -2318 -21831 18547
 -3231 -22292 18180
 -1596 -22948 18534
 -1733 -21509 19372
 -4866 -19376 19086
 -3638 -23510 16467
 -16 -23332 17202
 327 -20701 19767
 -2748 -21317 20191
 -3935 -21087 20393
 -729 -24393 16921
 -1315 -18442 19926
 -1787 -23492 16280
 -2029 -21605 18901
 -2312 -20038 20579
 -1942 -21670 19072
 -1933 -22082 18682
 -3070 -20509 20070
 88 -22142 18110
 -810 -22035 18783
 -2593 -21028 19169
 -1931 -21673 18986
 -1846 -22289 17745
 -4839 -22118 18578
 -5093 -18714 20811
 -2602 -18551 20856
 -2432 -22794 17899
 -2814 -24002 16202
 -3723 -23669 17011
 -2275 -23236 17641
 -1892 -23466 16555
 -2482 -22433 17081
 -1993 -22861 16745
 -2858 -22856 18085
 -3105 -22270 17209
 -2261 -23409 17589
 -2438 -22697 18313
 -1457 -22207 18668
 -3622 -19023 19615
 -4244 -22393 18964
 -3511 -22973 18117
 -3032 -19656 21699
 -3579 -18861 20967
 -3998 -21495 19844
 -4750 -20899 18834
 -1806 -20650 17683
 1625 -25173 17151
 -591 -22327 19633
 -3875 -22481 20862
 -4274 -17899 17758
 -4524 -19027 19557
 -1290 -24519 17696
 -1199 -24676 20016
 -2877 -23582 16919
 109 -15221 21777
 -1248 -24261 21209
 -458 -24653 15638
 2597 -25838 19653
 8528 -31008 15530
 -2443 -27661 3276
 -1364 -26381 3134
 -5412 -23246 7991
 -5780 -24935 11600
 -4155 -25058 8012
 -4141 -24841 10601
 -3737 -23553 8914
 -2185 -26131 13029
 -3352 -23771 13864
 -490 -25055 15289
 233 -25501 15703
 -334 -22157 16352
 -1535 -21758 19135
 -1640 -23009 19157
 -1994 -19438 18595
 -2160 -23103 19690
 -2089 -23357 19685
 -1292 -17280 20603
 -3695 -20918 20664
 -1420 -19688 21220
 -1186 -20947 19158
 -3207 -23932 17546
 -2007 -21647 18698
 -2251 -21511 18416
 -1634 -23535 17827
 -1430 -23867 16986
 -2787 -21267 18210
 -3144 -22128 17802
 -3067 -23759 17168
 -3288 -23241 16730
 -2857 -23899 16443
 -457 -23035 15542
 -2041 -23967 14241
 -3983 -25232 13420
 -1184 -26354 12052
 -3181 -25281 14358
 -4296 -21372 11065
 2223 -24512 12506
 4165 -22553 12626
 2484 -24273 15828
 200 -25173 15119
 -2367 -23924 13829
 -3143 -24066 13367
 -3747 -24911 13575
 -3231 -24039 15260
 -3051 -24154 15050
 -3040 -22882 14731
 -2077 -25141 13067
 -1320 -25124 13337
 -1120 -23972 14913
 -1046 -23588 16260
 -1058 -20653 14818
 -2663 -24025 15163
 -3762 -32768 14119
 -3154 -30683 19367
 -2187 -20373 18042
 2161 -9444 28793
 3605 -12935 25330
 1461 -10393 22635
 1672 -7160 22523
 1656 -4725 21342
 1610 -1911 21702
 1989 869 19304
 2522 3191 17936
 1722 3362 16312
 3035 5760 16150
 3847 7623 14613
 5283 5171 9971
 4873 7246 9255
 6375 5359 10996
 6638 5770 11639
 7236 6226 10830
 6653 5795 11507
 5393 6332 12093
 4571 6654 12251
 4420 7409 11543
 3897 7414 12990
 3593 5391 13275
 2703 5808 13835
 3598 6427 16046
Repetition Start
 3343 3089 16492
 2733 2079 17593
 3564 2062 17895
 1804 -600 20851
 3417 -4348 21633
 3145 -5832 21631
 -8 -8728 23630
 1744 -11588 23503
 182 -16072 20559
 -1851 -22092 32767
 789 -27579 15826
 -3373 -26659 19189
 -4369 -27629 18159
 -5437 -29320 14096
Repetition End
0
 -5188 -21698 16699
 -5143 -20692 19741
 -2238 -22958 16834
 -3338 -21975 18505
 -3845 -22585 16646
 -3737 -23791 15069
 -2671 -22817 17750
 -2850 -22332 17850
 -3310 -22609 17597
 -3026 -22511 18151
 -2349 -21911 17911
 -3028 -24130 19696
 -4164 -22426 18131
 -5622 -26318 22153
 -1160 -27829 16179
Repetition Start
 -829 -16058 23838
 -154 -17124 22476
 3484 -12797 25717
 2877 -11353 23406
 3113 -8342 24417
 2482 -7018 22608
 2648 -3092 22369
 2550 -749 19863
 2002 1862 18748
 1256 3232 18180
 1344 4200 15487
 1933 5915 14789
 1639 6773 13750
 2091 6880 10578
 2179 8107 8166
 2765 10006 5898
 3118 8938 7169
 308 7148 6892
 1659 7661 8919
 1567 8109 11865
 279 6396 13402
 1176 5307 14312
 1963 5365 15860
 1940 3415 17643
 1933 1694 18675
 2010 861 20303
 1589 -161 21925
 1119 -559 22542
 284 -3379 23344
 593 -4667 23947
 1178 -6787 24723
 658 -7132 25016
 -229 -8345 24109
 313 -10384 24368
 -107 -13457 25258
 339 -14801 21932
 3052 -18716 26824
 -2171 -21106 17251
 -2203 -20602 18832
 -3085 -24683 21086
 -4258 -25598 15842
 -5356 -22765 19002
 -4820 -24015 16087
Repetition End
1
 -2976 -23060 18331
 -3468 -21688 17390
 -3771 -22885 17048
 -3521 -22974 16773
 -3756 -23746 16066
 -4060 -23077 16869
 -4547 -23209 16278
 -3990 -23268 19625
 -7197 -27678 17964
Repetition Start
 -3129 -26030 16221
 -534 -15171 22690
 -1490 -18113 23157
 2953 -11337 26916
 3004 -16185 26146
 1555 -11241 25153
 225 -9501 23566
 1290 -6174 22184
 1485 -2479 21512
 2791 -425 19908
 2756 1144 19040
 3210 3131 18221
 3351 3276 17017
 3351 4081 14819
 3249 6427 14449
 2694 6495 12207
 2823 5654 10666
 1654 9836 10026
 354 6882 8583
 1846 8438 7126
 2063 8245 8917
 2512 7647 10363
 2237 7673 10712
 2631 6807 12085
 3021 5816 13444
 2796 4891 15602
 2722 2613 17637
 2657 -50 19517
 2114 -284 21676
 1531 -1985 22428
 199 -4928 23559
 1424 -5353 22901
 136 -4836 23123
 -224 -6920 24999
 400 -9942 24900
 -378 -11605 23250
 -1523 -14663 23883
 2666 -16734 27857
 -1495 -19598 20872
 -2316 -21322 18922
 -2316 -22748 17173
 -3580 -28944 12914
 -4569 -25556 14290
 -4433 -23274 14682
Repetition End
1
 -3496 -23166 15824
 -3789 -23067 16966
 -3296 -22818 16396
 -2885 -23446 15690
 -2593 -23510 16001
Repetition Start
 -3378 -23609 15538
 -3425 -23626 15772
 -3411 -23845 16209
 -3123 -24346 16079
 -3988 -25130 16648
 -3719 -25795 18770
 -5334 -26256 16804
 -1342 -16663 21989
 1685 -16585 22309
 1287 -13002 26754
 1021 -15398 25167
 1002 -10280 24333
 1534 -7315 25051
 259 -6998 22331
 -164 -4092 23264
 1277 -2697 22695
 1717 -1785 21494
 2839 480 21212
 2470 1473 20178
 2847 2686 17484
 2960 3326 15678
 2563 5214 14392
 2088 6877 11881
 114 7716 9097
 2597 13298 6975
 2175 8472 2409
 868 9282 6520
 619 8017 9391
 1360 8053 10457
 71 7062 11180
 1153 6997 12531
 1783 6047 14603
 1774 3636 16654
 2020 2515 18860
 2281 1749 19825
 1586 288 21482
 1597 -836 21943
 1262 -1787 23394
 -12 -4225 23450
 127 -4744 23157
 1093 -6157 24639
 683 -7322 25314
 307 -9636 24018
 654 -12496 23366
 38 -13747 23203
 1188 -17637 28954
 91 -20092 19726
 -1673 -25988 15164
 -1922 -28023 15010
Repetition End
1
 -3924 -28232 10428
 -3273 -22617 15839
 -3678 -21756 17827
 -4733 -23305 15396
 -4435 -22441 17147
 -3453 -22863 16931
 -2915 -23640 15485
Repetition Start
 -3271 -23307 16043
 -3469 -23340 15885
 -3282 -23625 15954
 -4041 -23547 18069
 -4699 -23494 17097
 -6061 -24733 15123
 -5377 -25782 19216
 -2827 -24308 18088
 -892 -19899 23917
 -1022 -15282 25526
 1623 -18020 23610
 1602 -13413 23136
 1704 -9891 23144
 1075 -8052 23096
 1804 -3516 24134
 1839 -3195 22743
 1903 -1423 21135
 1220 765 20246
 1096 2184 18892
 1357 3705 17529
 1750 4273 15546
 1944 5714 13229
 1469 8480 12427
 949 6689 10042
 1256 7409 7167
 2014 12091 5820
 1353 9139 4525
 -513 7367 9710
 1945 7445 7164
 3804 8799 8129
 4549 8408 10652
 5687 4942 10084
 2227 5717 13059
 1009 6477 15926
 1414 4373 15591
 1962 2674 18972
 1877 1499 21379
 2160 -888 21431
 -188 -2296 21477
 915 -4024 23385
 1560 -6961 22798
 143 -7368 23775
 -449 -10791 22628
 -1182 -13395 23166
 -1142 -15078 19803
 -2309 -20546 32407
 -3993 -27390 8841
 -2461 -20718 18111
 -5365 -29051 13422
Repetition End
1
 -4055 -25723 13584
 -2409 -23495 16521
 -3127 -23032 17315
 -4526 -22674 16661
 -3840 -23864 15827
Repetition Start
 -2485 -23083 16584
 -3136 -23284 16090
 -3376 -23246 16357
 -3324 -22822 16957
 -3625 -23619 16916
 -2468 -22311 18370
 -3429 -22778 16751
 -5386 -26051 13724
 -3994 -26281 19638
 -2992 -26649 17203
 -828 -20397 22844
 -276 -15135 23292
 1891 -14446 23980
 416 -11277 22932
 1530 -8177 23896
 3340 -6980 23417
 2869 -3110 22671
 4009 -1470 20917
 4368 66 20837
 3341 1287 18959
 2996 2851 17827
 2416 3193 16076
 2610 4902 14218
 2877 7493 11780
 2597 7348 10256
 1723 6539 7270
 2540 9575 8612
 1871 8652 3477
 2504 8289 4540
 3087 7342 7866
 3832 7940 7929
 3476 5688 10972
 4094 5397 13195
 3734 4985 15956
 2627 2599 15543
 3397 1486 19006
 2980 831 20189
 2162 -513 21745
 1208 -4268 21582
 1073 -5262 22186
 161 -6398 23423
 355 -9134 22643
 297 -13065 22670
 618 -15328 22402
 851 -19339 30390
 -2665 -25654 5943
 -3695 -29288 16537
Repetition End
1
 -4303 -26464 13109
 -4679 -23960 15680
 -4507 -23893 15543
 -4280 -22877 18688
 -4073 -21214 18342
Repetition Start
 -3093 -22845 17286
 -2882 -23250 16671
 -3589 -22879 16665
 -3930 -23135 16640
 -4226 -23675 17470
 -3494 -24454 18556
 -3633 -25577 17437
 -4204 -27864 17960
 -7084 -22818 18655
 -7769 -17209 23201
 -682 -16039 22862
 -820 -13183 26012
 1385 -13912 25164
 756 -10459 26029
 2492 -10699 25271
 1343 -7806 23321
 2763 -5656 22464
 2771 -3379 22037
 3259 -1291 22635
 2291 95 20308
 2542 1882 18448
 2766 4109 17567
 1756 4176 15147
 2335 5770 12928
 2893 7363 12602
 2408 6100 10366
 1611 5783 8072
 1670 8445 8574
 1906 8874 2339
 1836 8465 4419
 1725 8303 5774
 1948 7355 8796
 2918 10438 9437
 1873 5896 11386
 2706 4915 13687
 2749 4849 15663
 2101 3049 17449
 2538 -357 19854
 988 -1985 20869
 1635 -653 22450
 1911 -3655 22231
 1891 -6697 23041
 2291 -7980 24281
 622 -9871 23670
 -354 -11138 25188
 -264 -13581 21145
 1388 -15720 31351
 -1480 -22743 22320
 -1544 -22629 16142
 -3211 -26744 23684
 -4857 -27192 9075
 -5281 -25602 15481
 -4325 -22512 18257
Repetition End
1
 -3488 -23033 16607
 -4096 -21403 16108
 -3409 -22573 17946
 -4323 -23911 15353
 -4095 -23373 16224
 -4040 -22711 16528
 -3724 -23645 16114
 -3486 -22999 16892
 -4286 -24162 16499
 -4662 -23850 16677
 -5353 -29743 16174
 -2773 -25655 16113
 -2428 -20286 21236
Repetition Start
 -211 -18027 23405
 479 -16025 22383
 192 -15265 27364
 1218 -13923 24163
 1110 -8735 25159
 676 -9566 23414
 850 -5117 24779
 1329 -5028 23558
 2376 -3469 21909
 2198 -1323 20612
 3306 1325 21063
 2657 2974 19104
 2377 3635 18080
 2137 3510 15481
 2377 6253 14205
 2370 7222 12251
 1744 6696 9528
 2120 7350 7884
 2282 9738 9186
 1896 8524 -19
 2272 8801 4423
 2096 8277 6105
 2732 7266 9560
 2697 7374 9197
 2840 6271 11290
 3009 6123 13313
 2813 4858 15087
 3214 3512 17886
 2434 2027 17717
 1312 2116 20659
 2220 451 21529
 1052 -1080 21467
 1329 -3287 23221
 1917 -4303 23318
 2733 -4926 22254
 513 -9581 22743
 1341 -8614 19494
 -320 -12581 20295
 -494 -15206 17420
 676 -26025 27168
 -2949 -22654 11650
 -2759 -24778 17093
 -5559 -26593 11272
Repetition End
1
 -5385 -23108 15833
 -4212 -22722 17203
 -3612 -22361 16371
 -3959 -22032 18671
Repetition Start
 -3774 -22767 17186
 -3306 -22410 16653
 -3417 -22980 17186
 -2967 -22691 16952
 -3462 -22879 17197
 -3587 -22816 17223
 -3326 -22719 17011
 -3539 -22922 17043
 -3617 -22723 17111
 -3467 -22782 17044
 -3473 -22815 17071
 -3422 -22724 17045
 -3521 -22870 16917
 -3598 -22919 16976
 -3896 -22385 16988
 -3549 -22930 16928
 -3555 -23249 16210
 -3581 -23093 16177
 -3305 -22835 16734
 -3593 -23043 16305
 -3617 -23028 16304
 -3718 -23001 16283
 -3463 -23401 16504
 -4206 -22859 16837
 -2642 -22801 16787
 -2967 -23172 16670
 -3389 -23358 16118
 -3539 -23287 16368
 -3014 -22922 16578
 -4396 -22848 17441
 -4188 -20956 18266
 -4663 -23431 16267
 -3195 -22189 18423
 -3519 -22548 17875
 -3712 -22678 17038
 -3684 -24690 17046
 -4427 -22425 14246
 -2670 -26410 17031
 -254 -19874 15181
Repetition End
0
 4143 -20092 14468
 4459 -18040 15793
 776 -23623 21367
 -8203 -28932 12860
 -6659 -22118 18574
 -7320 -23531 14962
 -7829 -23639 17646
 -2148 -22518 16558
 -1582 -23373 16234
 -4419 -21610 20478
 -1796 -24430 22641
 -1943 -26398 17484
 2163 -16268 21967
Repetition Start
 1256 -16852 23468
 1650 -16422 20911
 2293 -8584 24181
 2614 -7538 23351
 2213 -4158 22809
 1713 -1505 19584
 1748 633 17758
 1928 2044 15403
 1820 5623 13604
 2631 9500 12337
 1889 6998 10381
 882 6000 6180
 891 9265 9178
 1547 9260 4610
 1903 8609 5843
 1831 8600 8297
 2105 6835 10224
 2825 6846 10845
 3068 5221 13169
 2377 3426 15477
 1879 360 19519
 1641 -1218 21068
 1834 -2209 21031
 1461 -4127 22643
 -564 -6640 22144
 -1315 -9438 23880
 364 -11940 22790
 -954 -13929 22044
 1614 -22105 30919
 -3623 -28360 17289
 -4919 -26602 14786
 -4393 -29214 19057
Repetition End
1
 -4688 -27523 16609
 -1019 -22680 23214
 -2828 -17934 22987
 1385 -16485 25274
Repetition Start
 1289 -11925 23877
 1830 -8597 22831
 1872 -5289 23349
 2027 -4263 22172
 2361 -2326 21104
 2379 829 19288
 2303 2094 18294
 3126 3507 16888
 2919 4434 14982
 3077 6132 12983
 2890 7451 11269
 1987 10045 8541
 3100 11093 5470
 2043 9956 7354
 2343 8111 10188
 2926 6534 15023
 2186 6759 12667
 1681 4867 14975
 1348 2127 17923
 1265 756 19606
 1773 -1225 20339
 1937 809 20972
 991 -1177 22384
 -2027 -5605 22094
 -125 -6123 24380
 513 -7583 22786
 -324 -11496 23370
 -729 -13109 21815
 -31 -20720 32767
 -2203 -27631 12794
 -4478 -32768 20302
 -7712 -32672 7132
 -5778 -26043 17519
Repetition End
1
 -7628 -30761 14286
 -4381 -18421 25921
 -2044 -13663 21804
Repetition Start
 690 -15378 22935
 1388 -12329 25011
 322 -9376 24364
 1713 -8912 26027
 1813 -9824 24159
 1332 -7050 23698
 1002 -4202 22274
 2428 -2079 21913
 1714 452 22012
 2307 1889 20406
 2693 1654 18597
 2251 2847 17512
 3805 5166 15126
 5569 6581 13022
 4510 5696 10357
 4853 6152 9180
 5347 9372 5028
 4348 8855 6380
 4229 8543 8283
 4328 8268 10414
 3385 5777 12620
 2989 4284 14481
 2984 3317 18170
 2915 245 19861
 2733 -1447 21656
 2351 -2421 22672
 -180 -4116 24007
 655 -5638 21820
 445 -5410 24362
 -91 -9162 24428
 1597 -9810 23640
 -132 -14183 21534
 1559 -19283 32710
 -171 -22263 11263
 -2439 -29314 14897
 -4562 -32768 11486
 -5182 -26496 18756
 -3925 -27130 19601
Repetition End
1
 5433 -15883 23076
 -351 -11465 23383
 -406 -14787 22763
Repetition Start
 684 -10950 26309
 1660 -9919 22888
 1919 -12745 27328
 1395 -10758 21709
 1998 -6011 23173
 2574 -5819 24875
 1422 -1598 21802
 2440 490 20355
 2879 1089 18197
 2319 2509 16866
 2583 3875 13533
 4378 8684 13016
 2710 6873 12340
 2074 6814 7726
 4187 11807 7578
 961 10841 1416
 3119 8418 5790
 4684 7175 7215
 4460 6210 10430
 4350 6874 13126
 1589 2419 15347
 1890 2607 18551
 1694 -27 20413
 1678 -2064 21976
 870 -3000 22359
 661 -5820 23316
 481 -5874 21358
 553 -7445 24070
 873 -11366 24632
 -1113 -13272 21668
 5758 -18679 32430
 -3577 -32409 14625
 -4787 -24856 16249
 -6114 -29910 17422
 -4336 -26168 18188
 -304 -25347 19836
 -1727 -15099 28030
Repetition End
1
 1182 -16700 23505
 2018 -13550 22564
 2922 -9080 24294
 2442 -7532 24092
 2360 -5045 21798
 2831 -2138 20132
 888 719 18974
Repetition Start
 2395 2090 17669
 2397 3733 17021
 1679 4804 14288
 2038 8253 11739
 1508 7235 9834
 1930 7838 8845
 2323 8904 4951
 1743 10071 6454
 2863 8958 8161
 3663 8995 9932
 2711 6803 11251
 2632 5364 13343
 3074 4353 15684
 3166 1314 17665
 2550 -926 18981
 1721 -604 21763
 1725 -2244 21964
 774 -4528 22934
 435 -5708 23155
 1803 -5161 25335
 1301 -8490 24565
 -809 -11161 20736
 369 -12847 20977
 -2003 -23449 32726
 -2216 -29792 14244
 -4194 -32768 14929
 -3287 -30154 16458
Repetition End
0
 -5024 -26073 14212
 -1141 -7552 26063
 1847 -16355 23977
 1351 -14427 23448
 1646 -11740 24198
 2155 -7655 24559
 256 -9602 24541
 1061 -4158 24172
 1191 -4594 23254
 2889 -1531 22754
 2544 -5 21909
 1884 1686 20004
 2237 1939 17951
 1758 3144 16528
 1751 6129 15422
 1019 6211 12946
 1162 7133 9098
 4110 12114 6365
 3576 11655 -2351
 2175 7772 3855
 2380 7771 4221
 2973 7917 6149
 4354 8144 13005
 2367 5524 11511
 3757 3947 14998
 3561 3500 16637
 3180 2194 17819
 2794 165 20621
 2385 -779 21639
 2648 -2473 21967
 2517 -2991 23278
 938 -5221 23871
 1622 -8493 24538
 1727 -10544 23381
 361 -12091 24231
 -754 -14514 23502
 -880 -17510 31913
 -1125 -22872 18788
 -5779 -30117 19475
 -5352 -30979 13791
 -5274 -28415 17971
 1990 -20898 26239
 769 -19039 23338
Repetition Start
 1250 -15026 20885
 66 -10223 23350
 2424 -9611 22008
 1384 -6321 23810
 1388 -5137 23094
 3084 -2970 24192
 1949 -2110 22657
 2204 -1561 21767
 2590 701 21091
 2632 1899 19428
 1878 2651 18611
 1522 4178 16856
 1872 6263 15171
 1710 6930 13801
 1973 5322 11897
 3394 9138 11184
 3842 8258 5382
 3112 11247 2119
 3265 7868 8993
 2553 5186 8469
 3642 7272 11742
 3880 6189 14181
 2962 4047 17092
 2596 -311 18400
 2701 107 21263
 2362 -711 21061
 1982 -1394 21476
 1397 -2321 22518
 803 -4463 23320
 1870 -5527 22918
 1627 -7276 23988
 1544 -9248 23193
 724 -11433 21792
 447 -15039 18471
 1878 -22647 32767
 -4260 -26557 8216
 -7828 -32727 17667
 -5446 -23719 12264
 -4578 -24441 13562
 -3949 -22993 18232
 -2261 -19685 20805
 -2765 -21057 19187
 -4334 -22960 17330
 -3333 -23559 16473
 -2816 -22677 17220
 -3193 -22248 17529
 -2733 -22361 17668
 -3559 -22200 19504
 -3846 -22717 17521
 -3644 -22329 18015
 -2595 -22812 18718
 -3174 -21864 16302
 -5488 -22525 17950
 -4811 -22553 19991
 -3022 -21538 18444
 -3372 -22227 16621
 -4531 -21657 19190
 -3366 -22984 17451
 -3129 -21191 19193
 -2654 -22378 17680
 -3557 -22499 17797
 -4142 -23544 16759
 -3950 -22582 16368
 -4043 -21453 16786
 -2907 -23629 16340
 -2948 -23346 17172
Repetition End
0
 -3390 -23003 17016
 -3799 -22908 17108
 -3855 -22774 17281
 -3515 -22610 17354
 -3246 -22665 17309
 -3511 -22755 17458
 -3672 -22675 17357
 -3540 -22397 17644
 -3511 -22520 17414
 -3408 -22562 17557
 -3412 -22302 18038
 -3407 -22741 17735
 -3402 -22618 17607
