Repetition start
1.67340087891
1.74645996094
1.79559326172
1.55419921875
1.56311035156
1.48828125
1.37811279297
1.15002441406
0.990051269531
0.722229003906
0.794189453125
1.20245361328
1.24127197266
1.61175537109
1.71514892578
1.44219970703
1.3291015625
1.27893066406
0.343688964844
-0.152404785156
Repetition end
1
Repetition start
1.33825683594
1.58654785156
1.40710449219
1.1181640625
1.03607177734
0.945983886719
0.820861816406
0.695251464844
0.874694824219
1.10461425781
1.63818359375
1.49493408203
1.58697509766
1.51031494141
1.18756103516
1.68432617188
1.34991455078
-0.0972290039062
-0.619201660156
-0.106262207031
Repetition end
1
Repetition start
1.60076904297
1.36956787109
1.39489746094
1.67297363281
1.63214111328
1.26171875
1.09985351562
0.927001953125
0.89208984375
0.530944824219
0.818542480469
1.34118652344
1.54754638672
1.56042480469
1.36865234375
1.59930419922
1.31567382812
1.29022216797
0.418823242188
-0.0903930664062
Repetition end
1
Repetition start
1.12921142578
1.74151611328
1.58636474609
1.4189453125
1.34881591797
1.25836181641
1.10369873047
1.18530273438
1.16882324219
1.24212646484
1.16668701172
1.40759277344
1.45867919922
1.50012207031
1.66717529297
1.64099121094
1.53521728516
1.49365234375
1.560546875
0.143981933594
Repetition end
1
Repetition start
1.56091308594
1.67620849609
1.23474121094
1.21801757812
0.878295898438
0.557800292969
0.634826660156
0.47900390625
0.512756347656
0.708190917969
1.18737792969
1.29431152344
1.53570556641
1.58337402344
1.52130126953
1.31707763672
1.88946533203
0.838012695312
-0.0372314453125
0.278442382812
Repetition end
1
Repetition start
1.71612548828
1.64025878906
1.59857177734
1.68304443359
1.79315185547
1.58941650391
1.55108642578
1.06481933594
0.504699707031
1.01416015625
1.14739990234
1.44665527344
1.47802734375
1.60650634766
1.52191162109
1.74792480469
1.3837890625
1.39038085938
0.844299316406
0.114868164062
Repetition end
1
Repetition start
1.26147460938
1.51751708984
1.69360351562
1.61163330078
1.65563964844
1.01580810547
0.878356933594
0.443176269531
0.777404785156
0.904174804688
1.06097412109
1.48077392578
1.51354980469
1.41638183594
1.4970703125
1.43518066406
1.40539550781
0.387268066406
0.223571777344
0.224853515625
Repetition end
1
Repetition start
0.103637695312
1.58221435547
1.68060302734
1.49304199219
1.28845214844
1.19097900391
1.08923339844
0.637878417969
0.527404785156
0.38232421875
0.496520996094
0.709228515625
0.835876464844
1.13128662109
1.26843261719
1.51507568359
1.48919677734
1.37640380859
0.533569335938
0.41015625
Repetition end
1
Repetition start
1.17950439453
1.71197509766
1.64312744141
1.62335205078
1.68414306641
1.70251464844
1.44927978516
1.39831542969
1.29455566406
1.26281738281
1.09478759766
0.649230957031
0.458312988281
1.68426513672
1.53063964844
1.61676025391
-0.0133666992188
0.182678222656
0.380615234375
0.651489257812
Repetition end
1
Repetition start
1.81365966797
1.54510498047
1.5869140625
1.30401611328
1.06140136719
0.639709472656
0.607727050781
0.380554199219
0.306091308594
0.234497070312
0.161193847656
0.38330078125
1.01177978516
1.51910400391
1.37969970703
1.39367675781
1.61486816406
1.46398925781
0.456237792969
-0.74755859375
Repetition end
1
Repetition start
0.0283813476562
0.530090332031
1.70642089844
1.52081298828
1.60168457031
1.61224365234
1.52972412109
1.47790527344
0.623962402344
0.209533691406
1.06939697266
1.55517578125
1.64056396484
1.66223144531
1.58044433594
1.65814208984
1.240234375
1.34210205078
1.39312744141
0.156677246094
Repetition end
1
Repetition start
1.30151367188
1.49438476562
1.57336425781
1.58123779297
1.73645019531
1.48046875
1.64965820312
1.80847167969
1.40106201172
1.25988769531
1.18798828125
1.08648681641
0.529357910156
0.674438476562
0.516906738281
0.574157714844
1.01379394531
1.56524658203
1.54974365234
1.98504638672
Repetition end
1
Repetition start
1.56036376953
1.58447265625
1.53454589844
1.36474609375
1.05334472656
0.787292480469
0.669921875
0.598022460938
0.526306152344
0.841247558594
0.993957519531
1.37115478516
1.58679199219
1.54998779297
1.49530029297
1.38317871094
1.16693115234
1.29528808594
0.884704589844
0.144897460938
Repetition end
1
Repetition start
0.233459472656
0.15673828125
0.197082519531
0.207153320312
0.253356933594
0.218872070312
0.32861328125
0.418273925781
0.421997070312
0.400146484375
0.396362304688
0.339111328125
0.29931640625
0.2802734375
0.284118652344
0.243041992188
0.236328125
0.224243164062
0.201538085938
0.178771972656
Repetition end
0
Repetition start
1.48931884766
1.56341552734
1.71630859375
1.47149658203
1.32476806641
1.38153076172
0.814086914062
0.549438476562
0.698852539062
0.8837890625
1.25213623047
1.29095458984
1.46331787109
1.50250244141
1.27258300781
0.607604980469
-0.0206298828125
0.107543945312
0.359619140625
0.552429199219
Repetition end
1
Repetition start
0.336669921875
0.323547363281
0.882629394531
1.6220703125
1.57830810547
1.74072265625
1.58612060547
1.56134033203
1.31524658203
0.936828613281
0.754211425781
0.635803222656
1.01586914062
1.52270507812
1.66076660156
1.58917236328
1.14721679688
1.07586669922
0.096435546875
0.0972900390625
Repetition end
1
Repetition start
0.179138183594
0.0975952148438
1.29241943359
1.61968994141
1.68975830078
1.63848876953
1.56072998047
1.57672119141
1.53491210938
0.488830566406
0.707214355469
0.647583007812
0.733825683594
1.54711914062
1.55541992188
1.47485351562
1.54486083984
1.14135742188
-0.433471679688
-0.2890625
Repetition end
1
Repetition start
0.215637207031
0.233337402344
0.237243652344
0.190002441406
0.187133789062
0.35400390625
1.34948730469
1.61608886719
1.53942871094
1.19720458984
1.01477050781
0.843444824219
0.48486328125
0.818786621094
1.10382080078
1.47290039062
1.51013183594
1.55981445312
1.47143554688
1.24572753906
Repetition end
1
Repetition start
1.50787353516
1.69305419922
1.61505126953
1.68560791016
1.74114990234
1.68713378906
1.65393066406
1.33227539062
1.14587402344
0.432006835938
0.326599121094
0.586059570312
0.690856933594
0.858459472656
0.987060546875
1.12634277344
1.35339355469
1.53234863281
1.44671630859
-0.676452636719
Repetition end
1
Repetition start
0.0784912109375
-0.209899902344
1.53594970703
1.43817138672
1.61395263672
1.65368652344
1.62878417969
1.60162353516
1.18157958984
0.911926269531
0.732177734375
0.424499511719
0.376831054688
1.07757568359
1.35327148438
1.45513916016
1.248046875
1.23803710938
0.781494140625
-0.0465087890625
Repetition end
1
Repetition start
0.958068847656
1.49127197266
1.70520019531
1.61511230469
1.48052978516
0.682189941406
0.591125488281
0.442810058594
0.850402832031
1.10015869141
1.21606445312
1.59899902344
1.57177734375
1.57495117188
1.50439453125
1.37420654297
1.28240966797
1.15692138672
1.96514892578
0.446716308594
Repetition end
1
Repetition start
1.17651367188
1.5927734375
1.52008056641
1.65655517578
1.72351074219
1.36462402344
0.892578125
0.593505859375
0.498107910156
1.03485107422
1.15264892578
1.39562988281
1.50726318359
1.64764404297
1.66552734375
1.388671875
1.52355957031
1.50598144531
0.974182128906
-0.241638183594
Repetition end
1
Repetition start
1.53930664062
1.55627441406
1.56402587891
1.56170654297
1.27252197266
0.841186523438
0.614990234375
0.547912597656
0.424743652344
0.659362792969
0.863525390625
0.978332519531
1.27001953125
1.46246337891
1.47387695312
1.62353515625
1.44390869141
1.21588134766
-0.430053710938
0.153381347656
Repetition end
1
Repetition start
1.68041992188
1.83251953125
1.63635253906
1.70715332031
1.8291015625
1.69738769531
1.61126708984
1.55645751953
1.51916503906
1.4443359375
0.826110839844
0.968200683594
1.06042480469
1.3603515625
1.42169189453
1.21759033203
1.15344238281
2.2783203125
0.814086914062
0.300048828125
Repetition end
1
Repetition start
1.41809082031
1.62463378906
1.65283203125
1.64733886719
1.68005371094
1.27099609375
1.08770751953
0.923156738281
0.4423828125
0.445983886719
0.808044433594
1.24554443359
1.38629150391
1.48492431641
1.39947509766
1.14624023438
0.79150390625
-0.369689941406
-0.682678222656
0.36181640625
Repetition end
1
