-394 17375 857
 -1429 16942 958
 -1625 17801 3466
 -2693 17326 2227
 -1948 17395 2761
 -569 18304 1977
-637 -8870 12564
 422 -10281 12464
 150 -10376 10793
 34 -10107 12081
 -412 -9653 12339
 548 -10153 11851
 554 -9795 12054
 -183 -9356 12291
 -205 -9745 11985
 28 -9776 11943
 347 -9794 12160
 207 -9622 12318
 -63 -9660 12155
 -84 -9674 12067
 -151 -9696 12017
 44 -9764 12181
 496 -9839 12124
 488 -9765 12066
 428 -9729 12049
 -49 -9420 12055
 -56 -10054 12317
 264 -10510 10179
 -61 -10090 14009
 -77 -10144 11532
 191 -9061 12412
 667 -9176 12727
 543 -6920 14003
 776 -6330 14788
 712 -4506 15298
 1394 -3423 15853
 939 -5330 15023
 -82 -4798 15568
 342 -5810 13882
 368 -5309 15704
 365 -11273 9850
 1233 -9546 11676
 2125 -8742 12919
 1797 -9591 12169
 1302 -8999 12514
 818 -8757 13217
 924 -8659 13019
 647 -9100 12603
 485 -9374 12547
 898 -9266 12634
 795 -9189 12594
 815 -8779 12593
 782 -8702 13005
 678 -8984 12955
 639 -9297 12417
 568 -9041 12684
 538 -9012 12669
 472 -9006 12577
 242 -8873 12115
 469 -9246 12779
 12 -9121 12374
 -173 -8985 12556
 121 -9585 12480
 716 -8863 12966
 291 -8034 13451
 691 -9407 12364
 1374 -10129 11815
 1172 -8895 12675
 551 -9045 12411
 225 -9302 12636
 170 -9498 12109
 -111 -10198 11535
 1133 -8617 12890
 1813 -8070 13195
 1051 -10677 11086
 566 -10138 11886
 -228 -9211 12322
 117 -9267 12464
 190 -8699 13028
 642 -9683 11922
 271 -9648 12134
 398 -9119 12667
 383 -9158 12700
 887 -9783 12069
 1071 -9256 12306
 -111 -9015 12433
 -621 -9704 12149
 149 -9010 12704
 294 -9730 12074
 466 -9654 12033
 560 -9189 12236
 228 -9458 12385
 -1023 -9471 12431
 -673 -9621 12334
 -203 -9954 11794
 175 -9286 12559
 -308 -9084 12555
 -98 -9416 11999
 447 -9693 12072
 -302 -8849 12886
 -907 -9267 12592
 -474 -9726 12202
 -501 -9469 12124
 -952 -9019 12818
 -751 -8806 12754
 -86 -9316 12582
 -236 -9732 12061
 -308 -9099 12607
 120 -8791 12960
 115 -9278 12227
 3 -8915 12809
 -557 -9047 12622
 -1523 -8832 12814
 -876 -9473 12361
 -38 -9528 12296
 -496 -8984 12721
 -87 -8971 12806
 389 -9513 12168
 -272 -9909 12010
 -1308 -8825 12725
 -1329 -8554 12936
 -433 -8876 12807
 145 -9430 12325
 318 -9653 12085
 198 -8987 12517
 133 -8612 13052
 -45 -9370 12221
 -341 -8765 12741
 -556 -9009 12420
 459 -9837 12466
 912 -8788 12804
 700 -9336 12383
 395 -9436 12314
 281 -9132 12722
 383 -9223 12502
 556 -9156 12781
 705 -8998 12733
 597 -8908 12751
 748 -9106 12580
 851 -9043 12651
 911 -9045 12624
 900 -9125 12790
 -577 -9578 13028
 27 -8658 12822
 1665 -8807 12646
 2359 -9262 12333
 2025 -8818 12586
 1750 -8773 12906
 854 -8567 12944
 1249 -9123 12841
 1073 -8579 12924
 516 -9740 12769
 367 -8775 12865
 746 -8745 12897
 878 -8762 12792
 833 -8741 12880
 892 -8821 12961
 1039 -8307 13186
 842 -8767 13066
 539 -8733 12838
 737 -8571 13126
 796 -8684 12932
 814 -8655 12891
 634 -8625 12854
 852 -8590 13058
 797 -8631 13142
 807 -8630 12879
 828 -8639 12865
 783 -8714 12999
 822 -8803 12791
 718 -8659 12958
 756 -8682 12965
 763 -8840 12879
 679 -8670 12933
 647 -8801 12845
 813 -8709 13050
 686 -8738 12906
 718 -8724 12889
 788 -8740 12893
 718 -8741 12839
 753 -8759 13007
 959 -8681 12996
 755 -8701 12876
 762 -8795 12857
 710 -8750 12932
 841 -8799 13072
 748 -8719 12903
 746 -8754 12892
 765 -8773 12881
 769 -8765 12932
 713 -8757 12930
 740 -8724 12896
 763 -8740 12934
 890 -8782 13052
 724 -8680 12904
 745 -8819 12876
 689 -8792 12936
 778 -8751 12986
 726 -8753 12869
 746 -8764 12908
 745 -8794 12859
 770 -8772 12931
 691 -8752 12856
 794 -8771 12921
 753 -8775 12944
 703 -8763 12811
 652 -8804 12773
 721 -8697 12962
 761 -8832 12853
 711 -8739 12895
 684 -8760 12779
 751 -8715 12950
 751 -8791 12871
 726 -8744 12928
 773 -8788 12944
 757 -8730 12921
 791 -8760 12886
 724 -8762 12947
 828 -8758 12935
 723 -8755 12888
 764 -8691 13010
 780 -8822 12873
 674 -8731 12901
 640 -8793 12864
 773 -8707 12972
 781 -8786 12834
 717 -8767 12894
 731 -8768 12895
 737 -8750 12937
 804 -8785 12836
 660 -8743 12933
 786 -8773 12909
 789 -8721 13009
 770 -8756 12891
 729 -8884 12847
 654 -8750 12908
 746 -8828 12931
 774 -8716 12977
 735 -8833 12860
 695 -8773 12904
 764 -8809 12906
 733 -8729 12872
 749 -8793 12888
 682 -8780 12906
 847 -8755 12966
 736 -8731 12944
 755 -8763 12897
 742 -8866 12830
 606 -8730 12918
 754 -8794 12930
 799 -8735 12943
 739 -8840 12909
 739 -8725 12875
 752 -8787 12887
 732 -8783 12913
 735 -8787 12878
 766 -8774 13007
 876 -8783 13024
 737 -8750 12884
 787 -8824 12842
 681 -8821 12921
 822 -8790 13047
 737 -8723 12850
 746 -8772 12935
 691 -8814 12859
 775 -8798 12899
 741 -8787 12919
 751 -8791 12922
 759 -8785 12909
 806 -8724 12923
 665 -8788 12887
 792 -8711 12935
 746 -8867 12826
 685 -8768 12913
 670 -8811 12822
 762 -8698 12958
 740 -8817 12808
 753 -8761 12892
 737 -8794 12888
 734 -8739 12884
 782 -8807 12862
 680 -8780 12857
 824 -8824 12855
 785 -8703 12906
 769 -8853 12861
 709 -8842 12894
 798 -8762 12860
 736 -8759 12918
 801 -8773 12913
 724 -8821 12801
 686 -8767 12903
 737 -8804 12891
 752 -8749 12866
 768 -8795 12806
 732 -8855 12887
 946 -8717 13167
 815 -8402 13119
 846 -8567 13039
 760 -8689 13047
 902 -8384 13316
 782 -8368 13238
 840 -8400 13169
 789 -8475 13082
 778 -8377 13205
 769 -8428 13096
 836 -8421 13209
 786 -8450 13130
 810 -8625 12981
 720 -8529 13074
 722 -8626 13027
 712 -8759 12949
 601 -8832 12741
 777 -8851 12788
 801 -8767 12978
 725 -8900 12748
 700 -8798 12842
 717 -8762 12838
 693 -8786 12832
 682 -8824 12887
 807 -8965 12910
 765 -8670 13046
 727 -8330 12896
 928 -8658 12924
 554 -8826 13098
 449 -8971 12492
 652 -8955 12948
 743 -8471 13058
 566 -8923 12733
 658 -8821 12917
 661 -8793 12882
 531 -9096 12930
 433 -8852 12779
 280 -9015 12611
 271 -9110 12609
 816 -8958 12771
 717 -8763 12797
 521 -9144 12644
 652 -9101 12755
 714 -9176 12673
 345 -9072 12626
 499 -8945 12758
 446 -9040 12750
 526 -9063 12635
 632 -8934 12672
 616 -9044 12641
 636 -8913 12570
 571 -9144 12665
 546 -9092 12666
 529 -9044 12676
 570 -9096 12615
 503 -9116 12513
 535 -9070 12425
 651 -9084 12655
 649 -9172 12531
 580 -9039 12651
 505 -9094 12606
 608 -9039 12720
 635 -9149 12646
 583 -9055 12709
 611 -9030 12632
 610 -9040 12665
 635 -9063 12727
 531 -9127 12522
 525 -9053 12595
 610 -8976 12708
 645 -9137 12614
 588 -9010 12643
 603 -9039 12676
 616 -8987 12731
 634 -9039 12636
 559 -9048 12695
 620 -9026 12717
 615 -9019 12705
 588 -8995 12608
 641 -9021 12767
 508 -9006 12591
 543 -9037 12611
 616 -9004 12670
 634 -9114 12616
 569 -8994 12626
 611 -9082 12652
 613 -9021 12716
 636 -9039 12647
 549 -9060 12647
 613 -9057 12684
 565 -9025 12683
 611 -9014 12637
 611 -9042 12729
 643 -9135 12673
 598 -8976 12702
 627 -9068 12691
 603 -9082 12608
 561 -9017 12629
 556 -9044 12619
 701 -9028 12803
 542 -9088 12628
 572 -9019 12712
 546 -9053 12704
 577 -9035 12684
 561 -9036 12717
 593 -8975 12626
 569 -8952 12708
 601 -8981 12743
 578 -9074 12667
 477 -8935 12717
 520 -8983 12668
 612 -8964 12826
 534 -9036 12666
 587 -8965 12690
 541 -8987 12699
 585 -8950 12727
 547 -9024 12710
 559 -9059 12756
 606 -9047 12727
 530 -8847 12800
 596 -9093 12501
 494 -9051 12669
 464 -8878 12720
 483 -8889 12777
 595 -8916 12996
 533 -9017 12670
 527 -8995 12723
 618 -8975 12732
 525 -8987 12587
 511 -9065 12637
 622 -9041 12608
 664 -9041 12715
 617 -8958 12702
 604 -9141 12590
 508 -9210 12618
 538 -9286 12599
 535 -8941 13036
 607 -8905 12969
 668 -9579 12249
 615 -9333 12323
 778 -9121 12397
 540 -9588 12160
 610 -9477 12351
 893 -9383 12748
 873 -9255 12582
 826 -9313 12337
 852 -9370 12427
 747 -9484 12328
 698 -9385 12389
 706 -9219 12311
 572 -9391 12409
 643 -9511 12212
 722 -9804 12193
 888 -9460 12109
 845 -9319 12515
 702 -9423 12677
 917 -9386 12118
 889 -9454 12290
 842 -9509 12394
 944 -9086 12396
 903 -9168 12598
 888 -9107 12591
 844 -9072 12682
 880 -8994 12621
 879 -9112 12636
 942 -8777 12859
 1059 -8894 12715
 944 -8897 12818
 952 -8806 13095
 860 -8690 12960
 942 -8681 12908
 980 -8782 12795
 967 -8816 12847
 976 -8724 12938
 1126 -8730 12886
 980 -8680 12801
 970 -8884 12789
 994 -8853 12817
 999 -8938 12793
 934 -8958 12825
 924 -8965 12721
 964 -8966 12682
 969 -8961 12731
 898 -8958 12773
 884 -8892 12763
 1023 -8992 12722
 981 -9054 12691
 903 -8978 12756
 879 -9050 12768
 988 -8950 12837
 895 -9060 12721
 895 -8980 12748
 969 -8982 12678
 838 -9017 12723
 854 -8991 12673
 1018 -8737 12856
 970 -8645 12970
 964 -8802 12834
 1080 -8926 12758
 921 -8881 12863
 1025 -8603 12892
 980 -8642 12985
 1019 -8653 12980
 907 -8586 12978
 1032 -8739 13070
 1014 -8966 12718
 753 -8035 13539
 -478 -9778 11396
 193 -12168 12493
 -980 -18222 16555
Repetition Start
 -1433 -7423 11944
 4609 -5734 16535
 1264 4433 17378
 619 7239 14397
 1425 7870 13953
 -670 9059 12626
 -865 11281 12039
 308 13016 11791
 2215 14526 9781
 1567 15568 6718
 875 15544 3948
 796 16344 2307
 2289 17120 1023
 2772 17233 -438
 2315 17160 -3323
 1511 18548 -5220
 1717 17324 -5586
 1690 19195 -4550
 1759 17206 -4289
 1286 17484 -1959
 1544 16944 960
 1344 16771 5123
 1075 14423 6446
 1206 13794 6593
 1025 12108 9357
 1639 12844 7687
 788 10302 9635
 726 9239 13378
 1907 6069 13757
 2504 1646 13506
 2087 -1775 27946
 2323 -5199 10467
 1903 -26998 13132
 739 -14083 8087
 -879 -10323 10932
Repetition End
1
 582 -8752 12612
 52 -10294 12284
 320 -11331 11000
 1158 -10123 11703
 1484 -9846 11306
 528 -10774 11644
 281 -10073 9973
 -702 -20249 15495
 260 -21440 10240
 6276 -8375 11485
Repetition Start
 2580 -1120 12678
 4802 3388 13640
 5329 8628 14628
 4801 8114 12390
 3413 8951 11614
 2543 11495 11513
 1724 14930 8989
 2189 14891 7197
 1783 14063 3775
 1171 15816 2675
 1332 16293 1744
 767 17036 -632
 -353 18547 -3094
 936 18856 -4243
 -764 18598 -3796
 -168 18211 -4232
 589 21372 -1329
 410 16137 -1574
 -469 16708 -1811
 977 17159 -491
 2176 17987 2727
 2355 17385 5488
 2072 14175 7425
 186 12575 6913
 1502 12790 9729
 2136 12032 9143
 2520 11484 11912
 2071 9917 12754
 1319 6789 13623
 1475 3121 14640
 1976 2059 16342
 6711 -5035 20010
 2953 -11187 8444
 -292 -11646 7653
 16 -17885 2243
Repetition End
1
 -873 -13060 9493
 -56 -11026 10967
 958 -11698 10434
 605 -12848 9313
 411 -16885 11112
 -2213 -10404 13037
Repetition Start
 4924 -5363 14308
 4662 2327 17211
 2464 3261 15261
 1809 8109 12351
 732 9156 11737
 867 10794 10744
 1456 12974 9095
 1279 15084 7161
 915 15627 4930
 634 15845 3497
 1344 17148 1836
 536 16522 -206
 -382 17662 -3490
 209 18737 -5923
 989 18740 -5232
 145 17850 -4902
 324 18880 -4132
 33 18226 -3125
 142 17851 -1324
 -163 16627 627
 2005 15201 3791
 -1352 15807 6597
 600 14357 7109
 1575 12383 7426
 285 11690 10643
 2177 11964 10538
 2278 10303 11708
 1919 8865 13148
 1008 6365 14892
 1354 1571 15534
 2620 1541 25615
 4068 -7615 17400
 3878 -13398 7680
 1461 -15979 8230
 1400 -12922 6536
Repetition End
1
 -1073 -11139 10034
 -1001 -9168 10341
 1274 -10992 7387
 -812 -13608 10131
 -863 -18125 7906
 1609 -13788 9410
Repetition Start
 -533 -10133 13892
 2595 -1962 15031
 3464 3902 15644
 359 7836 16184
 173 9932 12476
 -187 9040 10628
 -1414 11795 11743
 -1053 13044 10916
 -84 14308 7433
 -264 15415 5760
 121 15079 3958
 440 17199 2215
 564 17679 1069
 339 16732 -2050
 739 18283 -4500
 572 18676 -4690
 543 19528 -4398
 655 19173 -3444
 920 18309 -1970
 916 17648 956
 913 16258 2648
 779 15086 5140
 1220 13708 7439
 1617 13278 9346
 1873 12770 9924
 912 11390 10834
 1711 9696 10081
 2509 7653 11675
 3018 6914 14477
 1582 3243 15522
 3441 163 15987
 5561 -7228 17764
 4907 -10706 9135
Repetition End
1
 2694 -13564 6788
 1968 -16797 10480
 -639 -10983 14028
 -3223 -8117 12590
 -2728 -10462 11060
 -119 -10721 9762
 280 -15494 13872
 3220 -19066 8954
 4563 -7916 12264
Repetition Start
 4265 -1361 15932
 3603 -179 16783
 4530 3835 15398
 2231 6875 15678
 742 7521 13433
 -93 9389 13580
 -950 11228 11770
 -1522 12819 10482
 139 14333 8528
 -389 14145 7218
 -949 15652 6239
 160 16542 4688
 1091 18040 3545
 -400 16527 29
 614 18049 -3074
 840 19699 -4399
 -1126 19193 -3511
 -300 18977 -1740
 -105 17952 -1329
 107 17795 -129
 33 16238 3372
 -110 15262 5572
 844 13639 7971
 1090 13576 10392
 1040 12333 9689
 221 9972 9668
 2596 10629 11064
 1949 11252 14460
 2213 9095 13930
 3347 4995 12956
 3136 1552 14760
 3641 -1318 21649
 6357 -5266 15434
 6356 -9239 12921
Repetition End
1
 5154 -12834 12312
 1559 -13993 10520
 1652 -8956 12179
 -735 -8078 15386
 -2605 -10886 11995
Repetition Start
 -623 -18231 10695
 827 -12047 13034
 562 -5611 17199
 423 -1132 16811
 1884 1706 17895
 1848 5430 15068
 1049 7468 12684
 -757 9711 10702
 -370 12580 10730
 1364 13170 8769
 1377 14224 6214
 1352 15394 4085
 930 17517 2866
 1866 17369 1294
 1958 17362 188
 1102 16653 -2910
 -273 18734 -3031
 902 17547 -5742
 -322 18142 -8527
 805 18570 -6946
 415 14844 -5473
 245 17218 -5718
 1106 18453 -4279
 1168 18005 -4832
 -1108 15693 -4681
 1193 18768 -5389
 702 17009 -3913
 -390 17185 -1125
 -562 15489 2411
 -715 15030 4983
 -374 14616 7809
 -1038 11857 9633
 -234 11380 10932
 -146 10248 11535
 -1696 8564 13600
 -886 6154 14402
 -289 3529 16652
 -107 915 15878
 1290 -2468 21113
 2722 -7367 14983
 2693 -9868 7154
Repetition End
1
 2532 -11560 15077
 274 -14134 5531
 -1158 -13471 8586
 711 -10924 9142
 971 -10397 10737
Repetition Start
 203 -11596 10617
 -64 -10473 11249
 -484 -9248 12240
 -884 -8949 12759
 -633 -8729 13389
 -456 -7544 13694
 -247 -6216 13919
 -25 -5951 14360
 313 -6091 14502
 536 -6269 14376
 518 -6455 14461
 226 -6686 14270
 -508 -6843 14393
 -774 -6392 14241
 -440 -6239 14516
 661 -1961 17259
 72 -5646 16285
 92 -6387 15458
 30 -5765 14306
 376 -5278 14979
 903 -6056 14793
 -69 -6239 15013
 427 -5247 14827
 1499 -4599 14664
Repetition End
0
 3064 -6237 14478
 1645 -7160 13434
 955 -7221 13936
 1158 -6706 13961
 1207 -6276 14057
 1382 -6649 14387
 1353 -6750 14349
 1584 -6400 14137
 1545 -6798 14295
 1368 -6878 14309
 1213 -6896 14047
 916 -6555 14617
 1298 -6550 14695
 1291 -6676 14460
 1295 -6910 14130
 969 -6861 13845
 1168 -6420 13989
 869 -6671 13992
 894 -6098 14815
 833 -6499 14603
 2592 -6188 15079
 1079 -6756 14230
 825 -8484 13058
 1010 -6384 14238
 173 -5935 14656
 -183 -5658 14670
 -374 -5721 14680
 -646 -5945 15108
 36 -6260 14445
 53 -5620 14797
 -149 -5252 14083
 -829 -5499 15491
 -686 -5505 14772
 -614 -5222 14990
 -348 -5205 14822
 -321 -6503 13808
 -580 -6347 14814
 -797 -5509 14871
 -744 -4580 15297
 -502 -4662 15041
 -396 -4821 15168
 -403 -4836 14895
 -479 -5284 15484
 -546 -5110 14951
 -749 -5238 15167
 -251 -5705 15289
 -428 -4679 15161
 -656 -3446 15342
 190 -4305 15646
 827 -4405 16292
 1773 -5394 17094
 1634 -4605 20015
 -282 -4841 16262
 -3038 742 16338
 2442 4393 18425
 6641 2466 16669
 4059 4589 15570
 2516 6235 14287
 -576 8337 12952
 777 10765 9934
 3288 12646 8189
 4703 14462 7551
 3361 15462 6072
 3021 16387 5401
 3543 17547 5384
 3608 16715 4565
 3617 16702 3311
 2692 17435 3082
 1632 16791 2683
 2796 17912 1947
 1925 17554 1313
 1183 16830 582
 722 17180 824
 1099 18096 536
 1021 17292 858
 1017 17516 448
 759 17758 642
 891 17740 560
 1148 17553 286
 1304 17576 340
 1351 17658 212
 1793 17910 -85
 2071 17765 -162
 1790 17736 273
 1958 17526 224
 1893 17333 740
 1834 17428 622
 1721 17498 487
 1484 17681 666
 1459 17426 424
 1839 17683 781
 1979 17722 951
 2080 17536 920
 2754 18594 1369
 4149 18062 496
 1868 16241 1492
 1566 16545 2615
 1988 16989 2599
 3938 17164 3165
 5332 16881 2683
 3580 16325 2169
 3527 16631 2412
 3510 17270 2915
 4058 16946 3261
 6355 17083 2061
 5837 15761 3031
 4989 15845 3395
 5532 16061 3464
 4542 16353 3666
 3359 15641 3889
 4163 16258 3711
 4687 15644 3902
 3040 16686 2523
 2707 17592 288
 4155 17137 -224
 2152 17579 -3306
 -1082 17154 -5438
 -1468 17183 -5881
 -1373 16829 -8262
 -1360 14488 -8656
 -1319 15809 -9381
 -1187 16459 -9726
 -137 16100 -10124
 378 15648 -10607
 -122 15389 -9568
 340 14545 -9117
 -101 15087 -9291
 259 15392 -9656
 950 14425 -10260
 -851 14348 -9875
 -45 14871 -9851
 1479 16128 -11095
 -221 12837 -9884
 -1274 14836 -11553
 -382 14630 -10435
 -819 15491 -10913
 -203 14528 -10458
 -186 14473 -10166
 -2433 13826 -9596
 -320 14754 -10446
 216 15557 -10813
 -10 15835 -10139
 -32 15182 -9779
 599 15244 -9191
 352 16030 -7787
 0 15967 -6113
 665 17024 -5769
 746 17178 -5763
 1245 16763 -5674
 1296 16801 -5921
 1235 16980 -4515
 1371 17089 -4024
 1494 17215 -3609
 1433 17103 -2639
 1083 17055 -1661
 2052 17734 -1279
 2680 17230 -1553
 2273 17448 -1379
 1981 16961 -510
 2699 17213 -689
 2377 17541 -85
 2329 17454 151
 2315 17636 131
 2673 17236 197
 2708 17164 61
 2251 17318 139
 2982 17422 -299
 2873 17490 -110
 1377 17813 -619
 40 17535 -361
 429 17290 -209
 1006 17277 -334
 1023 17319 -61
 807 16859 116
 673 16957 -2123
 668 17775 -3672
 -412 17365 -5204
 -1118 17374 -7065
 -1119 16809 -6016
 -27 16632 -7307
 -2528 17022 -6975
 -1919 16800 -6505
 -1323 16794 -5539
 -1075 16047 -6210
 -1455 15833 -7070
 -1747 16135 -7010
 -1653 15744 -8008
 -850 15119 -9080
 733 16789 -10011
 -2028 15216 -9008
 -1337 15081 -9557
 -1816 16118 -8571
 -90 15089 -9061
 -2748 14341 -7898
 -1840 15315 -8420
 831 16649 -11573
 -2533 13636 -9591
 -1521 15872 -9947
 -1176 14826 -9520
 -1693 14996 -9829
 -1153 14705 -9431
 -101 15117 -10267
 -596 14955 -10323
 -1228 15648 -10008
 -1568 15852 -10562
 -1176 16070 -9914
 -624 16199 -8406
 -1757 16049 -5679
 -1305 16914 -3994
 -230 17269 -1710
 1135 17411 2239
 756 15667 3608
 307 17006 4235
 -147 16419 3556
 -1772 16250 3711
 -621 17741 4703
 665 17001 4628
 57 16818 4482
 90 16907 5093
 984 16549 5162
 3274 18636 3704
 3339 17649 626
 2650 15834 1494
 1582 16352 79
 3306 17553 1122
 2273 15737 1600
 3450 17871 1338
 3015 18641 2705
 1688 16703 1790
 1769 17695 118
 1327 19335 -181
 998 18102 773
 888 17385 455
 865 16462 2371
 1314 15133 5667
 2440 12781 6541
 1429 12294 11529
 232 10343 11694
 1216 7523 12754
 4664 5682 15077
 4447 3082 15530
 6711 -1619 14742
 1412 -8175 19994
 1607 -6934 12696
 1222 -6493 14198
 400 -4784 17440
 -832 -11241 8655
 -583 -14470 10593
 448 -9893 12243
 -2498 -7620 13599
 -1854 -8887 12812
 424 -8909 12992
 366 -7534 13275
 1053 -7275 13689
 501 -8208 13526
 -480 -7418 13852
 -430 -7478 14107
 -22 -7637 13695
 313 -7340 13788
 455 -7084 14436
 1283 -10733 13083
 -466 -13957 11727
 -1508 -18989 13742
 -758 -10629 14375
Repetition Start
 15233 -331 14710
 5994 -991 18608
 3554 3389 14534
 4649 7076 11918
 4949 8363 9996
 3916 11686 8174
 3575 16259 6210
 3488 16315 3243
 3657 14034 782
 2887 15676 -1088
 2301 18398 -4218
 1146 18284 -8008
 -1413 15871 -11170
 -1355 18336 -8616
 -870 20578 -7854
 65 17807 -7479
 -384 16119 -2986
 -841 14571 1550
 874 15022 4965
 1349 14591 5875
 1364 11912 7808
 1247 10877 9333
 1466 11190 10200
 3217 8622 11873
 2938 6723 14403
 3100 4714 17541
 1751 149 24418
 5033 -7748 12464
 938 -6671 13054
 3978 -10187 15622
 3231 -15277 9248
 1736 -17400 10120
 -1186 -13655 14601
Repetition End
1
 4344 -7397 12079
 2081 -2715 16024
Repetition Start
 1585 2230 17255
 1068 8311 14757
 544 8155 14093
 925 9613 12643
 2039 10815 10208
 1608 13070 9604
 2122 14056 6772
 2291 15507 4156
 2731 16761 2812
 2233 18115 819
 1208 17728 -1772
 430 16673 -2575
 104 18248 -5658
 -1226 18572 -6626
 -932 19820 -5314
 -55 19405 -4462
 290 17638 -3111
 101 17022 -1000
 773 16088 2513
 1091 12838 6124
 1807 13523 9547
 2015 12218 10507
 1771 10221 10033
 2807 9110 11973
 4495 9044 12721
 2401 4230 13510
 2295 -141 15528
 2633 -341 17932
 7452 -6869 17722
 2439 -11255 10904
 1713 -18063 16161
 178 -13406 4470
Repetition End
1
 -4829 -10413 13194
 -1373 -8496 9314
 1093 -13295 15858
Repetition Start
 -1383 -11894 16264
 -2592 -17060 13030
 8406 -3644 12471
 2715 906 18093
 3646 -184 16536
 2203 6008 15072
 2166 7479 15324
 1733 8187 12388
 1188 10972 10843
 1651 12451 8372
 1385 14522 6926
 1039 15485 4889
 1291 16549 3148
 993 17440 762
 90 18321 -2540
 -1063 16605 -6361
 -908 18800 -8493
 -874 18738 -7013
 -850 19311 -6115
 -584 17939 -4976
 220 17756 -2714
 550 16118 464
 2190 15290 2222
 1044 14805 6147
 1177 13736 7537
 392 11242 9488
 530 8767 11758
 2203 9229 12857
 1786 4788 13889
 1543 2353 15561
 669 3385 25168
 4494 -13789 15703
 3867 -15320 7877
 259 -15942 9756
 -86 -14527 11619
Repetition End
1
 -3830 -11049 9709
 606 -13767 16822
 1419 -16000 11137
 6700 -3017 12881
Repetition Start
 914 -4782 15726
 1033 2089 17591
 1442 4994 15559
 2153 8485 14461
 1 8565 14697
 -589 9724 12753
 75 10285 11370
 770 12533 10242
 2046 14070 8280
 1929 15501 6513
 1615 15992 3135
 1688 16330 1109
 1065 17636 -1624
 256 18618 -5185
 -24 17533 -6278
 -149 17580 -7130
 -532 18260 -7097
 291 18567 -5717
 616 17795 -5228
 1211 17257 -3573
 1312 17402 -1305
 1445 16705 39
 1323 16302 2271
 1275 15464 3995
 1187 14916 6285
 1147 14927 7746
 1401 12931 8583
 1773 12130 10216
 417 8971 12633
 1848 7815 11908
 1769 5867 14455
 2094 3376 15442
 1426 -216 14592
 3141 -7007 17716
 3341 -10073 8770
 4126 -14560 13726
Repetition End
1
 521 -15225 8142
 -2491 -11786 9999
 -1275 -8701 13425
 848 -9896 13039
Repetition Start
 1445 -10166 11746
 1526 -9492 12444
 1149 -9971 11920
 513 -10517 11647
 724 -10349 11669
 380 -9779 11962
 460 -9794 11975
 488 -9745 11863
 778 -9862 12250
 792 -9827 11883
 769 -10045 11867
 731 -9925 12010
 633 -9784 12091
 700 -9755 12058
 641 -9772 11985
 574 -10075 11988
 1083 -9485 12748
 829 -8491 12467
 634 -8405 12345
 953 -9385 12290
 1049 -10184 12315
 513 -9394 12373
 76 -9211 12378
 -39 -9182 11880
 185 -9702 12394
 381 -9453 11950
 272 -9582 12413
 3 -9605 11963
 -178 -9535 11954
 334 -9783 12250
 394 -9652 12223
 298 -9797 12519
 334 -9443 12253
 373 -9554 12122
 170 -9554 12307
 56 -9144 12345
Repetition End
0
 77 -9300 12488
 277 -9111 12629
 376 -9072 12804
 288 -8954 12640
 186 -9013 12590
 188 -8978 12813
 289 -8969 12784
 218 -8803 12785
 369 -8964 12925
 245 -8925 12774
 163 -9065 12692
 225 -8964 12752
 253 -8950 12746
 265 -9051 12569
 234 -8994 12377
 114 -9164 12425
 318 -9068 12685
 250 -9195 12558
 380 -9074 12527
 184 -9042 12658
 218 -9100 12615
 254 -9163 12670
 260 -9132 12679
 281 -9069 12793
 114 -9011 12694
 425 -9099 12646
 233 -9192 12565
 321 -8961 12658
 312 -9127 12758
 95 -9095 12653
 124 -9032 12629
 281 -9030 12728
 254 -8944 12689
 218 -8903 12812
 253 -8959 12890
 186 -9050 12762
 287 -8903 12791
 325 -8885 12850
 251 -8893 12750
 181 -8989 12583
 260 -8976 12765
 243 -8960 12847
 241 -8867 12725
 275 -9030 12718
 291 -9073 12617
 224 -9021 12591
 329 -9012 12742
 203 -9009 12684
 273 -9022 12554
 331 -9027 12723
 270 -9106 12848
 269 -8935 12621
 273 -9095 12657
 312 -9155 12756
 215 -9018 12656
 215 -9035 12774
 107 -9004 12671
 267 -9036 12700
 227 -9019 12633
 181 -8998 12742
 274 -8866 12842
 296 -8851 12767
 228 -9011 12790
 120 -8978 12781
 294 -8881 12796
 289 -8868 12847
 232 -8843 12852
 207 -8930 12735
 273 -8945 12738
 236 -8955 12826
 291 -8962 12667
 299 -8904 12831
 250 -8950 12731
 323 -9063 12617
 366 -8989 12716
 267 -8917 12619
 246 -9033 12601
 281 -9121 12686
 290 -9023 12633
 250 -9032 12671
 164 -9108 12590
 230 -9071 12634
 243 -8940 12732
 322 -9067 12644
 175 -8976 12702
 211 -9071 12667
 261 -9035 12766
 192 -8967 12666
 235 -8977 12687
 222 -8969 12697
 259 -8901 12775
 222 -9026 12662
 208 -9060 12689
 217 -8835 12798
 206 -8915 12759
 202 -8897 12789
 222 -8928 12788
 260 -8848 12841
 195 -8924 12775
 236 -8941 12689
 245 -8977 12727
 208 -8957 12713
 371 -9027 12990
 244 -8839 12828
 231 -9033 12678
 266 -9072 12652
 338 -8994 12875
 336 -8959 12598
 350 -9035 12694
 205 -9109 12584
 186 -9081 12635
 164 -9100 12660
 244 -9073 12397
 261 -8924 12745
 226 -9110 12657
 272 -9108 12789
 124 -9074 12648
 189 -9024 12665
 134 -9038 12621
 263 -8979 12781
 248 -8982 12742
 257 -9019 12746
 254 -9018 12861
 155 -8787 12769
 198 -8884 12662
 200 -8870 12960
 149 -8923 12907
 108 -8750 12809
 185 -8802 12905
 211 -8809 12570
 208 -8860 12664
 218 -8706 12811
 76 -8803 12882
 181 -8793 12921
 189 -8919 12721
 190 -8724 12893
 107 -8707 13022
 229 -8589 13008
 80 -8690 13015
 241 -8798 13010
 118 -8734 12866
 148 -8751 12965
 136 -8668 12943
 260 -8788 12829
 195 -8792 12882
 190 -8829 12907
 288 -8770 12857
 170 -8827 12823
 191 -8816 12777
 227 -8924 12901
 311 -8739 12726
 -58 -8941 12760
 425 -9203 12628
 456 -9036 12595
 198 -8995 12680
 207 -9013 12856
 248 -8947 12701
 408 -8909 12744
 392 -9001 12844
 162 -8859 12974
 317 -8997 12959
 311 -8920 12302
 648 -8824 12480
 13 -9034 12991
 512 -8640 13353
 1018 -8986 13194
 120 -8309 13520
 -131 -8048 12945
 790 -9354 12784
 1227 -8355 12705
 2267 -7489 14154
 -2833 -11652 14775
 637 -14804 9854
 -1213 -11513 15668
 5451 -6650 13405
Repetition Start
 3247 -934 14668
 2015 3782 15172
 2759 8646 13553
 2948 9020 12579
 2804 8799 11574
 2706 11016 10741
 1722 13854 10101
 2677 15137 6915
 1950 14943 7011
 3589 15360 3510
 4816 16263 1569
 5058 16498 -878
 4951 16648 -3942
 3115 16539 -6676
 4449 17693 -8975
 3449 19277 -6662
 3050 17641 -5159
 2664 17028 -3976
 3811 16152 -544
 4170 16450 2312
 3661 14393 4706
 3760 13553 7511
 3204 13323 9331
 3327 11838 10246
 1562 8832 10617
 4102 8389 12650
 3195 6013 15468
 2559 3138 16714
 2830 -1337 15833
 6947 -7458 21235
 4524 -10215 9476
 4618 -8874 10959
 1835 -11172 14429
Repetition End
1
 -636 -11758 9348
 -412 -8073 13129
 1610 -10253 14210
 334 -14570 14806
 632 -8437 12522
Repetition Start
 4155 -3471 15003
 5432 -67 14087
 6810 1299 17721
 1869 5019 17921
 4065 7267 14561
 3576 7382 12458
 3249 9093 11134
 3390 11835 12326
 2717 13283 9992
 2810 14108 7941
 2580 15674 4777
 1291 16532 1821
 1440 17688 1047
 1975 18136 -1488
 1086 17718 -2524
 -905 17667 -7074
 -617 18409 -9726
 -221 19677 -7704
 474 18532 -6011
 259 16999 -3138
 1039 16769 -162
 1176 15000 3514
 1288 12922 6663
 1783 13327 6958
 2985 11776 10150
 55 10092 12873
 -829 8244 13019
 575 6208 13354
 2131 3206 13897
 1331 962 15724
 7734 -3140 31254
 1484 -8557 13324
 1153 -12379 9356
 884 -12889 12384
 1278 -12755 7524
 -226 -11524 11322
Repetition End
1
 -2969 -16321 14677
 -884 -11267 14143
 2369 -2635 13229
Repetition Start
 1799 243 16758
 4483 6381 16912
 2881 6789 15304
 4076 10388 13404
 3909 7877 11958
 4668 10512 10212
 3687 12994 9366
 4015 14219 7347
 3636 15638 5663
 3380 15608 3748
 2982 15361 732
 3115 16958 -2373
 2389 16526 -4239
 -990 18206 -7798
 66 17179 -10424
 125 19122 -8411
 516 19031 -6650
 937 17404 -5057
 964 17251 -1050
 1160 16044 2152
 1889 13480 6035
 1305 13412 8280
 1350 12817 7803
 296 10878 9106
 1932 9096 11207
 1464 6783 13318
 1810 4384 13693
 2337 987 18518
 3583 -6352 22622
 4401 -6401 14405
 2224 -8675 12691
 2749 -8294 13219
Repetition End
1
 1864 -8100 14738
 925 -8158 14103
Repetition Start
 2724 -7712 13476
 1743 -6642 14076
 572 -7455 13518
 1668 -13168 13769
 -656 -13878 14006
 2357 -8421 14546
 1509 -3974 15495
 3292 2431 16704
 1924 3898 17004
 2066 7877 14796
 1567 8051 13403
 1371 9130 12472
 1747 11917 10603
 2352 13667 8282
 1928 15032 5320
 1825 15435 2433
 2003 17003 -177
 1536 17571 -2533
 90 16913 -5728
 -419 17564 -8768
 767 18782 -8805
 57 18983 -6925
 1614 18104 -5114
 1232 16581 -2735
 1482 16782 1138
 2156 15367 5357
 1513 12792 6806
 1993 13220 9747
 -105 9861 11945
 1227 7508 12421
 2004 7249 12711
 2293 5892 14197
 -775 1696 16702
 5111 -1999 15143
 6044 -6161 22195
 3381 -9202 11802
 4028 -15287 5332
 3600 -14650 9634
 1682 -10932 8769
Repetition End
1
 -2131 -6693 13264
 -1760 -6553 14669
 2329 -7997 12141
 327 -17763 14695
 -451 -12811 11540
Repetition Start
 1109 -4377 14905
 6518 -182 14005
 4335 2258 16014
 3754 5082 17213
 5092 6755 13823
 5572 6842 12124
 4987 7477 12181
 4772 10336 11409
 4408 11588 11482
 4849 14006 10340
 4337 14067 6709
 4167 14948 4923
 3428 14955 4285
 4218 16287 2793
 4321 17056 754
 4663 16874 -1652
 3073 15783 -5477
 3242 18700 -7612
 3047 17611 -7568
 2004 19454 -7303
 3471 18439 -5514
 3292 17995 -3959
 4055 16462 -1911
 3174 16278 1503
 2474 16474 1936
 2299 14905 4647
 2255 15901 7088
 1836 12135 8616
 1262 10758 11506
 1778 8915 11365
 2945 9239 13784
 1507 6351 14209
 1463 2426 16133
 2069 -2011 15105
 7790 -5239 16811
 1634 -8290 12474
 3451 -11888 11615
 2926 -15756 12426
Repetition End
1
 987 -9993 13766
 476 -7283 14724
 -588 -12964 16518
 1319 -13522 12716
 1129 -8153 13857
Repetition Start
 4938 -3361 13153
 2369 -3842 16121
 4559 2817 17480
 3167 3995 15121
 2599 7474 14670
 2517 7291 12224
 2951 9025 11433
 1477 12605 11133
 1638 13533 8867
 339 15209 6119
 -155 15987 3827
 98 16497 470
 -937 17406 -1023
 -1242 18196 -2839
 -1913 18039 -6603
 -789 17271 -7683
 -1397 18189 -6819
 -563 18994 -5365
 -437 18382 -3817
 6 17375 -2729
 -340 16441 -467
 1357 16260 2916
 630 15142 5732
 699 14211 8022
 753 11812 9962
 1214 10069 9826
 2453 10177 12390
 1112 10063 14434
 1794 6239 14819
 2421 3684 15697
 3497 400 14942
 6996 -5537 17849
 3212 -11148 11791
 2509 -9830 9488
 2405 -11384 11540
 1022 -9901 13273
Repetition End
1
 1022 -8648 14035
 1162 -8805 13275
 -1151 -11105 12880
 -2075 -15215 13238
 -594 -11999 14020
Repetition Start
 2763 -6797 16579
 107 -2783 13760
 4906 260 15578
 4487 3736 16925
 3891 4526 14701
 1502 5759 14913
 466 8521 15334
 431 10338 13026
 335 10866 11659
 1066 11779 10779
 1258 13741 9824
 503 13708 8757
 446 14672 5634
 399 16349 3422
 156 17399 1284
 397 16709 -1086
 -96 18206 -2564
 -526 18289 -6662
 -497 17271 -8834
 -187 17902 -7048
 509 18850 -5607
 474 17931 -4732
 581 17339 -3759
 931 16884 -942
 1313 17155 1471
 1676 15358 4286
 2051 14389 7391
 430 12519 9115
 1251 11726 10780
 761 9917 12067
 2308 8730 11897
 1137 5990 13924
 2125 3269 15257
 3189 807 16435
 9075 -5673 27633
 2661 -5169 13086
 2769 -6500 12327
 2921 -12087 15774
 3495 -13361 12463
Repetition End
1
 860 -7690 13352
 -721 -5846 14983
 251 -8604 13613
 333 -10823 11595
 -759 -10697 11430
 332 -12003 14354
Repetition Start
 2522 -4863 16677
 3420 -3905 14843
 2170 -1789 15056
 3435 3870 19549
 2960 2918 16419
 2914 6089 15260
 2367 7070 13062
 2407 10440 11014
 2128 13403 8929
 3364 13866 6500
 2120 15062 5640
 1617 15363 3836
 2247 17840 672
 2973 18225 -1907
 2159 17103 -3587
 1513 18216 -4898
 3434 17180 -5216
 2111 17396 -4272
 1919 17407 -3842
 2597 17709 -3603
 2512 15968 -1547
 2971 17851 -2585
 3192 17979 -740
 1833 16374 1340
 2260 17181 2953
 2410 15064 5768
 1959 13790 7389
 1735 13413 9698
 1957 9616 10452
 105 8716 12989
 349 6804 14041
 731 4518 15791
 1948 684 16093
 1945 -298 17697
 5761 -4522 18326
 2231 -7267 12606
 2393 -7333 12990
 2367 -10922 15741
Repetition End
1
 779 -15530 11126
 1909 -12425 10549
 624 -9663 12917
 861 -6185 13251
 377 -9370 12970
 242 -10215 12644
 2106 -11309 11970
 3239 -15842 10598
 1245 -11838 12869
 -1604 -2632 15429
Repetition Start
 5126 -3240 16008
 376 -2396 16724
 1213 4270 17944
 2096 4550 15531
 1653 7638 13901
 2115 7632 14270
 2889 9427 12155
 2372 11199 10701
 2267 12795 10926
 1646 13475 8795
 1341 15063 5508
 363 16587 3248
 -71 16888 593
 270 17767 -1410
 447 17362 -3356
 -622 16414 -6192
 -256 17397 -7935
 255 18391 -7238
 58 18911 -6424
 299 17804 -5654
 1166 16260 -3431
 947 17950 -543
 1230 17186 1996
 1904 14604 3438
 2207 13828 7129
 1545 12809 9157
 -210 11152 11016
 2360 11094 9816
 969 10508 12520
 1738 9368 15676
 2921 5356 14266
 2490 1184 13529
 5291 -3376 27444
 1426 -4864 13991
 2842 -11408 11762
 3651 -11602 13679
Repetition End
1
 2807 -12573 10288
 1626 -10249 12640
 1346 -7027 12729
 722 -8056 12564
 367 -14900 13226
 -1264 -12373 13816
Repetition Start
 1675 -5963 16073
 -236 -4273 12660
 3924 2750 15139
 2985 5096 17397
 5110 6514 15606
 4834 7038 14095
 3954 6624 13396
 2953 7350 13722
 2675 8731 13146
 3181 10719 12705
 3121 12265 12691
 2201 12527 11672
 1654 12707 10657
 2092 14122 8937
 1362 15034 6227
 956 17146 3624
 1086 17073 1746
 1096 17160 -480
 1184 17023 -2207
 55 17740 -5065
 661 17476 -8063
 871 18580 -7473
 918 18022 -6422
 888 17913 -5031
 1713 17754 -3321
 1647 17442 -454
 1433 16739 1988
 1875 14808 4536
 2213 14091 7425
 2169 12481 8904
 768 11471 10775
 84 9906 12817
 130 8634 12562
 2460 7667 12602
 1737 4651 15419
 2289 1353 16161
 4893 -826 31048
 1352 -9015 15926
 1797 -8315 9432
 3828 -20623 9191
Repetition End
1
 421 -12511 11131
 -45 -10311 11405
 -213 -4694 14522
 -491 -9606 12455
 662 -9700 12401
 2142 -6439 13024
 2315 -11895 11023
 -3843 -15852 13184
 708 -6494 15901
Repetition Start
 4103 -6145 15288
 1183 -287 14309
 -813 1735 16807
 2114 6021 14181
 3335 7780 13855
 2315 7968 13432
 2916 8086 11490
 1655 10307 11898
 3107 12840 10304
 2277 14019 10151
 1439 14365 8437
 1431 15068 5840
 631 15966 3226
 610 17093 1222
 885 17306 -1147
 409 17029 -4381
 202 18330 -7424
 -502 17953 -8036
 -280 18526 -7410
 73 18452 -5825
 727 18148 -4685
 876 17193 -2330
 733 17762 1280
 587 14956 3531
 2105 14147 6705
 1063 13829 9057
 980 12695 10961
 134 10379 10530
 1756 7682 10720
 1631 7638 14023
 1695 5762 15389
 2004 1801 15572
 1569 -662 16044
 3234 -8723 17473
 2116 -9957 8344
 2332 -8586 14113
 1800 -15494 16915
Repetition End
1
 359 -10308 10905
 -788 -8859 12802
 980 -7448 14427
 134 -10931 12976
 1574 -14816 13237
 2056 -5296 16727
Repetition Start
 2055 -1742 15381
 -2660 -2604 15632
 -1552 2331 17444
 164 4563 14434
 -883 7101 14669
 -1203 7624 15362
 1706 9009 13085
 -39 9264 11912
 104 10996 13210
 -861 11638 12644
 -438 13239 11340
 -33 13525 8975
 1533 14848 7836
 1567 15447 5800
 1979 16770 3155
 2405 17363 1130
 1769 17428 -1340
 1558 17164 -3379
 697 16911 -5501
 592 17952 -7731
 1111 18224 -6600
 813 18283 -5473
 1996 19390 -5081
 1501 17249 -3619
 774 17788 -907
 158 17529 2330
 417 14471 4609
 1608 14038 8528
 1055 13334 8575
 1333 10846 9811
 1606 9539 11012
 739 7626 13775
 876 6908 11969
 -633 5279 14390
 1453 3005 15126
 2185 4368 24609
 2569 -4785 16895
 3297 -11816 7739
 3031 -13944 15198
Repetition End
1
 3302 -12372 10698
 -969 -11188 12126
 -198 -5499 14031
 146 -5962 13991
 678 -8374 13597
 1087 -7963 13373
 839 -8573 13366
Repetition Start
 942 -8553 13398
 952 -7318 13939
 801 -11491 14181
 -384 -12124 13476
 440 -12288 14513
 1036 -5976 17070
 6171 -2969 16733
 5759 2691 13348
 3910 2438 14341
 4021 5961 13896
 3113 6869 15495
 1874 6902 14517
 2538 8270 14252
 3075 8204 14146
 3063 8602 14019
 3434 9764 13534
 3360 9673 13328
 3655 10834 12786
 3071 11456 12420
 3033 12654 11424
 3883 12906 10431
 3883 13740 9463
 3833 14423 7677
 3416 15572 5669
 3019 16060 4637
 3177 16958 3270
 3317 17822 1568
 2832 17535 -542
 1664 17316 -1617
 1191 16217 -3333
 173 16665 -4891
 186 17766 -5535
 115 18237 -4937
 314 18532 -4361
 896 18303 -2682
 739 18599 -1866
 722 17507 -1016
 218 16644 729
 667 16301 3882
 1689 13468 6644
 2183 12798 8976
 1397 12582 11031
 2366 9576 11124
 1350 8806 10240
 226 10931 16175
 627 8491 14857
 1604 4441 13614
 1174 2926 14535
 2993 331 13607
 6303 -6117 20407
 4433 -8480 10118
 4571 -8957 14974
 980 -9818 16086
 1097 -12688 10856
 -2008 -7675 13828
Repetition End
1
 -721 -6144 14110
 -28 -9060 13972
 1573 -8814 13073
 1426 -8476 12685
 970 -9828 12523
 986 -8926 12556
 1212 -8743 12451
 1973 -7486 11330
 -163 -11604 11075
 -608 -13688 14563
 -3962 -10054 13894
Repetition Start
 3208 -3032 15662
 4135 -2712 13641
 2014 1565 16056
 1728 4512 15385
 6817 2464 15294
 139 6570 14876
 301 5790 15088
 -1804 6912 15463
 -41 7597 13608
 -911 8220 14713
 -3759 8368 14458
 -1317 10315 13668
 -1587 10893 13148
 -831 11465 12496
 361 12497 11838
 930 13570 10398
 755 14398 8641
 622 15423 6443
 1528 16166 4460
 1641 16465 2870
 1795 16779 1076
 1989 17300 -1046
 1519 17154 -2499
 1519 17475 -5027
 1358 17506 -7397
 443 17701 -7010
 266 18172 -6312
 1178 18119 -5109
 1661 17878 -4195
 1492 17211 -2731
 1128 17305 -898
 2035 17092 2701
 2670 13993 4639
 2878 13695 6841
 2130 12669 9430
 349 11327 11179
 613 8756 12000
 776 8273 12262
 1308 7404 13606
 1921 4686 15026
 979 2551 16233
 2184 1900 14871
 5416 -6087 23134
 3143 -7312 9658
 2542 -11114 12837
 -1065 -15882 10254
Repetition End
1
 -905 -13942 10455
 -1108 -7652 12935
 1868 -6824 13827
 2713 -9267 12784
 1807 -9856 13058
 -1766 -10399 11525
 298 -12970 16270
Repetition Start
 -1821 -15485 14889
 -1498 -8096 16122
 8836 -2159 14653
 3478 2932 15299
 5194 3901 15341
 4992 6383 13474
 4933 7650 14610
 4015 7730 13858
 2960 8943 13136
 2742 9765 12347
 2544 11849 12067
 2719 12776 11568
 2746 13327 9960
 2990 13917 8229
 2201 15047 6773
 1905 15734 4733
 1536 16670 2338
 1017 16919 161
 468 16995 -2410
 44 16526 -4553
 64 18196 -6133
 113 17933 -7272
 -597 18223 -6894
 259 18721 -5940
 377 17974 -4941
 871 17750 -3463
 1470 17525 -1181
 853 16870 877
 1412 15447 3594
 1188 13825 6992
 1483 12397 8229
 1005 12091 10580
 2870 9977 10617
 -251 7812 12085
 179 4776 14063
 390 2526 16094
 392 -899 15854
 665 679 19606
 616 -10406 17493
 2907 -8942 8495
 -15 -11942 18786
 564 -10847 10242
Repetition End
1
 -1161 -11931 11317
 -1520 -8842 14021
 2080 -7140 14752
 2061 -7370 13535
 3004 -8330 13014
 1669 -9066 12786
 -403 -9286 13349
 19 -8145 13884
 1107 -7341 14243
 1714 -8087 13127
 1290 -7435 13104
 1902 -8007 13361
 1387 -8649 13135
 993 -8057 13135
 1086 -8040 13287
 1414 -7584 12920
 1512 -7694 13182
 1230 -8462 13723
 943 -8203 12977
 1459 -7837 14039
