Repetition start
0.862765028393
1.10459783034
1.09735044279
0.981611046154
0.949347375467
1.00836784934
1.07209915682
1.07736795563
1.03930100056
1.0086181012
1.05606774685
1.06567473177
1.07613679098
1.1796689332
1.11591305934
1.20844465204
1.08761846333
1.0766811464
1.04011619891
1.07345190594
0.966457480766
0.936064690336
0.919069940465
0.862272261964
0.993312395135
0.925089346189
0.84438640824
1.71386578552
0.72727689948
1.83609620585
0.992223249002
0.919274545812
Repetition end
0
1
0
Repetition start
0.792617315956
0.906505326773
1.0863897922
0.950266022908
0.918886184817
1.06886343249
1.01826400303
0.895362407482
1.00342541063
1.04156276681
1.14786450046
1.18103875997
1.15947346873
1.14117555689
1.30745731086
0.989914868893
1.02614773728
1.04942650481
1.11829944108
1.1219556632
0.984832903158
0.875923159363
0.98509597299
0.931513205798
0.994143439178
0.932493373381
0.918058565494
1.0125307871
1.32432062607
0.874253384481
0.850741167499
1.10016530282
Repetition end
0
1
0
Repetition start
0.979849830895
1.09756026408
0.964285040106
0.908533596088
0.909660009655
0.931052570169
0.971137498421
1.02212078991
1.00169319737
0.991130863206
1.05580436064
1.09909432445
1.19946238593
1.18907316212
1.12984816812
1.17978415188
1.12866165719
1.09256568038
1.01560157419
1.0486855188
0.978508593292
0.886512879491
0.965071350157
0.982127676458
0.961992980895
0.97492211853
0.990390067492
0.956533094105
1.5743844416
1.1855548453
0.971835498682
0.887966882441
Repetition end
0
1
0
Repetition start
1.04999885006
0.938661233633
1.00654289206
1.09770609956
0.973362694846
0.851677652763
1.01952367539
1.04013254704
0.984115780275
1.00452356803
0.951554814669
1.05875401498
1.08155932619
1.15009445562
1.17580432172
1.22219762793
1.1896284159
1.12534458956
1.08017552301
1.00692847203
0.973915015199
0.954837201161
0.995954034394
0.993705588749
0.961065159823
0.860068513898
0.86568663641
0.996379528938
0.972648898254
0.998165032173
1.2187612744
0.909700922387
Repetition end
0
1
0
Repetition start
1.01007406294
1.04774937305
1.00722161241
1.05370558843
0.94073669477
1.0076872319
0.994523594805
1.01493879942
1.01799064739
0.96954085386
1.03005000218
1.04945102856
1.12410604205
1.00902498114
1.11811487514
1.23301198105
1.19286845484
1.09872024188
1.08616877741
1.01223474585
0.991681232599
0.96557443187
1.045626002
0.959361625634
0.847839285167
0.949733219913
1.02433885311
0.871778556829
0.925846789652
1.34232004453
1.06829058445
1.04423660554
Repetition end
0
1
0
Repetition start
1.29063093973
1.08446831082
1.10472750328
1.02870962412
0.984057519064
0.900667328012
0.883238761247
1.00943771439
0.951115171791
0.975589964117
1.06914109672
1.06647151705
1.03400996998
1.12821200087
1.22366823874
0.965957836238
1.15813511139
1.14005514993
1.00181297899
1.19401738495
1.06612617182
1.05140377947
0.957372732936
0.967445568203
1.01168936057
0.934576765973
0.963249596155
0.986390276169
0.957443607789
1.2997964863
1.03250895944
0.761862983253
Repetition end
0
1
0
Repetition start
0.95968756368
0.95968756368
0.938092334701
0.93679990059
0.93679990059
0.952731492936
0.97629820299
0.954659906728
0.930537408334
0.948747529698
0.960225310453
0.957799006036
0.967086344068
0.961931435675
0.961931435675
0.973205828614
0.953912950612
0.964728130332
1.06095100662
1.06095100662
1.05200908674
1.05200908674
1.0208611073
0.941402263158
0.941402263158
0.969612378008
0.977179130424
0.992304853197
0.992304853197
0.960316501945
0.960316501945
0.942456134849
Repetition end
0
0
0
Repetition start
1.29264615175
1.19474315953
0.936354479699
0.89228660155
0.850893094371
0.902643575026
1.08446919021
1.03735064629
0.886457280752
0.975141424
1.16058719383
1.22031554516
1.18768534657
1.23929983809
1.34540134252
1.1788303517
1.00083850374
0.895832726659
0.967124315164
0.963568464328
0.873295793315
0.928467422794
0.916861214999
0.986576203978
1.12463544694
1.49421109052
0.94695782134
0.896591697452
1.16391072308
1.10766885752
1.23313387512
1.22231159593
Repetition end
0
1
0
Repetition start
1.06631780614
1.03576928826
0.994353569472
0.971036234063
0.916188339674
0.994793248633
0.961054701752
0.989801440129
1.05061491107
1.11514132691
1.08991979518
1.03003847959
1.16609624204
1.20585163585
1.2537334537
1.21529946259
1.09329872529
1.04074997402
0.994959993834
0.870704317926
1.0163443787
0.991209430412
0.880825006106
0.934105286057
0.991371032865
0.87639726256
0.958088057771
1.10641368003
1.24605143634
0.967981714496
1.48302149425
0.862592007733
Repetition end
0
1
0
Repetition start
1.23269503539
1.3197474258
1.11804130247
1.03358035061
0.999401913916
1.04911599391
0.912455789103
0.944304364139
0.921294470022
0.985630251185
0.99314358783
1.0311979259
1.06719109889
1.12893384517
1.08724552903
1.26033609323
1.22231748873
1.23741978845
1.13681047109
1.09640910614
0.984744547551
0.952456466539
0.980490547485
0.958989133648
0.898188622875
0.895766045248
0.903277135281
0.965170559767
1.55050202409
1.07758293139
1.1408742296
1.13538890733
Repetition end
0
1
0
Repetition start
1.08305038733
1.00124054382
1.03174900315
1.03824556654
0.979499417523
0.935778129364
0.989009786545
1.00422664829
1.03295796556
0.999525020718
1.00429844339
1.08292277994
1.17970029085
1.15792474891
1.19616143149
1.18587752449
1.13264783945
1.07815955805
1.06812216271
1.02340245915
1.00784360483
0.977936628594
0.990571158507
1.02882075653
0.95113348247
0.946035902411
0.876635251707
0.958267649139
0.973195137358
0.894964796059
1.17850112944
0.840293652879
Repetition end
0
1
0
Repetition start
0.951106047653
0.952992261962
0.943309516063
0.944635458136
0.937508618792
0.961040793659
0.950109940601
0.951992092501
0.95011102081
0.947609650189
0.944652078408
0.956417675293
0.972069164794
0.922035807388
0.912358215336
0.945612721808
0.977465178054
0.948702192842
0.941729503945
0.916432342825
0.960745057553
0.930274437506
0.957243131032
0.936386327084
0.933351128068
0.957067732213
0.950891827553
0.970430911636
0.944405029515
0.942318235171
0.950993673954
0.937669454598
Repetition end
0
0
0
Repetition start
0.918707021126
0.962254290754
0.995545341019
0.961729593549
0.903737344103
0.953485133579
1.05173474874
1.02878611992
1.01445106371
0.986299837292
1.03964352317
1.05458126946
1.08705595621
1.10507470444
1.24096116975
1.26252895065
1.13715992065
1.07957761457
1.01345336448
1.0453537806
0.950871723763
0.973193135366
1.01185080134
0.976920422766
0.848289334636
0.959678074636
1.03151800907
0.985071038351
1.43764394319
0.894133535618
0.905654532782
1.11942012486
Repetition end
0
1
0
Repetition start
0.921519053164
1.16142916928
1.14161159194
0.910393041498
0.899527771396
1.06329058413
1.02796728916
1.0028936961
1.01243031087
1.01818961443
1.08504501724
1.11717557734
1.16284930291
1.27133028647
1.28982865945
1.18946827877
1.05518492872
1.02550892102
0.943049796666
0.890846937953
0.924036349325
0.966221225715
0.998378485815
0.941891592604
0.899516587518
0.964937022176
1.9744536945
0.970734334786
0.949687783014
1.09229268842
0.907217095514
0.986131206533
Repetition end
0
1
0
Repetition start
1.02881090755
1.13668076298
1.03688491217
1.06451950566
0.905958239682
0.93878600609
1.00320699845
1.00713296462
1.03909930723
1.00120275407
0.956108405423
1.06227146875
1.05148025222
1.21035552653
1.22646068497
1.27505265237
1.23083520458
1.10766690687
1.0565056794
0.990551207529
0.908788566171
0.965326846567
0.919556559374
0.866049371939
0.888825055429
0.91658774243
0.884470397754
1.14080578861
1.45071293619
0.998900753703
0.948037849355
0.967150918118
Repetition end
0
1
0
Repetition start
0.962146587636
0.955912634999
0.942870755939
1.1672944655
1.204106624
1.03589950006
1.04968161815
1.03082054942
0.959076737115
0.947102257317
0.979401290418
0.985883701401
0.980332931291
0.960192498174
1.04501268759
1.08989658877
1.233322774
1.15243815666
1.02845163766
1.03062138761
1.00196319709
0.889200889413
1.00984037038
0.9454213131
0.889013945589
0.901449251417
1.02574268837
0.983080608978
1.45349029595
0.936437579009
1.01829503737
1.09250620557
Repetition end
0
1
0
Repetition start
0.950556740235
0.942904220386
1.02193155402
0.989134578429
0.915225218704
0.923936920131
0.98372722876
1.10302608232
0.987375928457
0.993660070591
0.972289146332
1.04092903206
1.07488904848
1.07325519176
1.03677864872
1.24808031136
1.27417074782
1.19362165188
1.04134703938
1.01638942891
1.02361151985
1.07145225443
0.915251783481
0.964500791006
0.888269635228
1.02863851335
0.954379731296
0.999746793489
0.938604631924
1.17520961299
0.919576681371
1.03605657687
Repetition end
0
1
0
Repetition start
1.02178715363
1.11590956911
0.973954638263
1.01733792631
0.882206434485
0.907091085463
1.03041235362
0.992546538474
1.00081049402
1.00338181294
1.06574677068
1.12658548722
1.17825472109
1.1547400742
1.18868233616
1.20515029605
1.14619145396
1.0734869493
1.00409820221
1.01166043979
0.988944498288
0.996937125462
0.944235363391
0.861890823134
0.990013259639
1.07609129429
0.987461907672
0.995133078825
0.93694903754
1.21793690787
0.847809133938
1.00021534516
Repetition end
0
1
0
Repetition start
0.85687389981
0.996968726532
1.09276197289
0.968410720941
0.980027068911
1.07108639667
1.01534450949
0.972959474998
0.976692263565
1.03383649692
0.959647467998
1.01977871855
1.06488104277
1.02227543603
1.18441863005
1.17433746541
1.20073392684
1.13225933414
1.08345321667
1.03368327048
0.995222726229
0.945539742734
0.975173872718
0.954451097713
0.91160940031
0.927755747097
0.961140035592
1.02300856789
1.80866153479
0.873981832867
1.22595137357
1.13541421886
Repetition end
0
1
0
Repetition start
1.07139142851
0.934839759897
1.23426838608
1.03374868639
1.01845515122
0.917972469322
0.937829446525
0.990139695255
0.971497473573
1.13306306337
1.07470494278
1.15500422491
1.11571099006
1.10088054197
1.09429613852
1.1143466787
1.11573745918
1.11542629755
1.0089526067
1.07292543064
0.995457053055
0.962342882182
0.875044091425
0.954754128917
0.952551141333
1.00347136567
0.990288984986
1.0867954234
1.20454374023
0.898477897565
0.922094444245
1.17826603202
Repetition end
0
1
0
Repetition start
1.04480625119
1.03142979528
1.12822855668
0.996028817622
0.973332315674
0.99611459785
0.955270734139
0.956433529944
1.0362122925
0.987255615917
1.03185494698
1.0314060765
1.08794594869
1.0796523764
1.07141848315
1.16716929413
1.20640205292
1.21901901192
1.01677850545
1.09760517463
0.923068462092
0.959062316742
0.965645142611
0.956838666262
0.915527937825
0.999388807871
1.11965337461
0.947004720801
0.842718034163
1.71829433578
1.01502780963
1.11721222523
Repetition end
0
1
0
Repetition start
1.05133711814
0.815658594313
0.969190614619
1.07825393873
1.00582164397
0.943510158012
0.976950190836
1.03297876724
1.09393041179
1.05364025894
0.996672011803
1.07121938028
1.04990619967
1.05018650297
1.17539745226
1.16906989381
1.13691814876
1.10735996013
1.06966978288
1.03255855379
0.952163666823
0.981479236149
0.945081923084
0.961713992773
0.988715617276
0.930394224614
0.91276620785
0.988683872987
0.99965087004
1.91906996946
1.12001691168
0.775245138784
Repetition end
0
1
0
Repetition start
1.0363736785
1.03246238094
0.949135337116
0.990974228881
0.963634507329
0.875820575549
0.966083914922
1.02257380732
1.06551352188
1.02059635892
0.990196394709
0.99492620408
1.04659905462
1.05996905792
1.07350287946
1.20711659003
1.200919255
1.21795218593
1.1810141203
1.06031879235
1.08783815795
0.938621616963
1.02543957185
0.902459011313
0.81205448444
1.00827231379
0.964561731999
0.984748748565
1.20821125103
0.803352602851
1.0182712797
1.40436743319
Repetition end
0
1
0
Repetition start
0.980779773273
1.0783297182
0.924009013058
0.996170510345
1.04931421399
0.975206849427
0.921042472522
1.04907153411
1.06428681396
1.02897397393
1.04849687954
1.07209202138
1.07230995691
1.07194121722
1.08623499706
1.18494454186
1.16588777611
1.22947997829
1.07961196049
1.08812977578
1.07933853965
0.92730584738
1.00731659302
0.969747041791
0.896340963324
0.894609466615
0.962059323724
0.845165692007
0.945428679554
1.53130934318
1.08315824869
0.885283720563
Repetition end
0
1
0
Repetition start
0.971873617708
0.962644868714
1.106642299
1.10568141577
0.902364412707
0.919377129229
0.954962807307
0.987738118933
1.01559007475
1.03992373405
1.02584849171
1.04691996585
1.05686136961
1.04549081946
1.0327281924
1.03677107256
1.0846244589
1.06633054199
1.01310722155
1.06010535131
1.13581420362
1.15318552565
1.14178308393
1.07124713304
1.01693014685
1.02356778473
0.907437212811
0.828428842477
0.850598995402
1.35601265161
1.02138917271
0.97302994386
Repetition end
0
1
0
Repetition start
0.885598979674
0.992268260538
1.03300847237
0.992604290161
0.986548757898
1.03963231295
1.0301582489
1.04508740727
1.03631656682
1.05087504979
1.04498213122
1.02593418428
1.02500182637
1.03204410857
1.06477966375
1.06210305358
1.11370967686
1.16233398767
1.1742467467
1.15126563572
1.06750984867
1.0598730068
1.06343682796
0.950729466974
0.972673992393
0.971576878845
0.907441722457
0.90406510656
0.967805727161
0.924690668556
1.49700038346
1.15567238176
Repetition end
0
1
0
Repetition start
1.10490172439
1.05265135783
1.01682027393
0.959653238479
0.986607096661
0.975268838419
1.04383184675
1.0649502512
1.02921824182
1.00955371736
1.03168271841
1.03456439066
1.04805938601
1.04625086363
1.17198975478
1.18973376028
1.10507940371
1.07581503087
1.03236711207
0.971821509128
0.948365414644
0.912677324633
0.98253086843
0.906321962558
0.878434732902
0.906552252023
0.994610171547
0.969501106123
1.19806042064
1.24288522121
1.35866696044
0.91119186071
Repetition end
0
1
0
