Repetition start
1.26739501953
1.41772460938
1.39324951172
1.72375488281
1.63665771484
1.31524658203
1.38427734375
1.20123291016
1.10888671875
0.663330078125
0.532287597656
0.940368652344
1.00866699219
1.4033203125
1.41809082031
1.33538818359
1.35424804688
1.34350585938
0.837280273438
0.0987548828125
Repetition end
1
Repetition start
1.50128173828
1.55889892578
1.67120361328
1.46490478516
1.24462890625
1.17260742188
1.12097167969
0.781616210938
0.739990234375
0.907653808594
1.01806640625
1.21466064453
1.27770996094
1.28369140625
1.35485839844
1.30657958984
1.29370117188
0.869201660156
-0.362854003906
-0.920776367188
Repetition end
1
Repetition start
1.50933837891
1.52319335938
1.51519775391
1.43670654297
1.51257324219
1.36163330078
1.17211914062
0.919128417969
0.85595703125
0.581909179688
0.880798339844
1.07055664062
1.11383056641
1.19012451172
1.49353027344
1.41241455078
1.07409667969
2.18292236328
1.03967285156
-0.122497558594
Repetition end
1
Repetition start
0.268005371094
1.60186767578
1.59484863281
1.61743164062
1.40997314453
1.33441162109
1.15478515625
0.995910644531
0.848327636719
0.625183105469
0.7041015625
0.74462890625
0.835327148438
1.00122070312
1.14050292969
1.36834716797
1.48443603516
1.27746582031
1.36877441406
0.197143554688
Repetition end
1
Repetition start
-0.501220703125
-0.433410644531
1.17974853516
1.59759521484
1.50140380859
1.72619628906
1.61145019531
1.62200927734
1.48547363281
1.1708984375
0.80029296875
0.694519042969
0.972717285156
1.23699951172
1.44329833984
1.5146484375
0.59814453125
-0.091064453125
0.206359863281
0.229736328125
Repetition end
1
Repetition start
0.1552734375
1.55200195312
1.63885498047
1.68109130859
1.51306152344
1.32318115234
1.20178222656
0.92626953125
0.692504882812
0.727783203125
1.07940673828
1.40270996094
1.49908447266
1.47009277344
1.55346679688
1.33074951172
1.09497070312
0.833984375
0.508728027344
-0.179626464844
Repetition end
1
Repetition start
1.64892578125
1.50213623047
1.51092529297
1.45941162109
1.09448242188
1.04168701172
0.71826171875
0.546264648438
0.68115234375
0.801940917969
0.928466796875
1.14331054688
1.41552734375
1.31811523438
1.15924072266
1.34655761719
1.43774414062
1.37365722656
1.26770019531
1.28094482422
Repetition end
0
Repetition start
1.05859375
1.28271484375
1.59625244141
1.48376464844
1.52728271484
1.48968505859
1.60528564453
1.52526855469
1.21118164062
1.09216308594
0.8759765625
0.646423339844
1.45642089844
1.42218017578
1.35693359375
1.38507080078
1.27368164062
1.5
0.888732910156
0.151000976562
Repetition end
1
Repetition start
0.337524414062
1.08831787109
1.24481201172
1.52502441406
1.66900634766
1.39654541016
1.67144775391
1.17065429688
1.28649902344
0.8701171875
0.486022949219
1.03363037109
0.794738769531
0.902465820312
1.13238525391
1.16613769531
1.42236328125
1.33636474609
0.815673828125
0.3974609375
Repetition end
1
Repetition start
0.999328613281
1.25396728516
1.64880371094
1.38806152344
1.45550537109
1.69470214844
1.61938476562
1.65081787109
1.55633544922
1.45050048828
0.739074707031
0.553405761719
0.989318847656
1.16400146484
1.37591552734
1.34466552734
1.55737304688
1.50299072266
1.16912841797
0.584594726562
Repetition end
1
Repetition start
0.110046386719
0.402160644531
1.36083984375
1.48657226562
1.24371337891
1.40264892578
1.4892578125
1.44110107422
1.38873291016
1.18121337891
0.992431640625
0.907104492188
0.724609375
0.515686035156
0.953979492188
1.29296875
1.18878173828
1.36444091797
1.39111328125
1.28503417969
Repetition end
1
Repetition start
0.287902832031
0.277282714844
0.305847167969
0.34619140625
0.212585449219
-0.0074462890625
-0.142822265625
0.884399414062
1.1259765625
1.49609375
1.50439453125
1.58642578125
1.62231445312
0.868713378906
0.686706542969
0.898132324219
1.31829833984
1.39721679688
1.51995849609
0.46044921875
Repetition end
1
Repetition start
0.119689941406
-0.02978515625
0.375244140625
1.26062011719
1.41271972656
1.54956054688
1.39526367188
1.63537597656
1.63940429688
1.57843017578
1.50482177734
0.673156738281
0.841552734375
0.989685058594
1.31188964844
1.41900634766
1.35528564453
1.46282958984
1.35540771484
1.32012939453
Repetition end
1
Repetition start
-0.0557861328125
1.59497070312
1.40960693359
1.44403076172
1.50555419922
1.53405761719
1.38140869141
1.24768066406
1.08966064453
0.704833984375
0.397888183594
0.794250488281
1.24761962891
1.38739013672
1.3681640625
1.38977050781
1.33856201172
0.965209960938
0.302673339844
0.465209960938
Repetition end
1
Repetition start
1.44738769531
1.36163330078
1.35955810547
1.50408935547
1.62438964844
1.57720947266
1.14031982422
0.866943359375
0.524047851562
0.388427734375
0.611206054688
0.733581542969
0.749389648438
0.870910644531
1.28674316406
1.52905273438
1.58264160156
1.18890380859
-0.248168945312
0.09716796875
Repetition end
1
Repetition start
0.0533447265625
1.30590820312
1.40588378906
1.36590576172
1.43463134766
1.50427246094
1.48913574219
1.23937988281
0.909606933594
0.647399902344
0.25244140625
0.68798828125
1.04711914062
1.30065917969
1.41302490234
1.38494873047
1.58837890625
1.3642578125
0.59814453125
0.249938964844
Repetition end
1
Repetition start
-0.0342407226562
1.59399414062
1.17315673828
1.39544677734
1.34039306641
1.59942626953
1.5595703125
1.07012939453
0.854187011719
0.64794921875
1.17486572266
1.1630859375
1.13806152344
1.28155517578
1.31164550781
1.45825195312
1.14990234375
1.29693603516
0.958129882812
0.003662109375
Repetition end
0
Repetition start
0.466003417969
0.505554199219
0.53564453125
0.508544921875
0.516845703125
0.463256835938
0.490783691406
0.492309570312
0.463806152344
0.482543945312
0.470275878906
0.484252929688
0.62548828125
0.5986328125
0.524047851562
0.493835449219
0.5048828125
0.902587890625
0.588195800781
0.565307617188
Repetition end
0
Repetition start
0.842895507812
1.51208496094
1.55285644531
1.64886474609
1.64050292969
1.64874267578
1.45147705078
1.41168212891
1.30914306641
0.93359375
0.680236816406
0.59814453125
0.755126953125
1.33190917969
1.42706298828
1.35797119141
1.42150878906
1.51806640625
1.07458496094
0.506530761719
Repetition end
1
Repetition start
-0.0045166015625
0.0213623046875
1.33807373047
1.39855957031
1.39520263672
1.60217285156
1.60705566406
1.58880615234
1.36993408203
1.08148193359
0.653930664062
0.400573730469
0.805480957031
0.808898925781
0.971740722656
1.16540527344
1.37353515625
1.50689697266
0.907653808594
-0.008544921875
Repetition end
0
Repetition start
1.20025634766
1.37274169922
1.48736572266
1.61993408203
1.61901855469
1.62884521484
1.57568359375
1.43432617188
1.29083251953
1.11175537109
0.702758789062
0.333679199219
0.573181152344
0.702453613281
0.866638183594
1.14007568359
1.35998535156
1.40270996094
0.970764160156
-0.193298339844
Repetition end
1
Repetition start
-0.653869628906
1.03411865234
1.61822509766
1.61083984375
1.56799316406
1.58355712891
1.67700195312
1.625
1.53668212891
1.384765625
1.24169921875
1.12377929688
0.662902832031
0.337219238281
0.663818359375
0.857666015625
1.3193359375
1.27398681641
1.37536621094
1.32415771484
Repetition end
1
Repetition start
0.3896484375
-0.152038574219
0.771118164062
1.25671386719
1.52355957031
1.47442626953
1.55914306641
1.61968994141
0.606323242188
1.02795410156
1.08728027344
1.45855712891
1.36010742188
1.39013671875
1.3076171875
1.24493408203
1.11334228516
2.07348632812
0.931701660156
-0.366088867188
Repetition end
1
Repetition start
0.199645996094
0.302185058594
0.327514648438
0.363098144531
0.363708496094
0.385925292969
0.381530761719
0.382507324219
0.369323730469
0.704711914062
1.3818359375
1.34997558594
1.14831542969
1.43786621094
1.61901855469
1.29260253906
1.22692871094
0.740661621094
1.37115478516
1.44140625
Repetition end
1
Repetition start
1.07897949219
1.32397460938
1.61102294922
1.41729736328
1.48150634766
1.55615234375
1.65960693359
1.59716796875
1.62072753906
1.15093994141
0.732238769531
0.511291503906
0.708862304688
1.068359375
1.12127685547
1.40399169922
1.41259765625
1.24859619141
0.25634765625
0.4140625
Repetition end
1
Repetition start
1.51440429688
1.38275146484
1.47015380859
1.55883789062
1.67205810547
1.65631103516
1.69714355469
1.49932861328
1.34503173828
1.19738769531
1.04827880859
0.464660644531
0.573303222656
0.607849121094
0.798522949219
0.72607421875
1.26928710938
0.850830078125
1.16046142578
0.172424316406
Repetition end
1
Repetition start
0.87109375
0.912353515625
1.30224609375
1.57666015625
1.56475830078
1.62689208984
1.63250732422
1.68347167969
1.65631103516
1.31695556641
0.75146484375
0.738403320312
0.7626953125
0.824829101562
0.819641113281
1.23809814453
1.38793945312
1.23834228516
1.39117431641
0.458618164062
Repetition end
1
Repetition start
0.767700195312
1.35748291016
1.58264160156
1.50030517578
1.50128173828
1.51116943359
1.41821289062
1.22393798828
1.09716796875
0.760925292969
0.579650878906
0.749084472656
0.860229492188
0.985046386719
1.10400390625
1.33813476562
1.400390625
1.22845458984
0.529174804688
-0.158569335938
Repetition end
1
Repetition start
1.32318115234
1.52282714844
1.46063232422
1.36486816406
1.53002929688
1.44995117188
1.77752685547
1.64410400391
1.64343261719
1.36737060547
1.02038574219
0.809387207031
0.867126464844
0.943420410156
1.20501708984
1.32073974609
1.34967041016
2.11279296875
0.223937988281
-0.255126953125
Repetition end
1
Repetition start
1.51446533203
1.48712158203
1.65069580078
1.62927246094
1.58624267578
1.42388916016
1.22998046875
1.13543701172
0.638305664062
0.734436035156
0.852355957031
1.02856445312
1.26007080078
1.42028808594
1.29510498047
1.08337402344
-0.203125
-0.0802001953125
-0.310791015625
-0.0653076171875
Repetition end
1
