Repetition start
1.52758789062
1.46215820312
1.53607177734
1.72595214844
1.58752441406
1.51281738281
1.40747070312
1.34497070312
1.33874511719
0.827514648438
0.974426269531
1.01586914062
1.29125976562
1.28155517578
1.44696044922
1.56127929688
1.41192626953
1.59240722656
0.753173828125
-0.672973632812
Repetition end
1
Repetition start
1.70721435547
1.57342529297
1.6123046875
1.71209716797
1.5888671875
1.47094726562
1.29504394531
1.14453125
1.01959228516
0.731140136719
0.983093261719
1.11499023438
1.19311523438
1.45629882812
1.37243652344
1.3701171875
1.61828613281
0.945678710938
-0.0423583984375
-0.281799316406
Repetition end
1
Repetition start
-0.338134765625
-0.343933105469
1.47717285156
1.44512939453
1.32684326172
1.51568603516
1.44177246094
1.33544921875
0.753479003906
0.887817382812
1.21221923828
1.60229492188
1.51330566406
1.57427978516
1.39904785156
1.34112548828
1.23168945312
0.943298339844
0.132385253906
-0.5166015625
Repetition end
1
Repetition start
0.108154296875
0.552185058594
1.28588867188
1.48602294922
1.64135742188
1.38421630859
1.08770751953
1.07745361328
0.964904785156
0.741455078125
0.657775878906
0.773986816406
0.793029785156
1.27734375
1.47637939453
1.47576904297
1.60491943359
1.49853515625
1.39038085938
0.396057128906
Repetition end
1
Repetition start
0.723876953125
1.33966064453
1.41693115234
1.72875976562
1.23986816406
1.09881591797
0.941223144531
0.823120117188
0.880065917969
0.954345703125
0.928894042969
0.993530273438
1.39929199219
1.2861328125
1.37127685547
1.43371582031
1.21014404297
1.47802734375
0.0711059570312
0.035888671875
Repetition end
1
Repetition start
1.41687011719
1.48126220703
1.60125732422
1.48608398438
1.48937988281
1.23785400391
1.17932128906
1.00158691406
0.884399414062
1.10461425781
1.35339355469
1.35980224609
1.17626953125
1.31463623047
1.375
1.419921875
1.36651611328
1.26214599609
0.845153808594
-0.0606079101562
Repetition end
1
Repetition start
1.10943603516
0.867736816406
1.4677734375
1.60491943359
1.55517578125
1.35418701172
1.21154785156
1.00720214844
0.83837890625
1.06597900391
1.21997070312
1.3779296875
1.36932373047
1.42407226562
1.076171875
1.72589111328
0.458190917969
0.36767578125
0.463745117188
-0.0938110351562
Repetition end
1
Repetition start
1.47430419922
1.32220458984
1.63116455078
1.48596191406
1.24963378906
1.23120117188
0.930053710938
0.75
0.799072265625
0.984558105469
1.21380615234
1.43487548828
1.4267578125
1.48577880859
1.59332275391
1.56524658203
1.42352294922
1.40362548828
1.24615478516
0.567321777344
Repetition end
1
Repetition start
0.0185546875
0.545837402344
1.45434570312
1.48651123047
1.47570800781
1.45330810547
1.53491210938
1.43176269531
1.19268798828
1.06182861328
0.724731445312
0.846435546875
0.792053222656
1.10241699219
1.31506347656
1.26031494141
1.52899169922
1.48754882812
1.3984375
1.40155029297
Repetition end
1
Repetition start
1.40856933594
1.50537109375
1.34252929688
1.41339111328
1.34191894531
1.39593505859
1.28735351562
1.11785888672
0.912170410156
0.984375
1.20404052734
1.41442871094
1.39068603516
1.5634765625
1.68084716797
1.26550292969
1.30108642578
1.23419189453
0.454162597656
0.105529785156
Repetition end
1
Repetition start
1.55926513672
1.46350097656
1.61535644531
1.57806396484
1.38366699219
1.36242675781
1.40380859375
1.14367675781
0.985168457031
1.03344726562
1.13549804688
1.13885498047
1.40710449219
1.44586181641
1.45220947266
1.56658935547
1.35876464844
1.015625
-0.92578125
-0.302795410156
Repetition end
1
Repetition start
1.39569091797
1.44445800781
1.45471191406
1.54431152344
1.78173828125
1.47009277344
1.40625
1.34637451172
1.02587890625
0.814392089844
0.871459960938
0.962158203125
1.13751220703
1.24908447266
1.42742919922
1.56597900391
1.32507324219
0.912231445312
0.701721191406
0.281433105469
Repetition end
1
Repetition start
1.41796875
1.46954345703
1.46484375
1.49822998047
1.54821777344
1.66583251953
1.62426757812
1.64227294922
1.33404541016
1.27593994141
0.9423828125
0.929504394531
0.963745117188
1.12567138672
1.17181396484
1.38970947266
1.20751953125
1.44122314453
0.274658203125
0.0645141601562
Repetition end
1
Repetition start
0.119445800781
-0.128967285156
1.11267089844
1.02197265625
1.27984619141
1.51641845703
1.54449462891
1.63360595703
1.62237548828
1.55718994141
1.45568847656
1.30609130859
1.13641357422
0.8447265625
0.872985839844
1.02868652344
1.34210205078
1.44781494141
1.49639892578
0.56005859375
Repetition end
1
Repetition start
0.0271606445312
-0.0123901367188
-0.025146484375
0.00531005859375
0.004638671875
0.0236206054688
0.0682373046875
0.0731811523438
0.0761108398438
0.0606689453125
0.0956420898438
0.0982055664062
0.0679931640625
0.111572265625
0.114074707031
0.0476684570312
0.0276489257812
0.096435546875
0.210998535156
0.138916015625
Repetition end
0
Repetition start
1.29364013672
1.62811279297
1.54425048828
1.47393798828
1.50469970703
1.57720947266
1.42687988281
1.33502197266
1.26666259766
1.15344238281
1.00335693359
1.34039306641
1.34747314453
1.48376464844
1.33087158203
1.40637207031
1.20343017578
2.10327148438
0.0211181640625
0.15966796875
Repetition end
1
Repetition start
1.42431640625
1.56896972656
1.49053955078
1.56585693359
1.61572265625
1.39715576172
1.30065917969
1.21105957031
1.00170898438
0.794677734375
0.905029296875
1.23175048828
1.23999023438
1.35906982422
1.51403808594
1.44244384766
1.06756591797
1.13232421875
1.03851318359
-0.672424316406
Repetition end
1
Repetition start
0.704345703125
1.48577880859
1.43646240234
1.67016601562
1.69897460938
1.67102050781
1.62823486328
1.49517822266
1.49035644531
1.41979980469
1.30847167969
1.05505371094
0.972106933594
1.12664794922
1.20715332031
1.55163574219
1.53973388672
0.480529785156
0.285522460938
0.0648193359375
Repetition end
1
Repetition start
-0.486999511719
1.21740722656
1.43286132812
1.49603271484
1.61224365234
1.44311523438
1.41223144531
1.36407470703
1.31140136719
1.212890625
0.998413085938
0.784851074219
1.02807617188
1.30932617188
1.46795654297
1.44384765625
1.408203125
1.31536865234
1.35760498047
0.688171386719
Repetition end
1
Repetition start
0.939453125
1.39453125
1.40228271484
1.47216796875
1.46441650391
1.42541503906
1.31506347656
1.25061035156
0.907836914062
0.628540039062
0.702453613281
0.925659179688
1.12164306641
1.27856445312
1.34899902344
1.43664550781
1.23077392578
1.4013671875
-0.0267333984375
-0.477661132812
Repetition end
1
Repetition start
1.15899658203
1.48657226562
1.53686523438
1.65411376953
1.49743652344
1.71618652344
1.43804931641
1.13848876953
0.896545410156
0.692687988281
0.724548339844
0.902893066406
0.954223632812
1.45983886719
1.2958984375
1.49761962891
1.98358154297
0.613708496094
0.00177001953125
-0.332153320312
Repetition end
1
Repetition start
0.664245605469
1.32250976562
1.34924316406
1.58282470703
1.47772216797
1.37487792969
1.16729736328
0.882751464844
0.567993164062
0.837341308594
1.17047119141
0.951354980469
1.06811523438
1.3916015625
1.39916992188
1.26336669922
1.10107421875
1.16394042969
0.009033203125
-0.227111816406
Repetition end
1
Repetition start
-0.672546386719
1.45074462891
1.49884033203
1.54858398438
1.63873291016
1.49859619141
1.54943847656
1.56188964844
0.928466796875
0.7470703125
0.795043945312
1.01446533203
1.16326904297
1.59271240234
1.27642822266
1.18615722656
1.23541259766
-0.138916015625
-0.807556152344
-0.43359375
Repetition end
1
Repetition start
0.780944824219
1.33581542969
1.53143310547
1.59692382812
1.30041503906
0.969482421875
0.774475097656
0.71142578125
0.68505859375
0.867004394531
0.967834472656
1.11682128906
1.42578125
1.37579345703
1.35565185547
1.25439453125
1.26184082031
0.999694824219
0.591003417969
-1.11706542969
Repetition end
1
Repetition start
0.58056640625
0.556640625
1.02233886719
1.38494873047
1.39233398438
1.39764404297
1.37921142578
1.48394775391
1.52514648438
1.39141845703
1.08312988281
0.914733886719
1.03405761719
1.09027099609
1.16754150391
1.20202636719
1.40283203125
1.23785400391
1.16497802734
1.87384033203
Repetition end
1
Repetition start
-0.0288696289062
0.828125
1.34356689453
1.42248535156
1.41955566406
1.53973388672
1.70141601562
1.61102294922
1.54809570312
1.38482666016
0.641967773438
0.65576171875
0.757141113281
0.873718261719
1.005859375
1.52172851562
1.17126464844
0.952453613281
1.76129150391
0.304870605469
Repetition end
0
Repetition start
1.42010498047
1.36303710938
1.51971435547
1.53851318359
1.546875
1.38043212891
1.29077148438
1.17346191406
0.9248046875
0.934753417969
1.01495361328
1.07653808594
1.13629150391
1.26477050781
1.54858398438
1.62719726562
1.43389892578
1.46148681641
1.21984863281
-0.448425292969
Repetition end
0
Repetition start
1.45983886719
1.40802001953
1.55493164062
1.68878173828
1.67852783203
1.46325683594
1.37963867188
1.14263916016
0.849365234375
0.684875488281
0.601623535156
1.12872314453
1.47619628906
1.52056884766
1.46087646484
1.58325195312
1.40832519531
1.20770263672
1.51599121094
-0.0172119140625
Repetition end
1
Repetition start
1.52960205078
1.74438476562
1.53717041016
1.41064453125
1.27996826172
1.28399658203
1.2275390625
0.756774902344
0.648315429688
0.760864257812
1.01513671875
1.28955078125
1.37854003906
1.52056884766
1.25811767578
1.10559082031
0.956604003906
0.868713378906
1.26068115234
-0.152038574219
Repetition end
0
