Repetition start
1.30139160156
1.57788085938
1.62463378906
1.55059814453
1.53179931641
1.47393798828
1.32934570312
1.14923095703
0.635009765625
0.681579589844
1.23315429688
1.45062255859
1.48956298828
1.51196289062
1.45288085938
1.21832275391
1.10113525391
-0.249267578125
-0.350158691406
-0.00531005859375
Repetition end
1
Repetition start
1.46398925781
1.55139160156
1.47857666016
1.54864501953
1.56188964844
1.38360595703
1.3740234375
1.43957519531
1.13714599609
1.74877929688
0.843994140625
1.0751953125
1.26452636719
1.53216552734
1.26861572266
1.42004394531
1.31085205078
1.12756347656
0.147644042969
-0.213439941406
Repetition end
0
Repetition start
0.518249511719
0.846130371094
1.52685546875
1.57543945312
1.53295898438
1.44134521484
1.58276367188
1.29040527344
0.935180664062
0.622253417969
0.694274902344
0.920288085938
1.14398193359
1.31390380859
1.35412597656
1.37243652344
1.31726074219
1.18817138672
0.387451171875
0.104858398438
Repetition end
1
Repetition start
1.16809082031
1.25915527344
1.69854736328
1.42926025391
1.5029296875
1.33947753906
1.40173339844
1.33172607422
0.808288574219
0.757141113281
0.788696289062
0.874267578125
1.03820800781
1.30889892578
1.44622802734
1.40649414062
1.38165283203
1.18603515625
-0.146545410156
-1.10052490234
Repetition end
1
Repetition start
1.52856445312
1.46801757812
1.37060546875
1.41381835938
1.490234375
1.57116699219
1.5546875
1.48590087891
0.854736328125
0.806762695312
0.908874511719
1.07482910156
1.20495605469
1.40203857422
1.37664794922
1.287109375
1.37536621094
1.14630126953
1.31427001953
0.315734863281
Repetition end
1
Repetition start
1.16247558594
1.43780517578
1.48303222656
1.49694824219
1.45831298828
1.27642822266
1.08013916016
0.799865722656
0.891845703125
1.01202392578
1.53021240234
1.58483886719
1.53369140625
1.53442382812
1.42291259766
1.38354492188
1.68487548828
0.496520996094
0.356079101562
-0.154235839844
Repetition end
1
Repetition start
1.56042480469
1.61456298828
1.55926513672
1.42529296875
1.25256347656
1.07598876953
0.883422851562
0.804870605469
0.729736328125
0.776123046875
1.08361816406
1.12585449219
1.28668212891
1.28936767578
1.39324951172
1.43786621094
1.28784179688
1.90191650391
0.494567871094
-0.47705078125
Repetition end
1
Repetition start
0.381958007812
1.13616943359
1.42749023438
1.38555908203
1.63372802734
1.42376708984
1.54608154297
1.53155517578
1.46075439453
1.46942138672
1.35693359375
0.792846679688
1.1171875
1.43493652344
1.45538330078
1.49420166016
1.23846435547
1.10687255859
0.405029296875
-0.167846679688
Repetition end
1
Repetition start
-0.258239746094
1.22613525391
1.30419921875
1.45300292969
1.46356201172
1.49853515625
1.42785644531
1.58795166016
1.37542724609
1.35693359375
1.32562255859
0.781677246094
0.762756347656
0.826293945312
1.17645263672
1.32336425781
1.47442626953
1.34674072266
1.17962646484
0.957336425781
Repetition end
1
Repetition start
1.29455566406
1.16809082031
1.21453857422
1.41839599609
1.30670166016
1.53326416016
1.40289306641
1.41668701172
1.05865478516
1.06518554688
0.977172851562
0.9443359375
0.987976074219
1.50109863281
1.41784667969
1.56732177734
1.30145263672
0.96484375
0.789794921875
0.231689453125
Repetition end
1
Repetition start
0.0794067382812
0.896362304688
1.27941894531
1.32318115234
1.31262207031
1.45336914062
1.58050537109
1.55200195312
1.54382324219
1.47222900391
1.38854980469
1.28204345703
1.26263427734
1.08508300781
1.22125244141
1.38671875
1.40850830078
1.30499267578
0.271057128906
-0.977661132812
Repetition end
1
Repetition start
0.0150756835938
-0.446166992188
0.83740234375
1.15832519531
1.43121337891
1.33410644531
1.47265625
1.49377441406
1.17492675781
0.734680175781
0.686157226562
0.960327148438
1.21978759766
1.47204589844
1.19439697266
1.11981201172
0.697875976562
0.0541381835938
-1.38323974609
-0.605407714844
Repetition end
1
Repetition start
1.33270263672
1.32861328125
1.43835449219
1.51489257812
1.55841064453
1.55493164062
1.6337890625
1.55981445312
1.43450927734
0.986877441406
0.858703613281
1.07165527344
1.13208007812
1.31359863281
1.16424560547
1.30706787109
1.12823486328
1.4912109375
0.223449707031
0.556701660156
Repetition end
0
Repetition start
-0.587646484375
-0.295104980469
0.821472167969
1.20166015625
1.2822265625
1.3779296875
1.39331054688
1.54364013672
1.57769775391
0.979309082031
1.01818847656
1.08355712891
1.33746337891
1.39178466797
1.20477294922
1.03753662109
0.883483886719
0.0626220703125
0.176330566406
-1.05480957031
Repetition end
1
Repetition start
1.16577148438
1.35095214844
1.24139404297
1.40155029297
1.48333740234
1.58538818359
1.50067138672
1.31024169922
1.27886962891
1.09979248047
0.942993164062
0.804382324219
0.677612304688
0.884582519531
1.30456542969
1.44854736328
1.43005371094
1.23388671875
1.20629882812
0.952758789062
Repetition end
1
Repetition start
-0.675231933594
1.41387939453
1.38702392578
1.38317871094
1.56781005859
1.45056152344
1.46160888672
1.21350097656
1.14343261719
0.822509765625
1.05438232422
1.51013183594
1.49737548828
1.43469238281
1.49060058594
1.43420410156
1.29968261719
0.854797363281
0.270324707031
-1.00463867188
Repetition end
0
Repetition start
0.471862792969
1.20098876953
1.12237548828
1.37603759766
1.55743408203
1.56335449219
1.58587646484
1.60864257812
1.43322753906
1.26623535156
0.816345214844
0.588989257812
0.937194824219
0.979248046875
1.14208984375
1.3544921875
1.33361816406
0.835693359375
1.28015136719
0.203247070312
Repetition end
1
Repetition start
1.40222167969
1.54083251953
1.5048828125
1.35876464844
1.33294677734
1.61322021484
1.58001708984
1.26617431641
0.914428710938
1.03704833984
1.21020507812
1.35333251953
1.40533447266
1.47387695312
1.57470703125
1.33728027344
1.14282226562
1.20056152344
1.02386474609
0.139526367188
Repetition end
1
Repetition start
0.719299316406
1.24212646484
1.31640625
1.34692382812
1.31884765625
1.46838378906
1.41418457031
1.32659912109
1.26776123047
1.30914306641
0.87158203125
1.05395507812
1.19689941406
1.23681640625
1.33660888672
1.55462646484
1.31030273438
1.11413574219
0.940979003906
-0.397827148438
Repetition end
1
Repetition start
0.820678710938
1.18011474609
1.53509521484
1.39196777344
1.43603515625
1.46759033203
1.52264404297
1.52972412109
1.30535888672
1.26428222656
1.05169677734
0.958740234375
0.932983398438
1.02905273438
1.25909423828
1.40063476562
1.32507324219
1.28991699219
2.52453613281
0.04345703125
Repetition end
1
