16790
16778
16358
16687
17213
16614
16609
16541
16401
16713
16504
16510
16738
16534
16807
16565
16653
16786
16965
16867
16794
16971
16790
16710
16925
16544
16773
16745
16746
16766
16830
16747
16889
16791
16780
16597
16741
16756
16938
16846
16870
18482
16839
16534
17001
17090
16542
16602
16866
17301
16818
17127
16772
16961
17071
16721
17054
16650
17381
16701
17149
16861
17466
16749
17121
17244
17017
17045
17734
18197
17869
17411
18318
18810
18361
18783
17021
17309
16991
22749
20945
24699
23617
19448
20216
21014
22996
20915
22700
24630
22762
19201
22475
21630
19722
21819
20789
18671
18406
20547
21188
21967
24500
18823
19446
19698
17966
18555
18842
19018
21611
18827
18561
20524
22030
17664
20248
18987
18430
20216
19841
19646
19676
20323
21612
20368
18333
20605
30422
19267
20099
19795
20665
22645
21681
18273
23556
19269
19658
21539
20923
19504
20012
18929
20890
18481
17579
17418
18154
17845
17994
17376
19374
20711
18107
22347
20621
22293
19004
17553
18497
18764
17302
17808
16938
17379
17400
17316
16630
17244
16958
16531
16874
17586
17089
18018
20146
17834
17844
17366
15858
17231
17002
16753
16893
16994
17271
17371
16837
17192
17186
16997
17211
17654
17315
17142
17220
17214
17000
17130
17001
17383
17208
17191
17677
17399
17853
16860
17395
17893
17715
17220
17351
17830
17195
16420
17095
16862
16975
17607
17382
17983
17368
17003
18213
17277
17637
16560
17203
17261
17401
17379
17628
17927
17949
17503
19132
17669
17674
18732
17331
17382
17289
15319
13960
16043
Repetition Start
16987
20196
29410
22076
22071
21680
22577
20188
19490
16980
16439
15991
14891
14600
14036
15737
20017
Repetition End
1
18218
16858
18399
17171
16420
16794
16235
14961
14578
13044
17136
Repetition Start
17853
18662
18132
20670
23776
23520
21863
20882
21113
19121
17554
16493
15493
16797
18589
14449
15462
17166
15977
18271
Repetition End
1
16539
17967
17527
18363
17030
12987
14876
18483
16969
19205
Repetition Start
17003
23802
17319
20659
20462
21426
22056
21420
20836
16722
15383
17613
13898
15163
16315
16199
17174
19222
17725
17349
Repetition End
1
18357
18180
17918
16648
16113
14670
15846
15644
20926
21613
22874
Repetition Start
20061
22172
23965
20715
20053
20228
19139
17720
17497
17921
17604
15809
16402
16746
Repetition End
1
19202
16605
17905
16884
16573
14702
14502
15378
18691
18503
21500
22654
22199
20167
Repetition Start
20545
20755
19416
19462
18486
18072
16853
19710
Repetition End
0
14241
14638
15939
18381
19115
18734
16813
16857
17244
15530
15485
17185
18636
23152
Repetition Start
24107
23672
19272
22530
22171
21846
19747
19920
20446
18083
18197
15549
16594
14983
18245
Repetition End
1
19668
17548
19370
16762
16453
14885
15134
Repetition Start
17452
24114
18823
26623
20749
23178
19661
21408
21633
20158
19565
17949
16376
17200
16083
15893
18234
17655
Repetition End
1
17985
18971
19027
17990
18096
Repetition Start
15394
14642
15092
16355
22662
24354
21557
22019
22723
21441
22503
20570
19289
18236
17342
22303
15696
14265
16335
17667
19293
Repetition End
1
18018
18306
18138
16235
13479
14362
16177
Repetition Start
19974
19749
22866
25337
26044
24672
21167
20696
19118
21156
18501
18213
16167
15852
11139
15172
Repetition End
1
18024
18787
18526
16233
12265
15293
Repetition Start
17783
19675
24612
21974
22526
22926
21646
23059
21419
20122
15969
17412
17467
16281
16640
Repetition End
1
15524
16883
17764
19069
19011
18464
18676
18237
18042
18370
16814
19703
20374
19114
23200
17279
18135
20272
19016
18009
16579
17073
23156
24061
24287
22429
22004
25108
21533
22543
20492
20868
17384
17478
18428
19106
18620
17400
16716
18128
17001
15421
16300
16146
14639
