Repetition start
1.34014892578
1.32836914062
1.32836914062
1.33435058594
1.33435058594
1.33435058594
1.31805419922
1.15167236328
1.15167236328
1.15167236328
1.15167236328
1.15167236328
1.15167236328
1.42175292969
1.42175292969
1.19415283203
1.19415283203
1.19415283203
1.00103759766
1.00103759766
1.04943847656
0.959655761719
0.959655761719
0.853698730469
0.853698730469
0.853698730469
0.853698730469
1.0361328125
1.0361328125
1.0361328125
1.18566894531
1.18566894531
Repetition end
1
0
0
Repetition start
0.999694824219
0.999694824219
1.11041259766
1.11041259766
1.11041259766
1.11041259766
1.11041259766
1.30859375
1.30859375
1.30859375
1.32562255859
1.15417480469
1.45965576172
1.45965576172
1.35614013672
1.30920410156
1.30920410156
1.11328125
1.11328125
1.13446044922
1.13446044922
1.13446044922
1.13446044922
1.02380371094
1.02899169922
1.02899169922
1.03332519531
0.963134765625
0.963134765625
0.963134765625
0.819702148438
0.819702148438
Repetition end
1
0
0
Repetition start
1.14196777344
1.25646972656
1.15185546875
1.42681884766
1.42681884766
1.42681884766
1.42681884766
1.34680175781
1.34680175781
1.34680175781
1.34680175781
1.30163574219
1.30163574219
1.35998535156
1.25091552734
1.13806152344
1.13806152344
1.13806152344
1.21691894531
1.21691894531
1.07305908203
1.07305908203
1.23132324219
1.23132324219
1.087890625
1.087890625
1.087890625
1.087890625
0.829895019531
0.829895019531
0.956665039062
1.05450439453
Repetition end
1
0
0
Repetition start
1.2646484375
1.37268066406
1.37268066406
1.37268066406
1.37255859375
1.1943359375
1.1943359375
1.43511962891
1.32495117188
1.32495117188
1.32495117188
1.32495117188
1.35705566406
1.35705566406
1.35705566406
1.28533935547
1.28533935547
1.28533935547
1.28533935547
1.28533935547
1.24212646484
1.24212646484
1.24212646484
1.04077148438
1.04077148438
1.01062011719
1.09912109375
1.18969726562
1.18969726562
0.838317871094
1.03570556641
1.07238769531
Repetition end
1
0
0
Repetition start
1.12286376953
1.12286376953
1.12286376953
1.12286376953
1.37023925781
1.38159179688
1.38159179688
1.31372070312
1.31372070312
1.26574707031
1.26574707031
1.26574707031
1.26971435547
1.24499511719
1.35589599609
1.35589599609
1.25164794922
1.04803466797
1.04803466797
1.04803466797
1.04803466797
1.05041503906
1.05041503906
0.962829589844
0.962829589844
0.962829589844
0.962829589844
0.924072265625
0.924072265625
0.8994140625
0.8994140625
0.8994140625
Repetition end
1
0
0
Repetition start
1.15399169922
1.15399169922
1.29235839844
1.298828125
1.30822753906
1.30822753906
1.30822753906
1.36315917969
1.36315917969
1.36315917969
1.36315917969
1.23968505859
1.23968505859
1.16668701172
1.16668701172
1.16668701172
1.20141601562
1.20141601562
1.36346435547
1.36346435547
1.2041015625
1.04028320312
1.04028320312
0.948486328125
0.948486328125
0.941955566406
0.941955566406
0.941955566406
0.941955566406
1.04876708984
1.04876708984
1.02142333984
Repetition end
1
0
0
Repetition start
1.21148681641
1.21148681641
1.21148681641
1.37646484375
1.44354248047
1.41149902344
1.41149902344
1.30157470703
1.30157470703
1.30157470703
1.27142333984
1.244140625
1.244140625
1.244140625
1.23193359375
1.23193359375
1.10479736328
1.10479736328
1.10479736328
1.15728759766
1.06115722656
1.03924560547
1.03924560547
1.03924560547
1.03924560547
1.09320068359
1.09320068359
1.09320068359
1.05444335938
1.05444335938
1.05444335938
1.05444335938
Repetition end
1
0
0
Repetition start
1.29705810547
1.29705810547
1.39093017578
1.19885253906
1.19885253906
1.19885253906
1.32604980469
1.42211914062
1.42211914062
1.42211914062
1.31225585938
1.24682617188
1.24682617188
1.24682617188
1.1865234375
1.1865234375
1.1865234375
1.16540527344
1.16540527344
1.16540527344
1.08862304688
1.02801513672
1.02801513672
1.02801513672
1.08355712891
1.08355712891
1.05352783203
1.05352783203
1.05352783203
1.01959228516
1.01959228516
1.01959228516
Repetition end
1
0
0
Repetition start
1.47418212891
1.34252929688
1.34252929688
1.34252929688
1.34814453125
1.34814453125
1.34814453125
1.37719726562
1.37719726562
1.37719726562
1.42657470703
1.42657470703
1.31939697266
1.31939697266
1.31939697266
1.31939697266
1.31939697266
1.31939697266
1.19598388672
1.19598388672
1.19598388672
1.08142089844
1.08142089844
1.00152587891
1.00994873047
1.06799316406
1.07708740234
1.07708740234
0.907165527344
0.907165527344
0.907165527344
0.907165527344
Repetition end
1
0
0
Repetition start
1.24090576172
1.24090576172
1.23419189453
1.23419189453
1.23419189453
1.36846923828
1.36846923828
1.36846923828
1.33569335938
1.33569335938
1.32238769531
1.34790039062
1.34790039062
1.34790039062
1.26031494141
1.26031494141
1.26031494141
1.119140625
1.119140625
1.119140625
1.09545898438
1.09545898438
1.09545898438
1.10791015625
1.10791015625
1.10791015625
0.958679199219
1.08520507812
1.08520507812
0.77392578125
0.77392578125
0.77392578125
Repetition end
1
0
0
