Repetition start
1.24450683594
1.22668457031
0.994140625
0.994140625
0.959411621094
0.959411621094
0.864562988281
0.864562988281
0.853393554688
1.45043945312
1.45043945312
1.25231933594
1.48974609375
1.65667724609
1.65667724609
1.51788330078
1.39318847656
1.39318847656
1.39318847656
1.39318847656
1.44165039062
1.44165039062
1.44165039062
1.3232421875
1.3232421875
1.16180419922
1.16180419922
1.09967041016
1.11370849609
0.912475585938
0.912475585938
0.881286621094
Repetition end
1
0
0
Repetition start
1.32818603516
1.40185546875
1.40185546875
1.40185546875
1.40185546875
1.40185546875
1.42858886719
1.40051269531
1.48785400391
1.35266113281
1.35266113281
1.35266113281
1.32287597656
1.32287597656
1.32287597656
1.32287597656
1.20300292969
1.20300292969
1.03826904297
1.03826904297
1.03826904297
1.03826904297
1.12658691406
1.12658691406
1.12658691406
0.915283203125
0.915283203125
1.01477050781
0.927612304688
0.927612304688
0.927612304688
0.927612304688
Repetition end
1
0
0
Repetition start
1.15612792969
1.15612792969
1.37603759766
1.37603759766
1.37603759766
1.39410400391
1.27697753906
1.27697753906
1.27697753906
1.27697753906
1.58276367188
1.58276367188
1.52307128906
1.52307128906
1.52307128906
1.52307128906
1.34033203125
1.34033203125
1.34033203125
1.34033203125
1.16729736328
1.16729736328
1.16729736328
1.16729736328
1.19622802734
1.11645507812
1.11645507812
1.06585693359
1.06585693359
0.888671875
0.888671875
0.888671875
Repetition end
1
0
0
Repetition start
1.09460449219
1.09460449219
1.09460449219
1.09460449219
1.36297607422
1.36297607422
1.50128173828
1.50128173828
1.50128173828
1.50128173828
1.53350830078
1.53350830078
1.58868408203
1.58868408203
1.396484375
1.26495361328
1.17803955078
1.17803955078
1.17803955078
1.17803955078
1.27459716797
1.27459716797
1.00451660156
1.00451660156
1.00451660156
1.00451660156
0.926208496094
0.926208496094
0.926208496094
0.821655273438
0.821655273438
0.821655273438
Repetition end
1
0
0
Repetition start
1.15142822266
1.15142822266
1.29595947266
1.29595947266
1.29595947266
1.29595947266
1.29595947266
1.50152587891
1.50152587891
1.51324462891
1.51324462891
1.48901367188
1.48901367188
1.48901367188
1.42474365234
1.42474365234
1.35498046875
1.35498046875
1.31530761719
1.10510253906
1.10510253906
1.10510253906
1.03381347656
1.03381347656
1.03381347656
1.14855957031
1.14855957031
1.14855957031
0.978088378906
0.928588867188
0.928588867188
0.928588867188
Repetition end
1
0
0
Repetition start
1.36053466797
1.36053466797
1.36053466797
1.36053466797
1.45147705078
1.62414550781
1.62414550781
1.62414550781
1.55578613281
1.55578613281
1.42541503906
1.42541503906
1.42541503906
1.32098388672
1.32098388672
1.32098388672
1.07104492188
1.07104492188
1.37237548828
1.37237548828
1.12933349609
1.12933349609
1.12933349609
1.12933349609
0.972045898438
1.00848388672
1.00848388672
0.933837890625
0.947021484375
0.947021484375
0.947021484375
0.947021484375
Repetition end
1
0
0
Repetition start
0.98046875
0.98046875
1.1318359375
1.1318359375
1.1318359375
1.26287841797
1.26287841797
1.56127929688
1.28649902344
1.44256591797
1.44256591797
1.54345703125
1.54345703125
1.54345703125
1.2763671875
1.2763671875
1.35882568359
1.35882568359
1.35882568359
1.04144287109
1.04144287109
1.38531494141
1.38531494141
1.09265136719
0.952453613281
0.952453613281
0.952453613281
1.01580810547
1.01580810547
0.931518554688
0.931518554688
0.981079101562
Repetition end
1
0
0
Repetition start
1.25421142578
1.25421142578
1.42413330078
1.42413330078
1.42413330078
1.23828125
1.23828125
1.23828125
1.38464355469
1.41595458984
1.41595458984
1.46520996094
1.46520996094
1.46520996094
1.62200927734
1.62200927734
1.62200927734
1.16857910156
1.18988037109
1.18988037109
1.13214111328
1.13214111328
0.928833007812
0.928833007812
0.928833007812
1.07629394531
1.03680419922
1.03680419922
0.923706054688
0.923706054688
0.976684570312
0.976684570312
Repetition end
1
0
0
Repetition start
1.23297119141
1.23297119141
1.23297119141
1.51623535156
1.66589355469
1.22595214844
1.22595214844
1.22595214844
1.50506591797
1.50506591797
1.50506591797
1.50506591797
1.48858642578
1.48858642578
1.48858642578
1.47106933594
1.47106933594
1.23718261719
1.23718261719
1.23718261719
1.03570556641
1.03570556641
1.17822265625
1.08673095703
1.08673095703
1.07348632812
1.07348632812
1.07348632812
1.07348632812
1.00598144531
1.00598144531
1.00598144531
Repetition end
1
0
0
Repetition start
1.06878662109
1.06878662109
1.06878662109
0.820190429688
0.820190429688
0.927490234375
0.927490234375
0.927490234375
0.927490234375
0.927490234375
1.50421142578
1.50421142578
1.38250732422
1.38250732422
1.4404296875
1.4404296875
1.30682373047
1.30682373047
1.42657470703
1.42657470703
1.42657470703
1.42657470703
1.65167236328
1.37371826172
1.37371826172
1.43115234375
1.03979492188
1.03979492188
1.12982177734
1.12982177734
1.05535888672
1.05535888672
Repetition end
1
0
0
