Repetition start
1.04632568359
0.920532226562
0.798034667969
0.919921875
1.04254150391
1.04254150391
1.29083251953
1.29083251953
1.37445068359
1.41595458984
1.72399902344
1.72399902344
1.57177734375
1.45422363281
1.52014160156
1.43524169922
1.37573242188
1.28509521484
1.17926025391
1.02001953125
0.916137695312
0.905090332031
0.891662597656
1.01800537109
1.05682373047
0.980895996094
1.06604003906
1.06604003906
0.973205566406
1.00811767578
1.07397460938
1.05786132812
Repetition end
1
0
0
Repetition start
1.01879882812
1.39727783203
1.39727783203
1.39727783203
1.39727783203
1.39727783203
1.41357421875
1.49945068359
1.49945068359
1.34094238281
1.34094238281
1.61029052734
1.61029052734
1.61029052734
1.2822265625
1.39117431641
1.39117431641
1.283203125
1.25750732422
1.15142822266
1.13568115234
1.13568115234
1.13568115234
1.00799560547
1.00799560547
0.922424316406
0.997680664062
0.869079589844
1.10296630859
1.12023925781
1.12023925781
1.12707519531
Repetition end
1
0
0
Repetition start
1.35662841797
1.35290527344
1.35504150391
1.35504150391
1.3232421875
1.3232421875
1.17602539062
1.17602539062
1.23742675781
1.23742675781
1.40643310547
1.40643310547
1.40643310547
1.23724365234
1.21759033203
1.21759033203
1.13842773438
1.13842773438
1.12548828125
1.11395263672
1.11395263672
1.11395263672
1.11395263672
0.996948242188
0.845336914062
0.845336914062
0.845336914062
0.83203125
0.83203125
0.83203125
0.755981445312
0.755981445312
Repetition end
1
0
0
Repetition start
1.53210449219
1.53210449219
1.53210449219
1.53210449219
1.53210449219
1.37493896484
1.37493896484
1.37493896484
1.45684814453
1.45684814453
1.45684814453
1.27899169922
1.27899169922
1.53210449219
1.38824462891
1.38824462891
1.38824462891
1.25988769531
1.25988769531
1.25988769531
1.25988769531
1.25988769531
1.25988769531
1.25756835938
1.25756835938
1.14117431641
1.14117431641
1.14117431641
1.28820800781
1.28820800781
0.999694824219
0.999694824219
Repetition end
0
0
0
Repetition start
1.02490234375
1.11724853516
1.15679931641
1.15679931641
1.40643310547
1.40643310547
1.27917480469
1.29113769531
1.29113769531
1.28552246094
1.28552246094
1.21588134766
1.29809570312
1.29809570312
1.29809570312
1.36511230469
1.36511230469
1.36511230469
1.29400634766
1.29736328125
1.29736328125
1.24591064453
1.24591064453
1.17358398438
1.05364990234
1.05364990234
1.07397460938
1.07397460938
1.07397460938
0.941101074219
0.903381347656
1.00378417969
Repetition end
1
0
0
Repetition start
1.05871582031
1.36346435547
1.36346435547
1.14398193359
1.14398193359
1.33898925781
1.33898925781
1.33898925781
1.18682861328
1.27874755859
1.27874755859
1.27874755859
1.21337890625
1.35430908203
1.35430908203
1.30206298828
1.30206298828
1.11273193359
1.11273193359
1.09875488281
1.15087890625
1.15087890625
1.14801025391
1.03869628906
1.03698730469
1.03698730469
0.957885742188
0.957885742188
0.957885742188
0.773864746094
0.773864746094
0.974609375
Repetition end
1
0
0
Repetition start
1.11999511719
1.11999511719
1.25250244141
1.25030517578
1.25030517578
1.25030517578
1.23449707031
1.23449707031
1.21826171875
1.35064697266
1.35064697266
1.35064697266
1.31768798828
1.31768798828
1.30224609375
1.30224609375
1.18988037109
1.13458251953
1.13458251953
1.10681152344
1.10681152344
1.10681152344
1.0322265625
1.0322265625
0.939025878906
0.939025878906
1.03601074219
1.03601074219
1.03601074219
0.82421875
0.916748046875
1.03674316406
Repetition end
1
0
0
Repetition start
0.997863769531
0.997863769531
0.997863769531
1.10632324219
1.10632324219
1.10632324219
1.10632324219
1.10632324219
1.19403076172
1.25036621094
1.25036621094
1.30261230469
1.34613037109
1.34613037109
1.22381591797
1.26861572266
1.26861572266
1.26861572266
1.15716552734
1.27954101562
1.27954101562
1.27954101562
1.19348144531
1.23590087891
1.23590087891
1.10571289062
0.985534667969
0.985534667969
0.874877929688
0.752502441406
0.752502441406
1.07177734375
Repetition end
1
0
0
Repetition start
1.23266601562
1.23266601562
1.23736572266
1.23736572266
1.23736572266
1.2451171875
1.2451171875
1.2451171875
1.23785400391
1.23785400391
1.23785400391
1.23785400391
1.18402099609
1.12445068359
1.22784423828
1.22784423828
1.29522705078
1.15765380859
1.15765380859
1.19384765625
1.19384765625
1.19384765625
1.15258789062
1.15258789062
1.15258789062
1.12548828125
1.12548828125
0.933837890625
0.877014160156
0.877014160156
0.936096191406
0.936096191406
Repetition end
1
0
0
