Repetition start
1.03680419922
1.23266601562
1.79504394531
1.34741210938
1.34710693359
1.34710693359
1.34710693359
1.3232421875
1.37799072266
1.23217773438
1.18957519531
1.03637695312
1.03637695312
1.00335693359
0.976013183594
0.908874511719
0.89111328125
0.856689453125
0.960510253906
1.22174072266
Repetition end
1
Repetition start
1.08966064453
1.13903808594
1.10668945312
1.26159667969
1.451171875
1.435546875
1.33441162109
1.27453613281
1.28863525391
1.16705322266
1.07141113281
1.00665283203
0.945617675781
1.02520751953
1.13458251953
0.881896972656
0.943725585938
1.04772949219
0.975158691406
1.11517333984
Repetition end
1
Repetition start
1.03778076172
1.45275878906
1.05706787109
1.26092529297
1.24890136719
1.30773925781
1.34619140625
1.30737304688
1.27172851562
1.02062988281
0.938903808594
1.07501220703
0.848266601562
0.925476074219
0.995788574219
0.988708496094
1.04821777344
1.17321777344
1.08184814453
1.05889892578
Repetition end
1
Repetition start
1.22442626953
1.22442626953
1.35327148438
1.46270751953
1.26434326172
1.22393798828
1.23461914062
1.23461914062
1.16815185547
1.08154296875
1.08154296875
1.06793212891
1.09381103516
1.09381103516
1.09381103516
1.07446289062
1.07446289062
0.964904785156
1.00109863281
1.02209472656
Repetition end
1
Repetition start
1.25396728516
1.26678466797
1.26678466797
1.18505859375
1.18505859375
1.18786621094
1.18786621094
1.12829589844
1.12829589844
1.12829589844
1.12829589844
1.10302734375
1.10302734375
1.10302734375
1.10302734375
1.02862548828
1.02862548828
1.20300292969
1.20300292969
1.20300292969
Repetition end
0
Repetition start
1.47137451172
1.44482421875
1.17626953125
1.17626953125
1.17626953125
1.37512207031
1.35321044922
1.33337402344
1.20526123047
1.20526123047
1.2158203125
1.24792480469
1.10369873047
1.11065673828
1.11065673828
0.949035644531
1.01281738281
1.01281738281
0.914489746094
1.11358642578
Repetition end
1
Repetition start
1.06518554688
1.47180175781
1.14886474609
1.62493896484
1.62493896484
1.26641845703
1.41467285156
1.20001220703
1.306640625
1.32037353516
1.23034667969
1.19415283203
1.09552001953
0.99951171875
0.99951171875
1.0498046875
0.981628417969
0.970031738281
1.11291503906
1.07757568359
Repetition end
1
Repetition start
0.939575195312
0.921142578125
0.998229980469
1.38317871094
1.48645019531
1.31573486328
1.34393310547
1.38690185547
1.30865478516
1.37347412109
1.25549316406
1.17730712891
1.11303710938
1.05847167969
1.36126708984
0.9580078125
0.870666503906
0.997009277344
1.07830810547
1.17755126953
Repetition end
1
Repetition start
1.21911621094
1.20538330078
1.20538330078
1.39562988281
1.39562988281
1.54644775391
1.58959960938
1.505859375
1.29193115234
1.26318359375
1.16687011719
1.29125976562
1.29125976562
1.12921142578
1.12921142578
1.11163330078
0.986755371094
0.967529296875
0.679870605469
0.926025390625
Repetition end
1
Repetition start
1.08538818359
1.20086669922
1.20086669922
1.20086669922
1.50219726562
1.34118652344
1.37487792969
1.37487792969
1.39929199219
1.39929199219
1.32116699219
1.32116699219
1.40740966797
1.30731201172
1.22814941406
0.974670410156
1.06274414062
1.06610107422
0.993713378906
1.015625
Repetition end
1
