17348
18067
17344
17397
17637
17392
17487
17518
17513
17654
17522
17567
17341
17129
17289
20850
19567
18689
24138
20171
17841
19612
18971
19899
20937
21687
22209
21186
20300
21195
18372
22419
21616
19619
20237
17871
19720
18352
17478
17693
18583
18612
18902
18239
18236
18110
18473
18400
17383
21921
20388
21914
17579
19462
21192
20318
17573
18372
18504
19131
17766
17709
18560
17757
17428
18217
18500
18448
19443
19219
17627
16609
13562
14466
19112
22211
20755
23702
Repetition Start
21957
21764
21862
21595
18869
23294
19565
16401
17194
15723
13987
16976
19426
Repetition End
1
19054
16396
14983
15435
17617
Repetition Start
16379
18193
21440
21719
18910
23915
22219
21450
18240
18587
16774
16859
16930
15780
13430
Repetition End
1
17994
15887
15895
14384
17042
Repetition Start
18710
20586
18872
23377
22066
21326
22282
20495
18646
19938
17581
20174
17824
13597
15674
17277
Repetition End
1
19666
16781
15778
13208
18447
Repetition Start
20720
22490
22488
19568
23513
21708
22234
21059
20351
17052
16558
18008
19492
13735
16969
17570
Repetition End
1
19365
16745
14039
13827
15279
20597
Repetition Start
18397
22450
22636
21524
20738
20803
20398
22215
20507
17171
17210
15775
15140
14736
Repetition End
1
16821
18921
18889
15063
14415
16219
Repetition Start
18907
21174
21280
21434
22334
20311
19115
19684
22339
19728
17044
15540
15433
17183
16735
Repetition End
1
15822
18475
15472
13538
13042
22191
Repetition Start
19849
22552
23651
23126
21325
20831
20384
20184
18101
18961
17386
17027
17911
17276
Repetition End
1
16824
16745
15207
13483
13549
24042
Repetition Start
21251
22789
19642
21726
23300
21500
20428
19440
19094
17836
16843
17753
17261
16705
Repetition End
1
19292
17656
14817
14313
14719
21055
19831
Repetition Start
24153
21996
22088
22564
23373
21617
19595
17718
16409
16547
17498
17647
14863
Repetition End
1
16629
15988
14221
14266
18313
Repetition Start
20331
20221
22421
21884
21666
22084
20649
18336
17948
18152
15707
17780
12680
Repetition End
1
14055
14266
18202
19162
22969
18629
20461
17636
14697
19967
21811
20630
21809
18721
25282
22729
26817
21132
21075
23128
23458
20880
19609
16542
15295
14214
16821
13783
14635
16348
16736
16152
16175
15769
16281
16478
16578
