Repetition start
1.22534179688
1.22534179688
1.46301269531
1.46301269531
1.44598388672
1.44598388672
1.44110107422
1.44110107422
1.44110107422
1.44110107422
1.63427734375
1.63427734375
1.37799072266
1.37799072266
1.37799072266
1.27435302734
1.27435302734
1.30493164062
1.30493164062
1.02868652344
1.02868652344
1.02868652344
0.955078125
0.961853027344
0.961853027344
0.961853027344
0.961853027344
1.08135986328
1.08135986328
1.08135986328
1.025390625
1.025390625
Repetition end
1
0
0
Repetition start
1.01257324219
1.01257324219
1.36688232422
1.36688232422
1.36688232422
1.32153320312
1.32153320312
1.32153320312
1.32153320312
1.37347412109
1.33184814453
1.33184814453
1.39422607422
1.21862792969
1.21862792969
1.21862792969
1.21862792969
1.17132568359
1.04180908203
1.04180908203
1.04180908203
0.9345703125
0.9345703125
0.9345703125
0.941223144531
1.09057617188
1.09057617188
1.09057617188
0.898498535156
0.898498535156
0.898498535156
1.13220214844
Repetition end
1
0
0
Repetition start
1.24212646484
1.23626708984
1.29888916016
1.35467529297
1.33093261719
1.33093261719
1.40374755859
1.40374755859
1.40374755859
1.40374755859
1.34008789062
1.25775146484
1.25775146484
1.25775146484
1.25775146484
1.26220703125
1.26220703125
1.26220703125
1.04443359375
1.04443359375
1.04443359375
1.10589599609
1.10589599609
1.06732177734
1.06732177734
1.06732177734
1.06732177734
1.06732177734
1.12652587891
0.938781738281
0.938781738281
0.938781738281
Repetition end
1
0
0
Repetition start
1.16760253906
1.16760253906
1.16760253906
1.10479736328
1.10479736328
1.10479736328
1.24499511719
1.24499511719
1.24499511719
1.32635498047
1.32635498047
1.37823486328
1.37823486328
1.30718994141
1.35583496094
1.34246826172
1.34246826172
1.34246826172
1.20513916016
1.23614501953
1.23614501953
1.23614501953
1.23614501953
1.21759033203
1.21759033203
1.21759033203
1.21759033203
1.01800537109
1.12145996094
1.11456298828
1.11456298828
1.05895996094
Repetition end
1
0
0
Repetition start
1.27563476562
1.27563476562
1.27563476562
1.27563476562
1.51422119141
1.51422119141
1.58081054688
1.58081054688
1.58081054688
1.58081054688
1.52484130859
1.52484130859
1.40655517578
1.40655517578
1.52386474609
1.28686523438
1.28686523438
1.28686523438
1.13427734375
1.13427734375
1.13427734375
1.31121826172
1.31121826172
1.31121826172
1.31121826172
1.05804443359
1.10980224609
1.10980224609
1.10766601562
1.10766601562
0.995239257812
0.995239257812
Repetition end
1
0
0
Repetition start
1.24060058594
1.24060058594
1.24060058594
1.42028808594
1.42028808594
1.42218017578
1.40789794922
1.40789794922
1.4287109375
1.4287109375
1.41442871094
1.38818359375
1.38818359375
1.52423095703
1.25988769531
1.25988769531
1.13134765625
1.13134765625
1.13134765625
1.14434814453
1.14434814453
1.1142578125
1.1142578125
1.1142578125
1.1142578125
1.02941894531
1.02941894531
0.999755859375
0.999755859375
1.02655029297
1.13226318359
1.13226318359
Repetition end
1
0
0
Repetition start
1.2255859375
1.2255859375
1.2255859375
1.2255859375
1.2255859375
1.2255859375
1.42639160156
1.42639160156
1.43438720703
1.42254638672
1.42254638672
1.46246337891
1.46765136719
1.35101318359
1.35101318359
1.18640136719
1.12445068359
1.12445068359
1.12445068359
1.01641845703
1.01641845703
1.01641845703
1.01641845703
1.12316894531
1.12316894531
1.12316894531
1.05041503906
1.05041503906
1.05041503906
1.05041503906
1.05041503906
1.05041503906
Repetition end
1
0
0
Repetition start
1.20281982422
1.20281982422
1.20281982422
1.20281982422
1.20281982422
1.484375
1.484375
1.24200439453
1.39721679688
1.37445068359
1.37445068359
1.48889160156
1.48889160156
1.37261962891
1.37145996094
1.37145996094
1.37145996094
1.0751953125
1.0751953125
1.14422607422
1.14422607422
1.14422607422
1.09838867188
1.09838867188
1.09838867188
1.05798339844
1.05798339844
1.26806640625
1.26806640625
1.11309814453
0.93603515625
0.93603515625
Repetition end
1
0
0
Repetition start
1.21350097656
1.21350097656
1.31988525391
1.31988525391
1.31988525391
1.27191162109
1.27191162109
1.35791015625
1.35791015625
1.35791015625
1.33874511719
1.36346435547
1.38500976562
1.38500976562
1.08404541016
1.08404541016
1.08404541016
1.13671875
1.13671875
1.13671875
1.16766357422
1.16766357422
1.23126220703
1.12353515625
1.12353515625
1.12353515625
1.12353515625
1.30383300781
1.30383300781
1.30383300781
1.30383300781
1.31744384766
Repetition end
1
0
0
Repetition start
1.28588867188
1.28588867188
1.28588867188
1.29229736328
1.29229736328
1.26245117188
1.26245117188
1.26245117188
1.18823242188
1.18823242188
1.30621337891
1.33599853516
1.33599853516
1.32446289062
1.32446289062
1.1748046875
1.32171630859
1.11956787109
1.11956787109
1.11956787109
1.25653076172
1.25653076172
1.35791015625
1.35791015625
1.35791015625
1.27044677734
1.27044677734
1.17620849609
1.17620849609
0.914978027344
0.914978027344
0.969421386719
Repetition end
1
0
0
