21816
17081
18570
19519
22207
16958
14306
18811
17169
18451
18040
15608
17372
17768
18788
20133
19962
19860
18816
25596
19750
19109
19797
23990
27696
18487
17583
18188
18585
18475
18310
18322
18033
18867
18649
20690
19176
20365
19047
18163
17231
16666
17571
14614
13269
Repetition Start
20076
23970
23691
23611
26776
22577
20879
21380
16854
15648
15759
17717
16800
Repetition End
1
19180
18463
15597
15238
19112
18051
Repetition Start
16590
22395
21652
22503
21821
22843
19966
19191
17069
15312
15421
17868
14721
18550
Repetition End
1
16923
14425
14422
14645
Repetition Start
20351
20255
21281
22195
21806
22999
21956
20607
20680
17112
18119
17487
18457
15381
Repetition End
1
14926
16545
15100
16627
Repetition Start
19130
18101
20398
21731
22581
21417
22214
21995
19745
20253
19949
16679
18374
18261
17350
Repetition End
1
16483
16932
17034
14169
18247
19558
Repetition Start
20900
24809
25900
24983
23045
24967
21084
18584
21483
17335
18183
18148
16306
Repetition End
1
20814
18288
16093
13963
14293
16604
Repetition Start
20326
23270
23301
23067
23408
23174
22744
24973
20642
18536
18749
18256
16866
16380
16819
18551
Repetition End
1
14936
15499
17702
Repetition Start
20080
23370
23501
23307
23961
24046
22135
19438
18423
16653
18402
17210
Repetition End
1
16287
16622
17170
15585
13208
17283
Repetition Start
19707
24320
20349
22892
22519
24394
22489
22470
17616
18747
17996
17334
20776
18237
15336
Repetition End
1
18485
18996
18556
14579
15952
17932
Repetition Start
19882
21625
20839
22248
21934
22339
22692
17761
18624
19131
20173
18408
21362
21585
Repetition End
1
15917
14168
19000
16339
16372
15618
18158
Repetition Start
21068
21173
20684
19468
21401
21889
21700
19248
21655
18343
20587
22248
20815
19271
14991
15883
Repetition End
1
19199
24994
23565
18123
16790
17699
17702
25310
18295
19536
19538
19996
21041
21117
20400
