Repetition start
1.17553710938
1.20385742188
1.16137695312
1.14154052734
1.03656005859
1.26153564453
1.29675292969
1.21643066406
1.02551269531
0.606628417969
0.891235351562
2.44610595703
0.912536621094
1.27032470703
1.19738769531
1.19573974609
1.18377685547
1.09191894531
1.08575439453
1.10076904297
1.09332275391
1.18841552734
1.12567138672
1.45935058594
1.30706787109
1.38830566406
1.0849609375
0.933471679688
0.893188476562
1.21209716797
1.28405761719
1.21783447266
Repetition end
0
0
0
Repetition start
1.51678466797
3.01739501953
1.4453125
1.15130615234
1.33282470703
1.17614746094
1.19085693359
1.08453369141
1.12432861328
1.22540283203
1.17358398438
1.07604980469
1.21649169922
1.14782714844
1.03240966797
1.18988037109
1.19683837891
1.22296142578
1.35461425781
1.21655273438
1.19543457031
1.30285644531
1.28485107422
1.20062255859
1.13439941406
1.19976806641
1.03814697266
1.11193847656
1.22436523438
1.02319335938
1.39978027344
1.51196289062
Repetition end
0
0
0
Repetition start
1.14654541016
1.25708007812
1.28094482422
1.34527587891
1.31555175781
1.19525146484
1.29187011719
1.28033447266
1.31469726562
1.2255859375
1.23565673828
1.29821777344
0.96142578125
1.19183349609
1.0966796875
1.19885253906
1.28656005859
1.37365722656
1.2041015625
1.17883300781
1.30700683594
1.15612792969
1.31292724609
1.25213623047
1.28625488281
1.23937988281
1.28680419922
1.20495605469
0.97314453125
1.09497070312
1.09802246094
1.18395996094
Repetition end
0
0
0
Repetition start
1.18011474609
1.32763671875
1.31121826172
1.18768310547
1.16247558594
1.58197021484
1.02288818359
1.412109375
1.08752441406
1.22979736328
1.11987304688
1.22277832031
1.10748291016
1.11047363281
1.22418212891
1.48492431641
1.04357910156
1.33099365234
1.16241455078
1.36108398438
1.19171142578
1.06231689453
1.18395996094
1.21044921875
1.61389160156
1.30169677734
1.3125
1.33630371094
1.35247802734
1.33123779297
1.02905273438
1.23345947266
Repetition end
0
0
0
Repetition start
1.13647460938
1.22253417969
1.03918457031
1.06567382812
1.0703125
1.08392333984
1.06768798828
1.10748291016
1.02905273438
1.23852539062
1.18743896484
1.16070556641
1.08441162109
1.10467529297
1.12750244141
1.12738037109
1.00714111328
1.09625244141
1.02880859375
1.1318359375
1.11096191406
1.13635253906
1.09259033203
1.08709716797
0.980834960938
1.49420166016
1.14569091797
1.67095947266
0.975463867188
1.32556152344
0.968139648438
1.10705566406
Repetition end
0
0
0
Repetition start
1.32220458984
1.18121337891
1.20294189453
0.59765625
0.872985839844
1.22418212891
2.93450927734
2.30279541016
1.09008789062
1.04266357422
1.41400146484
1.21484375
1.20495605469
1.17028808594
1.21905517578
1.16375732422
1.14862060547
1.18811035156
1.37860107422
1.19171142578
1.18627929688
1.33319091797
1.30963134766
1.32702636719
1.33764648438
1.25201416016
1.13104248047
1.19305419922
1.43157958984
1.4921875
1.15405273438
1.24920654297
Repetition end
0
0
0
Repetition start
1.20416259766
1.24328613281
1.09918212891
3.47113037109
1.00897216797
1.35296630859
1.13592529297
1.22265625
1.15069580078
1.09191894531
1.21008300781
1.25018310547
1.15478515625
1.19555664062
1.20068359375
1.04846191406
1.09423828125
1.14245605469
1.3818359375
1.35522460938
1.462890625
1.16802978516
1.32220458984
1.22106933594
1.36267089844
1.30877685547
0.970764160156
1.07952880859
1.583984375
1.20635986328
1.14294433594
1.22332763672
Repetition end
0
0
0
Repetition start
1.36486816406
1.36486816406
1.63067626953
1.87750244141
1.95361328125
1.68060302734
1.68060302734
1.63543701172
1.63543701172
1.76159667969
1.82696533203
1.82696533203
1.82659912109
1.72741699219
1.72741699219
1.71704101562
1.71704101562
1.49566650391
1.24359130859
1.23352050781
1.23352050781
1.23352050781
1.09197998047
0.879272460938
0.879272460938
0.922912597656
0.922912597656
0.922912597656
1.29626464844
1.29626464844
1.29626464844
1.29626464844
Repetition end
0
0
0
Repetition start
1.30987548828
1.30987548828
1.48614501953
1.48614501953
1.48614501953
1.80603027344
1.95153808594
1.95153808594
1.74194335938
1.74194335938
1.63018798828
1.63018798828
1.69958496094
1.80340576172
1.80340576172
1.80340576172
1.80291748047
1.80291748047
1.89105224609
1.75653076172
1.75653076172
1.673828125
1.48950195312
1.54852294922
1.54852294922
1.31323242188
0.953430175781
0.970642089844
0.970642089844
0.970642089844
0.970642089844
0.749267578125
Repetition end
0
0
0
Repetition start
1.27874755859
1.27874755859
1.27874755859
1.52770996094
1.77984619141
1.77307128906
1.70092773438
1.62799072266
1.60949707031
1.69128417969
1.66668701172
1.66668701172
1.66668701172
1.72717285156
1.72717285156
1.62103271484
1.62103271484
1.61254882812
1.61254882812
1.61254882812
1.556640625
1.41735839844
1.18670654297
1.18670654297
1.18670654297
1.00793457031
1.04113769531
1.04113769531
1.05743408203
1.05743408203
1.17755126953
1.14154052734
Repetition end
0
0
0
Repetition start
1.45385742188
1.74560546875
1.69799804688
1.80505371094
1.80505371094
1.724609375
1.724609375
1.724609375
1.70764160156
1.70764160156
1.58160400391
1.58160400391
1.83587646484
1.83587646484
1.6474609375
1.46478271484
1.39288330078
1.32385253906
1.32385253906
1.32385253906
1.31744384766
1.14276123047
1.14276123047
1.11370849609
1.11370849609
1.11370849609
0.963134765625
0.963134765625
1.07843017578
0.986328125
1.20782470703
1.20782470703
Repetition end
0
0
0
Repetition start
1.46551513672
1.40979003906
1.55206298828
1.56799316406
1.69403076172
1.71783447266
1.71783447266
1.75317382812
1.73736572266
1.70422363281
1.82476806641
1.80194091797
1.52642822266
1.48413085938
1.33184814453
1.33184814453
1.25396728516
1.37408447266
1.21252441406
1.21252441406
1.18322753906
1.18322753906
1.13464355469
1.13464355469
1.0234375
1.0234375
1.13781738281
1.11755371094
1.11755371094
1.16223144531
1.11798095703
1.19549560547
Repetition end
0
0
0
