28127
25134
20018
19495
17048
18403
18906
19360
21692
20681
20838
17096
20691
15779
20683
21456
17659
18550
19304
20530
18268
19877
24309
19304
21043
17212
19162
23990
17277
18612
19437
19348
Repetition Start
19260
19724
19028
18703
17187
17466
16983
20148
20669
21246
19930
18803
16802
9939
14602
27350
40077
14951
20813
17999
19618
19591
19395
17890
17789
18035
17913
19471
18443
19626
23910
21415
18284
18525
22302
21000
22746
17776
15294
14634
19859
19990
21038
19953
Repetition End
0
20937
20094
20874
20599
21543
21217
21048
20379
20056
19626
20342
21462
20398
18468
12656
14318
12426
17728
20379
Repetition Start
24851
49437
23680
18863
21837
19270
19511
17769
18421
20077
19228
17630
19931
18806
16915
19495
19609
20037
22194
19932
19586
21346
21051
19671
18586
19657
17009
18218
20060
16764
22934
24772
Repetition End
0
17823
24145
22005
20674
19137
20802
20046
20155
19808
20120
18494
21464
19890
19621
19718
19495
18823
17966
18516
20402
19263
Repetition Start
18785
21055
20596
19941
20987
18776
19919
19334
22041
17663
21554
20061
19583
20823
21166
21529
20977
21993
21540
20194
20080
16649
20245
19514
21270
18238
15752
18569
19527
17776
17968
20803
19642
21862
21079
16848
22506
20600
19728
17250
19314
19444
21414
21326
18942
21076
21511
21208
20515
19444
21074
21464
20306
23690
21083
22286
19742
19196
15944
17753
17940
16946
17990
19521
19398
19288
Repetition End
0
20646
19546
19133
19944
20925
18829
19098
18166
20527
20871
20064
19671
20867
20237
16942
15158
19526
20682
22388
Repetition Start
19335
19811
21752
21483
19459
19046
20461
25919
16759
23136
17818
20149
18348
20034
18145
18674
18758
18194
19706
20057
24329
17098
21807
19045
22300
19525
17405
19398
19832
26442
21327
21504
21894
22159
21811
16860
19947
19975
20736
21725
21616
20110
20209
Repetition End
0
19999
19977
20251
19399
19215
15078
22212
20585
19869
20217
20957
21259
20939
22083
21836
20064
21923
21182
20331
21238
21381
23196
21162
20117
19736
20859
18303
14526
16812
18660
16847
33276
Repetition Start
21450
39972
21676
25271
18620
20030
19928
17026
18046
18367
17627
17460
17536
17759
17987
16479
17493
16847
16806
17837
18780
15882
18145
16860
14388
20292
19455
16494
19017
18417
17487
17767
16192
18099
18473
18471
16501
17961
14872
19690
16856
18544
17428
18202
18618
17901
18130
17811
16629
16070
24481
18771
27377
15982
21718
21582
15862
18138
27966
20235
16665
24782
19844
Repetition End
0
15006
15745
16250
19138
20341
19871
20494
21415
21796
20980
21070
20408
17334
23432
22445
19005
17853
21219
22054
23780
21518
21563
17284
17335
Repetition Start
21663
19353
19709
16681
9339
9792
14303
20057
48079
37729
17860
17083
23167
19482
19904
19742
18822
19174
19973
19067
18819
18411
19202
19466
18576
20245
22587
19525
19436
21843
21457
21742
19543
21916
20513
19420
19430
21721
19218
18531
19547
23455
24448
18908
20505
19967
20454
17617
20467
22467
Repetition End
0
21915
20461
19284
18440
24175
23973
22535
21018
19177
18581
23178
20298
22050
23114
20095
17950
19259
21963
22511
23314
21451
18485
20319
21341
12698
10738
23498
Repetition Start
19729
20370
18009
56871
16531
22167
18611
20032
19364
18853
17890
19982
19826
20483
18920
19588
17754
19672
18045
17178
17928
18718
22640
22204
23968
22235
20731
19137
21663
20006
22326
21443
15905
17687
25952
19765
21388
18726
20043
Repetition End
0
22446
18148
22893
20203
22851
21351
19262
21219
18031
27776
22798
19376
15294
17204
18690
16699
24088
15643
18827
20971
18858
18989
18429
18632
17476
17864
17323
17756
18830
17574
18274
19474
18202
17811
18299
17835
18128
18087
17540
17664
17261
17422
18583
17378
19314
17877
19960
19901
16669
21377
36166
19985
18559
19392
20771
22465
20144
18013
15747
19750
18243
17297
16606
15503
16899
18251
Repetition Start
22362
26717
30761
32008
27535
26795
28862
29933
29927
28302
28132
24505
20375
20210
17891
14406
15121
21238
Repetition End
0
20081
18845
18732
17333
16749
15555
16549
24092
Repetition Start
21461
24349
29590
31974
28540
26709
27846
29547
29539
30983
28779
27424
24404
25371
21516
15621
15903
12276
Repetition End
0
24297
19504
18411
18331
18385
16643
15665
15676
20047
Repetition Start
20951
25030
29161
29050
27868
26673
26370
27710
27307
28298
26559
26420
25504
23222
19443
16514
17058
17325
19293
18703
Repetition End
0
18569
18470
16961
16448
17639
17885
21178
20763
Repetition Start
23820
28600
27820
29574
28256
27978
25913
30079
26992
23999
22821
21690
21585
18723
18247
15780
17669
16160
19789
Repetition End
0
18530
18792
18329
17874
17038
16035
17671
18406
Repetition Start
24011
23098
25429
25690
27755
28145
28724
28465
27922
29897
29523
25009
24316
21821
20545
22513
19866
19386
18590
16768
18642
18310
19042
18317
19587
Repetition End
0
19526
19005
19240
21224
21682
24830
20857
22750
21708
15354
20365
20446
16920
14533
