Repetition start
0.426635742188
0.33544921875
0.380554199219
0.179992675781
1.24481201172
1.22943115234
1.23101806641
1.44250488281
1.32867431641
1.33349609375
1.16558837891
0.127868652344
0.858947753906
0.506042480469
0.343872070312
0.533325195312
0.818420410156
0.631652832031
0.783996582031
0.927551269531
Repetition end
1
Repetition start
0.678344726562
0.617553710938
0.474304199219
0.546020507812
0.636779785156
0.439208984375
1.07629394531
1.07672119141
1.10424804688
1.14471435547
1.13000488281
1.18695068359
1.12890625
1.14624023438
1.13555908203
0.385070800781
0.445129394531
0.581787109375
0.866271972656
0.681274414062
Repetition end
1
Repetition start
0.707580566406
0.70703125
0.361450195312
0.300842285156
0.196350097656
0.350463867188
1.01641845703
1.23657226562
1.13037109375
1.16198730469
1.166015625
1.32611083984
1.21563720703
1.18286132812
1.14929199219
1.38507080078
1.29626464844
0.515014648438
0.519836425781
0.728637695312
Repetition end
1
Repetition start
0.692504882812
0.680358886719
0.61962890625
0.599243164062
0.659912109375
0.968078613281
0.967041015625
0.994567871094
1.05291748047
1.00726318359
1.01519775391
0.992492675781
0.974609375
0.972412109375
1.01086425781
1.15289306641
1.14068603516
0.0918579101562
0.666198730469
0.739807128906
Repetition end
1
Repetition start
0.713195800781
0.664916992188
0.449951171875
0.296020507812
0.0266723632812
0.880676269531
0.659606933594
0.964416503906
1.09393310547
1.09985351562
1.12762451172
1.16143798828
1.11694335938
0.99951171875
0.990783691406
0.975036621094
0.810607910156
0.439147949219
0.646301269531
0.881958007812
Repetition end
1
Repetition start
0.622741699219
0.613952636719
0.58056640625
0.475219726562
0.731140136719
0.879699707031
1.04864501953
1.10894775391
1.08612060547
1.12438964844
1.15899658203
1.18829345703
1.19146728516
1.16680908203
0.993041992188
0.543762207031
0.217590332031
0.41650390625
0.628601074219
0.735046386719
Repetition end
1
Repetition start
0.649169921875
0.453857421875
0.402099609375
0.389770507812
0.552307128906
0.902282714844
1.16418457031
1.03814697266
1.10571289062
1.08929443359
1.02239990234
1.16387939453
1.16906738281
1.15191650391
1.21429443359
1.21661376953
0.587463378906
0.414794921875
1.21533203125
0.557983398438
Repetition end
1
Repetition start
0.732360839844
0.60791015625
0.386535644531
0.271789550781
0.600708007812
0.82763671875
1.12683105469
1.12237548828
1.19226074219
1.13909912109
1.19500732422
1.26086425781
1.19781494141
0.509765625
0.565979003906
0.815551757812
0.702392578125
0.783020019531
0.778259277344
0.696228027344
Repetition end
1
Repetition start
0.37841796875
0.3017578125
0.119384765625
0.80908203125
1.03454589844
1.17834472656
1.08801269531
1.06970214844
1.09710693359
1.21295166016
1.20697021484
1.46710205078
1.17449951172
1.24645996094
0.72216796875
0.577026367188
0.826965332031
0.834899902344
0.819702148438
0.852966308594
Repetition end
1
Repetition start
0.825073242188
0.836364746094
0.621826171875
0.699035644531
0.938293457031
1.05297851562
1.10601806641
1.12890625
1.25500488281
1.22717285156
1.24731445312
1.22967529297
1.11651611328
1.10876464844
0.343872070312
0.91259765625
0.485961914062
0.496887207031
0.581115722656
0.709350585938
Repetition end
1
Repetition start
0.579345703125
0.462158203125
1.03295898438
1.13714599609
1.12976074219
1.16839599609
1.16546630859
1.18347167969
1.22998046875
1.22009277344
1.27398681641
1.23175048828
1.25701904297
1.2177734375
1.24444580078
0.443603515625
0.509948730469
0.589111328125
0.86279296875
0.931091308594
Repetition end
1
Repetition start
0.80859375
0.851684570312
0.855895996094
0.818664550781
0.816711425781
0.677673339844
0.508544921875
0.850402832031
0.958740234375
0.972534179688
1.20147705078
1.21533203125
1.27703857422
1.2900390625
1.29107666016
1.23565673828
1.27410888672
0.583618164062
0.445190429688
0.674194335938
Repetition end
1
Repetition start
0.465087890625
0.444152832031
0.362854003906
0.283020019531
0.412719726562
0.360534667969
0.344116210938
1.00219726562
1.13562011719
1.04382324219
1.14233398438
1.11883544922
1.18170166016
1.16271972656
1.13635253906
0.533935546875
0.455322265625
0.460571289062
0.819763183594
0.770324707031
Repetition end
1
Repetition start
0.636108398438
0.629333496094
0.795471191406
0.927856445312
1.00085449219
0.903930664062
0.9765625
1.07312011719
1.05297851562
1.18939208984
1.06683349609
0.974914550781
1.03515625
0.482604980469
0.201477050781
0.59765625
0.761962890625
0.774230957031
0.794677734375
0.914245605469
Repetition end
1
Repetition start
0.6630859375
0.536315917969
0.522888183594
0.196166992188
0.252319335938
0.696899414062
1.13165283203
1.15447998047
1.14227294922
1.15716552734
1.34515380859
1.30316162109
1.29571533203
1.21246337891
1.30145263672
0.739318847656
0.730102539062
0.55078125
0.85986328125
0.805603027344
Repetition end
1
Repetition start
0.750671386719
0.697082519531
0.623901367188
0.747192382812
0.673645019531
0.824951171875
1.21807861328
1.22906494141
1.27111816406
1.29913330078
1.47503662109
1.43725585938
1.06915283203
1.15435791016
0.855651855469
0.482421875
0.634338378906
0.786254882812
0.840942382812
0.866088867188
Repetition end
1
Repetition start
0.78173828125
0.6376953125
0.534545898438
0.442443847656
0.466430664062
0.409118652344
0.401794433594
0.689880371094
1.02661132812
1.21166992188
1.25927734375
1.31750488281
1.32427978516
1.33831787109
0.425354003906
0.467834472656
0.445373535156
0.442932128906
0.687133789062
0.900512695312
Repetition end
1
Repetition start
0.831481933594
0.693786621094
0.712646484375
0.662719726562
0.560485839844
0.99853515625
1.19097900391
1.22375488281
1.25189208984
1.17816162109
1.19458007812
1.296875
1.20300292969
1.11700439453
0.903442382812
0.293884277344
0.446655273438
0.481567382812
0.613342285156
0.750610351562
Repetition end
1
Repetition start
0.757385253906
0.453186035156
0.404663085938
0.422546386719
0.118041992188
0.276123046875
0.560729980469
0.629089355469
0.80810546875
1.14135742188
0.950134277344
1.17028808594
0.897277832031
1.13012695312
1.267578125
1.25756835938
1.19757080078
1.30352783203
0.557861328125
0.590515136719
Repetition end
1
Repetition start
0.764953613281
0.717712402344
0.715515136719
0.595275878906
0.556335449219
0.492980957031
0.410034179688
0.9306640625
1.05163574219
1.01202392578
1.23370361328
1.20452880859
1.2568359375
1.27807617188
1.25830078125
1.37042236328
0.427673339844
0.463439941406
0.717224121094
0.730041503906
Repetition end
1
Repetition start
0.750427246094
0.455993652344
0.420532226562
0.323486328125
0.774719238281
1.03857421875
1.09985351562
1.02697753906
1.0908203125
1.23406982422
1.291015625
1.25201416016
1.18566894531
1.16381835938
1.00897216797
0.428894042969
0.465270996094
0.708801269531
0.564392089844
0.702575683594
Repetition end
1
Repetition start
0.801391601562
0.720275878906
0.605407714844
0.571350097656
0.639282226562
0.689697265625
1.02099609375
0.954711914062
1.01330566406
1.04553222656
1.06170654297
1.12603759766
1.17224121094
1.27093505859
1.26983642578
1.14715576172
1.109375
0.855529785156
0.562072753906
1.06616210938
Repetition end
1
Repetition start
0.367614746094
0.168029785156
0.135192871094
0.548950195312
0.648986816406
0.996887207031
1.16217041016
1.27593994141
1.37005615234
1.39874267578
1.38464355469
1.35015869141
1.39526367188
1.27856445312
0.510375976562
0.301330566406
0.4775390625
0.513488769531
0.591796875
0.813293457031
Repetition end
1
Repetition start
0.67724609375
0.623413085938
0.641784667969
0.704040527344
0.657836914062
0.913635253906
0.978637695312
1.13970947266
1.16290283203
1.14276123047
1.26611328125
1.33679199219
1.34338378906
1.23358154297
1.31433105469
0.502990722656
0.501098632812
0.559997558594
0.651245117188
0.740539550781
Repetition end
1
Repetition start
0.367065429688
-0.0296020507812
0.273254394531
1.03540039062
0.787780761719
0.950439453125
0.922790527344
1.02667236328
1.17529296875
1.14904785156
1.23205566406
1.30297851562
1.28143310547
1.29602050781
1.26739501953
1.23547363281
0.630554199219
0.115234375
0.678161621094
0.816650390625
Repetition end
1
Repetition start
0.711181640625
0.699523925781
0.642211914062
0.567077636719
0.714233398438
0.616821289062
0.61474609375
1.02209472656
1.1904296875
1.25726318359
1.23687744141
1.31622314453
1.30676269531
1.23461914062
1.11749267578
1.15692138672
0.558959960938
0.15185546875
0.492858886719
1.01123046875
Repetition end
1
Repetition start
0.59375
0.524780273438
0.475036621094
0.284057617188
0.72021484375
0.929443359375
1.04925537109
0.962646484375
1.20227050781
1.43371582031
1.47393798828
1.44311523438
1.40899658203
1.47137451172
1.44573974609
1.28338623047
0.525634765625
0.123229980469
0.882934570312
0.702514648438
Repetition end
1
Repetition start
0.579833984375
0.53076171875
0.522216796875
0.371398925781
0.522827148438
0.953186035156
1.02868652344
1.00360107422
1.1044921875
1.23327636719
1.16326904297
1.12622070312
1.12341308594
1.22888183594
1.39984130859
0.235412597656
0.589050292969
0.656921386719
0.506591796875
0.979125976562
Repetition end
1
Repetition start
0.858825683594
0.422790527344
0.288024902344
0.326721191406
0.0773315429688
0.751647949219
0.936767578125
0.902709960938
1.15447998047
1.10186767578
1.11395263672
1.18493652344
1.25720214844
1.43414306641
0.680603027344
0.198547363281
0.318115234375
0.470825195312
0.583557128906
0.809387207031
Repetition end
1
Repetition start
0.653198242188
0.657409667969
0.483764648438
0.49462890625
0.497497558594
0.407287597656
0.359924316406
0.568237304688
0.986633300781
1.1630859375
1.12310791016
1.30004882812
1.37567138672
1.39630126953
1.38195800781
1.36791992188
0.25537109375
0.481262207031
0.825439453125
0.706420898438
Repetition end
1
Repetition start
0.412536621094
0.1826171875
0.25537109375
0.965759277344
1.03656005859
0.94482421875
1.06787109375
1.01196289062
1.14569091797
1.23046875
1.38580322266
1.27325439453
1.33026123047
0.836242675781
0.429443359375
0.469848632812
0.725891113281
0.694458007812
0.813049316406
0.813293457031
Repetition end
1
Repetition start
0.927185058594
0.630676269531
0.545959472656
0.456848144531
0.783874511719
0.97216796875
1.05267333984
1.1953125
1.318359375
1.30920410156
1.25134277344
1.240234375
0.462219238281
0.156311035156
0.626159667969
0.61376953125
0.929077148438
0.6689453125
0.744079589844
0.741577148438
Repetition end
1
Repetition start
0.48779296875
0.304931640625
0.294921875
0.622985839844
0.963012695312
1.11859130859
1.28747558594
1.47485351562
1.32855224609
1.33245849609
1.43762207031
0.58203125
0.135314941406
0.239807128906
0.330993652344
0.440002441406
0.583129882812
0.551513671875
0.76904296875
0.536071777344
Repetition end
1
Repetition start
0.716674804688
0.582153320312
0.521179199219
0.586730957031
0.446960449219
0.9296875
0.953063964844
1.05792236328
1.23443603516
1.35382080078
1.43048095703
1.41326904297
1.279296875
1.25360107422
0.544128417969
0.264709472656
0.48046875
0.447021484375
0.633544921875
0.754516601562
Repetition end
1
Repetition start
0.720336914062
0.562377929688
0.484130859375
0.476440429688
0.369079589844
0.619750976562
0.813903808594
1.02014160156
0.815551757812
1.27294921875
1.19317626953
1.28851318359
1.38067626953
1.39569091797
1.35681152344
1.00207519531
0.406860351562
0.681701660156
0.816772460938
0.732177734375
Repetition end
1
Repetition start
0.864379882812
0.674865722656
0.659301757812
0.620300292969
0.407531738281
0.660400390625
0.681884765625
1.13208007812
1.30029296875
1.27514648438
1.24761962891
1.31768798828
1.31231689453
1.42156982422
1.35638427734
1.36401367188
0.52880859375
0.546081542969
0.321716308594
0.6396484375
Repetition end
1
Repetition start
0.809020996094
0.814697265625
0.783569335938
0.675842285156
0.9013671875
0.430053710938
0.460998535156
0.4482421875
0.319274902344
0.693542480469
1.11840820312
1.0458984375
1.14251708984
1.15447998047
1.37194824219
1.47204589844
1.35583496094
0.492919921875
-0.0281982421875
0.743957519531
Repetition end
1
Repetition start
0.868896484375
0.996704101562
0.600463867188
0.548400878906
0.710998535156
0.494079589844
0.3173828125
0.635009765625
0.848327636719
1.00311279297
1.27868652344
1.40283203125
1.39660644531
1.30438232422
1.36828613281
1.20428466797
0.400207519531
0.410827636719
0.526611328125
0.749145507812
Repetition end
1
Repetition start
0.817077636719
0.770690917969
0.726013183594
0.874145507812
0.841003417969
0.597473144531
0.971923828125
1.19610595703
1.35668945312
1.42059326172
1.39447021484
1.34240722656
1.24578857422
1.27728271484
0.799865722656
0.348205566406
0.611511230469
0.675354003906
0.711975097656
0.772094726562
Repetition end
1
Repetition start
0.810119628906
0.5791015625
0.513244628906
0.528930664062
0.489379882812
0.414489746094
0.5556640625
0.961853027344
1.09869384766
1.16534423828
1.09490966797
1.20568847656
1.39227294922
1.45635986328
1.49108886719
1.43621826172
1.30065917969
1.15399169922
0.693664550781
0.54345703125
Repetition end
1
Repetition start
0.818969726562
0.779968261719
0.810546875
0.572326660156
0.392150878906
0.278015136719
0.959411621094
1.0087890625
1.07702636719
1.04724121094
1.26989746094
1.2939453125
1.34356689453
1.38055419922
1.3740234375
1.19079589844
1.25311279297
0.4658203125
0.443603515625
0.644836425781
Repetition end
1
Repetition start
0.75927734375
0.834411621094
0.821166992188
0.668823242188
0.641723632812
0.634155273438
0.534484863281
0.404357910156
0.9111328125
0.90673828125
1.17572021484
1.30798339844
1.34271240234
1.36120605469
1.41119384766
1.41320800781
1.3681640625
0.680786132812
0.673522949219
0.655456542969
Repetition end
1
Repetition start
0.804382324219
0.595581054688
0.594116210938
0.530212402344
0.441101074219
0.777038574219
1.00115966797
1.11303710938
1.18298339844
1.53076171875
1.57086181641
1.56127929688
1.37268066406
1.39282226562
1.31561279297
1.30999755859
0.714172363281
0.337341308594
0.560791015625
0.825439453125
Repetition end
1
Repetition start
1.01715087891
0.893981933594
0.952087402344
0.781005859375
0.580627441406
0.607604980469
0.754760742188
0.476013183594
1.22302246094
1.24658203125
1.23370361328
1.39306640625
1.46801757812
1.25640869141
1.29290771484
0.981689453125
0.636108398438
0.566284179688
0.773986816406
0.787170410156
Repetition end
1
Repetition start
0.819396972656
0.708618164062
0.706726074219
0.510559082031
0.389343261719
0.388000488281
0.267395019531
0.292297363281
0.471313476562
1.09826660156
1.15649414062
1.19482421875
1.26947021484
1.41259765625
1.46838378906
1.49426269531
1.28814697266
0.508911132812
0.731689453125
0.817687988281
Repetition end
1
Repetition start
0.8505859375
0.836303710938
0.747131347656
0.612854003906
0.583312988281
0.571166992188
1.03753662109
1.09240722656
1.24401855469
1.19927978516
1.43933105469
1.57110595703
1.59368896484
1.41571044922
0.369018554688
0.327453613281
0.373779296875
0.584594726562
0.784545898438
0.871520996094
Repetition end
1
Repetition start
0.790344238281
0.785034179688
0.865661621094
0.686706542969
0.513122558594
0.293212890625
0.312072753906
1.15173339844
1.22674560547
1.33099365234
1.39312744141
1.31774902344
1.27722167969
1.20294189453
1.28381347656
0.545654296875
0.156860351562
0.988525390625
0.459167480469
0.900939941406
Repetition end
1
Repetition start
0.475891113281
0.800903320312
0.794067382812
0.947631835938
1.0224609375
1.20001220703
1.47943115234
1.17657470703
1.43878173828
1.43017578125
1.43408203125
1.34234619141
1.24304199219
1.17065429688
0.916381835938
0.607727050781
0.278076171875
0.679138183594
0.601867675781
0.8359375
Repetition end
1
Repetition start
0.931762695312
0.819030761719
0.507019042969
0.522399902344
0.443664550781
0.327331542969
0.382751464844
0.189025878906
0.705139160156
1.05151367188
0.875610351562
1.19177246094
1.32348632812
1.34899902344
1.27630615234
1.22589111328
0.121398925781
0.834533691406
0.625305175781
0.821533203125
Repetition end
1
Repetition start
0.715576171875
0.769470214844
0.805236816406
0.562133789062
0.5263671875
0.627380371094
0.813293457031
0.933654785156
1.13323974609
1.30328369141
1.35864257812
1.44793701172
1.43988037109
1.38323974609
1.30133056641
1.42614746094
1.26092529297
0.266235351562
0.558715820312
0.749633789062
Repetition end
1
