Repetition start
1.1240234375
1.10986328125
1.11315917969
1.05780029297
1.04339599609
0.93603515625
1.0537109375
1.27203369141
1.08764648438
1.4169921875
1.43542480469
1.65032958984
1.68615722656
1.63092041016
1.607421875
0.664306640625
0.881286621094
1.11871337891
1.09741210938
1.14447021484
Repetition end
1
Repetition start
1.03411865234
0.99267578125
1.00415039062
0.911926269531
0.5234375
1.31188964844
1.36047363281
1.43157958984
1.54699707031
1.55975341797
1.52954101562
1.59619140625
1.60699462891
1.75897216797
1.56683349609
1.50854492188
1.56317138672
0.763000488281
0.997192382812
1.06292724609
Repetition end
1
Repetition start
1.07592773438
1.14349365234
1.04803466797
0.969177246094
0.940124511719
0.8837890625
0.843872070312
0.732971191406
1.28106689453
1.42523193359
1.5595703125
1.60443115234
1.77734375
0.9765625
0.5498046875
0.757202148438
0.8359375
0.859680175781
1.3671875
1.01568603516
Repetition end
1
Repetition start
1.04693603516
1.17114257812
0.90673828125
0.683715820312
0.825805664062
1.31817626953
1.50384521484
1.5849609375
1.54516601562
1.50994873047
1.47937011719
1.50268554688
1.5849609375
1.63165283203
1.69140625
1.57788085938
1.28472900391
0.790649414062
0.989929199219
0.978088378906
Repetition end
1
Repetition start
1.14318847656
1.22283935547
1.00402832031
1.015625
1.04187011719
1.24560546875
1.46710205078
1.44647216797
1.58917236328
1.61224365234
1.65972900391
1.53393554688
1.68011474609
1.65368652344
1.67370605469
1.35430908203
0.488891601562
0.696411132812
1.05072021484
1.06726074219
Repetition end
1
Repetition start
1.10015869141
1.02545166016
1.00830078125
0.907043457031
0.765747070312
0.62890625
1.39074707031
1.66632080078
1.55419921875
1.69158935547
1.68969726562
1.6650390625
1.69720458984
1.54211425781
1.62561035156
1.87420654297
0.722778320312
0.6142578125
0.908325195312
0.955383300781
Repetition end
1
Repetition start
1.12902832031
1.02850341797
0.894775390625
0.958190917969
0.740539550781
1.48205566406
1.57873535156
1.59631347656
1.69061279297
1.75762939453
1.83746337891
1.80755615234
1.73706054688
1.65881347656
1.66339111328
0.55078125
0.615661621094
0.743103027344
1.27624511719
1.0634765625
Repetition end
1
Repetition start
0.842651367188
0.798217773438
0.72802734375
0.681823730469
0.706665039062
1.21917724609
1.40100097656
1.54864501953
1.50555419922
1.50402832031
1.70385742188
1.69757080078
1.71697998047
1.427734375
1.48431396484
1.61065673828
0.860229492188
0.679382324219
0.934204101562
1.111328125
Repetition end
1
Repetition start
1.09808349609
1.14605712891
0.989196777344
0.786560058594
1.14190673828
1.03839111328
1.46600341797
1.4033203125
1.50524902344
1.71075439453
1.66204833984
1.59851074219
1.72399902344
1.71282958984
1.77075195312
1.79797363281
1.56219482422
0.836791992188
1.03674316406
1.08087158203
Repetition end
1
Repetition start
0.854919433594
0.734191894531
1.27569580078
1.08905029297
1.138671875
1.25250244141
1.30419921875
1.46575927734
1.45263671875
1.45330810547
1.54827880859
1.58538818359
1.69018554688
1.65618896484
1.47412109375
1.43524169922
0.80712890625
0.541198730469
0.644409179688
1.01898193359
Repetition end
1
Repetition start
1.0966796875
0.966735839844
1.00439453125
0.827087402344
0.777160644531
0.716430664062
1.18701171875
0.958190917969
1.30352783203
1.46545410156
1.47808837891
1.58319091797
1.68151855469
1.70574951172
1.57446289062
1.52038574219
1.47351074219
0.388549804688
0.743103027344
0.963134765625
Repetition end
1
Repetition start
0.703063964844
0.689697265625
0.797424316406
0.701354980469
0.873413085938
0.954284667969
1.34497070312
1.54766845703
1.72985839844
1.76391601562
1.87469482422
1.75158691406
1.80657958984
1.61370849609
1.57867431641
1.32666015625
1.04351806641
0.765930175781
1.01647949219
0.982543945312
Repetition end
1
Repetition start
1.02520751953
0.895080566406
0.744140625
0.812744140625
0.697021484375
1.107421875
0.9296875
0.985473632812
1.41265869141
1.31988525391
1.51623535156
1.61291503906
1.63238525391
1.65411376953
0.622314453125
0.811340332031
0.868835449219
0.97509765625
0.951721191406
1.04565429688
Repetition end
1
Repetition start
1.20251464844
0.811950683594
0.815246582031
0.793395996094
0.704467773438
0.867492675781
1.20239257812
1.24713134766
1.31225585938
1.58343505859
1.73400878906
1.63262939453
1.66381835938
1.47601318359
1.43389892578
1.45031738281
0.94580078125
0.814331054688
0.939025878906
1.01947021484
Repetition end
1
Repetition start
1.07067871094
1.17211914062
0.864318847656
0.8056640625
0.704223632812
1.17626953125
0.957336425781
1.11462402344
1.37005615234
1.37567138672
1.56317138672
1.61352539062
1.59649658203
1.60229492188
1.52893066406
0.982482910156
0.627868652344
1.06945800781
1.21472167969
0.963684082031
Repetition end
1
Repetition start
1.12243652344
0.888488769531
0.687866210938
0.782470703125
0.645935058594
0.847778320312
1.2763671875
1.36413574219
1.40063476562
1.50457763672
1.38293457031
1.49914550781
1.72906494141
1.58715820312
1.57525634766
1.55615234375
1.51794433594
0.491088867188
0.526611328125
0.663696289062
Repetition end
1
Repetition start
0.993713378906
1.11389160156
1.02319335938
0.980651855469
0.846069335938
1.13824462891
1.20263671875
1.47296142578
1.68414306641
1.68865966797
1.76434326172
1.71734619141
1.47650146484
1.10357666016
0.85986328125
0.544006347656
0.946716308594
1.00421142578
1.13256835938
1.06262207031
Repetition end
1
Repetition start
0.934387207031
1.04388427734
0.770202636719
0.723266601562
1.03125
1.07855224609
1.28125
1.33410644531
1.46466064453
1.46417236328
1.53216552734
1.55114746094
1.46612548828
1.50555419922
1.48297119141
0.862182617188
0.710754394531
0.8486328125
0.859802246094
1.08795166016
Repetition end
1
Repetition start
0.977111816406
0.991882324219
0.8388671875
1.03143310547
1.01214599609
0.984436035156
1.31463623047
1.41064453125
1.48413085938
1.52270507812
1.71185302734
1.46905517578
1.50140380859
1.34893798828
0.655822753906
0.923583984375
0.749084472656
1.03259277344
0.945251464844
1.00073242188
Repetition end
1
Repetition start
1.16094970703
1.03942871094
0.934997558594
0.745910644531
0.902770996094
1.07385253906
0.880615234375
1.02404785156
1.35870361328
1.56628417969
1.50201416016
1.64099121094
1.7685546875
1.70074462891
1.54547119141
0.769897460938
0.541198730469
0.96923828125
0.756713867188
1.13250732422
Repetition end
1
Repetition start
1.16271972656
1.08996582031
0.972534179688
0.91455078125
1.00213623047
0.826782226562
1.13134765625
1.18884277344
1.34631347656
1.74200439453
1.76055908203
1.96398925781
1.94317626953
1.86688232422
1.50103759766
0.806091308594
0.669067382812
0.818359375
1.095703125
1.02526855469
Repetition end
1
Repetition start
1.16857910156
0.882019042969
0.901672363281
0.853637695312
0.771057128906
0.641174316406
0.650085449219
0.661376953125
0.771423339844
0.8349609375
1.16973876953
1.45422363281
1.53338623047
1.59814453125
1.76873779297
1.71978759766
1.69866943359
1.74243164062
1.02484130859
0.71044921875
Repetition end
1
Repetition start
1.03875732422
1.12292480469
1.08630371094
0.918273925781
0.943786621094
0.873474121094
0.945007324219
1.24786376953
1.39434814453
1.30303955078
1.41760253906
1.49786376953
1.51776123047
1.64294433594
1.7158203125
1.80084228516
1.56329345703
1.38537597656
0.726379394531
0.99951171875
Repetition end
1
Repetition start
0.94677734375
0.944641113281
0.839172363281
0.8115234375
1.17126464844
1.10522460938
1.06097412109
1.30517578125
1.47229003906
1.51049804688
1.50390625
1.78656005859
1.81793212891
1.69476318359
1.61657714844
0.755920410156
0.759338378906
0.855651855469
0.671630859375
1.02062988281
Repetition end
1
Repetition start
0.9814453125
0.843017578125
0.764343261719
0.8828125
1.05096435547
1.16235351562
1.28790283203
1.60345458984
1.52075195312
1.62158203125
1.56610107422
1.78106689453
1.78308105469
1.57495117188
1.49957275391
0.840209960938
0.910217285156
1.03796386719
1.03759765625
1.05786132812
Repetition end
1
Repetition start
0.729553222656
0.669860839844
0.768371582031
0.51806640625
0.994018554688
1.29046630859
1.35760498047
1.46612548828
1.88012695312
1.98901367188
1.93011474609
1.80291748047
1.59777832031
1.56109619141
0.565856933594
0.818298339844
0.847595214844
0.982727050781
1.14837646484
1.23126220703
Repetition end
1
Repetition start
0.863952636719
0.836059570312
1.13293457031
1.29595947266
1.56744384766
1.44360351562
1.51501464844
1.59881591797
1.59918212891
1.73205566406
1.86309814453
1.83160400391
1.80780029297
1.76586914062
1.58697509766
0.575988769531
0.811950683594
0.799926757812
1.04327392578
0.984924316406
Repetition end
1
Repetition start
1.05914306641
0.996215820312
0.873779296875
0.800659179688
0.655395507812
0.71484375
0.725341796875
0.758178710938
1.55718994141
1.67938232422
1.76293945312
1.81243896484
1.64221191406
1.61468505859
1.56951904297
1.51019287109
0.808898925781
0.513977050781
0.744445800781
0.942077636719
Repetition end
1
Repetition start
1.169921875
1.17999267578
1.0791015625
1.17376708984
0.901184082031
0.878723144531
0.753479003906
0.810974121094
0.803894042969
1.17236328125
1.3837890625
1.62847900391
1.76501464844
1.90826416016
1.83093261719
1.65734863281
0.86376953125
0.623657226562
0.831665039062
1.1220703125
Repetition end
1
Repetition start
1.34448242188
0.947570800781
0.861450195312
0.753356933594
1.107421875
0.783935546875
1.26647949219
1.29125976562
1.36395263672
1.45080566406
1.55975341797
1.58703613281
1.69982910156
1.72406005859
1.64953613281
1.52380371094
1.16162109375
0.600524902344
0.641906738281
0.693176269531
Repetition end
1
Repetition start
1.10437011719
1.08160400391
1.11462402344
0.943603515625
0.932922363281
0.863525390625
0.792541503906
1.01043701172
1.11993408203
1.44610595703
1.50445556641
1.76513671875
1.87829589844
1.86285400391
1.9267578125
1.86291503906
1.76055908203
1.50903320312
1.00958251953
0.875061035156
Repetition end
1
Repetition start
1.04095458984
1.13879394531
0.838134765625
0.777465820312
0.735046386719
0.737182617188
0.899536132812
1.20648193359
1.22802734375
1.36865234375
1.51208496094
1.5458984375
1.50152587891
1.69714355469
1.89752197266
1.65789794922
0.859375
0.945190429688
0.778503417969
1.08605957031
Repetition end
1
Repetition start
1.19079589844
1.12939453125
1.17047119141
1.06451416016
0.973937988281
0.9375
0.929748535156
0.828979492188
0.857849121094
0.976501464844
1.46923828125
1.63427734375
1.57177734375
1.58435058594
1.63818359375
1.83148193359
1.82690429688
1.71459960938
0.575378417969
0.903381347656
Repetition end
1
Repetition start
0.946105957031
1.0498046875
0.852600097656
0.810791015625
0.761047363281
0.673461914062
0.760925292969
1.05029296875
1.19226074219
1.53088378906
1.53430175781
1.45300292969
1.65570068359
1.68670654297
1.68701171875
1.69683837891
1.65441894531
0.653625488281
0.849914550781
0.81591796875
Repetition end
1
Repetition start
0.994873046875
0.871643066406
0.870544433594
0.862915039062
0.770629882812
0.858215332031
0.75048828125
1.30279541016
1.52032470703
1.57720947266
1.65911865234
1.76721191406
1.78015136719
1.81488037109
1.75482177734
0.8984375
0.594299316406
0.8642578125
0.831481933594
1.10357666016
Repetition end
1
Repetition start
1.16766357422
1.00207519531
1.20928955078
0.816040039062
0.833374023438
0.839111328125
1.41400146484
1.10174560547
1.72290039062
1.76910400391
1.64202880859
1.66418457031
1.69116210938
1.81524658203
1.837890625
1.81408691406
0.895874023438
0.66943359375
0.734741210938
0.897399902344
Repetition end
1
Repetition start
1.01947021484
1.03918457031
0.994506835938
0.856262207031
0.929504394531
0.513977050781
1.11242675781
1.24304199219
1.21368408203
1.59307861328
1.61993408203
1.65087890625
1.65411376953
1.892578125
1.84442138672
1.88354492188
1.95965576172
1.24084472656
0.438598632812
0.960205078125
Repetition end
1
Repetition start
1.28045654297
0.917785644531
0.882019042969
0.833435058594
0.890197753906
0.611022949219
0.712097167969
0.851379394531
1.24969482422
1.46154785156
1.79370117188
1.90673828125
1.87725830078
1.73352050781
1.81518554688
1.32257080078
0.887878417969
0.516662597656
0.641418457031
1.06921386719
Repetition end
1
Repetition start
1.03381347656
0.971496582031
0.912658691406
0.890258789062
0.711242675781
1.1240234375
1.16741943359
1.12634277344
1.33758544922
1.50366210938
1.71319580078
1.87884521484
2.04132080078
1.94659423828
1.94757080078
1.90649414062
1.67614746094
0.973449707031
0.750122070312
0.895202636719
Repetition end
1
Repetition start
1.03509521484
1.392578125
0.844543457031
0.84326171875
0.874877929688
0.903625488281
1.02496337891
1.24041748047
1.78082275391
1.82373046875
1.86059570312
1.88031005859
1.95715332031
1.90368652344
1.53833007812
0.901550292969
0.723327636719
1.12542724609
1.02770996094
0.938415527344
Repetition end
1
Repetition start
1.05596923828
1.03894042969
1.02502441406
0.964538574219
0.847045898438
0.85205078125
0.888854980469
0.616394042969
1.10845947266
1.85552978516
1.93768310547
1.96319580078
2.04058837891
1.85687255859
0.511108398438
0.772399902344
0.826904296875
0.883056640625
1.0458984375
1.03015136719
Repetition end
1
Repetition start
1.05474853516
1.03546142578
0.865234375
0.731018066406
0.659912109375
0.874694824219
1.47180175781
1.443359375
1.45104980469
1.52874755859
1.71276855469
1.57653808594
1.46081542969
1.59716796875
0.676940917969
0.849243164062
0.939819335938
0.946411132812
1.11627197266
1.19537353516
Repetition end
1
Repetition start
1.01690673828
0.956909179688
0.844787597656
0.805419921875
1.35571289062
1.36328125
1.55511474609
1.60308837891
1.66101074219
1.71807861328
1.84796142578
1.91577148438
1.93688964844
1.67016601562
1.06622314453
0.571960449219
1.01251220703
0.960998535156
0.941223144531
1.11602783203
Repetition end
1
Repetition start
1.26806640625
0.923522949219
0.493103027344
0.644714355469
0.850280761719
1.58264160156
1.57751464844
1.58996582031
1.60559082031
1.70288085938
1.85223388672
1.78784179688
1.80200195312
1.88897705078
1.69427490234
1.60235595703
1.45324707031
0.832641601562
0.881652832031
1.15124511719
Repetition end
1
Repetition start
1.17785644531
1.07330322266
0.895446777344
0.833190917969
0.837646484375
0.693359375
0.6142578125
1.49627685547
1.73504638672
1.57000732422
1.51873779297
1.67742919922
1.66235351562
1.79302978516
1.98132324219
1.89282226562
1.90026855469
1.04064941406
0.873718261719
1.17309570312
Repetition end
1
Repetition start
1.57659912109
1.9111328125
1.28393554688
1.33068847656
0.992370605469
1.06451416016
1.29595947266
1.26458740234
1.69970703125
1.53344726562
1.69421386719
1.66302490234
1.72698974609
1.77349853516
1.72344970703
1.66729736328
1.77203369141
0.482604980469
0.960571289062
0.880004882812
Repetition end
1
Repetition start
1.38958740234
1.03302001953
1.01751708984
0.931579589844
0.702392578125
0.758850097656
1.20574951172
1.41302490234
1.68823242188
1.56060791016
1.69421386719
1.74597167969
1.81011962891
1.88543701172
1.92401123047
1.90948486328
1.88171386719
0.678588867188
0.771362304688
0.973266601562
Repetition end
1
Repetition start
0.989440917969
1.04052734375
0.898620605469
0.685974121094
0.758544921875
0.685302734375
0.705261230469
1.1455078125
1.41522216797
1.55096435547
1.64965820312
1.52667236328
1.56628417969
1.8291015625
1.80255126953
1.83917236328
1.78564453125
0.94189453125
0.73095703125
0.970825195312
Repetition end
1
Repetition start
1.08587646484
1.19287109375
0.904052734375
0.922790527344
0.900390625
0.748168945312
1.36334228516
1.22833251953
1.39196777344
1.40484619141
1.56726074219
1.68408203125
1.96081542969
2.02227783203
2.00665283203
1.90740966797
1.0390625
0.787902832031
0.983520507812
1.08514404297
Repetition end
1
Repetition start
0.902587890625
0.833435058594
0.88037109375
0.737548828125
0.581481933594
1.15972900391
1.62768554688
1.56188964844
1.66577148438
1.69189453125
1.69506835938
1.82751464844
1.78485107422
1.75250244141
1.85668945312
1.94720458984
1.48504638672
0.71826171875
0.767333984375
0.707702636719
Repetition end
1
Repetition start
1.14178466797
0.98486328125
0.750610351562
0.895080566406
1.31158447266
1.52709960938
1.44555664062
1.525390625
1.69763183594
1.68737792969
1.83715820312
1.87915039062
2.12170410156
1.80145263672
1.68530273438
1.22308349609
0.868530273438
0.813659667969
1.00305175781
1.06530761719
Repetition end
1
Repetition start
0.998291015625
0.931823730469
0.859985351562
0.445251464844
0.638549804688
0.922119140625
1.08801269531
1.74328613281
1.56958007812
1.73822021484
1.86022949219
1.76928710938
1.62847900391
1.7646484375
1.65740966797
1.00262451172
0.526611328125
0.747985839844
0.91015625
1.05505371094
Repetition end
1
Repetition start
1.13323974609
1.17565917969
0.897827148438
0.790344238281
0.950805664062
0.753173828125
1.53039550781
1.70025634766
1.73065185547
1.92340087891
1.95922851562
1.93176269531
1.85754394531
1.81140136719
0.821655273438
0.322875976562
1.04577636719
0.899230957031
1.0224609375
1.19903564453
Repetition end
1
Repetition start
1.10913085938
0.990661621094
0.971923828125
0.902954101562
0.814758300781
0.57958984375
0.715576171875
0.911926269531
0.911376953125
1.29675292969
1.46911621094
1.65142822266
1.59857177734
1.73522949219
1.75408935547
1.76599121094
1.70471191406
1.22772216797
0.494689941406
0.815979003906
Repetition end
1
Repetition start
1.27130126953
1.06335449219
1.17755126953
1.00817871094
1.08660888672
0.938110351562
0.730346679688
1.46459960938
1.701171875
1.78308105469
1.80627441406
1.73858642578
1.94445800781
1.79034423828
1.79974365234
1.76477050781
1.40582275391
0.629638671875
0.766418457031
0.977905273438
Repetition end
1
Repetition start
1.00524902344
0.851867675781
0.644958496094
0.593017578125
0.950073242188
0.960021972656
1.44287109375
1.69384765625
1.66723632812
1.64831542969
1.66296386719
1.85534667969
1.77532958984
1.73638916016
1.7197265625
0.843139648438
0.523254394531
0.918701171875
1.04760742188
1.01019287109
Repetition end
1
Repetition start
1.10150146484
0.997619628906
0.951538085938
0.782836914062
0.879150390625
1.01177978516
1.31274414062
1.55938720703
1.61895751953
1.63275146484
1.59393310547
1.78076171875
1.89630126953
1.90795898438
1.90356445312
1.91174316406
1.55316162109
0.883728027344
0.549743652344
0.86572265625
Repetition end
1
Repetition start
1.07940673828
0.927795410156
0.951171875
0.812194824219
0.665405273438
0.723999023438
0.812561035156
1.29425048828
1.56213378906
1.53637695312
1.71551513672
1.76062011719
1.96691894531
1.94763183594
1.93450927734
1.87579345703
1.3466796875
0.544616699219
0.925659179688
1.10809326172
Repetition end
1
Repetition start
1.18768310547
1.12316894531
0.946472167969
0.893188476562
1.11193847656
1.36376953125
1.76409912109
1.78088378906
1.74731445312
1.85290527344
1.6982421875
1.85473632812
1.896484375
1.91656494141
1.85986328125
1.69262695312
0.819946289062
0.74072265625
0.729309082031
0.847595214844
Repetition end
1
Repetition start
0.916320800781
0.8515625
0.552185058594
0.4990234375
1.18408203125
1.43145751953
1.62536621094
1.39099121094
1.73004150391
1.80114746094
1.75256347656
1.87127685547
2.03485107422
1.14770507812
1.07965087891
0.738647460938
1.09912109375
1.08728027344
0.986389160156
1.20544433594
Repetition end
1
Repetition start
1.10809326172
0.955200195312
0.914611816406
1.15686035156
1.25433349609
1.46765136719
1.69671630859
1.67944335938
1.72088623047
1.65747070312
1.77478027344
1.86706542969
1.96478271484
1.97412109375
1.84991455078
1.88073730469
1.52294921875
0.850341796875
0.767700195312
0.778503417969
Repetition end
1
Repetition start
0.849975585938
0.806213378906
0.870971679688
0.863952636719
0.828918457031
1.21844482422
1.51348876953
1.47204589844
1.73455810547
1.86944580078
1.79388427734
1.52209472656
1.6962890625
1.77551269531
1.30383300781
0.607482910156
0.677612304688
0.714416503906
1.03399658203
1.05224609375
Repetition end
1
Repetition start
1.11810302734
1.19311523438
1.16107177734
0.98291015625
0.937927246094
0.988708496094
1.22332763672
1.56701660156
1.73858642578
1.69689941406
1.65832519531
1.640625
1.84063720703
1.90606689453
1.96844482422
1.88037109375
1.53472900391
0.507568359375
1.064453125
1.10400390625
Repetition end
1
Repetition start
1.08288574219
0.927917480469
0.662841796875
0.8388671875
1.14923095703
1.47875976562
1.7373046875
1.60913085938
1.58074951172
1.70098876953
1.84466552734
1.84796142578
1.78784179688
1.77105712891
0.873840332031
0.5048828125
0.781005859375
0.836181640625
0.794982910156
0.9619140625
Repetition end
1
Repetition start
1.20953369141
1.01324462891
0.885620117188
0.847106933594
0.806823730469
0.876037597656
1.55249023438
1.49780273438
1.58752441406
1.68890380859
1.68475341797
1.80786132812
1.77160644531
1.8310546875
1.81689453125
1.39459228516
0.448669433594
0.611022949219
0.850341796875
0.974670410156
Repetition end
1
Repetition start
0.849487304688
0.701354980469
0.606384277344
0.745300292969
0.782531738281
1.10211181641
1.44616699219
1.51837158203
1.689453125
1.6767578125
1.7021484375
1.84716796875
1.91107177734
1.83056640625
1.77294921875
1.74017333984
0.898376464844
0.525573730469
0.943664550781
0.644104003906
Repetition end
1
Repetition start
1.22991943359
1.3330078125
1.24822998047
1.15069580078
1.01153564453
0.950927734375
0.992736816406
1.01013183594
1.16674804688
1.51031494141
1.66802978516
1.58282470703
2.03680419922
1.751953125
1.67529296875
1.03424072266
0.408508300781
0.922668457031
1.01794433594
1.05230712891
Repetition end
1
Repetition start
1.24401855469
1.10125732422
1.05560302734
0.788513183594
0.888977050781
1.31823730469
1.34686279297
1.60705566406
1.81439208984
1.88861083984
1.89385986328
1.81433105469
1.80310058594
1.79968261719
0.797729492188
0.820495605469
0.855041503906
0.979064941406
0.983215332031
0.901977539062
Repetition end
1
Repetition start
0.997192382812
0.953369140625
0.947082519531
0.851745605469
0.936828613281
0.834228515625
0.838745117188
1.10589599609
1.59753417969
1.94805908203
2.03503417969
2.1552734375
2.04638671875
1.84881591797
1.90460205078
0.766540527344
0.843933105469
0.897338867188
1.18859863281
1.16613769531
Repetition end
1
Repetition start
0.67724609375
0.797607421875
0.712036132812
1.34649658203
1.15899658203
1.56927490234
1.41839599609
1.68444824219
1.79260253906
1.91247558594
1.77416992188
1.58038330078
1.63354492188
0.33837890625
0.669860839844
0.799133300781
1.01147460938
0.976013183594
1.24182128906
0.993041992188
Repetition end
1
Repetition start
0.987121582031
0.904907226562
0.8916015625
1.27783203125
1.59307861328
1.75958251953
1.87512207031
1.85888671875
2.01507568359
1.99011230469
2.1103515625
2.03314208984
1.89007568359
1.75354003906
1.06768798828
0.686828613281
0.837341308594
1.07836914062
1.13836669922
1.16741943359
Repetition end
1
Repetition start
0.709838867188
0.598876953125
0.909118652344
0.976013183594
1.49957275391
1.52319335938
1.85455322266
1.65441894531
1.80352783203
1.91430664062
1.95715332031
1.88409423828
1.79229736328
1.7431640625
1.75421142578
0.69140625
0.818237304688
1.21411132812
0.97265625
1.12506103516
Repetition end
1
Repetition start
1.10461425781
0.940856933594
0.918029785156
1.33135986328
1.38647460938
1.57379150391
1.44030761719
1.486328125
1.73760986328
1.86413574219
2.09686279297
2.07727050781
2.07305908203
0.864624023438
0.594665527344
1.02581787109
0.999877929688
1.08612060547
1.16638183594
1.34753417969
Repetition end
1
Repetition start
1.37683105469
1.1689453125
1.08575439453
0.526000976562
0.789367675781
1.43194580078
1.38635253906
1.75714111328
1.68597412109
1.82135009766
1.85833740234
1.99676513672
1.95983886719
2.03430175781
2.01104736328
1.66723632812
0.89453125
1.12628173828
1.00268554688
1.02563476562
Repetition end
1
Repetition start
1.18432617188
1.03851318359
1.08459472656
0.997985839844
0.905212402344
1.11474609375
1.21710205078
1.50964355469
1.70880126953
1.8232421875
1.96563720703
2.03283691406
2.08172607422
1.86047363281
1.70544433594
0.808776855469
0.85791015625
0.909851074219
1.03784179688
1.18963623047
Repetition end
1
Repetition start
1.07476806641
1.04345703125
0.867980957031
0.637023925781
0.740356445312
1.11004638672
1.06072998047
1.50933837891
1.90075683594
1.91107177734
1.71478271484
1.96417236328
1.92095947266
1.98901367188
1.92779541016
0.349853515625
0.881958007812
0.618286132812
0.823547363281
0.971923828125
Repetition end
1
Repetition start
1.11273193359
1.05572509766
0.952331542969
0.848693847656
0.870300292969
0.909057617188
0.608703613281
1.31481933594
1.15142822266
1.74163818359
1.78619384766
2.11590576172
2.02532958984
1.8701171875
0.921020507812
0.641906738281
0.744445800781
0.931457519531
1.41943359375
0.944458007812
Repetition end
1
Repetition start
0.944885253906
1.01422119141
0.865783691406
0.811401367188
0.774353027344
0.760559082031
1.00012207031
1.24182128906
1.77099609375
1.95141601562
2.05200195312
2.04632568359
2.00860595703
2.03277587891
1.95623779297
1.84631347656
1.87860107422
1.11962890625
0.525329589844
1.00335693359
Repetition end
1
Repetition start
1.13623046875
1.08679199219
1.02960205078
1.14721679688
0.77197265625
1.17639160156
1.72991943359
1.42248535156
1.67822265625
1.79364013672
1.97576904297
2.14984130859
2.15014648438
2.0947265625
1.85467529297
1.41918945312
0.67578125
0.656066894531
0.733947753906
0.99365234375
Repetition end
1
Repetition start
1.00891113281
0.862548828125
0.88916015625
0.662048339844
0.6015625
0.650756835938
0.757263183594
1.12829589844
1.33666992188
1.48980712891
1.92218017578
2.05883789062
1.91473388672
1.81903076172
1.92614746094
1.83148193359
0.619506835938
0.724182128906
1.04479980469
1.05688476562
Repetition end
1
Repetition start
1.20587158203
1.19305419922
0.892517089844
0.853759765625
0.898742675781
0.793029785156
1.55249023438
1.53814697266
1.78900146484
2.06964111328
2.10656738281
2.09484863281
2.06268310547
2.09411621094
1.65496826172
1.46215820312
0.847412109375
1.03466796875
0.917358398438
1.13043212891
Repetition end
1
Repetition start
0.802185058594
0.866638183594
1.15289306641
1.54315185547
1.60406494141
1.70922851562
1.84710693359
1.98999023438
2.15936279297
1.93939208984
1.89770507812
1.84283447266
0.215270996094
1.26019287109
0.571838378906
0.654479980469
0.937927246094
1.28680419922
1.2158203125
1.37640380859
Repetition end
1
Repetition start
0.891479492188
0.895812988281
0.77099609375
0.758605957031
1.28173828125
1.33264160156
1.59124755859
1.74908447266
1.76843261719
1.82946777344
1.95745849609
2.16192626953
2.10174560547
2.08715820312
1.54205322266
0.757934570312
0.51123046875
0.847778320312
1.19152832031
1.07940673828
Repetition end
1
Repetition start
1.24041748047
1.21197509766
1.05798339844
0.968994140625
0.626708984375
0.476318359375
1.13305664062
1.12420654297
1.50415039062
1.68658447266
1.86938476562
2.02545166016
2.00030517578
2.09942626953
1.91448974609
1.796875
1.39752197266
0.712707519531
0.710815429688
0.620666503906
Repetition end
1
Repetition start
0.947509765625
0.931335449219
0.7177734375
0.815185546875
0.945617675781
0.738891601562
1.09521484375
1.65588378906
1.55334472656
1.87658691406
2.04376220703
2.1435546875
2.28631591797
2.22320556641
1.82269287109
1.78637695312
1.767578125
1.33959960938
0.8505859375
0.893920898438
Repetition end
1
Repetition start
1.32818603516
1.14910888672
1.2177734375
1.03186035156
0.806030273438
0.767028808594
0.671875
1.19079589844
1.48291015625
1.78198242188
1.82409667969
1.94647216797
1.89953613281
1.82250976562
1.81622314453
0.796264648438
0.5947265625
0.550109863281
0.970825195312
1.00286865234
Repetition end
1
Repetition start
1.22644042969
1.04779052734
1.02862548828
1.03704833984
0.867431640625
0.78955078125
1.17553710938
1.64331054688
1.9365234375
2.06652832031
2.13995361328
2.20318603516
2.14910888672
2.03289794922
0.98583984375
0.427612304688
0.834045410156
1.185546875
1.0966796875
1.28558349609
Repetition end
1
Repetition start
1.25372314453
1.02935791016
1.02465820312
0.821044921875
0.658569335938
0.8359375
1.02209472656
1.69897460938
1.72381591797
2.16741943359
2.13604736328
2.05999755859
2.18420410156
1.47326660156
0.856567382812
0.621765136719
0.538696289062
0.564819335938
1.15069580078
0.943481445312
Repetition end
1
Repetition start
0.9990234375
1.06524658203
0.759155273438
0.881530761719
1.03314208984
1.66058349609
1.70434570312
2.06890869141
1.92730712891
1.92559814453
1.98028564453
2.05102539062
1.97540283203
1.84088134766
0.988830566406
0.466735839844
1.03063964844
1.25939941406
1.14050292969
1.02276611328
Repetition end
1
Repetition start
0.823913574219
0.858032226562
0.770568847656
0.623718261719
0.601745605469
0.860595703125
1.0546875
1.49676513672
1.58349609375
1.56372070312
1.70983886719
1.76513671875
2.04553222656
1.80316162109
1.89691162109
1.67803955078
0.59716796875
0.58740234375
0.819946289062
1.19769287109
Repetition end
1
Repetition start
1.25146484375
1.03100585938
0.802490234375
0.879150390625
0.864929199219
0.86572265625
1.30670166016
1.60760498047
1.7685546875
1.82586669922
1.94854736328
2.18408203125
2.14636230469
2.13787841797
2.08819580078
1.26440429688
0.790649414062
0.993347167969
1.27044677734
1.45751953125
Repetition end
1
Repetition start
0.96728515625
1.00238037109
0.786376953125
0.760375976562
0.591186523438
0.927734375
0.815307617188
1.01940917969
1.60296630859
1.69659423828
1.78997802734
2.17858886719
2.10864257812
2.00067138672
2.03692626953
1.78869628906
0.935302734375
1.078125
1.09393310547
1.22595214844
Repetition end
1
Repetition start
0.9365234375
0.804077148438
0.737976074219
0.817687988281
0.772766113281
1.71392822266
1.83520507812
2.05108642578
2.38482666016
2.2353515625
2.04132080078
1.90026855469
1.98913574219
1.63995361328
0.820617675781
0.536743164062
0.922241210938
0.814086914062
1.02886962891
1.10833740234
Repetition end
1
Repetition start
1.01330566406
0.837707519531
0.74462890625
0.824035644531
1.10125732422
1.35400390625
1.69366455078
1.80902099609
1.99926757812
2.15026855469
2.09143066406
2.02844238281
1.97741699219
0.913879394531
0.170166015625
1.17626953125
0.664367675781
0.657836914062
1.05389404297
1.07244873047
Repetition end
1
Repetition start
1.25134277344
1.01623535156
0.9951171875
0.921997070312
0.791076660156
1.02783203125
0.959777832031
0.807495117188
1.21441650391
1.46545410156
1.94525146484
2.25085449219
2.25799560547
2.04693603516
1.5009765625
0.769958496094
0.711730957031
1.02124023438
1.27893066406
1.26055908203
Repetition end
1
Repetition start
0.723388671875
0.852722167969
0.883666992188
1.37200927734
1.50500488281
1.78393554688
1.74896240234
1.92578125
2.28765869141
2.06732177734
1.81707763672
1.18981933594
1.21179199219
0.674438476562
0.718322753906
0.984313964844
1.19122314453
1.06781005859
1.13366699219
1.19360351562
Repetition end
1
Repetition start
1.04016113281
1.08081054688
0.871459960938
1.05999755859
1.12493896484
0.963500976562
0.947143554688
1.36724853516
1.55816650391
1.52673339844
1.73681640625
2.25482177734
2.36950683594
2.32122802734
1.94299316406
1.267578125
0.885681152344
0.70703125
0.964172363281
1.17614746094
Repetition end
1
Repetition start
0.966003417969
0.848205566406
0.702880859375
0.686157226562
0.703186035156
1.31744384766
1.85668945312
2.19909667969
2.22692871094
2.23065185547
2.09411621094
2.0634765625
2.09289550781
1.19104003906
0.659973144531
0.809997558594
0.841247558594
1.34802246094
1.22930908203
1.12213134766
Repetition end
1
Repetition start
1.23431396484
1.08422851562
0.962951660156
0.893310546875
1.03472900391
0.757080078125
0.901794433594
1.42559814453
1.54211425781
2.11993408203
2.44982910156
2.52807617188
2.50506591797
2.02789306641
1.20428466797
1.23956298828
1.10736083984
1.06134033203
1.11694335938
1.12933349609
Repetition end
1
Repetition start
0.96923828125
0.830200195312
0.719848632812
0.726135253906
0.874877929688
0.950012207031
1.07781982422
1.71032714844
2.15130615234
2.07299804688
1.99768066406
1.95043945312
1.20910644531
0.393188476562
0.812072753906
0.867309570312
1.07177734375
1.08203125
1.35974121094
1.39459228516
Repetition end
1
Repetition start
1.13928222656
0.96826171875
0.877990722656
0.859375
0.960632324219
0.838256835938
1.34808349609
1.58819580078
1.7861328125
2.02209472656
2.14324951172
2.21942138672
2.28002929688
2.19494628906
0.570190429688
0.756469726562
0.775329589844
1.14642333984
1.06652832031
1.21685791016
Repetition end
1
Repetition start
0.966491699219
0.836486816406
1.00152587891
0.720336914062
0.959411621094
1.29406738281
1.52374267578
1.82110595703
2.11053466797
2.18542480469
2.03283691406
2.13989257812
1.91882324219
1.84515380859
0.593017578125
0.968566894531
0.754516601562
0.817504882812
1.21551513672
1.24041748047
Repetition end
1
Repetition start
1.20770263672
1.09997558594
1.11926269531
1.02197265625
0.805786132812
0.845886230469
1.49499511719
2.05407714844
2.1142578125
2.19122314453
2.18444824219
2.05908203125
0.496704101562
0.878662109375
1.02685546875
1.12579345703
1.16119384766
1.28894042969
1.24279785156
1.12286376953
Repetition end
1
Repetition start
0.636596679688
0.597717285156
0.624572753906
1.03973388672
1.42315673828
1.48089599609
1.76574707031
1.65386962891
1.98461914062
1.93200683594
2.01525878906
2.09594726562
2.0810546875
2.08551025391
2.15515136719
1.39373779297
0.578796386719
0.56982421875
0.723510742188
0.639526367188
Repetition end
1
Repetition start
1.32006835938
1.19885253906
1.13940429688
1.28857421875
1.1201171875
1.03228759766
0.813720703125
1.20245361328
1.85705566406
1.79968261719
2.12231445312
2.12756347656
2.16821289062
2.162109375
2.06585693359
1.96362304688
0.445678710938
0.838684082031
0.866577148438
1.30505371094
Repetition end
1
Repetition start
1.21557617188
1.35504150391
1.04205322266
0.890747070312
0.881103515625
0.737915039062
1.27294921875
1.73895263672
1.73742675781
1.77270507812
1.94854736328
1.97192382812
2.00006103516
1.89141845703
1.9765625
0.987915039062
0.347778320312
1.02465820312
0.598571777344
0.893005371094
Repetition end
1
