984 2099 16442
 993 2109 16421
 908 2073 16475
 825 2138 16392
 841 2171 16485
 982 2169 16402
 1129 2156 16404
 1056 2066 16465
 1000 2173 16519
 892 2170 16359
 866 2105 16463
 902 2259 16942
 1100 1514 17752
 1036 1944 16396
 996 2270 16275
 918 2184 16318
 1099 2935 15905
 -190 194 19846
 -616 1772 20761
 8565 2624 24059
 6698 1739 13641
 6254 2664 13603
 3178 4891 9623
 2866 1541 14459
 3622 611 22071
 966 4927 14985
 2255 3296 22144
 2228 2517 10237
 6133 -5736 13619
 4228 3356 16837
 571 7155 15679
 4888 2572 22282
 6569 8540 13767
 7243 -1020 12914
 6409 -3738 16005
 4635 -3002 15791
 3523 7221 14208
 4262 6218 15440
 2803 10762 15021
 1353 11639 17263
 4901 5289 12484
 8335 2107 10182
 8014 4432 7654
 6416 8797 13007
 5351 2769 12715
 2428 4587 15797
 1569 8850 19340
 -1868 5746 16908
 -3407 9948 19918
 2484 3615 25254
 -4331 4263 16144
 -6004 1158 18005
 423 5318 21770
 4728 -1462 24368
 2347 -97 15550
 2012 -1584 14754
 315 1396 14370
 -3838 1448 13521
 -481 1579 13339
 -1332 4096 17022
 1149 793 17298
 2830 -1507 16583
 3850 -2268 14829
 2999 -1226 13507
 3066 95 14018
 430 1647 14008
 -1134 1622 13890
 233 1898 17217
 1731 1715 17171
 1562 3490 15876
 2252 2971 16966
 1915 3684 14705
 1575 2964 15097
 1162 3307 16091
 3138 3867 16832
 4664 2760 16753
 3639 2697 15965
 2990 3220 16218
 3161 3039 16355
 2976 3135 16684
 2942 2753 17099
 3558 2453 17102
 3043 3381 16301
 3177 2818 16190
 4822 1696 16530
 6177 -38 16331
 3500 2299 14137
 4406 2355 15589
 6259 3239 17189
 5277 3253 17228
 3933 4693 16681
 4416 3677 15941
 4826 3227 15811
 5083 3173 15893
 4998 3577 15875
 4683 4550 15530
 5749 4527 15383
 6243 4630 15468
 6138 5657 15405
 5857 5501 14887
 5344 4766 14992
 5344 4460 15306
 5512 3935 16123
 6431 4036 16205
 6508 4233 15523
 6027 4477 15151
 6225 4514 15180
 6091 3655 15237
 5962 3386 15581
 5602 3458 15741
 6086 2760 15934
 6844 2636 16179
 6453 3304 15964
 6115 3647 16205
 7066 4010 16797
 6248 3720 16860
 6168 4339 17517
 5928 4139 16924
 5481 3377 16136
 4969 3057 14977
 3787 2607 14438
 2896 1749 15212
 2721 2312 15618
 3763 2693 16290
 4108 1978 16146
 3808 3622 16364
 3216 3603 16127
 3126 3246 16451
 2931 2920 16233
 2706 2214 16158
 2867 2410 16565
 2382 2979 16088
 2123 2505 16503
 2458 2285 16714
 840 3587 16893
 725 2249 18821
 1950 1151 19483
 111 1545 17685
 -2064 2640 15179
 -2421 2435 13819
 -430 2353 16397
 -752 2167 15799
 -3017 2633 15889
 -5128 2746 14814
 -5439 2792 13788
 -3444 1153 16658
 -1163 601 17383
 1158 -1657 18429
 -1185 2371 13691
 -2119 3767 12561
 -1079 1416 12612
 923 512 11070
 839 6040 11369
 -397 5721 14427
 624 7108 17304
 4593 6638 20086
 6970 2435 19413
 8034 69 18619
 8176 970 16772
 8984 1907 15652
 9128 2257 14150
 10283 4304 12798
 12268 4152 14047
 8459 2650 21972
 16510 8698 11068
 11419 1222 16232
 12853 -488 14333
 13408 12 11487
 12554 316 10268
 13225 -2913 11175
 13878 -3519 11257
 14439 -4177 9095
 14669 -4172 4534
 11647 -705 12762
 9981 -1516 8410
 7156 -665 11796
 5292 -1121 14959
 1933 -209 19051
 2351 -7086 16323
 3112 -5179 18411
 1241 -3924 15509
 3336 2189 15174
 8104 1908 13866
 7353 5732 15456
 8150 6553 14894
 8960 5370 15750
 6365 3368 15901
 7824 3571 14672
 6474 5115 14872
 5768 4771 12652
 7605 5310 14624
 7924 6542 15420
 9559 3501 16450
 7289 5068 16478
 4171 2090 13695
 1836 -1704 15566
 1450 -382 15870
 4002 -198 18226
 1947 -316 16915
 2167 1619 18601
 930 475 16252
 132 -119 16079
 -664 -444 15256
 -910 2015 13584
 3296 9192 16983
 4807 8491 18949
 1955 3713 15489
 308 834 12441
 1329 2279 12998
 3927 6372 13771
 6160 5912 14518
 8576 4609 13740
 11880 4468 16300
 10074 4219 13442
 10536 4228 13511
 10799 7391 12707
 9578 5478 13247
 8340 7596 13174
 8003 10565 13141
 7792 11967 12002
 8386 10336 12240
 10396 9739 14134
 8086 7387 15051
 7705 1363 15144
 8580 6679 14418
 4813 4663 12061
 9102 9391 12507
 5646 17664 10144
 796 20400 4257
 -6100 19416 5868
 -7689 14211 8692
 -12597 10688 773
 -6207 6356 4515
 -9285 4376 -1275
 -12739 8604 2748
 -12989 13814 8442
 -14389 7168 2560
 -11590 7907 1783
 -13024 6140 992
 -13029 8697 7437
 -12734 11187 6695
 -13676 9441 2039
 -11038 9018 4585
 -16770 11366 295
 -18151 4453 1078
 -14383 4865 -8114
 -14014 15596 2931
 -12875 8219 5136
 -3078 12336 5880
 -18534 10129 13349
 -11484 3563 6248
 -9734 13986 10099
 4718 13582 22025
 5925 8618 7025
 4544 19652 4918
 9189 10631 3148
 -2754 19767 4614
 -1237 16939 5083
 8510 16455 6031
 10971 12885 1908
 14994 16489 2477
 1719 20567 -7907
 6222 16583 5136
 7569 14203 1442
 7522 17247 -6848
 9859 17534 -5632
 6093 16157 2003
 5647 16846 -1029
 7064 16398 -1716
 15380 15558 2500
 8917 23658 6985
 1736 25374 -1736
 7744 18178 3823
 5987 13616 10249
 3761 14838 -1141
 5665 21968 -22100
 -7961 15431 19612
 13149 11140 -16727
 8666 9400 27106
 7604 16753 -6287
 4839 21002 -9229
 -844 13161 -8551
 -1089 17087 -7831
 3568 15849 -8079
 6613 15219 -6664
 4144 16285 -7433
 6771 15905 -7624
 3259 16596 -6385
 5116 16375 -6136
 5669 16285 -6608
 4112 16920 -4321
 4893 16781 -4242
 4833 16931 -3706
 3936 16666 -3555
 3370 16313 -4014
 4578 16422 -3900
 4727 16726 -4797
 4640 16799 -5133
 6290 16599 -4733
 7033 15544 -5350
 3403 17881 -6531
 2344 15811 -5911
 4742 15698 -5915
 7199 17138 -7316
 6203 14782 -8219
 7579 15141 -8222
 6990 15312 -6888
 6561 15454 -6056
 5975 15420 -5490
 6866 16096 -5227
 6537 15411 -5384
 6556 15731 -5061
 6295 16484 -5124
 6577 16730 -4825
 5702 16429 -5114
 6426 16405 -5130
 6030 16111 -4566
 6134 16114 -4398
 5616 16512 -4603
 5524 16224 -4549
 5554 16452 -4593
 5772 16670 -5283
 5417 16675 -4811
 5396 16273 -5163
 5170 16448 -4943
 4999 16565 -5180
 5300 16498 -5058
 5449 16173 -5440
 5401 16546 -5593
 5304 16469 -5380
 5353 16423 -5382
 5728 16254 -5642
 5492 16281 -5231
 5592 16159 -5405
 5710 16418 -5398
 5244 16213 -5168
 5454 16302 -5414
 5504 16324 -5392
 5158 16484 -5170
 5462 16243 -5367
 5178 16465 -5466
 5488 16351 -5159
 4959 16453 -5439
 5583 16350 -5607
 5491 16178 -5705
 5100 16253 -5536
 4636 16757 -5603
 5485 16403 -5349
 5460 16380 -5715
 4765 16482 -5767
 4923 16526 -5500
 11688 13449 -3616
 3995 16081 -6666
 4976 16643 -6730
 5302 15907 -6389
 5180 16141 -6134
 5641 15918 -5691
 5488 16061 -5783
 6499 15471 -5313
 5670 16600 -5723
 6337 16045 -5370
 5568 16021 -5577
 5539 15969 -5198
 5044 16425 -5431
 5780 16160 -5693
 5075 16504 -5383
 4999 16288 -5716
 5532 16028 -6544
 5593 16199 -7056
 6090 15812 -6504
 4913 15804 -5961
 5428 16205 -6346
 8353 16505 -6779
 6199 15641 -6169
 5809 16078 -5736
 6755 16010 -5933
 6344 16459 -5382
 5604 15650 -5542
 5377 16449 -5480
 5648 16156 -5306
 5344 16156 -5670
 5860 16082 -5827
 4944 16058 -5518
 5723 16360 -5640
 4921 16311 -5698
 4760 16458 -5401
 5014 16485 -5747
 4178 16621 -6172
 5171 16349 -6005
 4990 16210 -5715
 4984 16211 -5955
 5649 16152 -6218
 4977 16190 -6215
 4872 16261 -6153
 5065 16284 -6335
 4659 16228 -5994
 4710 16435 -6072
 4620 16264 -6009
 4305 16313 -5851
 4534 16184 -5872
 3997 16407 -5543
 4054 16395 -5494
 4257 16401 -5645
 4718 16252 -5975
 4208 16407 -6118
 4992 16180 -6221
 5157 16132 -6259
 3908 16377 -5915
 4262 16807 -5528
 4852 16774 -5340
 5268 16828 -5589
 4570 16449 -5437
 4729 16349 -5150
 4896 16661 -5050
 5600 16570 -5128
 5196 16287 -5144
 5133 16566 -5115
 5363 16388 -5071
 5634 16241 -4997
 5349 16408 -4923
 5733 16361 -5141
 5703 16316 -5108
 5600 16465 -5162
 5669 16399 -5175
 5554 16399 -5392
 5516 16289 -5228
 5570 16246 -5262
 5629 16224 -5362
 5640 16182 -5354
 5582 16325 -5220
 5545 16344 -5744
 5315 16201 -5469
 5891 16206 -5620
 5281 16222 -5452
 4880 16389 -5686
 5573 16220 -5771
 5016 16196 -5544
 5591 16177 -5737
 4853 16348 -5844
 5131 16269 -5726
 5006 16271 -5516
 5256 16366 -5630
 4899 16344 -5631
 5304 16413 -5544
 5299 16480 -5488
 5349 16573 -5334
 5007 16272 -5432
 5526 16252 -5302
 5141 16408 -5218
 5098 16510 -5351
 5496 16363 -5366
 5676 16199 -5233
 4934 16451 -5368
 5490 16437 -5107
 5243 16483 -5209
 5222 16293 -5315
 5219 16243 -5166
 5017 16321 -5198
 5743 16353 -5301
 5336 16502 -5405
 3466 16686 -5226
 5431 16416 -5518
 4887 16766 -5579
 5139 16339 -6027
 4631 16318 -5414
 5765 16112 -5625
 4332 16540 -5282
 5387 16330 -5906
 4984 16176 -5622
 5282 15996 -5929
 4939 16317 -6098
 5337 16027 -6018
 5664 16169 -6219
 5159 16033 -6188
 5754 15977 -6151
 4674 16326 -6154
 5722 16066 -6095
 5022 16279 -6035
 4684 16440 -6242
 5269 16051 -5941
 5012 16181 -5962
 4759 16366 -5836
 5524 16126 -6050
 4613 16432 -5874
 4850 16264 -5917
 5165 16465 -6019
 5506 16142 -6086
 5331 16270 -5682
 5489 16094 -5871
 4530 16465 -6580
 5331 16263 -5830
 4317 16319 -5828
 4775 16478 -5923
 5001 16195 -5622
 5195 16147 -5621
 4558 16595 -5727
 4942 16149 -5681
 4573 16523 -5582
 5517 16135 -5609
 4765 16379 -5667
 5673 16046 -5763
 5356 16076 -5699
 5385 16434 -5594
 4860 16513 -5817
 5113 16451 -5614
 5169 16318 -5550
 4821 16393 -5280
 5113 16617 -5236
 4761 16465 -5234
 5111 16494 -5243
 5020 16498 -5166
 4682 16327 -4884
 4829 16371 -4921
 4909 16349 -4850
 5098 16742 -5315
 4784 16557 -5403
 4480 16619 -5181
 4855 16552 -5096
 4594 16621 -5239
 4739 16442 -5191
 4844 16459 -4936
 4587 16650 -5100
 4781 16579 -5296
 4431 16609 -5367
 5035 16863 -5595
 4718 17584 -5215
 4194 17461 -4759
 4302 16714 -4624
 4199 14703 713
 1130 17091 -4307
 2708 17190 -2315
 3729 16827 -2122
 3132 16953 -2137
 3379 17114 -2321
 4081 17237 -2397
 5857 17259 -3249
 5398 16838 -3362
 5579 16354 -3116
 6572 16785 -3736
 6527 16250 -4053
 6405 16266 -4145
 6265 16183 -4482
 6417 16276 -4762
 6240 15855 -4581
 6271 16223 -4982
 6454 16118 -5194
 6165 16402 -5427
 6463 16368 -5097
 6984 15620 -5132
 7645 15826 -5273
 7450 15275 -5295
 7251 15316 -5221
 6900 15792 -5269
 6087 17069 -5349
 5102 17644 -4861
 5541 16458 -4521
 5492 16273 -4360
 5136 16497 -4106
 4060 16989 -4022
 3927 17319 -3708
 4093 16992 -3653
 4601 16758 -3793
 5002 16981 -3652
 4254 17091 -3129
 3877 16995 -2708
 2997 16921 -2826
 2896 17331 -3985
 3357 17053 -4083
 3315 17182 -3691
 4326 17603 -3356
 6249 17640 -3569
 6238 16447 -1988
 7313 16144 -1456
 9149 15975 -1038
 9298 14817 -1208
 10488 14803 -1207
 10988 14298 -728
 11881 13933 -331
 12030 13796 -207
 12025 13627 63
 11965 13630 305
 12036 13771 19
 11866 13877 11
 11595 14115 -59
 11644 14478 -366
 11118 14417 -363
 10943 14437 -562
 10949 14465 -812
 10757 14637 -949
 11164 14290 -994
 10854 14618 -1199
 10611 14903 -1689
 10400 15243 -2081
 9266 15677 -2203
 8647 15964 -2287
 8416 16117 -2585
 8224 16099 -2854
 7972 15976 -3117
 8138 15954 -3260
 8208 16061 -3623
 8283 15906 -3577
 8185 15805 -3747
 8221 15765 -3952
 8233 15845 -3723
 8197 15700 -3396
 7870 15898 -3608
 8541 15683 -4142
 8119 15899 -4355
 8274 15518 -4269
 8173 15776 -4185
 7581 15922 -4212
 7628 16178 -4222
 7614 16016 -4153
 6971 16462 -4098
 6722 16316 -3727
 6880 16365 -3768
 6996 16664 -3553
 7411 16361 -3265
 7961 15931 -3265
 7814 15484 -2990
 7531 16076 -3002
 7313 16471 -3217
 7375 16210 -3161
 7531 15986 -3544
 6936 17063 -3276
 6766 17911 -3619
 6205 16252 -3516
 6838 15747 -3760
 5701 16355 -4048
 5397 16442 -3790
 4928 16842 -3816
 5414 16413 -4070
 5354 16623 -4051
 5141 16852 -4146
 5095 16853 -4514
 5138 16829 -4595
 4888 16776 -4453
 4849 16759 -4354
 4669 16926 -4653
 4614 16887 -4737
 4444 16782 -4642
 4423 17004 -4605
 4381 16756 -4425
 4454 17009 -4591
 4699 16464 -4678
 4644 16654 -4564
 4618 16808 -4550
 4815 16652 -4716
 4746 16755 -4658
 4761 16713 -4671
 4673 16717 -4618
 4388 16658 -4617
 4460 16933 -4594
 4640 16750 -4790
 4517 16641 -4982
 4496 16631 -4474
 4744 16786 -4117
 4721 16751 -4472
 5244 16607 -4262
 5108 16633 -4175
 5205 16621 -4265
 4946 16751 -4195
 5084 16762 -4305
 5177 16832 -3927
 5072 16632 -4332
 5118 16839 -4264
 5106 16877 -4295
 5026 16695 -4250
 5177 16656 -4123
 5388 16654 -3979
 5167 16834 -3898
 5300 16861 -4088
 5527 16815 -4161
 5681 16669 -4367
 6084 16496 -4343
 6238 16521 -3863
 6264 16935 -4013
 6207 16664 -3509
 7385 16381 -2723
 7828 16317 -2594
 7421 15433 -1428
 8782 15398 -1652
 10062 15068 -1842
 10867 14452 -2234
 11229 14233 -2162
 10773 14405 -2155
 10523 15148 -1967
 9770 15268 -1768
 9514 14984 -1551
 10779 14905 -2216
 10130 14835 -1767
 9654 15452 -2207
 10245 15023 -2365
 9488 15431 -2765
 10187 14922 -2944
 10465 14746 -2877
 10139 14872 -2672
 9557 15296 -2531
 9928 15328 -2814
 10565 14672 -2872
 10180 14644 -2507
 9942 14974 -2713
 9631 15288 -2748
 8812 15449 -2997
 8628 14994 -3619
 8060 15850 -3757
 7137 16953 -4450
 6682 15678 -5087
 6123 16261 -5318
 5804 16232 -5593
 5218 16109 -5339
 4358 16433 -5842
 4449 16740 -6123
 4321 16633 -5780
 4071 16653 -5460
 3835 16695 -5279
 3721 16825 -5038
 3402 16725 -5100
 3351 16793 -4931
 3208 16999 -4748
 2908 17089 -4675
 2916 16984 -4520
 2449 17021 -4456
 2570 17072 -4596
 2499 17026 -4347
 2356 17132 -4227
 2227 17130 -4374
 2235 17038 -4258
 2248 17096 -4323
 2134 17045 -4362
 2120 17061 -4263
 2181 17138 -4389
 2065 17089 -4388
 2010 17080 -4317
 2161 17016 -4447
 1963 17145 -4242
 1911 17105 -4042
 1949 17010 -4214
 1771 17094 -4320
 1739 17081 -4281
 1873 17064 -4584
 1854 17308 -3882
 1335 16964 -4316
 1501 17341 -4349
 1174 17194 -4348
 1302 17278 -4103
 1406 17159 -3922
 1271 17342 -3886
 1611 17188 -3841
 1933 17152 -3597
 2011 17143 -3396
 2101 17131 -3247
 2214 17000 -3355
 2163 17130 -3608
 2466 17584 -3584
 2809 17873 -3781
 2089 17192 -4061
 1349 17304 -3752
 614 16844 -3607
 825 17214 -3497
 1632 17519 -3781
 2085 17412 -3787
 2653 17256 -3764
 2683 17266 -3918
 2911 17625 -4023
 3092 17310 -3908
 2931 17117 -2924
 3169 17026 -2847
 3147 17054 -2899
 4177 17284 -3311
 4616 16545 -3331
 5111 16790 -3416
 5198 16648 -4100
 5750 16498 -4741
 5869 16721 -4491
 5453 16644 -4565
 5576 16534 -4619
 5458 16669 -4684
 5958 16337 -4835
 5627 16291 -4656
 5871 16376 -4985
 5708 16285 -5203
 5510 16449 -5405
 5367 16410 -5368
 5252 16500 -5019
 5283 16690 -5150
 4970 16469 -4366
 5692 16697 -4810
 5459 16261 -4971
 5557 16782 -5435
 5360 16127 -5086
 5668 16721 -5276
 5632 16645 -4730
 6119 16342 -4936
 6557 16058 -4869
 7343 15849 -4746
 7148 15707 -4438
 7478 15764 -4618
 7131 15688 -4293
 7151 16105 -4357
 6857 16690 -4312
 6514 15949 -4160
 5659 16555 -4174
 5083 16648 -4127
 4593 17042 -4076
 4222 17623 -4816
 3562 16652 -4820
 3360 16775 -4236
 3243 17183 -3572
 3623 16824 -3292
 4658 16739 -3715
 4881 16958 -4136
 4722 17173 -3951
 5616 17047 -3978
 6172 16503 -4071
 6789 16753 -4068
 6859 16035 -4634
 7401 16524 -5338
 7857 14972 -5222
 6794 16253 -4950
 6137 17480 -5355
 6426 15863 -4807
 6288 15771 -4979
 5778 16533 -4647
 5908 16803 -4675
 6151 15893 -4463
 5833 15660 -4380
 6426 15920 -4757
 7011 16804 -4266
 6801 15458 -4397
 6833 15305 -4560
 6144 16036 -4390
 6824 15743 -4831
 6219 16593 -4588
 6412 16125 -4305
 5405 16323 -4202
 5339 16720 -4402
 5444 16897 -4710
 5125 16632 -4587
 5030 16841 -4411
 4941 16850 -4635
 5282 16492 -4439
 5359 16583 -4449
 5435 16655 -4425
 5282 16527 -4535
 5256 16619 -4444
 5246 16548 -4472
 5487 16472 -4558
 5187 16677 -4371
 5241 16545 -4390
 5304 16707 -4490
 5383 16856 -4555
 5486 16636 -4304
 5405 16662 -4356
 5290 17203 -4370
 5253 17107 -3801
 4340 16077 -3690
 3935 16209 -3734
 5194 17300 -4218
 5355 17029 -4150
 4968 16826 -4096
 5032 16801 -3866
Repetition Start
 5460 16794 -3838
 5701 16359 -3587
 5295 16289 -3400
 5934 16645 -4341
 5854 16758 -5281
 6168 15826 -4423
 6406 14802 -5129
 6028 16350 -5283
 6225 15986 -4385
 6160 15246 -6070
 6157 17279 -5717
 6490 16207 -7326
 5781 15859 -6093
 3325 17668 -3729
 4154 17793 -1106
 4093 14194 -467
 3782 16038 1445
 3949 16027 1542
 3776 15630 2179
 3754 16346 1748
 3791 16558 1437
 4379 18279 558
 4661 19953 635
 4511 19095 103
 4971 19696 -1149
 5005 20639 159
 5134 21212 693
 5260 21213 1153
 4855 20439 2095
 4860 19551 2310
 5457 18293 2504
 5029 19164 2143
 4925 22492 2036
 3896 17109 14
 2020 10171 -3254
 3348 11766 -4230
 5075 12666 -3106
 6404 13593 -5558
 7398 19708 -3439
 5475 17407 -4553
 5533 15693 -3246
 3611 15504 -2776
 4936 17471 -3656
Repetition End
1
 6224 16242 -3280
 5898 16605 -3237
 4941 16868 -3553
 4842 16896 -3841
 4599 17047 -4064
Repetition Start
 4667 16861 -4050
 4581 16948 -4088
 4784 16719 -4233
 4990 15977 -4024
 4069 15826 -3631
 4426 17932 -5906
 5183 15722 -5368
 2858 15599 -3516
 2388 13764 -7576
 4116 15671 -6745
 2813 14510 -8155
 7493 18324 -4323
 4844 15400 -3492
 6478 17389 -1428
 5663 17267 -640
 6778 17418 -741
 6862 17866 618
 6720 17326 1256
 8571 17605 1881
 7626 16425 1504
 7499 16860 701
 7687 17689 711
 7795 18200 157
 8443 17859 27
 8310 17890 -459
 9633 18697 489
 7729 18330 -388
 8518 18570 162
 8177 18184 -396
 7565 18258 -1107
 8265 18477 -1131
 3732 13285 -4490
 4806 13202 -4212
 3733 15268 -4421
 2040 14974 -4968
 1924 15357 -4780
 3658 17211 -4531
 3645 16656 -3630
 3600 17067 -3252
Repetition End
1
 4526 16051 -2806
 5689 18510 -926
 4913 16067 -3274
 4991 16969 -2723
 5054 17043 -2446
 5123 16759 -2951
 5127 16536 -3287
Repetition Start
 5169 16030 -3571
 5428 16199 -3527
 5511 17171 -3947
 6324 16466 -5619
 5542 15589 -5252
 5761 14684 -5042
 5919 14501 -5940
 5531 14602 -6307
 5304 14756 -6962
 4326 14524 -6841
 4118 14449 -3487
 6664 14894 -644
 4112 17340 -463
 6563 16994 -259
 5495 18267 -411
 5861 18958 -910
 6182 19440 -721
 6996 19387 -831
 6893 19109 -143
 7254 18927 445
 7115 18264 551
 7046 18979 262
 9151 19181 418
 8534 18865 1598
 7985 18822 2313
 9039 19530 1739
 8584 20828 985
 7648 20883 -442
 6196 13211 -3407
 3336 9611 -3939
 4095 13125 -4814
 5574 12992 -4870
 5464 13694 -5073
 7649 20636 -5885
 3919 16495 -3773
 4998 17540 -2830
Repetition End
1
 4351 17104 -1695
 4196 16091 -1883
 4812 17075 -1187
 4816 17220 -1361
 5272 15906 -2192
Repetition Start
 4191 15173 -2211
 4416 18216 -3444
 4338 16804 -5826
 3723 15592 -4459
 2914 15403 -4319
 2583 14325 -5899
 3297 15083 -7178
 5445 15729 -7644
 5574 11456 -8170
 4104 16512 981
 6935 15159 -358
 5640 17184 1815
 5727 18145 2096
 5545 18311 1460
 4580 18941 1218
 4371 18837 1030
 4640 18958 1022
 5278 18856 901
 5731 19210 1027
 6285 19245 1318
 5561 19690 1482
 6227 19622 1863
 6409 19587 1529
 5786 19284 1815
 6456 19108 1600
 6492 18023 1337
 5663 14870 516
 5171 13837 -622
 609 10908 -5907
 9230 22046 -4559
 2110 17048 -6204
 2599 16767 -4440
 5447 15111 -4339
 4357 14648 -2980
Repetition End
1
 5347 17086 -1711
 6186 15015 -2408
 7103 17432 -2725
 5280 16118 -2266
 5612 16957 -2119
 6089 16839 -2605
Repetition Start
 5152 16180 -2602
 5814 15807 -3120
 6172 17858 -3995
 6175 16508 -5378
 5704 15436 -4690
 6502 14961 -4823
 6690 14016 -5841
 6025 14470 -5610
 4569 13839 -6313
 5123 16621 -4674
 4387 13151 -3444
 6079 15033 -704
 5792 17787 236
 5735 17570 732
 5456 17673 154
 5130 18543 26
 6494 19756 -213
 7312 20194 -1091
 8232 19672 -711
 4915 20220 739
 5065 19795 272
 5666 20581 1781
 5518 20292 1717
 5488 19864 1742
 5466 20315 1641
 4990 21905 -27
 4286 19700 -1797
 2435 10688 -5113
 4854 11601 -5612
 5772 11476 -5838
 7852 12428 -5770
 6304 14068 -5869
 6581 15822 -5188
 6486 15406 -4406
 6458 15371 -4112
Repetition End
1
 6668 15660 -4162
 6682 18194 -3695
 5932 15976 -4346
 6599 15963 -3568
Repetition Start
 5593 17010 -3037
 5108 16411 -3494
 4543 16232 -3974
 4137 16929 -4546
 4604 16418 -5214
 4003 15605 -4747
 3334 14447 -5235
 3185 13521 -6402
 2747 14921 -7153
 4212 16046 -9114
 7575 18577 -6440
 2666 12860 -5735
 5396 17474 -84
 5656 15965 -525
 6258 19405 1638
 5100 17200 1235
 6001 18663 800
 6623 20310 782
 6977 20057 650
 6720 20246 314
 6837 21186 1898
 6232 20538 925
 6833 20230 912
 7268 19399 1140
 6990 17737 539
 7601 18840 193
 9794 21897 -984
 5322 14055 -7535
 4917 6884 -6069
 2424 11274 -3634
 1637 12353 -5397
 3087 14793 -5726
 3738 18299 -7155
 5901 15527 -5775
 4223 15469 -4216
Repetition End
1
 4125 17397 -3749
 5397 16470 -3693
 5029 15889 -3023
 5576 17059 -2746
 5080 16229 -2466
 5758 15589 -3213
Repetition Start
 5500 16360 -3362
 6487 17002 -4968
 5698 16057 -4904
 6066 14037 -5443
 6725 13369 -6449
 5803 15340 -6824
 4623 17638 -6562
 743 15440 -4050
 6396 11676 -1214
 3568 14392 715
 5539 17761 982
 6015 18643 1208
 6233 18767 673
 5740 19539 875
 6235 19614 1410
 6450 19954 1295
 6140 20820 1837
 5974 21364 2767
 5963 20659 2750
 5737 20476 3402
 5341 20332 2787
 5426 20803 949
 4343 21616 1294
 4106 14249 -2151
 3207 9475 -3658
 3133 12050 -5096
 6077 14329 -4048
 4417 14482 -6724
 5679 19724 -4493
 5293 14189 -3681
 3137 16231 -1944
Repetition End
1
 4577 16220 -3393
 4294 16268 -3177
 4262 17100 -2972
 3242 16613 -3963
 3399 16276 -4936
Repetition Start
 3061 16548 -4599
 2894 16131 -5219
 3256 15538 -5257
 3790 15045 -5757
 3017 15865 -6954
 3618 16213 -8660
 5380 14584 -8386
 4671 12244 -5367
 4137 16785 -947
 6245 17129 -420
 6486 17551 -485
 7050 17365 -53
 7042 18089 242
 5514 18141 1012
 5596 18200 846
 6105 18232 246
 5300 20200 1563
 6049 20504 1363
 5870 20560 1383
 6283 20783 1065
 6104 19907 1842
 5612 18310 1360
 5854 16594 944
 7067 15881 1371
 8610 18131 -352
 4418 13720 -4044
 5623 10063 -6399
 5475 13551 -6452
 2788 14636 -6293
 2752 18649 -6095
 5949 17046 -5505
 4249 15360 -5148
 4887 16389 -3068
Repetition End
1
 5389 15891 -2867
 5518 16390 -3218
 5890 16246 -3437
 5757 16074 -2837
Repetition Start
 5514 15932 -3455
 5971 17093 -4287
 5933 15795 -5966
 6316 14970 -5079
 6772 14325 -5163
 6259 13653 -5792
 6023 13983 -7119
 5514 14927 -7451
 3921 19402 -4614
 6142 13912 -2853
 5471 13650 -2108
 5581 18446 -8
 6140 17890 -1038
 7072 17532 58
 7898 19551 580
 7709 18901 621
 7977 17925 288
 8192 19414 640
 7669 19865 529
 7322 20649 1041
 7527 20909 1022
 7004 20882 1149
 6705 20695 -30
 6217 21970 699
 5837 20638 -880
 6138 12428 -4102
 5878 8805 -5354
 4505 13682 -4477
 6522 12498 -5345
 6905 13588 -5097
 5996 15865 -5036
 7015 15094 -5123
 5839 16173 -4303
Repetition End
1
 6513 16661 -4198
 5536 16474 -3780
 4004 17459 -4333
 5264 16229 -4448
 4544 16099 -3934
Repetition Start
 4136 15607 -4507
 4637 17477 -4486
 4190 16104 -6287
 3651 14940 -4655
 2918 14175 -4883
 2816 14932 -7495
 5212 15767 -8950
 5043 16356 -9366
 7458 18838 -5395
 5282 14557 -1996
 5450 15056 -1850
 5763 16368 -1610
 5218 16576 -426
 6250 17497 -86
 4438 19368 209
 4857 19159 -216
 4670 19118 23
 5211 20128 28
 5435 20808 -268
 5790 21025 3
 6622 21008 62
 6494 20228 413
 4505 18595 1052
 6296 17943 10
 5858 18900 -1243
 7076 19946 -2489
 3615 16014 -4927
 3550 11710 -6323
 5023 14495 -6294
 2181 13050 -6364
 2865 14400 -6707
 5308 17344 -5957
 5165 17062 -4405
 4322 14557 -4098
Repetition End
1
 5023 15935 -3590
 5384 16594 -3780
 5687 16957 -4212
 4756 16757 -3195
 4666 16157 -3659
Repetition Start
 5394 16259 -3685
 6582 15376 -4304
 6499 16306 -6966
 6078 15662 -5284
 6811 13672 -5930
 5940 13735 -6124
 5649 15236 -8152
 6115 14256 -8633
 5374 19103 -5029
 5323 14371 -2298
 5153 13019 -2473
 5776 16261 -680
 5871 15940 -610
 5626 17796 -733
 6138 18894 -1022
 6526 18652 -961
 6423 20682 -1166
 7151 20283 -1072
 7026 20061 -860
 7185 20878 -314
 6919 20776 -145
 6848 20812 287
 6462 20026 -692
 5856 19732 -678
 4475 21169 -1502
 3970 15271 -3642
 2121 9818 -5573
 3074 12490 -4813
 5307 12247 -5379
 5282 12892 -6483
 5953 18234 -5586
 5722 16850 -6248
 5299 14248 -3767
Repetition End
1
 6410 15575 -4083
 5529 16874 -4996
 4607 16391 -4245
 5069 16744 -4233
 5385 16336 -4331
 5132 15149 -4444
 5374 17481 -4980
 4389 16970 -6669
 5382 14925 -5775
Repetition Start
 2857 13555 -4893
 4346 14393 -7439
 4755 16790 -8480
 5133 15124 -8766
 5729 14904 -6323
 4953 12260 -1578
 6229 15247 -2026
 6947 16902 -1813
 5770 17348 -1078
 6272 18028 -1077
 6479 17705 -1008
 8054 18336 -1033
 9528 19413 -599
 8599 20067 234
 8347 20085 662
 9313 20078 1324
 9379 19008 311
 9172 19302 1125
 8627 18253 816
 8131 17646 662
 8842 17469 -446
 7417 15493 -1174
 5840 13507 -3738
 5057 11432 -6354
 6412 15870 -5185
 3560 14561 -5572
 3565 15889 -5263
 5613 16508 -5467
 4847 16916 -5665
 5847 16906 -2291
Repetition End
1
 5237 15999 -2666
 4893 15667 -2680
 5431 16753 -3259
 6393 16455 -2585
 6363 15971 -2479
Repetition Start
 5847 16003 -4829
 6030 16504 -5737
 6043 14851 -5178
 6427 14591 -6353
 5765 13961 -7534
 5300 15933 -7917
 4664 15461 -8705
 4463 19603 -5922
 4540 14317 -3625
 4903 13814 -2571
 4152 15481 -1125
 4509 16085 -1834
 5479 18445 -779
 4804 17959 -1138
 5423 18439 -1166
 6406 19508 -964
 6489 19825 -1472
 6398 19503 -1887
 7273 20258 -1105
 6720 21003 -978
 7039 21130 -923
 6219 20889 -7
 5920 20466 -162
 5189 20062 -833
 4118 19711 -1604
 3306 15334 -3054
 3136 11558 -4723
 3081 12293 -5178
 4073 15166 -5946
 4911 13596 -6874
 5161 15032 -5958
 5049 15989 -5062
 4406 15616 -4429
 4835 16316 -4019
Repetition End
1
 3493 17857 -3888
 5113 15287 -4026
 5109 16429 -4073
 5897 16374 -4540
Repetition Start
 5766 15539 -4095
 6201 17890 -4389
 4080 15206 -5983
 4001 15142 -5786
 3192 13841 -4034
 3215 14542 -4750
 4556 14415 -7429
 5282 16095 -7164
 8578 17661 -4817
 6211 14205 -5924
 6636 17001 -2392
 5845 15968 -2113
 6585 15716 -1868
 6867 15799 -1166
 7961 16636 153
 5936 17124 -241
 7013 18939 -9
 6677 19622 318
 6443 21196 771
 6327 21618 1191
 4872 20799 1078
 5612 20314 1334
 4449 18497 877
 4813 17763 1607
 4209 17853 1431
 5019 18743 0
 5567 19527 -1210
 4205 12171 -5398
 3839 10640 -4954
 5351 14916 -4771
 3271 16272 -5269
 3831 15905 -6394
 4952 15741 -5308
 4756 15982 -4035
Repetition End
1
 4520 15984 -3904
 4894 16435 -3892
 5821 16819 -3869
 4813 16123 -3657
Repetition Start
 3323 15663 -3004
 5355 16028 -3841
 6693 17126 -4615
 6497 16630 -6961
 5404 15209 -6452
 7163 14071 -5832
 6708 13602 -7110
 5832 15850 -7507
 4790 15281 -8533
 2873 17339 -6307
 6394 16971 -4093
 5239 13531 -3085
 4210 15268 -2279
 5271 15263 -2272
 5159 17994 -2179
 5569 18890 -2012
 6212 18348 -2021
 7704 19337 -1833
 7903 19033 -1325
 8201 19433 -1198
 7051 21235 -1578
 6780 20850 -1473
 6880 20552 -1180
 6710 20092 -245
 6205 19252 -407
 5364 19677 -767
 4750 20748 -1085
 3523 15377 -2803
 2520 11531 -3764
 4776 11980 -5278
 6770 12616 -5564
 5979 12248 -6960
 6249 16366 -5093
 7018 18538 -5654
 5631 15800 -5642
Repetition End
1
 6783 15240 -4568
 7169 16035 -5120
 6389 16072 -4757
 6382 15767 -4681
Repetition Start
 6780 15791 -4181
 6366 15246 -4155
 5429 16636 -4365
 3476 16354 -4775
 4911 15724 -6078
 3414 14511 -5109
 4519 15330 -5869
 3188 16000 -7918
 5420 15852 -8452
 4185 12898 -6500
 5502 13255 -4867
 5311 16894 -2842
 5864 16618 -1570
 6267 16678 -1499
 6121 17680 -1451
 5677 18653 -1382
 6598 19454 -1401
 6119 18369 -1830
 6324 19231 -1328
 6319 19063 -1724
 6250 19871 -1559
 6634 21901 -206
 6997 20614 -1555
 7894 19286 -1176
 7451 19494 -1136
 7659 19605 -1768
 8661 19230 -3021
 4519 13518 -6014
 2902 10912 -5768
 5571 13461 -6094
 2761 13042 -7175
 3182 14163 -6471
Repetition End
1
 5242 16081 -4986
 5585 15602 -4886
 5431 16161 -5122
 5469 15645 -4613
Repetition Start
 4881 15432 -4032
 4675 17486 -3911
 3622 15752 -3995
 4607 16117 -3960
 6106 16274 -4240
 6468 16017 -6418
 5587 15411 -7136
 6175 14188 -6105
 6634 13265 -7391
 6294 16601 -6838
 5362 16321 -8260
 5462 17752 -6978
 4808 15138 -3303
 5754 13272 -2803
 4979 16044 -2374
 5907 16771 -2974
 5125 17181 -2162
 6010 17145 -1747
 6295 17946 -2105
 6287 18071 -1249
 6394 18551 -812
 9291 19002 -700
 8943 19164 -440
 8432 20315 -398
 8711 20497 -301
 8978 20607 -1448
 8085 19717 -457
 6547 19142 -835
 6372 19203 -1384
 4953 15793 -2665
 5057 12128 -3097
 3965 9818 -4870
 4513 14560 -5082
 5795 15437 -5721
 5839 15948 -5334
 5641 17056 -4141
 5247 15289 -3772
 5648 16004 -2641
 4077 17172 -3839
Repetition End
1
 6493 14849 -3642
 6234 16571 -4144
Repetition Start
 4458 15169 -4318
 4709 17832 -5438
 4752 15523 -6197
 3463 14374 -5218
 3756 16136 -6044
 3943 16218 -7302
 4677 14861 -7909
 5037 14532 -7719
 5803 13923 -5536
 4745 15683 -3532
 5762 15266 -3357
 5426 17190 -1624
 5336 17391 -869
 6304 18083 -390
 5996 17983 2
 4793 19334 -138
 6095 19382 -374
 6298 19042 -968
 7174 20552 -511
 7443 22253 860
 5361 21415 158
 5615 19664 135
 6211 17269 541
 6120 17322 1225
 6595 17654 48
 7023 16921 -3018
 4807 12968 -4650
 3764 11195 -5557
 5089 13651 -4614
 2530 14324 -5209
 3321 16100 -5517
 5093 18535 -5448
 4601 15646 -6160
 4949 16250 -3374
Repetition End
1
 6151 17215 -4445
 5313 15327 -4441
 4150 15901 -3632
 5378 17157 -4226
Repetition Start
 6125 16252 -6368
 6094 16478 -6321
 6401 14992 -5880
 6694 13634 -6068
 6991 14323 -6331
 6545 15386 -6537
 5511 15922 -7689
 3495 18780 -5376
 6140 13451 -3008
 4969 13726 -2566
 5725 16738 -924
 6067 17596 -551
 5923 17736 657
 6654 18567 559
 6859 18921 -33
 6418 18907 -377
 4516 18486 622
 4263 19933 684
 4044 21779 2224
 4338 21136 1362
 4171 21444 1209
 4226 20476 1284
 3345 20024 700
 4106 20692 -199
 4608 18943 -1450
 3822 12845 -3493
 3940 11022 -4217
 5246 13484 -3598
 5100 12802 -5629
 5387 16233 -4702
 4883 15862 -5258
 5707 15275 -4586
Repetition End
1
 5581 15998 -3831
 4748 16972 -4311
 5731 15378 -3683
 5034 15780 -3439
Repetition Start
 5151 17504 -3634
 4858 17619 -5447
 4244 15899 -4824
 3481 14780 -4905
 3458 14392 -4992
 4233 14371 -6383
 5195 17132 -7536
 4276 16029 -8853
 6881 17474 -6761
 4453 13488 -3513
 3560 15352 -2134
 5866 16532 -926
 5594 17821 -1154
 6569 18759 -125
 6304 18991 367
 5707 18845 57
 6543 19821 522
 7333 21119 255
 7477 21425 74
 7637 20158 70
 7829 18085 88
 6636 17799 886
 7241 17760 864
 7709 18128 1297
 7510 19207 148
 8360 18696 -993
 4214 12304 -3904
 3821 10327 -5281
 4911 15355 -4386
 2957 14502 -5061
 2909 16058 -5693
 4811 17574 -3830
Repetition End
1
 4351 15455 -3760
 4141 16151 -3695
 5484 18203 -2541
 4914 16238 -2574
Repetition Start
 5361 16213 -2059
 5536 15555 -2041
 5329 16488 -3959
 6292 17290 -5104
 5995 15405 -4957
 7113 14668 -5127
 6763 14813 -5642
 6334 14893 -6243
 7079 16321 -6981
 7349 14347 -8150
 5310 14209 -3922
 5493 14521 -1478
 4688 15758 -968
 5850 17812 403
 4826 16419 813
 7997 18596 1948
 8060 19310 1475
 8971 19456 1827
 10119 20068 1889
 10437 19761 1980
 9931 19762 2144
 9367 19839 1819
 9084 19899 1604
 8361 20774 194
 6060 19849 -1316
 5248 11979 -4020
 5269 10570 -4877
 3891 14086 -4569
 5728 12667 -5330
 6807 14032 -5429
 6662 16825 -5535
 5702 14975 -3879
Repetition End
1
 7110 15146 -3575
 5031 18140 -3051
 5607 13902 -3330
 6383 16326 -3424
Repetition Start
 6227 17282 -4363
 4298 14737 -4584
 4305 16280 -5812
 4465 15249 -5728
 3788 14345 -5500
 3501 16475 -6061
 3612 16432 -7043
 3369 15401 -8265
 4274 15136 -8759
 4197 14340 -7701
 3625 13480 -4466
 2788 14795 -3903
 4591 17131 -2557
 5163 17117 -1011
 5677 17663 538
 4442 18707 677
 5370 19332 421
 4666 19162 -34
 4768 20975 441
 6082 21505 1300
 5938 21378 1467
 6554 20727 1698
 6943 19565 1669
 7571 19292 2108
 6701 19263 1867
 7934 20546 68
 6734 17336 -3300
 2257 10147 -4973
 5820 13967 -2996
 1786 12779 -3900
 2500 13318 -4178
Repetition End
1
 3589 16491 -4425
 3988 16669 -4434
 3955 17211 -4656
 4314 17281 -2705
 3806 17271 -2889
Repetition Start
 4950 16639 -3185
 3417 16104 -2814
 3756 16486 -3223
 5249 16365 -3216
 5861 16756 -3968
 7350 16447 -5999
 5271 15389 -5615
 6374 14357 -5268
 5351 14581 -5621
 5989 15404 -7132
 5232 16680 -6429
 3733 16652 -5570
 4117 17200 -872
 7866 15418 -439
 3423 17259 667
 4338 17600 1288
 5011 17753 1777
 6089 17548 1230
 5679 18276 1207
 6517 18833 1568
 6509 19377 1951
 6410 19800 1902
 6497 20622 2680
 6446 20823 2942
 5867 20333 3305
 5596 20242 3402
 6122 20695 2374
 4165 20539 909
 4994 18816 -1112
 4259 11573 -4443
 4140 12308 -4547
 4528 12978 -4056
 5651 13106 -5205
 6282 15112 -5018
 6046 16668 -4802
Repetition End
1
 6113 16287 -4441
 5545 15407 -3240
 6264 16442 -2694
 5623 17119 -3214
Repetition Start
 5793 16290 -2646
 5348 15636 -2930
 4225 17486 -4658
 5410 15945 -5843
 3799 15758 -4080
 2626 15659 -4536
 3800 14807 -5311
 4878 15018 -6011
 3779 15825 -5462
 5928 18229 -4967
 5437 14256 -1585
 5093 13287 -997
 6617 16108 -1341
 6253 16865 -724
 6703 16765 654
 6204 17876 668
 6059 18271 310
 6984 19883 607
 6496 20026 404
 6481 20645 1099
 8117 20588 566
 8315 20615 989
 9212 19669 904
 7644 17789 2334
 7979 16513 1443
 9758 17642 848
 10059 17484 -1057
 5316 10439 -3370
 4466 11965 -3990
 4801 14339 -5121
 2577 13650 -5223
 4697 16128 -4103
Repetition End
1
 5891 16913 -3271
 4526 16162 -3098
 4609 16658 -2946
 5790 17580 -1998
 4719 15468 -1977
 6377 16654 -2664
 5327 15945 -4253
Repetition Start
 5350 17249 -5788
 5215 16225 -5360
 6089 13636 -5913
 5511 13809 -6250
 4366 14797 -6640
 4417 15279 -6783
 2471 17087 -5094
 5005 14472 -2258
 5852 14691 -1499
 4635 16116 663
 4246 16589 266
 5208 19793 1270
 5713 18741 462
 6193 19557 818
 5464 20517 720
 5298 21121 -760
 7249 21124 808
 6363 21379 1472
 6292 21009 1679
 5049 19469 1286
 4705 19539 1224
 4105 19853 611
 3469 17867 -1272
 4014 12742 -2990
 3549 10613 -4718
 5322 13538 -3947
 6400 13446 -4669
 6889 15635 -5518
 5530 16173 -5848
 4876 16057 -3933
 5773 15530 -3971
Repetition End
1
 5639 17097 -3770
 5741 16388 -3946
 4787 14743 -3360
 5360 17519 -4954
Repetition Start
 4870 17078 -6710
 3567 15654 -5218
 2259 15169 -5223
 2972 15355 -6374
 3663 14981 -7669
 5315 15937 -7625
 4645 15831 -7887
 5130 12203 -8845
 3667 14756 -2137
 5829 16565 -1251
 7109 15710 -576
 7906 17406 580
 7017 17332 -328
 7097 18980 -451
 5523 21071 2003
 8476 21098 1230
 8094 22136 2358
 7569 21446 2608
 6090 20398 3051
 6037 19040 3345
 5953 18505 2418
 6662 18746 770
 7402 19383 -1208
 4138 13913 -3251
 3356 10311 -4396
 4100 13939 -4632
 3900 14297 -4310
 3720 15272 -4513
 4282 17656 -4204
 5861 16951 -4767
 4850 14863 -3612
 5249 15906 -2340
 5895 16167 -2898
 5876 17062 -2765
Repetition End
1
 5832 16812 -2323
 5405 14340 -2536
 6263 16996 -4954
 5967 17370 -5531
 6752 14774 -4956
Repetition Start
 6810 14279 -5820
 6446 15359 -6457
 6807 15468 -8120
 5619 15956 -7877
 5010 13865 -6348
 5836 13932 -1206
 7283 14702 -752
 5886 15920 -1448
 7424 18479 -222
 6396 18497 -1241
 6181 19473 -832
 6636 19677 -118
 5206 18481 392
 5719 19281 1201
 7386 19646 1346
 7379 20954 2192
 7273 20532 2204
 7073 19809 2737
 6830 19719 2383
 6182 20064 1898
 5788 20518 -305
 3984 16023 -2274
 4010 10064 -4637
 4849 13155 -4701
 5354 12990 -5238
 6806 13280 -6193
 6531 16187 -5625
 5840 15225 -4928
Repetition End
1
 6936 14514 -4573
 6194 17772 -4709
 4896 15370 -4855
 5216 16275 -4258
Repetition Start
 5647 16639 -4933
 4955 16236 -4869
 4688 16130 -6048
 4085 15727 -5496
 3619 14911 -5412
 3303 13744 -6309
 4174 14946 -8530
 5560 14740 -8588
 5428 13522 -7066
 7547 17527 -4676
 1884 14661 -4123
 5893 14923 -31
 6202 15483 845
 6719 17360 1434
 6052 20018 525
 6109 20587 819
 6680 21225 994
 5573 21825 1486
 5631 21976 2088
 5326 20373 1173
 5184 19608 2114
 5242 18571 2642
 5254 18235 2226
 6840 18243 -133
 7913 18769 -1939
 4640 12847 -4234
 3418 9911 -4908
 3814 13977 -4864
 2525 15315 -5643
 3743 16767 -5075
Repetition End
1
 4767 17768 -3939
 4070 18641 -3613
 5489 17036 -3253
 4574 15596 -1865
Repetition Start
 5390 16413 -2635
 6194 16635 -3496
 4738 15925 -2983
 6141 16771 -3681
 5486 15522 -6243
 5477 15923 -7003
 6148 14860 -5708
 5497 13177 -6329
 5986 14131 -6830
 4625 15890 -7344
 2290 18018 -4878
 7363 16553 -3264
 3066 14013 -44
 2538 16331 339
 4031 18041 600
 4388 18587 6
 6125 20075 185
 5412 20755 425
 6461 19391 829
 7304 20651 963
 8619 21517 1129
 7473 20947 1578
 6072 21080 1389
 5989 21016 1055
 6191 21092 -129
 6014 20143 -1547
 3217 13470 -2535
 3464 9328 -2574
 4530 12933 -3214
 6419 11955 -4748
 8187 15542 -5345
 4964 16093 -4707
Repetition End
1
 5279 16156 -3465
 7015 15109 -3821
 5947 16316 -2826
Repetition Start
 5334 14951 -2594
 6515 18229 -2716
 3920 15462 -5391
 5438 15855 -5768
 4192 14807 -4885
 3196 14858 -5711
 4218 14410 -6742
 5119 13876 -8648
 6417 17083 -5356
 4297 12651 -4104
 5143 17723 -2116
 6408 16437 -1689
 6355 17959 -1967
 6268 18865 -1363
 7018 19208 -671
 6482 19685 -165
 7615 18284 -1505
 7079 19844 -703
 7338 20693 115
 6860 20592 398
 6834 20554 859
 7422 19658 1249
 7346 18788 892
 7052 17841 73
 7048 18305 -163
 6231 15748 -2947
 4687 10892 -5740
 4388 13694 -5205
 2800 13068 -5351
 2830 13908 -5381
Repetition End
1
 4233 17222 -4551
 4800 16161 -4594
 4932 16546 -3499
 4711 15615 -4189
Repetition Start
 4633 16372 -2911
 4668 17557 -2970
 4524 16730 -2364
 4940 15878 -3097
 6597 17179 -5514
 5074 16623 -6237
 5570 15255 -5540
 6142 14431 -6425
 5491 15050 -6186
 5126 15908 -6372
 2777 14080 -3872
 5800 13257 -2502
 4883 14890 -1424
 4147 17034 -1351
 5656 18298 -261
 6481 18827 -659
 7092 18871 -199
 8360 19060 -577
 8778 19934 208
 9336 20575 855
 9750 19875 1149
 9386 19400 1735
 9200 20038 2330
 8717 20017 1788
 8202 20534 109
 6509 19358 -1143
 4984 13701 -2144
 3385 9957 -3568
 5106 12570 -4650
 5322 11946 -4894
 5770 13750 -5183
Repetition End
1
 6896 16827 -5348
 7000 17571 -6616
 4482 14467 -3734
Repetition Start
 7311 17306 -2549
 5671 17735 -3103
 5692 14345 -2982
 5512 16344 -3198
 3354 15927 -5549
 4856 16150 -6296
 3301 14346 -4909
 2695 14990 -5642
 4602 15075 -7599
 5349 14354 -7988
 7355 16805 -4654
 3982 14162 -3406
 6258 15106 -1597
 6781 14791 -1452
 7524 16215 -1315
 7246 19197 -1669
 7703 18470 -455
 6583 18385 360
 6272 17944 385
 5953 18894 849
 6401 20210 1195
 6627 21522 1681
 7267 22138 2989
 7280 20426 3383
 4950 19343 2870
 6434 18350 2365
 6648 19102 1616
 8346 19545 -664
 4704 12101 -2725
 2794 10333 -3624
 3367 15166 -3047
 1866 14497 -3608
 3211 15575 -4387
 4955 16439 -3600
Repetition End
1
 4833 16474 -3820
 5103 16895 -4251
Repetition Start
 4737 17686 -2913
 4264 16526 -2286
 4967 17341 -3131
 5017 15618 -3194
 6374 15226 -5643
 5570 16503 -6713
 5285 15519 -5882
 6336 14776 -5879
 5202 14832 -6452
 6060 15236 -7241
 5796 14593 -7755
 3382 17152 -4814
 5076 13302 -2379
 3975 14454 -1593
 5971 18042 -530
 6374 18035 -337
 7429 18613 255
 7076 18871 1075
 7742 18461 573
 6749 18620 383
 6715 19027 216
 6919 19455 466
 7258 20722 1640
 6970 20945 2092
 6625 21373 1934
 6045 21373 2570
 5923 21586 583
 5503 18998 -2011
 3551 11515 -4025
 4838 8590 -4001
 2080 13604 -3982
 5438 14953 -5211
 6188 15844 -7231
 4651 16034 -5598
Repetition End
1
 5540 15183 -4579
 5451 15652 -4287
 5077 17255 -3446
Repetition Start
 5570 15136 -2729
 3835 16499 -4833
 4392 17369 -4561
 3500 15284 -4675
 3088 15406 -4525
 3750 15257 -5723
 4922 14340 -6793
 3919 15702 -8587
 4849 16395 -8777
 5369 14902 -8203
 4560 13295 -8348
 4378 14565 -1735
 4729 13713 -1616
 5492 14803 -761
 5778 18307 -481
 5918 18707 457
 5441 19025 672
 5238 18699 -131
 6698 20482 865
 5554 21049 524
 5515 21053 1067
 5760 20434 1446
 6669 19586 1546
 7506 18989 1758
 7005 18475 1626
 6528 17858 1164
 7293 18609 403
 7902 18488 -770
 3014 11622 -3927
 3534 9961 -4928
 3542 14437 -4054
 2400 15980 -5012
 3051 16891 -5306
 4262 16967 -4943
 3564 15224 -3825
Repetition End
1
 4744 16754 -2395
 5292 15550 -2822
 6964 17243 -3559
Repetition Start
 5804 16160 -5664
 4966 14935 -5620
 6225 13836 -5798
 6790 13351 -6003
 5958 13677 -7009
 5629 15488 -7056
 3284 14537 -5525
 5366 13445 -3022
 7046 16100 -1801
 4950 17663 -804
 7217 17614 78
 5534 18195 -1170
 6579 20089 -827
 7707 19807 -331
 7103 19641 -796
 7463 19539 448
 8170 20108 676
 7351 20650 1165
 7969 20938 1898
 7209 20560 1966
 5956 21257 1538
 5092 21081 319
 5794 11862 -2936
 4338 10183 -4784
 4810 13626 -4276
 5861 12495 -4733
 8386 14248 -4553
Repetition End
1
 7100 15568 -4477
 7180 16179 -4129
 6512 15116 -3087
 6843 15780 -3428
Repetition Start
 7000 17319 -2565
 6173 15079 -2121
 4155 14933 -2670
 6006 18591 -4784
 4753 14939 -5644
 3092 14511 -4233
 3297 15232 -4875
 5198 15415 -6865
 4534 13949 -6266
 6966 17779 -1578
 3702 14554 -205
 7961 16671 1118
 6999 19503 1726
 7760 19208 2017
 6322 18843 1738
 6902 18373 1991
 6148 19166 2394
 6335 19492 2458
 6952 19971 2818
 8025 19876 2491
 7904 19565 2643
 8805 18586 3299
 8808 17610 3304
 8755 18036 2385
 10242 19033 -27
 4500 13342 -3164
 3037 12051 -4120
 3569 14317 -3428
 2052 14533 -4547
 3040 15432 -3769
Repetition End
1
 4420 19111 -4707
 3669 16508 -3255
 3980 14985 -2514
 5751 15563 -3499
 7585 16186 -1754
 6330 15607 -3943
Repetition Start
 5471 16037 -4805
 5979 16426 -5379
 6403 15542 -5651
 6576 15032 -5768
 6772 14351 -7094
 6327 14627 -7082
 7585 15083 -7439
 7149 14482 -7522
 4151 11327 -7057
 3414 18056 -3244
 6762 14118 -514
 4128 17032 -1275
 7231 18710 160
 8064 18131 346
 7235 18842 971
 8206 18455 1013
 8077 18295 1377
 7560 18408 1133
 9148 19311 2549
 8391 19297 2531
 8579 18882 3399
 8790 18748 4141
 7833 19011 4048
 8424 20037 3646
 6464 21168 2747
 5914 15609 -1193
 1625 9230 -3669
 4734 15506 -4508
 5575 15574 -3982
 5320 12275 -7571
 4572 16304 -4488
Repetition End
1
 4684 15058 -3779
 3339 18736 -1962
 4570 15142 -3945
Repetition Start
 5254 18370 -2645
 3749 15524 -4236
 4846 15724 -5029
 3623 16337 -5509
 2851 16197 -5393
 3904 15623 -4942
 3408 14518 -6244
 3202 13771 -6962
 3972 15163 -7468
 3957 15483 -8029
 5231 15720 -7002
 7418 17092 -4035
 3938 15985 -3605
 7910 17006 179
 5126 17453 290
 6720 18515 703
 5418 17724 804
 7108 20341 2100
 6103 20472 1490
 6339 20562 2487
 6745 21254 3241
 5733 20602 4422
 5210 19876 3316
 6010 19993 3737
 7673 21160 2199
 8045 17382 -3758
 2600 9809 -5699
 5545 13258 -4256
 2683 11301 -5519
 2790 13650 -5931
 5036 18076 -5594
Repetition End
1
 4723 16092 -4884
 4006 14796 -3665
 4883 16149 -2481
 5306 15215 -2405
 5798 16260 -2585
Repetition Start
 7017 15377 -2939
 6912 17037 -4399
 6091 16803 -5956
 6767 15150 -4712
 6889 14641 -5613
 6650 14858 -6555
 7069 15244 -7361
 7126 14913 -7453
 4029 13467 -5843
 4341 14901 -826
 5960 14690 -1523
 2435 17163 -1144
 4736 17575 -396
 4543 19177 916
 6390 18823 665
 6460 19286 2323
 7707 20013 3232
 7023 20075 3685
 9216 20729 3500
 8401 20652 3890
 7551 20328 4014
 7578 20350 3981
 6716 20637 3883
 5243 20119 2100
 4789 12205 -1045
 6130 10176 -4016
 6024 13237 -4772
 7033 12417 -4783
Repetition End
1
 8186 14369 -5256
 7814 15323 -5161
 7133 16251 -4312
 6938 14505 -3960
 7541 14996 -4238
 6568 17739 -3050
 7861 13604 -3658
Repetition Start
 5558 15409 -4008
 6899 19043 -3126
 4478 15702 -6343
 4711 15609 -5073
 3681 14905 -4770
 5322 14656 -5644
 5169 17055 -7419
 4832 14865 -8180
 7091 15753 -6051
 5179 14056 -2278
 5670 16149 -1496
 8358 16831 -2168
 10067 19354 -244
 7162 18522 373
 7584 19806 -243
 8407 19140 1400
 6100 20612 3168
 5504 20851 4417
 5501 19951 5032
 5824 19455 5528
 7397 18746 5923
 7844 17884 5462
 7868 16654 4442
 8981 16424 2769
 8920 16496 -212
 5278 11864 -2371
 4238 11708 -4095
 6806 16953 -5320
 3877 18430 -5469
 4966 16683 -4597
 5216 15279 -3495
 4072 14306 -3003
Repetition End
1
 5888 16964 -2282
 7602 15131 -2297
 5339 16025 -1811
 6914 14957 -2517
Repetition Start
 4647 16382 -3728
 6351 15205 -4534
 6739 16276 -6221
 6647 15226 -6070
 6600 13318 -6040
 6832 13273 -6145
 6189 14445 -6257
 5898 15294 -6629
 3817 11230 -4948
 5086 12915 160
 6190 17748 -97
 5056 19075 -52
 6896 19216 754
 5560 19431 2172
 7150 20584 2667
 6925 20609 2351
 7795 19935 2868
 8538 19651 2977
 8103 20374 3270
 8936 20565 2664
 8577 22088 2768
 7262 22283 878
 5400 13582 -2573
 2722 9823 -4171
 4133 12654 -4132
 6459 12027 -4938
 6470 13580 -5582
 6788 17027 -5102
 5678 16073 -4615
 6245 14937 -4304
Repetition End
1
 6423 16173 -4178
 5062 16194 -3880
 6368 16148 -4225
Repetition Start
 5303 15510 -3532
 4555 16425 -4015
 4587 15849 -6260
 3851 15394 -6175
 2885 15404 -6312
 3792 15073 -6749
 3608 14231 -7914
 3885 15010 -8083
 4492 14797 -9143
 4048 14115 -8516
 6225 14223 -6117
 3187 12129 -5146
 5820 20347 -2053
 6321 18363 -1036
 6042 18360 -628
 6594 18073 380
 5419 22256 1156
 7004 22102 1435
 4050 21417 2595
 3366 20677 4607
 2923 18517 4390
 2322 19171 5646
 3563 16962 3409
 2805 16134 3475
 5873 18417 1878
 6211 20079 -710
 4457 17974 -2728
 3604 13238 -5751
 3559 15949 -4694
 2152 14410 -4695
 2749 15244 -4079
 3491 16031 -4124
 3818 16382 -3654
 3217 15942 -3653
 4435 16426 -2572
 4467 16160 -2773
 5901 16378 -2694
Repetition End
1
 5836 14486 -2794
 6175 16895 -3682
Repetition Start
 6309 16033 -5801
 6086 16064 -5489
 6585 14137 -5605
 7464 14075 -5861
 5877 14713 -6480
 5714 14900 -6773
 4542 13931 -5277
 4747 11305 -2767
 7186 16577 -1551
 5806 17932 -1402
 6991 19065 -577
 6545 18906 -218
 7956 18003 306
 9050 18059 105
 9020 19088 41
 8571 19646 963
 9310 19892 1075
 9501 19936 1951
 9084 19609 1778
 9400 19746 2588
 8360 20203 2365
 7283 19978 103
 5352 14068 -1951
 5832 8449 -4910
 4357 16030 -3798
 6796 13617 -4668
 7312 13219 -5110
 7142 15496 -4353
Repetition End
1
 6898 15638 -4428
 6458 14738 -3468
 7805 16619 -2647
Repetition Start
 6321 17185 -2730
 6838 15341 -3572
 4920 16014 -3621
 5387 16252 -6508
 5520 15504 -6645
 3558 15359 -5167
 2011 12962 -6894
 3963 13830 -7230
 7358 16411 -7271
 7476 16492 -5565
 5022 13682 -4773
 5417 15551 -2123
 6571 17999 -1507
 8352 18473 -895
 6581 19669 -404
 7384 18933 -267
 6233 19374 699
 6412 19345 2143
 6935 20200 3212
 6930 20361 2001
 7559 19780 2185
 8220 19248 3481
 7286 17546 2927
 6948 16992 2313
 7250 17528 1197
 7267 17130 -587
 3892 13367 -3583
 2795 10317 -6052
 5207 16150 -4007
 3171 15044 -4573
 2447 16756 -4758
 5063 17551 -3752
Repetition End
1
 5477 16605 -4078
 4533 15205 -2691
 4189 15910 -2595
Repetition Start
 4656 17236 -2616
 4783 15498 -2700
 4244 16685 -2128
 5977 15849 -2528
 6006 17038 -3788
 6714 16512 -5641
 5184 15714 -5415
 6528 13879 -5736
 6735 13601 -6685
 6624 14860 -7760
 4686 13981 -7307
 1302 14323 -5561
 6642 15601 -1241
 4550 16439 -1250
 5875 18655 -15
 6981 19554 1892
 6061 18310 1352
 5170 18028 1685
 5986 18953 2544
 7832 17377 2027
 8327 18410 2640
 8337 20371 3754
 7228 20147 3637
 8014 20629 3248
 7386 19670 4078
 5452 19025 2912
 3621 19012 1897
 2734 15382 -1066
 5425 11850 -2960
 2776 13874 -3438
 5247 17450 -3477
Repetition End
1
 5349 16227 -2943
 5851 16150 -2086
 5210 14549 -27
 5119 14549 3738
Repetition Start
 4905 13741 7185
 6878 14225 8978
 6881 14112 10319
 6804 14345 9268
 6344 14131 7537
 5370 14718 4308
 4253 14912 1871
 6004 16479 -681
 4724 15562 -1289
 3025 15240 -2006
 4009 15550 -4225
 3843 15288 -7552
 5866 16402 -4827
 6825 14706 -4503
 4495 16408 330
 4048 16347 324
 5581 20410 1857
 5098 19508 518
 4711 19396 1864
 6708 19161 1889
 6587 18970 1690
 6148 20062 2085
 6035 20986 2036
 5276 20432 2529
 5922 19951 2884
 7132 19834 2810
 5894 18797 2626
 7363 19414 2256
 3660 17077 -1937
 1491 10164 -3748
 4968 15836 -5066
 3327 15348 -5828
 3593 16009 -5184
 4269 15342 -3834
Repetition End
1
 3757 16734 -1984
 3607 14129 -1274
 4284 16229 -1227
 5341 16478 -2292
Repetition Start
 6750 17399 -1382
 5101 14873 -1115
 7166 16596 -3114
 6332 16132 -5408
 5549 16533 -5157
 6616 15544 -5489
 6769 14552 -6058
 5985 14339 -6193
 5981 13496 -7969
 5576 12853 -5996
 4402 15711 -1675
 7075 14151 -1471
 4716 18767 -332
 7539 17777 1148
 8293 18740 627
 5975 17811 1783
 7173 18799 1786
 7014 19859 1733
 7444 20092 2121
 7498 20548 2845
 7499 20534 3490
 6273 20328 4684
 5946 20271 4071
 6005 20737 4088
 5094 21116 1553
 4229 12746 -2291
 4162 10907 -3951
 4608 13507 -4143
 5656 12012 -5030
 6425 14317 -4796
Repetition End
1
 8201 17928 -6026
 5281 15461 -4901
 6602 16243 -4217
 4889 16239 -3630
Repetition Start
 5570 15797 -3814
 3906 16095 -3790
 5235 17114 -5301
 4285 16700 -6262
 4200 14875 -5309
 3461 12949 -5171
 4072 14342 -5986
 4345 14800 -7917
 5633 15928 -7922
 4764 13402 -6611
 4089 16050 -1371
 6693 16614 -555
 6242 17414 -469
 6092 18039 1280
 6270 19448 1310
 5525 18548 940
 5349 19219 1094
 7018 21288 1662
 6500 21419 1614
 6421 21408 2608
 6878 20731 2524
 7787 19969 2136
 7248 20092 1916
 8744 20500 629
 5979 13276 -4045
 3538 8897 -8251
 5149 17054 -6771
 2394 12618 -4925
 4540 13085 -5649
 4952 16097 -5143
Repetition End
1
 5169 16540 -3799
 4537 15646 -3100
 5142 16246 -3014
 4981 16811 -3301
 4014 16262 -2150
Repetition Start
 3758 17277 -2696
 6142 15161 -3512
 7154 18219 -5829
 4882 16004 -6074
 6185 14418 -5484
 7347 14053 -6648
 5471 14024 -7237
 5088 16578 -6403
 2663 17690 -4423
 6638 15560 139
 4842 16090 -807
 3107 16932 2012
 4630 16801 1375
 4600 16774 1643
 5804 17964 1910
 7380 18165 2047
 6348 18794 2615
 7817 19172 3377
 8643 20000 3483
 8305 21003 3825
 8275 20896 3706
 8086 20349 2816
 6808 20731 2690
 5250 20922 1178
 2553 15559 -1088
 4622 10507 -3647
 4889 12282 -4262
 5626 12762 -4433
 7681 13587 -5154
 7615 15271 -5107
Repetition End
1
 7553 16908 -4157
 6947 15913 -3457
 7411 14761 -1908
 6840 15196 -1513
 9203 17232 -1982
 5986 13870 -1927
Repetition Start
 7571 15568 -1653
 3977 16496 -6031
 5200 15239 -5651
 3854 14912 -5111
 4807 15305 -5688
 4828 14277 -7021
 3463 12160 -6096
 6207 15952 -4028
 5251 16468 -2718
 9429 17964 -725
 7304 18805 -519
 7733 18195 1364
 6396 18961 1463
 6930 18989 1801
 6925 19204 1643
 7456 19947 2539
 5922 20687 2634
 7097 20037 1579
 8803 19746 1871
 9407 19756 2740
 8500 18856 1635
 7531 18750 -1950
 4894 11544 -4670
 5042 13287 -5757
 4247 12275 -6650
 3350 13745 -5500
 4176 15470 -5263
 4296 15188 -5339
Repetition End
1
 4272 15646 -4130
 4917 16217 -4114
 4969 16027 -3860
 6333 17185 -2089
 5352 16337 -2444
 5622 14257 -2556
Repetition Start
 5493 16272 -3058
 5087 15684 -4550
 6029 15996 -6571
 5880 15317 -5213
 5784 13739 -5738
 5938 12866 -6313
 6185 16195 -6244
 3960 14682 -6344
 2639 14493 -2467
 4179 18458 -1148
 6974 18528 -482
 5497 17062 1125
 5670 18554 768
 6552 18182 895
 7075 19046 1693
 6964 18949 1733
 8102 20376 1622
 7794 20731 2263
 7264 22169 2973
 7763 23254 3745
 5839 21091 2585
 5871 20411 1330
 5249 16458 -1668
 4099 8528 -4184
 4131 14328 -4229
 6254 11934 -4857
 7781 13805 -5152
 6428 16281 -5255
Repetition End
1
 6451 16594 -4962
 6297 15154 -4303
 6332 16116 -3474
 5054 16372 -3019
 5747 15706 -3395
 5245 14304 -3090
 5470 18696 -2819
Repetition Start
 5041 17647 -6332
 4805 15449 -4987
 3691 14789 -4390
 2486 11196 -6387
 4084 14215 -7837
 5842 16982 -7716
 6389 15861 -4424
 2529 13335 -2437
 9159 17575 -916
 6518 18450 -674
 8596 19406 560
 5915 18879 922
 5921 19874 1083
 7694 20063 722
 7351 20377 2044
 6991 20667 2820
 5370 20668 2950
 6446 19998 3638
 4413 19258 3010
 7591 18937 2384
 7403 20041 -289
 4950 15907 -4430
 2612 11235 -5219
 3458 15286 -3700
 2209 14248 -4794
 2799 14143 -4687
 4141 15190 -4419
 3262 16765 -4124
 3921 17133 -3768
 4274 15240 -5037
Repetition End
1
 5511 18222 -2733
 5742 16075 -2093
 4419 15860 -3271
Repetition Start
 5962 14495 -1890
 6848 16653 -4239
 5423 16028 -6379
 6046 16167 -6596
 6705 14143 -6138
 7030 12816 -6897
 7140 14039 -6171
 6502 15676 -6600
 4094 14933 -6687
 6671 14674 -3588
 5718 14592 -1069
 6388 17740 946
 9011 18231 615
 7822 18828 813
 9039 17806 1168
 8356 18756 1243
 7526 19543 1160
 9346 20703 1464
 9872 20659 1569
 8504 21337 1809
 6426 19887 3498
 7328 19586 3520
 4822 21915 2941
 2665 13803 -3006
 3464 7713 -5887
 5413 15303 -3582
 5209 12957 -3433
 5745 14004 -5534
 6430 16130 -5808
 6151 17388 -3894
Repetition End
1
 5391 14707 -3845
 5822 15514 -3301
 5561 17180 -3660
 4723 15470 -2755
Repetition Start
 5074 15696 -2598
 4414 16747 -4930
 4844 16690 -5610
 4275 15356 -4837
 3943 14917 -5511
 2630 13483 -6617
 5357 14043 -7676
 5682 16067 -6808
 7208 14751 -6488
 3883 14113 -3064
 6534 16023 -1311
 7051 17934 -915
 7888 18595 574
 6152 19261 778
 6738 20364 1328
 6612 20285 1842
 5413 20666 1907
 6308 20144 2482
 5909 19898 2993
 5916 18836 3136
 6726 19023 2733
 7637 19153 1140
 8664 20261 92
 7123 15991 -2999
 2844 10641 -5380
 4793 12503 -3927
 2851 12784 -5143
Repetition End
1
 3424 13902 -6128
 4249 16418 -5359
 4887 16234 -4555
 4020 15720 -4458
 5006 16724 -4277
Repetition Start
 6087 18394 -3652
 6469 16100 -2700
 5258 15243 -3079
 5260 16017 -3011
 6028 16240 -2975
 6377 15764 -5623
 6676 16435 -5308
 6423 14353 -4440
 6672 13795 -5097
 6692 13467 -6189
 6517 14237 -8788
 2853 14573 -5186
 4209 17263 -1851
 8085 15514 397
 2403 16915 1334
 8674 17637 1561
 7492 17697 2087
 7934 18678 2602
 8462 18822 2310
 8062 18726 1697
 9555 20119 1523
 8828 20860 2170
 7956 20078 2430
 7911 19535 1887
 8430 19857 1200
 6792 21546 576
 5395 19238 -1600
 4136 11009 -4829
 4921 11269 -3592
 4221 13343 -5007
 6893 14444 -5315
 7217 15500 -5468
Repetition End
1
 6405 16002 -4495
 7059 15008 -3922
 6714 16687 -2753
 5359 16755 -2867
 6926 15050 -2214
 5959 16557 -2507
 6263 16548 -3370
 5179 15103 -3042
 4112 15356 -4452
Repetition Start
 5099 16952 -5581
 4010 14581 -4634
 2583 12634 -4650
 3004 14814 -8102
 6118 17260 -7812
 8790 16804 -5446
 4342 15652 -4265
 5894 16184 -1432
 6936 16908 -204
 6685 18070 -112
 7374 18312 -139
 7780 19789 183
 7120 19749 447
 7042 19599 365
 6618 19664 964
 7181 19819 1166
 8675 19813 1910
 7910 19258 1919
 6547 19489 2413
 6591 19876 1293
 8140 20339 -303
 4555 13904 -4645
 3238 10459 -5124
 5570 14563 -5081
 2453 15516 -4717
 3879 15268 -4483
 5082 16551 -4469
 3032 16346 -2827
Repetition End
1
 4049 16306 -2513
 5207 14903 -1231
 6344 18304 -2123
 6596 16008 -2197
 4120 15474 -2889
 6127 16732 -2591
Repetition Start
 5379 16475 -3807
 6543 15097 -5790
 6253 16099 -6007
 5984 14959 -5353
 5758 13032 -5964
 6827 14198 -6621
 6641 15007 -7139
 3859 12889 -7460
 3539 14189 -1151
 7000 16784 -2197
 3282 16355 -901
 4807 18374 437
 3402 17293 813
 7040 18276 233
 6521 18629 818
 6357 19009 1159
 5746 19052 1953
 6026 18127 1962
 7081 18234 2418
 7197 19378 2601
 7317 20506 3246
 7219 20281 3760
 6571 21030 3587
 5790 22446 3086
 5438 19973 36
 3936 12127 -1584
 4232 8566 -3791
 3990 14211 -3451
 6653 13141 -5610
 8393 15463 -5625
Repetition End
1
 6824 17423 -4999
 6111 15736 -4528
 7514 16033 -3589
 4723 16436 -3308
 5213 16520 -1864
Repetition Start
 6067 15094 -3476
 3921 15692 -4412
 5438 16180 -4986
 4046 16620 -5082
 3311 14733 -4737
 3645 12412 -5155
 4199 15182 -6477
 3894 15415 -7447
 7432 14762 -4697
 5109 13110 -4906
 6306 17288 -2389
 6490 19435 -331
 6812 17434 926
 6832 19732 1543
 5774 20736 2336
 6164 20266 1817
 8213 20680 3333
 7669 20582 3659
 7194 19872 4629
 8410 18896 4844
 8562 17713 4458
 8178 17548 3374
 7853 18043 2209
 5823 15961 280
 3377 12075 -3522
 2857 12091 -6025
 5862 16677 -4870
 3035 16541 -4410
 682 16506 -5345
 4662 16850 -3488
 3026 16397 -1268
Repetition End
1
 1924 16393 -332
 3912 16136 -578
 4006 17523 -449
 4088 17173 232
 3367 17044 -836
 5352 16788 -271
Repetition Start
 6272 16589 -3402
 6236 17652 -5486
 4324 16148 -4965
 5774 14471 -5605
 5661 15461 -5907
 5610 15785 -6761
 6486 14813 -7196
 1339 15870 -1386
 6529 11828 -139
 3945 17991 408
 8043 20084 776
 7478 19436 1322
 7460 20081 1637
 8089 18164 2375
 9310 18459 2589
 8768 17227 1829
 9177 18519 2692
 9247 19026 2440
 8274 20002 2600
 7441 20623 3008
 8675 19894 2832
 7477 21643 1352
 6556 21733 -557
 4978 12453 -3997
 4479 9799 -3830
 4087 12200 -4151
 5710 11140 -4901
 7604 13428 -5523
 4976 14896 -5985
Repetition End
1
 5819 16613 -3684
 6000 15706 -3696
 7424 15310 -3668
 6325 17283 -2977
 6892 15012 -3207
 3465 13221 -1005
Repetition Start
 4998 17044 -5529
 4802 16369 -6158
 3203 15170 -5303
 3300 15217 -5625
 4116 15469 -5981
 5217 15611 -6876
 4725 14035 -9713
 3809 13421 -9054
 5079 15548 -435
 3542 16927 -1069
 6042 17298 113
 7055 18844 731
 6342 15935 513
 8793 18983 569
 6098 19179 1252
 6875 20752 928
 7516 20643 1369
 6617 20164 2729
 6615 18920 3179
 7872 18660 3672
 9737 17846 3314
 7493 18054 5112
 10491 18771 4077
 7173 15391 -3760
 5263 11920 -5575
 8325 15193 -5829
 2866 14782 -5546
 4363 18742 -5097
 6732 15454 -4372
 3801 14529 -2169
 5643 15804 -408
 6486 14643 -1379
 5588 15948 -1726
Repetition End
1
 7564 16927 -2175
 6036 15706 -1608
 6379 17153 -2715
 6568 16599 -4121
Repetition Start
 6224 16204 -4273
 6212 15210 -4299
 6143 14620 -5113
 6049 14538 -5206
 5352 15374 -5741
 6624 15472 -7005
 5972 14700 -7708
 2570 16121 263
 7291 14896 1784
 1941 16781 1829
 4188 18827 1031
 5874 19479 2446
 5473 20025 2018
 6021 19383 2791
 5418 19222 2516
 5892 20337 2849
 7603 19679 3308
 6570 21098 4523
 6800 20820 4724
 6269 19777 4263
 7100 21420 2294
 6633 19266 -947
 5586 12095 -3749
 4146 8646 -6436
 5180 13075 -5677
 6829 12808 -6882
 6459 16304 -5712
 6577 15878 -4548
Repetition End
1
 5967 14071 -3820
 5870 15066 -2939
 6202 17664 -2713
 5473 16093 -2843
 4916 16674 -3847
 5566 17592 -3414
 6852 15145 -4474
 5767 15677 -4246
Repetition Start
 3337 16412 -5823
 4860 14385 -5097
 3706 13600 -4097
 4421 13885 -4036
 4044 14942 -6335
 5260 16475 -7580
 5719 15197 -7335
 4811 15321 -169
 5301 16310 -536
 5866 18627 304
 4921 18195 1002
 7242 17456 972
 6561 17522 -164
 6784 19430 1064
 7409 19664 1346
 7319 20281 2143
 7124 20697 3029
 6497 20572 3560
 6287 19799 3305
 3891 18357 2690
 7396 17787 2609
 8588 19568 934
 6530 17978 -3146
 3579 12329 -5955
 7609 15218 -3841
 2411 13786 -5095
 2884 14287 -5466
 5154 15664 -3877
 5423 15403 -3586
Repetition End
1
 4506 15175 -2974
 5679 17190 -4278
 5632 17451 -644
 3939 16283 -1411
 5688 15990 -2126
 4941 16639 -2362
Repetition Start
 5499 14944 -2124
 5696 17855 -4003
 7530 17283 -5790
 5794 15716 -5406
 6664 13725 -5168
 5333 14319 -5327
 6338 15191 -6162
 5810 15787 -7510
 3885 13517 -6433
 3949 14527 -2277
 5094 14949 0
 5136 19981 557
 7047 19638 467
 7721 19640 1124
 7066 19529 1207
 6995 18977 1198
 6691 19304 885
 7920 20007 2230
 8453 20522 2254
 8722 20595 2934
 8249 19749 2810
 8711 19725 527
 8120 22398 355
 7864 19283 -2002
 4609 9005 -5298
 6441 11335 -3619
 6090 10851 -4481
 6875 11774 -5335
 8336 14279 -5175
 7436 15851 -5199
Repetition End
1
 10111 17157 -4520
 6667 15526 -3428
 6130 16251 -3274
 6073 15382 -2914
 4624 18316 -2166
 6468 15542 -3487
Repetition Start
 4723 14717 -3288
 5086 17382 -4726
 4129 16771 -6491
 4605 14925 -4327
 3072 12238 -4450
 3513 14788 -6899
 4949 14322 -9745
 7871 15958 -10085
 6327 15584 -3082
 5717 16681 -1471
 6237 18240 -249
 7533 20410 521
 6211 18794 1359
 6529 18909 461
 6569 18724 1287
 6930 19380 1559
 8004 20346 1873
 7547 20626 2104
 6947 20329 2442
 7525 19919 2503
 7792 20102 1398
 8221 21634 -838
 4709 14361 -4753
 2716 9912 -4356
 4049 13091 -4344
 2313 14730 -3343
 2612 14678 -4265
 4653 14806 -3699
Repetition End
1
 3237 16239 -4696
 4944 18622 -3758
 5902 16417 -2785
 5668 15977 -2737
 9596 16961 -2044
Repetition Start
 5305 14989 -3321
 5911 16685 -2584
 5498 17676 -3357
 5920 14940 -4979
 6762 15747 -5908
 5624 14719 -5900
 6543 13572 -5605
 6467 12584 -6748
 6633 13970 -6724
 5171 13821 -5773
 4777 12944 -3368
 9360 17490 -1414
 6285 17929 326
 5340 19716 954
 6263 19319 2089
 5692 19768 2143
 6055 21322 2243
 6245 21871 2377
 6043 21148 1835
 5972 21853 2175
 6133 21820 1815
 6123 21313 1546
 6095 18114 -1360
 3130 8731 -4510
 3434 11423 -4846
 5490 14965 -6523
 6376 13724 -7287
 6032 15287 -5350
Repetition End
1
 6451 16008 -4451
 7584 13915 -4610
 7125 16680 -2949
 6575 17393 -4147
 5910 16321 -2065
 7736 14563 -3136
 6308 16062 -3280
 4587 15857 -2647
 4673 15909 -5206
 5068 16007 -5255
Repetition Start
 3576 15198 -4856
 3134 13906 -5549
 3590 13683 -7338
 5313 15449 -8551
 4796 14955 -6930
 5972 15525 -5595
 5126 15509 -2578
 7409 17474 -1189
 7265 18043 -431
 7201 19168 1311
 7335 18951 1186
 6065 20083 1740
 7643 20376 2245
 7926 20478 2907
 7521 19878 4034
 7792 18586 3224
 8101 17663 4228
 8970 18345 1733
 10061 19555 -1105
 3555 14777 -3613
 3592 9939 -4920
 3464 15488 -3491
 786 14148 -4381
Repetition End
1
 1704 15531 -4311
 3769 17035 -2803
 3004 16989 -2756
 3776 16100 -3050
 4960 15047 -1555
Repetition Start
 5183 17663 -2695
 4787 17698 -645
 4557 13726 -1984
 5260 17981 -2790
 5468 16294 -2909
 7067 17041 -5685
 5440 15542 -4409
 6681 13530 -4631
 7210 14599 -5544
 6096 15676 -5222
 3344 15035 -4888
 5647 14184 -715
 7012 16865 868
 5541 18197 3591
 8007 16525 2436
 7201 17354 1378
 6368 18595 1712
 7390 18558 1549
 6739 19834 -9
 9312 22256 1803
 7643 21536 2786
 7411 20722 2316
 6680 19862 2162
 5588 19920 1940
 4835 20800 1879
 3600 15272 -1927
 1128 10154 -4589
 6449 13157 -4489
 4929 13248 -5758
 6689 14594 -6309
 5158 17190 -5670
 4703 16753 -4215
Repetition End
1
 6414 15333 -3621
 6239 16731 -2344
 4165 16931 -1925
Repetition Start
 7106 14570 -1911
 6229 16662 -1754
 6182 16354 -2154
 5554 14774 -2285
 6519 18638 -2554
 5907 17382 -5994
 3877 14286 -4703
 3280 12899 -3385
 3927 14175 -5183
 5404 16247 -7086
 5455 13829 -7954
 7692 16145 -2239
 5484 17435 -852
 6271 17937 203
 7128 17613 1589
 6490 18006 1677
 6912 20368 2447
 6817 21286 2840
 7087 21444 3627
 5323 20792 4687
 7110 19347 4572
 6805 18759 4162
 7384 17416 4742
 6270 17271 4347
 8590 18513 2383
 3428 12010 -2368
 4182 10439 -3718
 3095 16405 -6057
 2823 17471 -6285
 2961 17488 -4408
 2923 17023 -3837
 3454 14802 -3478
Repetition End
1
 2538 16226 -2035
 4275 16543 -2977
 5187 16789 -3218
 6050 18423 -942
 3624 16051 -2214
 4906 14879 -1775
 5818 17136 -2936
Repetition Start
 6252 15429 -5343
 5600 15591 -5571
 6056 14322 -4861
 6551 13603 -6199
 6640 14715 -6006
 4827 15577 -6736
 2495 14836 -3589
 6968 11649 -498
 5519 16732 -245
 5695 19098 1381
 7448 17186 1345
 8287 18647 2578
 9356 19327 3234
 10426 20230 2686
 11406 20563 3343
 11370 18657 3501
 8552 18853 3885
 7622 18502 4167
 8389 20408 2408
 6847 21063 418
 6241 14800 -2491
 5203 11426 -4070
 4532 12990 -3695
 6412 12332 -4042
 7122 14593 -4616
 7519 15988 -4878
 7140 15571 -3237
 6610 15195 -2699
Repetition End
1
 7731 17775 -1590
 5309 15262 -1159
 8724 16266 -2844
 7179 15330 -2788
 5260 15310 -2186
 5985 17254 -2927
 5520 16431 -6613
 5017 15778 -5480
 3759 14571 -5024
Repetition Start
 3505 14220 -6629
 5084 14456 -8388
 6801 14494 -8227
 6436 11210 -5980
 4062 19748 -1749
 7151 14655 -2817
 8033 19137 -1459
 6118 17965 -844
 6495 17806 -464
 7247 20219 132
 7773 21407 190
 7350 22752 1232
 6544 21582 942
 7952 19725 1674
 6047 18461 -569
 7141 19665 -913
 8203 20709 -2148
 5084 15809 -4393
 2231 7990 -4677
 4227 14402 -4192
 781 14340 -4146
 2340 15386 -4633
 3859 16546 -3833
 2837 15811 -2657
 4513 18493 -1824
 6665 18044 -3453
 6269 16646 -2569
 3252 15720 -2702
Repetition End
1
 5532 16755 -3391
 5435 15832 -3764
 6548 17111 -4112
 6372 16102 -6287
 6346 15833 -6512
Repetition Start
 7348 14844 -6019
 7016 13709 -5899
 6946 13952 -6087
 6287 17073 -5305
 4994 15235 -5621
 3663 19600 -3037
 6421 12784 -1301
 6822 14354 -240
 7237 17005 1859
 8142 17932 2755
 9037 18653 3032
 8662 19100 2694
 8750 20662 3603
 8342 20820 3444
 9696 20881 3999
 9262 20001 4076
 9282 19986 4043
 7186 21027 2754
 5386 21234 2110
 6415 12998 -1920
 5482 9336 -3565
 6231 11853 -3522
 7644 11301 -5226
 8893 14076 -5301
 7719 15822 -3358
 7154 14906 -3409
 8486 13966 -3325
 8287 15923 -2819
Repetition End
1
 6693 15621 -2683
 7377 19807 -3396
 6294 13347 -4058
 5013 14897 -3132
 6394 17687 -5051
 5368 17052 -6562
Repetition Start
 3567 14461 -5794
 2868 13725 -4963
 3266 13987 -7441
 4080 15424 -9463
 7250 15139 -7494
 6524 13822 -4355
 5010 18103 -1424
 8437 16101 31
 6352 16947 1657
 9621 18300 2464
 8095 16491 2520
 7726 19111 2712
 8275 20448 2966
 7691 20808 2865
 8293 20420 3353
 7774 19960 3135
 7633 18752 2980
 7702 18368 2490
 8711 18954 1076
 9271 19553 -1245
 3144 12239 -4055
 5714 13044 -5352
 2754 13195 -5072
 2740 14097 -5032
 4433 18183 -2724
 3936 15110 -3110
 3628 17087 -2282
 4676 16896 -1964
Repetition End
1
 5568 16539 -1784
 7167 17617 -2052
 5633 15108 -2418
 4734 16761 -2446
 5743 16333 -2912
Repetition Start
 6510 17180 -5592
 6331 15481 -4755
 6683 14410 -5678
 7385 14866 -5040
 5737 15029 -5725
 4464 11349 -6170
 5249 16924 -360
 6927 16048 -259
 6650 17847 1288
 6144 17608 -154
 4239 18472 1641
 7652 17289 2319
 8608 17638 2223
 8494 19469 2579
 8683 21100 4572
 9263 20201 4570
 7518 20431 5242
 7522 21339 6678
 6114 21441 6410
 5387 21112 2090
 4327 11808 -1969
 6057 8115 -4429
 7047 12539 -2779
 7199 12750 -3567
 7691 14126 -4022
 7659 15653 -4202
 7754 17487 -3163
 7193 15864 -2125
Repetition End
1
 7967 16329 -1772
 8176 16346 -937
 7372 14958 -691
 8055 16077 -1024
Repetition Start
 7099 16228 -769
 6708 15633 -1610
 5461 16756 -3065
 5135 17834 -5180
 5460 14556 -4573
 2732 13247 -4360
 2938 13452 -7772
 3600 16051 -6718
 4811 14046 -6011
 7763 18104 -2406
 6142 17047 -475
 9926 17039 1824
 6067 19541 2015
 7223 19622 3891
 7316 18710 3815
 6037 19707 4703
 6812 20728 5175
 6018 21130 4962
 7397 20549 5254
 7175 20275 5880
 8736 19975 4238
 8996 20182 -1862
 5514 13249 -4107
 1035 9402 -4135
 5814 16593 -3954
 2009 13732 -7725
 2237 15034 -6522
 6099 14764 -4435
 3125 17908 -4229
 5436 14888 -3847
Repetition End
1
 4972 16367 -1164
 5187 17764 -1769
 6080 15193 -1486
 6721 16419 -1930
 5447 15848 -1806
Repetition Start
 5756 16400 -2752
 6864 14911 -4760
 6357 17084 -5671
 6530 14980 -5159
 6985 12869 -5877
 7038 13091 -6516
 5199 16281 -6649
 4918 15402 -4995
 2478 14513 1273
 1084 17352 1505
 4885 18339 1510
 6945 18911 2141
 7267 19923 2682
 8284 20178 3743
 8963 19858 4485
 10391 19833 4650
 10195 19221 4691
 8516 18271 3695
 7934 20295 3680
 6089 21993 2606
 4813 21675 1454
 3871 12506 -3126
 4097 9185 -3541
 5185 12341 -3470
 6125 13666 -4884
 7558 15310 -5864
 7639 17836 -5984
 4913 14455 -4019
 6750 15159 -3037
Repetition End
1
 6051 18968 -2271
 5425 14167 -1962
 6557 15846 -2349
 6739 16412 -2870
Repetition Start
 5726 14667 -2784
 4709 17158 -4771
 4454 17728 -6998
 4434 15304 -5954
 4360 14390 -4529
 2637 13379 -5579
 5111 15128 -8109
 5318 12887 -7436
 7483 15906 -5202
 4517 16606 -3744
 6358 18360 11
 6836 18271 1403
 4608 19123 1942
 4487 22063 4592
 6784 19875 4652
 5360 19246 3489
 7377 20556 4359
 7298 20531 4352
 7508 20930 3035
 7773 19227 5588
 8698 19011 3876
 7026 18733 -1154
 2769 12139 -3553
 1378 10395 -6041
 4958 14633 -5141
 2243 13837 -5950
 2382 17076 -5965
 4678 16915 -5669
Repetition End
1
 4476 15349 -4995
 3540 16185 -4334
 4517 16030 -3359
 5354 16509 -2849
 4252 15401 -2956
 5021 17381 -2456
Repetition Start
 6448 15210 -3427
 5885 16567 -4235
 7147 16783 -6633
 6448 15797 -5527
 6031 14964 -5392
 6565 13416 -6076
 6331 14908 -6980
 6281 14763 -6150
 3330 13014 -6371
 4335 16912 295
 5273 14381 -789
 4878 16469 274
 7966 18627 1942
 6126 20015 3231
 5917 19857 3491
 9985 20011 3610
 8920 21246 4501
 7665 20784 4734
 8762 20105 5370
 7414 19229 5502
 6167 20850 5989
 5993 21670 2977
 4059 12561 -1530
 5423 8752 -3658
 4780 12185 -2652
 6122 11247 -5172
 8170 12988 -5897
 9069 19863 -5676
 5586 14264 -4376
 6265 17774 -2217
Repetition End
1
 5925 15177 -1198
 5965 16539 -730
 6072 15906 -2212
 6143 16170 -2220
 5746 16792 -2712
 4781 16459 -3244
Repetition Start
 4235 16180 -4934
 4587 16996 -4966
 3988 15015 -4818
 3622 13703 -4031
 3736 14661 -5710
 5107 14245 -6891
 6342 16732 -6759
 4942 16018 -4574
 4094 17107 -855
 7690 17649 1727
 7543 18726 2747
 6232 18192 3624
 7327 20247 4398
 8741 20505 4374
 6527 21201 5799
 6049 19792 7068
 7046 18595 7664
 7957 16667 7427
 8630 15698 7016
 8403 16008 5839
 10519 16894 3366
 7371 12281 -1308
 3404 9668 -4465
 7890 16611 -5246
 3416 18028 -3826
 3491 17492 -4544
Repetition End
1
 5279 16953 -4325
 8708 16542 -1630
 6913 14699 -687
 5340 16010 -676
 8190 16909 48
 5636 16406 -1015
 6702 15812 -2110
 6719 16048 -2481
 6816 15546 -3444
 6011 17372 -4684
Repetition Start
 7715 17037 -6136
 6455 14989 -3638
 7388 13142 -3661
 4485 12382 -3535
 6790 17389 -5383
 4483 14358 -6193
 4577 16165 -1468
 8664 18236 1443
 4112 16493 2701
 6081 17295 3152
 5571 17762 4163
 5968 19304 4115
 7108 19928 4568
 7279 19802 5290
 8267 20784 6172
 8743 20614 5871
 8101 21259 5791
 7675 21578 5067
 6561 20913 2913
 5622 17218 412
 5322 9148 -3398
 4059 11087 -4397
 5258 13134 -4226
 5533 12601 -6109
 6247 16278 -6245
 7836 16449 -3687
Repetition End
1
 4162 16644 -2469
 5113 14426 -739
 5192 17055 -1478
 5464 16065 -2473
 5595 16654 -2671
 3739 15919 -3453
Repetition Start
 4163 17312 -4945
 3848 15909 -5625
 3716 15238 -4386
 3157 12564 -4874
 2514 14136 -6794
 5243 13266 -7847
 3504 15406 -6503
 6416 14770 -2700
 4384 18337 -821
 6389 18236 -216
 7214 19401 746
 5905 21805 2252
 6736 21501 3256
 6224 22473 3594
 6027 22737 4968
 6127 20679 4565
 6161 19258 4384
 6881 20106 4571
 7864 20727 1416
 6623 17553 -3076
 3504 10439 -5446
 4660 12340 -2862
 3123 11246 -4219
 2743 13243 -4121
 5276 16613 -4771
 5270 16187 -4141
 5675 16203 -4083
Repetition End
1
 5406 16364 -2232
 5759 18072 -1757
 5385 16066 -2088
 5509 16454 -2415
 5639 16662 -2760
Repetition Start
 5137 16742 -2122
 4592 17220 -2265
 7269 13531 -6177
 6656 15847 -6363
 5714 14085 -5811
 6827 13764 -5866
 5575 13374 -6644
 5159 14153 -6319
 4537 15727 -6484
 5538 18618 -920
 5035 18343 2058
 6746 16970 1485
 6242 18803 2626
 7482 18967 2862
 9561 19888 4460
 8648 22133 3733
 9547 20926 3849
 10305 20572 2918
 9420 20593 4297
 4455 20308 2352
 3661 20301 -6
 3734 12760 -2610
 4100 10692 -4587
 7390 13781 -4219
 6470 13072 -4512
 6488 15128 -3964
 5976 15889 -3344
Repetition End
1
 6782 15506 -3576
 7067 15201 -2987
 6641 17457 -2900
 4041 16472 -2230
 7663 17519 -2330
 5847 14878 -3204
 4074 15194 -3207
 4997 16935 -4415
 5368 17117 -5783
 4825 15149 -5542
 4371 13219 -4239
Repetition Start
 4168 14150 -5175
 3739 13466 -6388
 5427 15110 -6338
 6883 17183 -4648
 4717 16987 -2815
 6718 18510 55
 8561 16698 1022
 7597 17435 2972
 7307 19572 3384
 8060 20683 3861
 7852 22648 4879
 6229 22430 5292
 5602 20676 5497
 6903 18396 5793
 5137 20441 4615
 8564 20902 1731
 4489 16401 -860
 -115 8392 -4750
 7073 14678 -1104
 494 12849 -3974
 1323 14510 -5110
 5289 16298 -6220
 4513 20766 -4196
 6564 15775 -2419
 3975 14884 -1844
 6091 17491 -1031
Repetition End
1
 6152 15955 -916
 5745 16784 -1278
 6094 15107 -808
 6613 16824 -2031
 6832 15313 -5009
 6115 16082 -3917
 6369 13915 -4505
Repetition Start
 6473 13386 -5253
 6502 15148 -6973
 4698 15423 -7489
 2766 15062 -5399
 6149 15423 -572
 5949 15447 438
 6749 17600 1722
 7477 18073 3107
 7995 18136 2843
 7754 18997 3223
 8800 19481 3790
 9532 21687 4202
 8602 20459 4414
 9460 20854 4121
 9338 21554 4171
 7685 23300 3211
 6631 19619 -985
 5258 10318 -3158
 2866 9098 -3588
 3409 13338 -3112
 5916 12953 -4979
 8923 15955 -5356
 6177 15618 -4110
Repetition End
1
 6742 14326 -3156
 6684 17046 -2130
 5756 17936 -1432
 6111 17351 -915
 6022 16462 -1779
Repetition Start
 5896 16346 -1919
 5804 16418 -2365
 4899 15267 -2832
 4521 16348 -5470
 4930 17255 -6309
 4674 14155 -4867
 2991 13518 -5589
 3371 14176 -7279
 4765 13505 -10466
 8450 18002 -7888
 7802 14236 -3619
 9497 16749 -1602
 8928 17033 1672
 7506 17583 2686
 8536 18671 3421
 8228 20725 4232
 7459 21027 4287
 8120 20678 4268
 9679 19451 5267
 10091 18513 6266
 8172 18036 5159
 9183 18429 1828
 9800 14909 -1812
 4168 11624 -4115
 7273 12249 -5090
 3029 13962 -5345
 1321 14222 -5374
Repetition End
1
 5499 15771 -3988
 4743 16521 -3738
 3859 16077 -3034
 4947 16502 -2044
 5179 16029 -417
 6316 18431 -2594
 6302 14872 -1767
 5580 16281 -1682
 6156 15617 -2015
 6723 16182 -3613
Repetition Start
 6725 15004 -6205
 5622 15824 -6187
 7041 14816 -5093
 5699 11930 -5869
 6527 13812 -6983
 7075 15477 -7059
 3450 12943 -4287
 3538 14228 178
 4882 19068 3180
 4555 17646 3249
 7435 19865 3446
 8185 20000 5300
 9539 19474 6107
 9193 20441 7825
 10225 19008 7192
 7293 17350 5220
 7056 16830 5382
 5665 18688 4607
 7184 20496 1892
 77 20171 1700
 3953 14044 -2487
 4985 10939 -5517
 4123 14330 -4517
 6440 14003 -5797
Repetition End
1
 7442 14518 -6340
 5529 15347 -6045
 7592 16349 -5342
 7477 16013 -3407
 7662 15313 -2754
 5982 14835 -1866
Repetition Start
 6388 15970 -597
 6457 15605 -1535
 5761 15668 -2602
 6160 17016 -3224
 5149 16863 -5106
 4643 16446 -4844
 3772 14379 -4945
 3917 14193 -5543
 4278 14495 -7765
 5647 13711 -6989
 7474 13796 -7693
 6261 15941 -2692
 5085 18121 1090
 8551 18442 1349
 8070 19189 1937
 7125 19375 3386
 6517 20651 4215
 7717 20773 4331
 7364 20175 4352
 7712 19250 4160
 7196 19544 3120
 8146 21590 -457
 10795 21896 -2934
 854 7356 -8170
 3930 14344 -5228
 2075 12523 -4854
 1703 13490 -6180
 4647 15946 -4862
 4811 15180 -4085
 3645 15707 -2921
Repetition End
1
 4611 15936 -3504
 5398 15193 -3253
 5461 16183 -2907
 6380 16526 -1741
 6449 16161 -2464
Repetition Start
 5985 15585 -2779
 6670 16948 -3524
 6447 15892 -5172
 6574 15265 -4986
 7267 14296 -4572
 5912 12794 -4755
 6119 13892 -4861
 6923 14927 -6519
 5682 14526 -5996
 4362 12344 -3770
 6086 14278 -1104
 6762 19103 1059
 8839 20516 2559
 8293 20145 3290
 7485 18795 4545
 10060 19843 3955
 9972 20514 4575
 10348 20491 5258
 9311 20774 5126
 9271 22159 4389
 8150 22607 2550
 5390 13355 -2593
 3964 7222 -4180
 3544 14115 -4136
 6538 11381 -4254
 7709 13313 -5309
 7660 15294 -3530
 6244 16614 -3148
 6207 15753 -3992
 4381 17604 -922
Repetition End
1
 6405 15461 -1066
 5868 16913 -834
 6691 16099 -1268
 6469 16165 -1772
 6120 16251 -1622
Repetition Start
 6461 16069 -1989
 5692 14936 -3763
 4798 17445 -5455
 5319 15992 -5447
 3025 14607 -5737
 4675 15655 -6878
 4578 13892 -7680
 5682 14202 -6188
 5752 16122 -2141
 4620 15800 -3674
 8545 15693 -158
 7474 18453 1909
 8700 18236 1307
 7310 20655 2472
 7647 23333 4531
 7127 21440 5092
 7528 21197 6272
 7703 19730 6318
 8311 19881 5840
 11527 18889 5370
 10059 16012 -1933
 5510 10475 -1951
 3514 10227 -3554
 1798 11765 -4737
 2525 13145 -6416
 5824 17550 -4521
 4695 15807 -5044
 3008 15233 -4819
 5302 18012 -4180
Repetition End
1
 5936 17086 -2975
 4708 15356 -2569
 5827 16875 -1873
 5078 16457 -2684
 5976 14686 -1372
 6945 17051 -3693
Repetition Start
 6640 15735 -6007
 6973 15158 -4678
 6170 12159 -5891
 5877 13604 -5038
 6799 15313 -5180
 4238 14159 -5342
 5090 15738 -3901
 6093 15007 -2304
 8508 17373 1326
 7473 17889 2545
 8819 18146 959
 10722 20666 2509
 9330 19121 2362
 9745 19368 2464
 10329 18999 2221
 9987 19923 2535
 9203 20860 3541
 8454 21355 2556
 8466 20721 974
 6011 11862 -1672
 3232 8175 -3760
 4898 14948 -2960
 6610 12192 -4305
 7317 13340 -5562
 9117 16124 -4607
 4694 18087 -4095
 2948 17067 -3258
Repetition End
1
 3855 17165 -2984
 4842 17166 -2634
 3897 15297 -3034
 5066 16841 -3012
Repetition Start
 4148 15020 -3644
 5814 18166 -5094
 3596 16397 -6494
 3291 16096 -5329
 3063 14054 -4492
 2552 12463 -4796
 2622 13871 -6634
 5437 17333 -8670
 6391 16902 -6013
 4154 14991 -3465
 6274 18218 31
 5362 19208 1374
 5390 18376 1854
 5292 19879 1846
 6138 19005 2871
 6072 19824 3024
 5598 21721 3512
 4809 21002 3307
 7093 21303 4911
 7763 20727 5024
 6892 18682 3969
 10731 18127 2221
 10919 18250 -1676
 3451 9276 -3018
 3450 10146 -3812
 1889 10128 -2393
 3750 14355 -4671
 5074 18381 -3832
 4346 17965 -2537
Repetition End
1
 4144 16843 -1424
 5194 16095 -1301
 5667 17491 -1790
 6190 16699 -871
 5596 15894 -1237
Repetition Start
 6091 16500 -1332
 6045 16208 -1749
 4696 16942 -2407
 5716 16507 -2899
 6988 14462 -4558
 7611 15780 -5632
 5620 12953 -5425
 7115 13147 -5858
 6299 14373 -6501
 3408 16596 -5820
 3882 14912 -2705
 4554 16202 653
 4411 16920 1033
 6412 17393 2534
 9063 18740 3219
 7248 18568 3160
 7956 18832 3127
 7275 20716 3934
 10369 20618 4797
 8949 20933 5284
 8792 20399 5836
 6797 21237 6179
 6237 22293 3989
 3175 17214 327
 3733 7622 -2662
 3992 12690 -3728
 6719 10400 -4273
 7405 13436 -4566
 8875 17031 -5091
 8291 18915 -3326
Repetition End
1
 5573 15815 -1899
 8316 15403 -1301
 7236 16079 -1087
 6812 17129 -443
 6792 15609 -718
Repetition Start
 7431 15609 -1717
 5915 15636 -1606
 6586 16575 -3066
 5174 16238 -5564
 6677 16017 -6271
 4775 14235 -6126
 3088 14866 -5496
 3296 13776 -7386
 6749 17015 -8564
 8306 12081 -7029
 6563 13732 -3593
 5127 16347 -713
 7958 16647 1658
 9176 17369 1252
 8360 18932 2035
 10418 20285 3031
 9219 22238 4237
 8897 22059 3592
 9811 19001 4777
 10602 17326 4851
 11123 17956 4294
 9345 19042 919
 9436 14611 -843
 7471 10820 -4336
 4294 11207 -5923
 3999 14921 -5044
 4685 14642 -4003
 4819 15896 -4140
 5830 15286 -3452
 5512 15339 -2928
 4856 16428 -1198
Repetition End
1
 4497 16759 253
 5960 16604 -935
 4317 16504 141
 4087 16716 -598
 5460 16840 -1250
 5877 15855 -2283
 6055 16318 -3821
Repetition Start
 5817 17008 -6343
 5313 14934 -4903
 5761 12827 -5414
 6403 12479 -6791
 5107 16436 -8146
 4394 15284 -7017
 4979 15799 -4780
 6012 17224 -1483
 3016 15741 537
 7504 17872 2705
 6401 18712 4955
 8450 19200 5955
 9821 21885 7367
 9199 20856 6569
 8754 18678 6013
 7461 18256 5417
 6888 19820 5882
 7173 21843 5131
 6364 19016 1489
 3623 12110 -2288
 4808 8360 -4374
 6526 14601 -6017
 7628 13174 -7464
 5184 15242 -5234
 6877 16103 -6123
 6895 16333 -4833
 7243 15414 -4498
Repetition End
1
 6770 15330 -4183
 7023 16978 -3639
 6830 16022 -3353
 7312 15850 -2472
 6504 15630 -2416
 6284 15789 -2469
 6691 15837 -3010
Repetition Start
 6603 15739 -3825
 4203 14835 -4489
 5609 16762 -5769
 5253 13558 -5086
 2770 14616 -5186
 3439 15527 -7348
 5226 16043 -7768
 7068 17283 -6308
 6310 14188 -4096
 6828 16535 -1179
 7292 16095 818
 6820 18602 2327
 6797 19282 3560
 9283 20174 3299
 9806 20939 4485
 7391 22613 5990
 7496 21241 5529
 6816 19851 6567
 6934 20009 5455
 8043 20833 1153
 3292 14490 -2809
 1244 9331 -7787
 5547 17541 -3816
 3169 13076 -5360
 2303 14357 -5882
 3762 16248 -4294
 4242 16182 -3157
 3536 16449 -2414
 3901 15913 -2227
Repetition End
1
 5243 15590 -2745
 7396 18576 -2233
 6894 15790 -2002
 6351 15251 -2745
 5747 16428 -3159
 6217 15088 -3199
Repetition Start
 7012 17408 -3918
 6777 16076 -6203
 6586 14846 -5128
 6516 13162 -4572
 5762 12142 -4943
 7274 16425 -6859
 5476 16253 -6004
 4226 15299 -6295
 7318 14869 -2290
 8937 15730 -657
 6754 17122 1875
 7478 17627 2980
 9944 17788 4139
 9511 21798 5569
 9740 21660 5691
 11001 20524 5470
 10912 18761 4818
 8435 19786 5316
 8178 20293 4539
 6098 17238 1256
 4525 9564 -1474
 5646 9696 -3681
 6662 12661 -3908
 5996 14230 -3494
 8080 14938 -4426
 7604 16374 -4387
 7338 16542 -2641
 7311 15387 -1744
 6972 16697 -3016
Repetition End
1
 6750 16353 -1882
 6142 16677 -1316
 6432 16247 -2005
 5915 15210 -2878
 6276 15396 -2307
 4636 17715 -3101
 4836 16288 -5980
 5927 15095 -4473
Repetition Start
 3885 12602 -4635
 4301 15789 -6119
 5277 17132 -6260
 5047 16139 -6708
 5097 13190 -5859
 7632 14796 51
 7140 16095 1423
 9006 17929 2293
 6697 19004 2954
 7381 19869 4302
 8455 22089 6937
 6870 21953 6485
 8731 22101 6226
 8626 19691 5554
 9720 19345 4989
 10168 19873 -270
 7062 15655 -3223
 1230 8893 -5067
 6912 15128 -2186
 3535 11870 -4355
 3477 13615 -5323
 6205 15258 -5336
 6066 17512 -4061
 5785 15898 -4188
 5431 15958 -2815
 5410 16308 -2162
Repetition End
1
 6895 17789 -1063
 5579 15995 -1294
 5404 16005 -1774
 7156 16032 -2228
 6706 14989 -1845
 6948 16503 -3168
 7219 15992 -4647
Repetition Start
 6380 15157 -4495
 7627 14294 -4213
 5994 12726 -4442
 6493 16043 -5169
 7859 16554 -5982
 7083 15430 -6727
 4761 15218 -4461
 8121 15380 -1100
 6977 16352 2200
 5129 17043 2842
 7492 18080 2884
 8082 18889 3944
 8799 21549 6595
 10978 21661 6183
 9919 21304 6808
 9163 20763 6196
 5065 21874 6605
 5347 22568 3919
 5516 16578 -1326
 4246 7489 -4360
 4519 13417 -3425
 6230 9843 -4489
 8646 13127 -5976
 8058 15587 -4375
 8581 16747 -3951
Repetition End
1
 7285 14507 -3439
 6880 15103 -2343
 6071 17899 -1620
 5178 15467 -1049
 6390 15711 -2263
 6257 16629 -2476
 6712 16140 -2969
 3804 15215 -2976
Repetition Start
 4346 17267 -5786
 5135 16928 -6134
 4843 13684 -4630
 4196 12741 -5421
 2614 15134 -6506
 4545 15259 -8283
 6497 14826 -6841
 7500 15702 -2048
 5088 17331 -834
 7440 17080 -786
 8154 19403 2863
 7764 18001 3267
 8774 19322 5353
 8521 21601 5908
 9613 20780 6093
 7798 21245 7504
 6755 19610 7945
 8318 18668 6822
 10197 19609 4484
 8210 12385 -1081
 3462 10116 -2765
 2208 15004 -3941
 4176 12593 -2986
 2897 12452 -4441
 6390 19000 -3304
 4806 19356 -4021
 5361 16332 -3308
Repetition End
1
 3158 15657 -243
 4585 16012 -509
 7370 17432 -733
 6545 16051 -242
 6104 16089 -1243
 6449 16368 -2481
Repetition Start
 6207 16188 -2172
 6000 14895 -3131
 7902 16402 -6540
 6283 15272 -5778
 7103 13230 -5697
 6787 13417 -7003
 7030 16206 -6283
 5217 14597 -7410
 3743 14209 -3177
 8463 15271 -377
 5728 14373 2403
 5208 16273 3785
 10189 17328 6332
 8109 18851 7773
 11113 20218 8807
 13766 20170 7484
 12022 20474 8547
 10698 19487 8926
 10471 20451 6750
 9711 20641 2873
 5934 14311 -514
 4489 9483 -3194
 4934 9070 -4461
 9886 13312 -2889
 8299 14027 -4183
 7754 14121 -4486
 7624 15321 -4645
 10393 15544 -4216
 7265 15518 -4280
 6420 16259 -3131
Repetition End
1
 7637 16676 -3347
 6066 16211 -2786
 6032 16235 -3288
 6679 14300 -3069
 5701 16730 -3746
 5804 16448 -4880
Repetition Start
 4842 15695 -4657
 3896 14984 -5278
 4239 13946 -6391
 6152 15975 -6231
 3734 15413 -7250
 5663 15397 -6726
 7129 14392 -5956
 4857 13861 -1059
 8184 15965 899
 7364 17527 3131
 8992 19417 3521
 9278 20500 5469
 8349 21291 4117
 8326 22324 5569
 6710 21790 5464
 7432 19815 5347
 8795 19866 4069
 10767 20827 362
 6565 15733 -2488
 3998 7812 -5368
 5157 14733 -1574
 2367 13611 -2673
 3182 14102 -3074
 5617 15898 -3229
 3764 16704 -2908
 3154 15784 -1210
 4372 19691 -1785
 6092 17834 -1077
 6523 15189 -707
Repetition End
1
 5920 16334 -207
 5776 16212 -1139
 5814 16135 -1795
 5736 15710 -1279
 6901 16210 -2475
Repetition Start
 7895 15848 -5077
 6093 14230 -4459
 6620 13174 -5409
 6990 14010 -6920
 5387 17753 -7401
 4186 15576 -6028
 5382 12281 -1139
 6331 14322 1434
 5339 17387 3295
 7984 18012 3268
 8140 19422 4578
 6972 20012 5726
 7985 19280 5865
 8306 19711 7098
 9324 20301 6738
 10032 20416 6908
 9282 21408 6714
 8387 22482 5093
 5575 20379 722
 4439 9900 -3225
 3076 9587 -3321
 5845 9714 -3165
 5391 12779 -5467
 8171 15142 -4530
 6768 17060 -3605
 5150 15082 -2758
 6855 15812 -2730
Repetition End
1
 6789 17343 -2252
 5518 15451 -2432
 7092 15615 -2423
 4986 16118 -2282
 5241 16680 -4863
Repetition Start
 5205 15731 -5101
 3975 14445 -4715
 4240 15664 -3495
 4465 15431 -8094
 8461 17706 -7600
 6542 14521 -5344
 2405 11677 -2134
 6131 14439 632
 8155 16585 1810
 6388 16839 1738
 8536 18215 3086
 7349 18663 1884
 8938 22438 3203
 8482 22892 4432
 7120 22203 3983
 8441 20831 5788
 6600 19333 6040
 7675 17801 5962
 7869 17109 5060
 9398 18129 2704
 9076 15952 -846
 3968 9341 -3593
 4912 12972 -2015
 3111 12694 -3443
 2961 15450 -5017
 5458 18178 -3721
 4649 18716 -4676
 5876 16702 -2255
Repetition End
1
 4971 14898 -906
 7141 18581 -46
 7045 15148 -1199
 5362 15943 -1235
 6067 15995 -1456
Repetition Start
 6050 17021 -2089
 7404 16814 -4431
 6469 15569 -4016
 6389 13465 -4839
 7474 15011 -4147
 7159 15817 -6232
 6615 15337 -6997
 4765 13364 -4927
 2457 12529 -1127
 5158 15215 295
 5888 16132 2474
 7075 16296 1808
 7786 19056 2999
 8296 17537 2462
 7618 19924 6112
 7384 21247 6009
 8134 21605 6162
 8451 21918 5234
 8360 21821 5609
 6837 22322 4577
 6221 21776 1264
 4486 11684 -2006
 4193 7191 -3246
 3989 11552 -3987
 6171 13300 -5075
 8205 14161 -5542
 7243 16178 -4976
 6764 15766 -3505
 8212 16217 -3311
 4679 18253 -2570
 4868 15366 -1837
Repetition End
1
 5254 16070 -2030
 5899 17422 -4033
 4531 16463 -4951
 3868 16282 -5551
 3678 16111 -5264
 4532 14676 -5108
 2393 13865 -6127
Repetition Start
 2936 14612 -7118
 2415 14317 -6939
 4143 13517 -7427
 7313 17602 -7880
 6082 16907 328
 6947 17777 -461
 7904 18720 2306
 6234 18270 2593
 8322 20644 3550
 7956 20289 3409
 8587 20634 3797
 8354 20899 5087
 8099 19956 6041
 8841 19989 5339
 10875 20767 3668
 7809 16684 -1658
 4319 10547 -5383
 4465 9948 -5077
 2998 13329 -4473
 3425 13032 -5979
Repetition End
1
 5155 16220 -5146
 5084 15708 -5540
 5237 17000 -4561
 5231 14908 -2277
 4556 14942 -786
Repetition Start
 5340 14533 -1059
 6991 15997 -1360
 5178 16058 -1594
 6408 14041 -1781
 7059 18219 -4166
 7275 16623 -5546
 5749 14518 -4593
 7046 14468 -4601
 6359 13432 -5455
 5992 14529 -7189
 6119 14545 -5261
 2721 11712 -1392
 6585 13037 79
 8484 18518 3424
 8469 17206 3811
 9084 20679 4307
 9410 20166 5196
 9121 20400 5337
 8597 20260 5474
 8112 21510 5902
 9133 21373 4918
 6650 21764 5433
 7057 21540 3575
 5483 17652 498
 4689 10189 -1492
 3096 8562 -4356
 5646 12461 -4366
 7090 12430 -5322
 7970 18869 -5457
 3746 15534 -4852
Repetition End
1
 7130 14716 -4429
 6703 17538 -4266
 6010 17336 -2575
 5735 15811 -3081
Repetition Start
 6140 16584 -2808
 5284 15180 -3139
 7091 18460 -3350
 5274 17011 -5212
 5528 13378 -4312
 4235 13298 -3097
 3555 13662 -5061
 4271 13887 -8108
 5439 14177 -7526
 6842 15011 -1035
 4286 17436 -866
 8076 17726 914
 7959 18485 2047
 7217 18770 2479
 7228 19156 2660
 7340 20874 3732
 7153 21224 3548
 6100 22499 3709
 7032 21797 3940
 7438 20956 2595
 9030 20809 2545
 4257 16626 -4697
 3687 9832 -7821
 3802 16231 -3245
 3411 11580 -5184
 2957 13677 -6117
 4723 15227 -5319
 4363 17071 -5200
Repetition End
1
 5568 15963 -3339
 5472 16370 -2412
 6367 15648 -2298
Repetition Start
 5861 16850 -612
 7172 17171 -1100
 6883 15524 -499
 5743 16623 -1953
 6192 16941 -2583
 6292 16657 -2902
 6222 16906 -2838
 5876 16911 -2373
 6032 16819 -2926
 6274 16574 -3034
 5887 17103 -3159
 6192 16830 -2955
 6323 16720 -2606
 6397 16389 -2811
 6304 16469 -2491
 6668 16549 -2621
 6723 16439 -2950
 6511 16626 -3105
 6518 16475 -3097
