Repetition start
0.927429199219
0.783081054688
0.862976074219
0.8408203125
0.974548339844
1.24188232422
1.69146728516
1.89581298828
1.90747070312
2.03686523438
2.15838623047
2.23846435547
1.73754882812
0.858764648438
1.73583984375
0.986328125
1.00531005859
1.12579345703
1.44372558594
1.10974121094
Repetition end
1
Repetition start
0.947387695312
0.85791015625
1.1650390625
1.08068847656
1.28948974609
1.60357666016
1.53552246094
1.57019042969
1.62841796875
1.64819335938
2.00848388672
1.896484375
1.82165527344
1.87725830078
1.2998046875
1.0869140625
0.723327636719
1.13751220703
1.00018310547
1.046875
Repetition end
1
Repetition start
1.08380126953
1.03729248047
1.07452392578
0.891906738281
0.842224121094
1.41680908203
1.51196289062
1.66717529297
1.84759521484
1.94781494141
1.85791015625
1.88226318359
1.70599365234
0.704040527344
0.749389648438
0.892272949219
1.16687011719
1.06903076172
1.14801025391
1.19903564453
Repetition end
1
Repetition start
0.991821289062
0.850158691406
0.856079101562
0.408569335938
0.579467773438
1.28454589844
0.997192382812
1.427734375
1.40557861328
1.59014892578
1.58233642578
1.72760009766
1.89294433594
1.72741699219
1.09967041016
0.875061035156
1.07952880859
0.959167480469
1.11364746094
0.980590820312
Repetition end
1
Repetition start
1.24749755859
1.02410888672
0.707885742188
0.698364257812
0.978454589844
0.742492675781
1.33428955078
1.71185302734
1.76495361328
1.8583984375
2.10327148438
1.89849853516
1.83605957031
1.73077392578
0.705322265625
0.766052246094
0.941040039062
1.06591796875
1.18835449219
1.13903808594
Repetition end
1
Repetition start
0.836730957031
0.705139160156
0.645202636719
0.643615722656
1.25897216797
1.31610107422
1.37030029297
1.67816162109
1.96051025391
2.05541992188
2.02703857422
1.85247802734
1.84893798828
1.84912109375
1.62036132812
0.420959472656
0.832885742188
1.27923583984
1.04632568359
1.21075439453
Repetition end
1
Repetition start
1.06597900391
1.14428710938
0.941833496094
0.928039550781
0.919067382812
0.986328125
0.704345703125
0.517272949219
1.37860107422
1.65484619141
2.07611083984
2.06817626953
1.91235351562
1.87982177734
1.79437255859
0.670043945312
0.856384277344
1.08349609375
1.20904541016
1.17547607422
Repetition end
1
Repetition start
1.04119873047
0.80029296875
0.784484863281
0.7099609375
1.21990966797
1.21771240234
1.52282714844
1.67724609375
1.86218261719
2.01184082031
1.82733154297
1.44677734375
1.43768310547
0.930419921875
0.494750976562
1.28179931641
0.923217773438
0.90087890625
1.01708984375
0.974853515625
Repetition end
1
Repetition start
1.08099365234
1.10998535156
0.959045410156
0.925354003906
0.796081542969
0.647705078125
1.37426757812
1.58709716797
1.57513427734
1.59844970703
1.80249023438
1.82598876953
1.71649169922
1.85180664062
0.462707519531
0.667175292969
1.01391601562
1.07012939453
1.15032958984
1.20288085938
Repetition end
1
Repetition start
1.10064697266
0.865844726562
0.801147460938
0.568115234375
0.735412597656
0.992431640625
1.40771484375
1.47174072266
1.69995117188
1.84411621094
1.95306396484
2.01599121094
1.84136962891
2.03625488281
0.575927734375
1.25848388672
1.07019042969
1.33697509766
1.22613525391
1.23559570312
Repetition end
1
Repetition start
1.11810302734
0.972290039062
0.83447265625
0.769226074219
1.67156982422
1.47338867188
1.78033447266
1.83111572266
2.02514648438
2.17218017578
1.99884033203
1.92193603516
1.77276611328
1.78460693359
1.64752197266
0.656799316406
0.88671875
0.836608886719
1.09130859375
1.13989257812
Repetition end
1
Repetition start
1.00079345703
1.01257324219
0.829406738281
0.775329589844
0.677062988281
1.18865966797
1.30828857422
1.57531738281
1.53381347656
1.68408203125
1.74731445312
1.96868896484
1.90472412109
1.89251708984
1.84552001953
1.087890625
0.3984375
0.719848632812
1.07104492188
1.05822753906
Repetition end
1
Repetition start
1.13665771484
1.08148193359
0.983215332031
0.943542480469
0.959655761719
0.88916015625
0.958557128906
1.47021484375
1.61529541016
1.89459228516
2.10565185547
2.07104492188
1.90563964844
1.24548339844
0.914978027344
0.796203613281
0.836669921875
1.0908203125
1.07403564453
1.20025634766
Repetition end
1
Repetition start
0.792541503906
0.744384765625
0.815185546875
0.592956542969
0.821533203125
1.35266113281
1.26257324219
1.623046875
1.50701904297
1.92700195312
1.97216796875
1.88153076172
1.88256835938
1.92517089844
0.96484375
0.620849609375
0.997131347656
1.10711669922
1.19317626953
1.11315917969
Repetition end
1
Repetition start
0.922485351562
0.897521972656
0.90771484375
0.7275390625
1.06860351562
1.13000488281
1.36828613281
1.71734619141
1.77453613281
1.80072021484
1.78814697266
1.85327148438
1.75671386719
1.56982421875
0.851135253906
0.348876953125
0.727233886719
1.00915527344
1.04302978516
1.12634277344
Repetition end
1
Repetition start
0.978698730469
0.952514648438
0.54296875
1.28405761719
1.17169189453
1.43841552734
1.57446289062
1.56866455078
1.76446533203
1.89532470703
1.89715576172
1.83508300781
1.90277099609
1.77941894531
1.85754394531
0.900329589844
0.379089355469
0.694030761719
1.11126708984
0.997131347656
Repetition end
1
Repetition start
1.173828125
1.01898193359
0.969116210938
0.750732421875
0.855590820312
2.00933837891
2.04132080078
2.08203125
2.01171875
2.05810546875
1.96319580078
1.64630126953
1.10906982422
0.559753417969
0.397644042969
0.758422851562
0.737548828125
0.924377441406
1.12799072266
0.989013671875
Repetition end
1
Repetition start
0.540893554688
0.52294921875
0.344787597656
1.14672851562
0.953247070312
1.36859130859
1.3984375
1.56781005859
1.80450439453
1.94580078125
1.88452148438
1.68005371094
1.58013916016
1.11602783203
1.61767578125
0.678588867188
0.668090820312
1.22265625
1.23529052734
1.25866699219
Repetition end
1
Repetition start
0.731872558594
1.00500488281
1.37359619141
1.498046875
1.41479492188
1.60614013672
1.69958496094
2.04064941406
1.92272949219
1.95318603516
1.66888427734
0.882019042969
0.404968261719
0.920104980469
0.862915039062
1.25457763672
1.29333496094
1.2841796875
1.15515136719
1.33929443359
Repetition end
1
Repetition start
0.869018554688
0.759887695312
0.506286621094
0.6123046875
0.803833007812
1.53887939453
1.62261962891
1.52624511719
1.61889648438
1.76654052734
1.76165771484
1.60266113281
1.13787841797
0.721496582031
0.713623046875
0.651000976562
1.11102294922
0.849609375
1.18963623047
1.15283203125
Repetition end
1
Repetition start
1.05010986328
0.999206542969
0.953125
0.896423339844
0.860595703125
1.02777099609
1.3818359375
1.38653564453
1.65185546875
1.77850341797
1.798828125
1.71771240234
1.66400146484
0.428771972656
0.753051757812
0.9599609375
1.13256835938
1.06549072266
1.25378417969
1.52813720703
Repetition end
1
Repetition start
1.02160644531
0.897216796875
0.862976074219
0.725036621094
0.770385742188
0.771423339844
0.829650878906
1.33935546875
1.46807861328
1.46868896484
1.58605957031
1.73596191406
1.72845458984
1.85815429688
1.63671875
1.53009033203
0.775451660156
0.828857421875
0.835998535156
0.966186523438
Repetition end
1
Repetition start
1.17657470703
1.12329101562
1.17010498047
1.11840820312
1.07971191406
0.821228027344
0.742004394531
0.823852539062
0.533752441406
1.57507324219
1.70135498047
1.86676025391
1.42425537109
0.556701660156
0.515258789062
0.601928710938
0.737365722656
0.932495117188
0.843933105469
0.990478515625
Repetition end
1
Repetition start
0.709716796875
0.688232421875
0.660522460938
0.596008300781
0.567565917969
1.06170654297
0.913757324219
1.32867431641
1.52825927734
1.60424804688
1.69281005859
1.93127441406
1.75732421875
1.76678466797
1.62463378906
0.789672851562
0.322143554688
0.777587890625
0.91357421875
1.17816162109
Repetition end
1
Repetition start
1.10229492188
1.11889648438
0.9619140625
0.729370117188
0.756469726562
0.679260253906
0.906433105469
1.09948730469
1.36950683594
1.56121826172
1.69512939453
1.80267333984
1.89672851562
1.83361816406
1.22338867188
0.329223632812
0.6943359375
0.80419921875
1.32843017578
0.837280273438
Repetition end
1
Repetition start
0.934753417969
0.944702148438
0.841735839844
0.816528320312
0.67431640625
0.642150878906
0.580017089844
1.25640869141
1.69378662109
1.57495117188
1.81683349609
1.83514404297
1.94787597656
1.88873291016
1.71868896484
1.63293457031
1.50250244141
0.533203125
0.981811523438
0.781799316406
Repetition end
1
Repetition start
1.03955078125
1.08508300781
0.779052734375
0.901672363281
0.72021484375
1.44647216797
1.537109375
1.92535400391
1.9189453125
1.82354736328
1.79180908203
1.84979248047
1.75231933594
1.02056884766
0.345336914062
0.745239257812
0.644226074219
1.03344726562
1.02661132812
0.9091796875
Repetition end
1
Repetition start
0.896423339844
0.904479980469
0.741088867188
0.701110839844
0.493835449219
0.967468261719
1.19506835938
1.54992675781
1.72680664062
1.88543701172
1.74957275391
1.82836914062
1.60968017578
1.61975097656
1.70141601562
0.14697265625
0.9931640625
0.634033203125
0.994812011719
0.916076660156
Repetition end
1
Repetition start
1.18676757812
1.08367919922
0.967468261719
1.15411376953
0.837768554688
0.778137207031
0.968078613281
1.48468017578
1.59100341797
1.69281005859
1.90692138672
1.62353515625
0.879760742188
0.694458007812
0.615173339844
0.728759765625
1.05487060547
1.07312011719
0.962036132812
0.875244140625
Repetition end
1
Repetition start
1.06317138672
0.724304199219
0.654296875
0.468322753906
0.708129882812
0.963256835938
1.40698242188
1.82086181641
1.95062255859
1.83337402344
1.71539306641
1.64031982422
1.71221923828
1.69219970703
1.13610839844
-0.0297241210938
1.18841552734
0.756591796875
1.12994384766
1.02697753906
Repetition end
1
Repetition start
0.877319335938
0.854919433594
0.747863769531
0.885375976562
0.545166015625
1.26043701172
1.44482421875
1.39202880859
1.73541259766
2.00268554688
1.78826904297
1.82537841797
1.75927734375
1.53387451172
0.3408203125
0.664733886719
0.676147460938
0.936706542969
1.30950927734
0.901611328125
Repetition end
1
Repetition start
1.10943603516
1.07165527344
0.870422363281
0.852111816406
0.747131347656
0.555480957031
1.06262207031
1.24932861328
1.62683105469
1.60461425781
1.95520019531
1.865234375
1.80316162109
0.931335449219
0.3017578125
0.853637695312
0.887451171875
1.11614990234
1.27478027344
1.11193847656
Repetition end
1
Repetition start
0.981811523438
0.979370117188
0.667175292969
0.839599609375
0.8359375
0.818054199219
1.32305908203
1.53967285156
1.63293457031
1.73303222656
1.88580322266
1.703125
1.77209472656
1.82696533203
0.564575195312
0.596374511719
0.720825195312
1.08959960938
0.872680664062
1.11895751953
Repetition end
1
Repetition start
0.959716796875
0.618347167969
0.441650390625
0.524353027344
0.442504882812
0.922424316406
1.04412841797
1.50024414062
1.49127197266
1.91583251953
1.98590087891
1.72344970703
1.75433349609
0.460571289062
1.29968261719
0.738708496094
0.70751953125
0.9189453125
0.977844238281
0.972351074219
Repetition end
1
Repetition start
0.883239746094
1.03137207031
0.938049316406
0.855041503906
0.908508300781
0.74267578125
0.486389160156
1.49969482422
1.86517333984
2.08441162109
1.9404296875
1.80920410156
1.68310546875
0.72607421875
0.736022949219
0.844543457031
0.916320800781
1.04150390625
1.08148193359
1.16925048828
Repetition end
1
Repetition start
1.072265625
1.150390625
0.522644042969
0.762390136719
0.54638671875
0.592834472656
0.667724609375
1.46630859375
1.70465087891
1.75085449219
1.82165527344
1.91064453125
1.82379150391
0.854858398438
0.0609741210938
1.25164794922
0.361450195312
0.705261230469
0.863525390625
1.09246826172
Repetition end
1
Repetition start
1.04168701172
0.932983398438
0.806823730469
0.704956054688
0.988098144531
1.37890625
1.79962158203
1.92364501953
1.99377441406
1.86077880859
1.72064208984
0.878173828125
0.668640136719
0.750549316406
0.839294433594
0.915710449219
1.14489746094
1.18804931641
1.01770019531
1.0634765625
Repetition end
1
Repetition start
1.025390625
0.76904296875
0.83203125
1.10247802734
1.06768798828
1.58898925781
1.82086181641
1.86291503906
1.97497558594
1.93127441406
2.08770751953
1.84588623047
1.77215576172
1.65093994141
0.860717773438
0.412048339844
1.13366699219
0.686584472656
1.12469482422
1.09991455078
Repetition end
1
Repetition start
0.872680664062
0.966247558594
0.5888671875
1.02807617188
0.505859375
1.24365234375
1.23687744141
1.40667724609
1.83636474609
1.96551513672
2.22570800781
1.95422363281
1.81628417969
1.86419677734
0.6171875
0.427307128906
0.817993164062
0.865661621094
1.07611083984
1.15020751953
Repetition end
1
Repetition start
0.858581542969
0.730590820312
0.546081542969
0.513916015625
0.884643554688
0.632080078125
0.998474121094
1.47021484375
1.82879638672
1.9560546875
2.03955078125
1.73968505859
1.75909423828
1.51062011719
1.32019042969
0.629333496094
1.0478515625
0.980590820312
1.09576416016
1.34057617188
Repetition end
1
Repetition start
0.901550292969
0.665222167969
0.53857421875
0.641357421875
1.11022949219
1.47137451172
1.60052490234
1.67321777344
1.87237548828
1.93597412109
1.91271972656
1.85784912109
1.10162353516
0.709350585938
0.619445800781
0.672790527344
0.666809082031
0.859619140625
1.09014892578
0.967834472656
Repetition end
1
Repetition start
0.722900390625
0.636901855469
1.04205322266
1.41052246094
1.56536865234
1.74456787109
1.73529052734
1.89410400391
1.9560546875
1.96942138672
1.85510253906
1.82177734375
1.70538330078
1.66217041016
1.55963134766
1.15081787109
0.868530273438
0.657531738281
0.691223144531
0.917114257812
Repetition end
1
Repetition start
0.978332519531
0.892211914062
0.614807128906
1.00604248047
0.674072265625
1.10919189453
1.24591064453
1.44372558594
1.70916748047
1.88244628906
1.92266845703
1.96234130859
1.91363525391
1.89739990234
1.85424804688
0.633911132812
0.705017089844
0.933349609375
1.19506835938
0.908874511719
Repetition end
1
Repetition start
1.15679931641
1.07135009766
0.736877441406
0.822204589844
1.1162109375
0.828857421875
1.58843994141
1.822265625
1.68719482422
1.74713134766
1.80322265625
1.72265625
1.84423828125
1.92468261719
0.618041992188
0.752563476562
0.64501953125
0.706665039062
0.957153320312
0.990966796875
Repetition end
1
Repetition start
1.00604248047
1.14727783203
1.05212402344
0.85693359375
0.891418457031
0.776489257812
1.24298095703
1.79956054688
1.78308105469
2.07165527344
1.86529541016
2.03564453125
1.04772949219
0.370361328125
0.886901855469
0.578918457031
1.0625
1.07391357422
1.09167480469
1.13952636719
Repetition end
1
Repetition start
1.01251220703
0.970336914062
0.822937011719
0.624206542969
0.509765625
0.844482421875
1.55810546875
1.42303466797
1.763671875
1.81195068359
2.03265380859
1.93389892578
2.08087158203
1.81860351562
1.72271728516
0.27978515625
0.627563476562
0.697692871094
0.672790527344
0.887878417969
Repetition end
1
Repetition start
1.13262939453
1.06518554688
0.870849609375
0.990844726562
0.881896972656
0.60009765625
0.774475097656
0.628540039062
1.61401367188
1.79602050781
1.96826171875
1.86474609375
1.8671875
1.82171630859
1.86437988281
0.488159179688
0.8154296875
0.682800292969
0.946350097656
1.30645751953
Repetition end
1
Repetition start
1.32843017578
1.07379150391
1.14050292969
1.15643310547
0.77978515625
0.976684570312
1.00897216797
1.21984863281
1.54998779297
1.92565917969
1.88885498047
1.79968261719
1.70208740234
1.7890625
1.67144775391
1.59124755859
0.768005371094
0.560546875
0.706481933594
1.07403564453
Repetition end
1
Repetition start
1.25872802734
1.09991455078
1.17901611328
1.03594970703
0.786682128906
1.00408935547
0.818908691406
1.14617919922
1.27941894531
1.86303710938
1.95910644531
2.22021484375
2.20129394531
1.78802490234
1.50366210938
0.834045410156
0.565124511719
1.20825195312
1.51348876953
1.54144287109
Repetition end
1
Repetition start
1.04437255859
0.915161132812
0.669799804688
0.614196777344
1.47961425781
0.772583007812
1.59973144531
1.55218505859
1.90625
2.14050292969
1.98010253906
1.93768310547
1.80200195312
1.86572265625
0.983703613281
0.219360351562
0.817626953125
0.894348144531
1.07244873047
1.09234619141
Repetition end
1
Repetition start
1.13513183594
1.12451171875
1.21087646484
0.905700683594
0.910339355469
0.588928222656
0.689086914062
0.695556640625
0.999877929688
1.17535400391
1.65881347656
1.64392089844
1.89056396484
1.86334228516
0.487976074219
0.669250488281
0.649658203125
1.02728271484
1.14672851562
1.21020507812
Repetition end
1
Repetition start
1.18395996094
1.23150634766
0.912414550781
0.653198242188
0.515502929688
0.831726074219
0.60302734375
1.09509277344
1.27185058594
2.01611328125
1.7490234375
1.97442626953
1.80450439453
1.69854736328
0.806213378906
0.548217773438
1.62072753906
0.443298339844
1.04400634766
1.14727783203
Repetition end
1
Repetition start
1.03674316406
1.15277099609
0.775756835938
0.69580078125
0.634094238281
0.912719726562
1.66876220703
1.88439941406
1.91979980469
2.07116699219
2.08056640625
2.20422363281
2.00366210938
1.74407958984
0.730224609375
0.808288574219
1.08715820312
1.07360839844
1.28338623047
1.33599853516
Repetition end
1
Repetition start
1.05096435547
0.963317871094
0.780212402344
1.08154296875
1.54614257812
1.60583496094
1.99755859375
1.95715332031
2.10095214844
1.97454833984
1.97796630859
1.87591552734
0.98046875
0.479431152344
0.770812988281
0.989929199219
0.927551269531
1.02917480469
0.919250488281
1.09454345703
Repetition end
1
Repetition start
1.06127929688
0.964599609375
0.982116699219
0.861145019531
0.714416503906
0.690795898438
0.716796875
1.42010498047
1.52642822266
1.69195556641
2.09130859375
2.01239013672
1.91149902344
1.83215332031
1.51422119141
0.480895996094
0.661499023438
1.10009765625
1.04681396484
1.09552001953
Repetition end
1
Repetition start
0.897399902344
0.808227539062
0.897888183594
0.679748535156
1.01361083984
1.3798828125
1.74890136719
1.62615966797
1.99102783203
1.98315429688
1.61578369141
0.0189819335938
1.38610839844
0.834716796875
0.763305664062
0.984741210938
0.927368164062
0.864929199219
0.860961914062
1.00897216797
Repetition end
1
Repetition start
1.10266113281
0.93505859375
0.771850585938
0.769104003906
0.708251953125
1.48327636719
1.26782226562
1.64672851562
1.69152832031
1.69787597656
1.84490966797
2.01043701172
2.07495117188
1.24139404297
0.535400390625
0.617004394531
1.04522705078
0.913391113281
1.01342773438
1.13488769531
Repetition end
1
Repetition start
1.05755615234
0.926452636719
0.743835449219
0.676940917969
0.929626464844
1.68823242188
1.89666748047
1.8671875
1.88787841797
1.89868164062
1.92785644531
2.03564453125
0.400207519531
0.6171875
0.588195800781
0.763488769531
1.0087890625
1.19140625
1.15203857422
1.13629150391
Repetition end
1
Repetition start
1.08184814453
0.666015625
1.11901855469
1.12219238281
1.69708251953
1.82647705078
1.99371337891
2.00189208984
1.99945068359
1.97137451172
1.97375488281
1.9404296875
1.08032226562
0.637817382812
0.849243164062
0.809448242188
0.807556152344
0.989196777344
1.15319824219
1.12866210938
Repetition end
1
Repetition start
0.775634765625
0.992614746094
0.769958496094
0.513549804688
0.496337890625
0.722473144531
1.29278564453
1.50408935547
1.578125
1.59252929688
1.75964355469
1.88037109375
2.0361328125
1.99194335938
0.280151367188
0.765197753906
0.561584472656
1.11181640625
1.32537841797
1.00634765625
Repetition end
1
Repetition start
1.1298828125
1.16156005859
1.04107666016
0.728759765625
0.831665039062
0.783142089844
1.51275634766
1.83734130859
1.85675048828
2.01892089844
2.05023193359
1.85870361328
1.95251464844
1.79827880859
1.07562255859
0.921020507812
1.07537841797
1.17218017578
1.27856445312
1.16088867188
Repetition end
1
Repetition start
0.734313964844
0.54443359375
0.724426269531
0.595703125
1.31982421875
1.36199951172
1.84539794922
2.03497314453
2.01458740234
2.025390625
2.06219482422
1.68225097656
1.67395019531
0.401123046875
1.01550292969
0.558837890625
1.11810302734
1.01776123047
1.27026367188
1.05285644531
Repetition end
1
Repetition start
1.00177001953
1.01037597656
0.888366699219
0.8798828125
0.876403808594
0.741333007812
0.99365234375
1.34936523438
1.77124023438
2.06616210938
2.04858398438
1.96606445312
1.92364501953
1.46221923828
0.465881347656
0.685485839844
1.01550292969
1.07952880859
1.48980712891
0.81005859375
Repetition end
1
Repetition start
0.862243652344
0.713256835938
0.686279296875
0.570129394531
1.03930664062
1.13763427734
1.37976074219
1.72039794922
1.9384765625
2.15728759766
2.22326660156
2.07452392578
1.94439697266
1.05432128906
0.392639160156
1.31707763672
1.00695800781
1.00268554688
1.12451171875
1.12017822266
Repetition end
1
Repetition start
1.12780761719
0.984436035156
0.911193847656
0.849548339844
0.759826660156
0.655212402344
0.966125488281
0.416320800781
1.23596191406
1.12976074219
1.40509033203
1.45690917969
1.98712158203
2.1640625
2.36578369141
1.96069335938
1.65911865234
0.465515136719
0.939697265625
0.916564941406
Repetition end
1
Repetition start
1.25109863281
1.28674316406
1.04241943359
1.09729003906
0.844909667969
0.739868164062
0.707580566406
0.672485351562
1.13494873047
1.45880126953
1.66925048828
1.83233642578
1.94055175781
1.79858398438
1.7373046875
0.280151367188
1.11511230469
0.535583496094
0.941284179688
0.882629394531
Repetition end
1
Repetition start
1.00982666016
0.850158691406
0.852783203125
0.700256347656
1.03216552734
1.25830078125
1.61090087891
1.70294189453
1.90441894531
2.08880615234
2.28979492188
2.16052246094
2.19146728516
2.05633544922
2.03833007812
2.10327148438
1.33197021484
0.66357421875
0.726196289062
1.34533691406
Repetition end
1
Repetition start
1.25158691406
0.943359375
0.727111816406
0.60302734375
0.893127441406
0.846008300781
0.744567871094
1.29382324219
2.08966064453
1.88330078125
1.93756103516
1.95959472656
2.06994628906
1.99114990234
1.94879150391
0.974243164062
0.180725097656
0.487121582031
1.02923583984
1.16137695312
Repetition end
1
Repetition start
1.20916748047
0.97119140625
0.891906738281
0.792846679688
0.863830566406
0.482666015625
1.34466552734
1.64300537109
1.95092773438
1.98822021484
2.1962890625
2.13317871094
1.79620361328
0.473388671875
0.60546875
0.931091308594
0.763000488281
1.25830078125
1.23596191406
1.23492431641
Repetition end
1
Repetition start
0.816833496094
0.769714355469
0.707824707031
0.6162109375
0.371154785156
0.509887695312
1.57312011719
1.73565673828
1.93841552734
1.97375488281
1.93969726562
1.95721435547
2.07196044922
1.90905761719
1.59356689453
0.662841796875
1.01788330078
0.935668945312
1.21960449219
1.05377197266
Repetition end
1
Repetition start
1.08227539062
0.85986328125
0.825378417969
0.933044433594
0.72412109375
0.574584960938
1.10168457031
1.59381103516
1.794921875
1.82781982422
2.12396240234
2.19964599609
1.98486328125
1.90081787109
0.512878417969
0.803833007812
1.03302001953
1.04272460938
0.959045410156
1.38317871094
Repetition end
1
Repetition start
1.15490722656
0.898681640625
0.902709960938
0.802429199219
0.711242675781
0.512634277344
0.576416015625
0.817626953125
1.82849121094
1.36389160156
1.72015380859
1.8701171875
2.16937255859
1.99377441406
1.70263671875
2.00457763672
0.718505859375
0.288635253906
1.00030517578
0.977294921875
Repetition end
1
Repetition start
1.22863769531
1.25872802734
1.23376464844
0.983703613281
0.873901367188
0.493286132812
0.886779785156
1.6474609375
1.71081542969
1.97137451172
2.04791259766
1.98333740234
2.00799560547
1.31262207031
0.486389160156
0.501586914062
0.735046386719
0.778625488281
0.972717285156
1.2734375
Repetition end
1
Repetition start
1.21362304688
1.19104003906
1.62628173828
0.905212402344
0.430908203125
0.76904296875
1.35668945312
1.57843017578
1.740234375
1.72546386719
1.83648681641
1.93884277344
1.78552246094
1.57305908203
0.967102050781
1.12219238281
0.62841796875
0.805786132812
0.912475585938
1.02252197266
Repetition end
1
Repetition start
0.998840332031
0.695556640625
0.893127441406
0.930480957031
0.801452636719
0.909973144531
1.31469726562
2.21514892578
2.19653320312
2.02478027344
1.85333251953
1.84313964844
1.44366455078
0.655944824219
0.325012207031
0.851806640625
0.774169921875
0.885498046875
1.0068359375
0.928833007812
Repetition end
1
Repetition start
1.00915527344
0.980346679688
0.895141601562
0.601806640625
0.667419433594
0.480407714844
0.945129394531
1.68560791016
1.77526855469
2.22967529297
2.19061279297
2.07122802734
1.73046875
1.53692626953
1.56115722656
1.33959960938
0.90673828125
0.955749511719
1.04315185547
0.950439453125
Repetition end
1
Repetition start
1.26440429688
1.37194824219
1.05755615234
1.03582763672
0.795227050781
0.772521972656
0.553649902344
0.761413574219
0.325073242188
2.32739257812
2.43890380859
2.240234375
2.00378417969
0.543212890625
0.768737792969
0.950256347656
0.986450195312
1.23767089844
1.61462402344
1.39971923828
Repetition end
1
Repetition start
0.801818847656
0.670837402344
0.656616210938
0.583984375
0.595642089844
0.68701171875
1.16448974609
1.74157714844
2.08728027344
2.0478515625
1.94451904297
1.86383056641
1.78430175781
0.77294921875
-0.0093994140625
1.36883544922
0.520874023438
0.594299316406
1.28741455078
1.47790527344
Repetition end
1
Repetition start
0.829406738281
0.926879882812
0.772033691406
0.711730957031
0.530517578125
1.18798828125
1.822265625
1.85339355469
2.00280761719
1.97418212891
2.01708984375
1.90899658203
1.68835449219
0.89794921875
0.418212890625
0.711059570312
0.894287109375
0.50830078125
0.908996582031
1.03375244141
Repetition end
1
Repetition start
0.990112304688
1.0341796875
0.766052246094
0.416870117188
0.7158203125
0.904174804688
0.817199707031
1.53991699219
1.40850830078
1.97985839844
1.93933105469
1.79559326172
1.75384521484
1.48626708984
0.635620117188
0.52294921875
0.861206054688
0.608642578125
0.902099609375
1.33251953125
Repetition end
1
Repetition start
1.07409667969
1.08325195312
1.08154296875
1.02124023438
0.925170898438
0.874877929688
0.765991210938
0.613037109375
1.40930175781
1.75872802734
1.95727539062
2.20343017578
1.99645996094
2.01342773438
1.23693847656
0.379516601562
0.971313476562
0.916748046875
0.906799316406
1.13885498047
Repetition end
1
Repetition start
1.29321289062
1.16357421875
0.9287109375
0.728698730469
0.676574707031
0.767456054688
0.527954101562
0.789733886719
1.49786376953
2.16241455078
1.90637207031
2.00415039062
1.81512451172
1.46551513672
0.94970703125
-0.163696289062
1.44848632812
1.04730224609
1.03887939453
1.140625
Repetition end
1
Repetition start
1.22229003906
1.18719482422
1.13348388672
1.04840087891
0.985961914062
0.984558105469
0.815856933594
0.701049804688
0.70703125
1.27911376953
1.50238037109
1.80163574219
2.10760498047
2.08807373047
1.91290283203
1.93463134766
1.33343505859
0.917236328125
0.579650878906
1.24407958984
Repetition end
1
Repetition start
0.794494628906
0.704772949219
0.678894042969
0.673400878906
0.624938964844
0.790893554688
1.43572998047
1.80963134766
2.02899169922
1.82019042969
1.81109619141
0.426940917969
0.467529296875
0.787963867188
0.880065917969
1.05065917969
1.11322021484
1.3291015625
1.21417236328
1.37512207031
Repetition end
1
Repetition start
1.06927490234
0.941040039062
0.679504394531
1.40093994141
1.44714355469
1.57971191406
1.81372070312
2.04119873047
2.05865478516
1.81384277344
1.84893798828
1.51104736328
0.212646484375
0.823852539062
0.49755859375
0.947814941406
1.17590332031
0.948608398438
1.16705322266
1.42205810547
Repetition end
1
Repetition start
1.00415039062
0.935607910156
0.833801269531
0.725952148438
0.690063476562
0.548706054688
1.56793212891
1.79644775391
1.904296875
1.82641601562
1.87438964844
1.81597900391
1.66815185547
0.423828125
0.801147460938
0.75927734375
0.896728515625
1.00408935547
0.968078613281
0.937866210938
Repetition end
1
Repetition start
1.09881591797
1.24884033203
0.99169921875
0.81640625
0.981567382812
0.810119628906
0.597412109375
0.812622070312
1.25726318359
1.59490966797
1.93609619141
1.97314453125
1.84088134766
2.03405761719
1.74633789062
0.674377441406
0.836242675781
0.88720703125
1.36071777344
1.28436279297
Repetition end
1
Repetition start
1.17950439453
0.937927246094
0.9013671875
0.778259277344
0.682434082031
0.612121582031
0.801025390625
0.706420898438
1.08416748047
1.51788330078
1.50738525391
1.7998046875
1.669921875
1.96423339844
1.92907714844
1.82409667969
1.85284423828
1.53839111328
0.646606445312
1.17242431641
Repetition end
1
Repetition start
0.985717773438
1.27978515625
0.797729492188
0.595397949219
0.852233886719
1.50958251953
1.35919189453
1.55993652344
1.58251953125
1.97723388672
1.89068603516
1.85565185547
1.87139892578
1.44348144531
0.747375488281
0.497375488281
0.590454101562
0.722290039062
0.816467285156
0.944763183594
Repetition end
1
Repetition start
1.07928466797
0.972534179688
0.678649902344
0.361083984375
0.800964355469
1.30419921875
1.51666259766
1.53314208984
1.74957275391
1.70007324219
1.96527099609
1.98657226562
1.83276367188
1.76031494141
0.625854492188
0.860473632812
1.14270019531
0.910766601562
0.875366210938
1.47113037109
Repetition end
1
Repetition start
1.0185546875
0.933654785156
0.854797363281
0.806945800781
0.672668457031
0.800476074219
0.667785644531
0.706909179688
1.13293457031
1.27655029297
1.58648681641
1.99353027344
1.98706054688
1.76953125
1.02313232422
0.648010253906
0.662048339844
0.951171875
1.09393310547
1.33013916016
Repetition end
1
Repetition start
1.30828857422
0.930603027344
0.856262207031
0.812622070312
0.379272460938
1.58795166016
1.50714111328
1.53997802734
1.68383789062
1.81866455078
1.8486328125
1.84271240234
1.72344970703
1.10711669922
1.36865234375
0.848754882812
1.04931640625
1.02862548828
1.08123779297
1.13079833984
Repetition end
1
Repetition start
0.830688476562
1.05609130859
0.753723144531
0.748779296875
1.15948486328
1.3916015625
1.41119384766
1.81567382812
1.80187988281
1.95629882812
1.98693847656
1.84594726562
1.94281005859
0.443542480469
0.762939453125
0.597595214844
0.734130859375
0.90673828125
0.947082519531
1.01525878906
Repetition end
1
Repetition start
1.17602539062
1.19396972656
1.04486083984
0.796142578125
0.655090332031
0.479125976562
0.39111328125
1.21740722656
1.66204833984
1.58715820312
1.93243408203
1.97229003906
1.91906738281
1.83654785156
1.84344482422
1.78594970703
0.547058105469
0.383361816406
0.906677246094
1.19537353516
Repetition end
1
Repetition start
1.18920898438
1.07061767578
1.22381591797
0.967529296875
0.958312988281
0.847412109375
0.856567382812
2.23974609375
2.16912841797
2.13580322266
2.04620361328
2.00598144531
2.20104980469
1.28271484375
0.648010253906
0.591430664062
1.0712890625
0.982543945312
1.02667236328
1.41339111328
Repetition end
1
Repetition start
1.03369140625
0.98486328125
0.798400878906
0.800170898438
0.512573242188
0.428833007812
1.00164794922
1.66339111328
1.93402099609
2.00189208984
2.12390136719
1.98950195312
1.95782470703
1.91583251953
1.62573242188
1.84118652344
1.10845947266
0.717895507812
0.577697753906
1.18237304688
Repetition end
1
Repetition start
1.11511230469
0.973327636719
1.06866455078
0.973815917969
0.854064941406
0.99755859375
0.648315429688
1.04571533203
1.21783447266
1.75225830078
1.837890625
2.11083984375
2.18731689453
1.95544433594
1.86047363281
0.350952148438
0.776611328125
1.07202148438
0.721130371094
1.24786376953
Repetition end
1
Repetition start
1.11932373047
1.03332519531
1.12164306641
0.903686523438
0.760437011719
0.629272460938
0.601867675781
0.701843261719
1.23303222656
1.54235839844
1.69830322266
1.93841552734
1.69830322266
1.73712158203
1.86614990234
0.535705566406
0.593383789062
1.00231933594
0.924194335938
1.19714355469
Repetition end
1
Repetition start
1.08642578125
1.04888916016
0.969787597656
0.546203613281
0.950134277344
1.07879638672
1.59564208984
1.97821044922
1.70959472656
1.99652099609
2.29400634766
2.32720947266
2.18249511719
2.09289550781
1.6943359375
0.909240722656
0.950012207031
1.09448242188
1.07165527344
1.26049804688
Repetition end
1
Repetition start
1.08697509766
0.817749023438
0.861022949219
0.669250488281
0.612976074219
0.412353515625
1.74005126953
1.76385498047
1.91943359375
1.76025390625
1.95770263672
1.35455322266
0.5107421875
0.702270507812
0.643005371094
1.07189941406
1.08227539062
0.926574707031
1.21356201172
1.39886474609
Repetition end
1
Repetition start
0.791442871094
1.53155517578
1.39703369141
1.76861572266
1.83850097656
1.95458984375
2.12841796875
1.90032958984
1.71826171875
1.70739746094
1.82629394531
1.00469970703
0.245483398438
0.780883789062
0.602355957031
0.840148925781
0.914123535156
1.02484130859
1.03057861328
1.37152099609
Repetition end
1
Repetition start
1.25170898438
1.04028320312
0.928344726562
0.846862792969
0.526428222656
0.85302734375
1.65948486328
1.59851074219
1.90594482422
2.04162597656
2.04833984375
1.87408447266
1.86218261719
1.83331298828
1.99798583984
0.853637695312
0.518371582031
1.22253417969
1.26953125
1.0146484375
Repetition end
1
Repetition start
0.99609375
0.895324707031
0.452453613281
0.901550292969
0.841979980469
1.05316162109
1.25756835938
1.75146484375
1.84802246094
2.18487548828
1.8544921875
1.82501220703
1.53668212891
0.96337890625
0.513549804688
0.859313964844
1.01373291016
1.2109375
1.41168212891
0.971984863281
Repetition end
1
Repetition start
0.830505371094
0.979797363281
0.935852050781
0.367736816406
0.65283203125
1.40710449219
1.45849609375
1.53521728516
1.74499511719
1.59466552734
1.94708251953
1.96197509766
1.97100830078
1.91253662109
1.60150146484
0.929626464844
1.19952392578
0.713195800781
0.976318359375
1.36724853516
Repetition end
1
Repetition start
1.1904296875
1.07397460938
0.989318847656
0.825256347656
0.718444824219
1.22912597656
1.34265136719
1.57928466797
1.94903564453
2.32550048828
2.06164550781
1.96490478516
1.89794921875
1.79077148438
1.37731933594
0.468688964844
0.805541992188
1.03424072266
1.02172851562
1.0966796875
Repetition end
1
Repetition start
1.28295898438
1.12225341797
0.852294921875
0.708557128906
0.765686035156
0.484741210938
0.900146484375
1.48638916016
1.73248291016
1.82934570312
2.06182861328
2.06762695312
1.82702636719
1.68914794922
1.90710449219
1.45245361328
1.29467773438
0.764587402344
1.04510498047
0.959838867188
Repetition end
1
Repetition start
1.021484375
1.18011474609
1.01788330078
0.659851074219
1.63372802734
1.62390136719
1.79418945312
1.93823242188
2.0947265625
2.04840087891
1.88232421875
1.86688232422
1.75677490234
1.06317138672
0.4306640625
0.801879882812
0.883728027344
1.13104248047
1.04052734375
1.06945800781
Repetition end
1
Repetition start
0.987731933594
1.02490234375
0.897644042969
0.80908203125
0.723449707031
0.588012695312
1.14483642578
1.55639648438
1.63256835938
1.87371826172
2.03735351562
1.97778320312
1.806640625
2.05096435547
1.75
0.835266113281
0.30224609375
1.14508056641
1.06109619141
1.05639648438
Repetition end
1
Repetition start
1.16204833984
1.27819824219
0.840209960938
0.952026367188
0.922607421875
1.28149414062
1.85852050781
1.66711425781
1.91754150391
2.07666015625
2.22894287109
2.15014648438
1.92761230469
1.86315917969
1.45782470703
0.754089355469
0.931884765625
0.96484375
1.02630615234
1.03802490234
Repetition end
1
Repetition start
1.18939208984
1.09362792969
0.798217773438
0.916320800781
0.727111816406
0.577453613281
0.825988769531
1.70123291016
1.80834960938
2.01153564453
1.98718261719
2.01416015625
1.9580078125
2.04168701172
1.26605224609
0.424743652344
0.870483398438
0.619201660156
0.977294921875
0.580871582031
Repetition end
1
Repetition start
0.5849609375
0.924682617188
0.462219238281
0.850952148438
0.555114746094
1.31420898438
1.89044189453
2.08148193359
2.10144042969
2.14855957031
2.07196044922
1.78564453125
1.62121582031
0.420288085938
0.605224609375
0.805419921875
1.28094482422
1.40570068359
1.625
1.6015625
Repetition end
1
Repetition start
1.00311279297
1.14587402344
0.565002441406
0.363403320312
0.524291992188
0.453063964844
1.29223632812
1.88140869141
1.61645507812
1.74224853516
1.83172607422
1.88903808594
1.89447021484
0.845397949219
-0.141906738281
0.918334960938
0.512390136719
0.548278808594
0.878356933594
0.920959472656
Repetition end
1
Repetition start
1.19787597656
0.929870605469
0.935546875
0.869689941406
0.641418457031
0.722595214844
1.28839111328
1.51892089844
1.50201416016
1.64306640625
1.54968261719
1.65081787109
1.7255859375
1.72570800781
1.20422363281
0.60546875
0.866088867188
0.6865234375
0.747985839844
1.00482177734
Repetition end
1
Repetition start
0.900329589844
0.949279785156
0.7939453125
0.450927734375
0.624084472656
0.462341308594
1.90423583984
1.44348144531
1.97937011719
2.12786865234
2.20385742188
2.00915527344
1.95092773438
1.94622802734
0.338500976562
1.03869628906
0.465881347656
0.436096191406
0.770141601562
1.28912353516
Repetition end
1
Repetition start
1.08142089844
1.30291748047
1.07922363281
0.960815429688
0.868896484375
0.832702636719
1.02349853516
0.729370117188
0.479370117188
1.56665039062
1.94586181641
1.99047851562
1.95306396484
1.96875
1.90014648438
1.71697998047
0.887145996094
0.455078125
0.626403808594
0.850219726562
Repetition end
1
Repetition start
1.18524169922
1.22473144531
1.05609130859
0.978881835938
0.889404296875
0.581848144531
0.616394042969
0.487548828125
1.47283935547
1.48016357422
1.59545898438
1.70635986328
1.9755859375
1.84283447266
1.77282714844
1.77905273438
1.77667236328
1.69396972656
-0.340087890625
0.528747558594
Repetition end
1
Repetition start
1.11529541016
1.10479736328
0.985778808594
0.98291015625
0.908203125
0.795593261719
0.800964355469
0.527160644531
1.42681884766
1.59625244141
1.64801025391
1.89508056641
2.03350830078
1.94653320312
1.85455322266
1.81317138672
0.7314453125
0.6201171875
1.00970458984
1.05670166016
Repetition end
1
Repetition start
1.16522216797
1.14080810547
1.23779296875
0.952880859375
0.873168945312
0.625366210938
0.616516113281
0.705688476562
1.30627441406
1.17413330078
1.4375
1.73950195312
1.81420898438
1.92724609375
1.87475585938
1.82153320312
1.77416992188
1.51129150391
0.815673828125
0.799621582031
Repetition end
1
Repetition start
1.36486816406
1.19586181641
1.18041992188
1.14520263672
0.847839355469
1.00091552734
0.971618652344
1.10406494141
1.68127441406
1.80151367188
1.90875244141
2.00506591797
1.97491455078
1.97723388672
2.01129150391
1.63641357422
0.829650878906
0.924377441406
1.06915283203
0.907775878906
Repetition end
1
Repetition start
1.189453125
1.07202148438
1.15557861328
1.06634521484
1.14459228516
0.838500976562
0.6484375
0.48046875
1.32543945312
1.84600830078
1.89849853516
1.92919921875
1.80322265625
1.84368896484
1.94390869141
0.116027832031
1.28204345703
0.904357910156
0.799255371094
1.15216064453
Repetition end
1
Repetition start
1.27807617188
1.02239990234
0.771240234375
0.873168945312
0.642395019531
0.509826660156
0.8203125
1.11529541016
1.79345703125
1.90411376953
1.94171142578
1.93389892578
1.81549072266
1.72680664062
1.19287109375
0.484680175781
0.632141113281
0.887084960938
1.04516601562
1.27972412109
Repetition end
1
Repetition start
1.31915283203
1.47827148438
1.36895751953
0.729064941406
0.885498046875
0.723205566406
0.398376464844
1.13244628906
1.35302734375
1.44342041016
1.77087402344
1.55938720703
1.79669189453
1.81243896484
1.86401367188
1.81237792969
1.06939697266
0.376220703125
1.04339599609
0.8203125
Repetition end
1
Repetition start
1.64611816406
1.15222167969
1.16528320312
1.22637939453
0.893249511719
0.762145996094
0.833862304688
0.771179199219
0.712097167969
1.44116210938
1.70440673828
1.9228515625
2.05187988281
2.02362060547
1.94226074219
0.708312988281
0.554321289062
0.784973144531
0.959350585938
1.18957519531
Repetition end
1
Repetition start
1.26470947266
1.3203125
1.07708740234
0.768981933594
0.707824707031
0.747802734375
0.427856445312
1.29718017578
1.5771484375
1.66754150391
1.96185302734
1.91064453125
1.81884765625
1.59423828125
1.73120117188
0.727966308594
0.130737304688
1.02331542969
0.843078613281
0.781311035156
Repetition end
1
Repetition start
1.53442382812
1.17126464844
1.16656494141
1.08026123047
1.06292724609
0.832824707031
0.735107421875
0.653503417969
1.06433105469
1.27807617188
1.79254150391
1.67498779297
1.84344482422
1.93908691406
1.97589111328
1.90051269531
1.04302978516
0.787353515625
1.27020263672
1.14678955078
Repetition end
1
Repetition start
1.35296630859
1.31121826172
1.22119140625
1.18414306641
1.13842773438
0.978820800781
0.731384277344
0.558898925781
0.952392578125
1.04089355469
1.53375244141
1.81469726562
1.87518310547
1.84130859375
0.0594482421875
1.20556640625
0.71337890625
0.785827636719
1.04577636719
0.975158691406
Repetition end
1
Repetition start
1.02008056641
1.11584472656
1.00677490234
1.05993652344
0.976196289062
0.747314453125
0.715209960938
0.684326171875
0.363159179688
1.41339111328
1.70275878906
1.82452392578
1.99572753906
2.17657470703
2.02447509766
0.280029296875
0.752746582031
1.15124511719
1.37432861328
1.4619140625
Repetition end
1
Repetition start
1.40905761719
1.13519287109
1.2763671875
0.945983886719
0.906494140625
0.750732421875
0.729736328125
0.802062988281
1.52600097656
1.76672363281
1.72229003906
1.92694091797
1.822265625
1.69708251953
1.60552978516
0.625305175781
0.919677734375
1.00775146484
1.01446533203
1.22424316406
Repetition end
1
Repetition start
1.11755371094
1.08239746094
1.18225097656
0.8076171875
0.842529296875
0.91259765625
0.697875976562
0.810363769531
1.20642089844
1.24047851562
1.92883300781
2.08996582031
1.94964599609
1.87609863281
1.8740234375
1.74200439453
1.14685058594
0.388427734375
1.13140869141
1.04382324219
Repetition end
1
Repetition start
1.21881103516
1.13330078125
0.984985351562
0.446655273438
0.565124511719
1.35455322266
1.64514160156
1.74652099609
1.82012939453
1.9150390625
1.96868896484
1.8525390625
1.46118164062
0.632141113281
0.942810058594
0.630676269531
0.76025390625
1.08709716797
0.911193847656
1.08648681641
Repetition end
1
Repetition start
1.34741210938
0.788879394531
1.02801513672
0.810913085938
0.735778808594
0.593017578125
1.06909179688
0.914978027344
1.63238525391
2.09503173828
2.0146484375
1.92608642578
1.83911132812
2.10028076172
1.52673339844
0.504577636719
0.589294433594
0.841003417969
1.12585449219
1.04602050781
Repetition end
1
Repetition start
1.20220947266
1.20440673828
1.13781738281
1.16235351562
1.06048583984
0.894226074219
0.755737304688
0.558471679688
0.642883300781
0.735717773438
0.951721191406
0.963134765625
1.54010009766
1.50213623047
1.8603515625
1.73815917969
1.68157958984
1.81951904297
1.84497070312
0.749267578125
Repetition end
1
Repetition start
1.15771484375
1.16821289062
0.746948242188
0.623229980469
0.912658691406
0.580078125
0.626708984375
0.927307128906
1.50012207031
1.92041015625
1.83795166016
1.76782226562
1.62860107422
0.585632324219
0.5576171875
0.773986816406
0.68701171875
0.882080078125
0.975341796875
0.948791503906
Repetition end
1
Repetition start
1.20892333984
1.24682617188
1.25982666016
0.938659667969
0.947937011719
0.724548339844
0.586669921875
0.686157226562
0.543334960938
1.57775878906
1.93524169922
2.07971191406
1.86962890625
1.96588134766
1.83074951172
1.81591796875
1.29608154297
0.508483886719
0.606018066406
0.8857421875
Repetition end
1
Repetition start
1.23822021484
1.30517578125
1.21325683594
1.15032958984
1.24792480469
0.817565917969
0.821472167969
0.990905761719
0.640319824219
1.59680175781
1.70501708984
1.96649169922
1.974609375
1.93096923828
1.98352050781
2.04998779297
1.27288818359
0.924743652344
0.992980957031
1.11047363281
Repetition end
1
Repetition start
1.30718994141
1.23602294922
1.20141601562
0.8837890625
0.913208007812
0.87744140625
0.880004882812
0.547241210938
1.193359375
1.55340576172
1.99920654297
1.73016357422
1.65753173828
2.03729248047
1.91589355469
0.699279785156
0.259643554688
0.908813476562
0.900207519531
1.15704345703
Repetition end
1
Repetition start
1.28918457031
1.17340087891
1.04736328125
1.08428955078
1.02758789062
0.542114257812
1.09643554688
0.699401855469
0.82275390625
1.541015625
2.10186767578
2.35638427734
2.17669677734
2.06591796875
1.81365966797
0.46142578125
0.72509765625
1.07611083984
1.05718994141
0.939392089844
Repetition end
1
Repetition start
1.03649902344
1.00109863281
0.869934082031
0.680236816406
0.877319335938
0.969055175781
1.08917236328
1.78167724609
1.85205078125
2.09295654297
2.11883544922
2.06469726562
1.86328125
1.3310546875
0.424072265625
1.11676025391
0.87939453125
1.13818359375
1.12329101562
1.22662353516
Repetition end
1
Repetition start
0.989562988281
0.771240234375
0.998474121094
0.776733398438
1.38256835938
1.72088623047
1.76989746094
2.05352783203
2.17443847656
2.02093505859
1.95196533203
1.91943359375
1.79046630859
1.50817871094
0.471313476562
0.246032714844
0.818725585938
1.27398681641
0.884094238281
1.11730957031
Repetition end
1
Repetition start
1.27496337891
1.09741210938
1.00183105469
0.865600585938
0.861145019531
0.734191894531
0.536376953125
1.73541259766
1.95971679688
1.93035888672
1.70477294922
1.74084472656
1.93359375
1.22705078125
0.0777587890625
1.15264892578
0.370666503906
0.902893066406
0.77880859375
1.20397949219
Repetition end
1
Repetition start
1.20385742188
1.29962158203
1.15948486328
1.08984375
0.903747558594
0.952941894531
1.08990478516
1.16528320312
1.50701904297
1.8857421875
2.03918457031
2.04260253906
1.99456787109
1.87622070312
1.73156738281
1.64654541016
1.63861083984
1.02185058594
0.532470703125
1.03900146484
Repetition end
1
Repetition start
1.056640625
0.818176269531
0.753234863281
0.610961914062
0.990783691406
1.03509521484
1.66650390625
1.69915771484
1.76147460938
2.13018798828
1.88854980469
1.76574707031
1.71173095703
1.37036132812
0.559814453125
0.523254394531
0.654235839844
0.871276855469
0.948852539062
0.973815917969
Repetition end
1
Repetition start
1.17108154297
1.21746826172
0.888854980469
0.923461914062
1.03680419922
0.567016601562
0.482177734375
1.34893798828
1.23315429688
1.58947753906
1.63598632812
2.07446289062
2.10314941406
2.109375
1.58221435547
0.59375
1.00408935547
0.951354980469
1.09692382812
1.17138671875
Repetition end
1
Repetition start
1.28363037109
1.13562011719
0.909973144531
0.531982421875
0.634094238281
0.992797851562
1.51055908203
1.64935302734
1.55847167969
1.67663574219
1.88018798828
1.81787109375
1.79467773438
0.774658203125
0.543579101562
0.701843261719
1.06713867188
1.07806396484
0.974060058594
0.984558105469
Repetition end
1
Repetition start
1.12109375
1.18469238281
0.953125
0.757995605469
0.715637207031
0.906555175781
1.31671142578
1.86511230469
1.91571044922
2.11059570312
2.05505371094
2.15484619141
1.80389404297
1.15783691406
0.373107910156
0.6513671875
1.29284667969
0.816345214844
1.31561279297
0.999694824219
Repetition end
1
Repetition start
0.927185058594
0.783386230469
0.613586425781
0.334777832031
0.812255859375
1.09753417969
1.62738037109
1.74987792969
2.11633300781
2.15502929688
1.94274902344
1.93463134766
2.04150390625
1.85308837891
1.17449951172
0.980834960938
0.187316894531
1.26898193359
1.04724121094
0.995178222656
Repetition end
1
Repetition start
1.25402832031
1.12615966797
1.07220458984
0.935119628906
1.05047607422
0.74609375
0.59228515625
0.804931640625
1.28576660156
1.99798583984
1.85815429688
2.09851074219
2.04431152344
2.01574707031
1.63665771484
0.771118164062
0.762084960938
1.12670898438
1.19348144531
1.0400390625
Repetition end
1
Repetition start
1.36138916016
1.24334716797
1.23291015625
1.11285400391
0.869689941406
0.526733398438
0.610656738281
1.41589355469
1.71899414062
1.92376708984
1.89776611328
2.0556640625
1.91955566406
1.95269775391
1.76458740234
1.04736328125
0.961791992188
1.14764404297
1.30346679688
0.983093261719
Repetition end
1
Repetition start
1.24499511719
1.16845703125
1.14685058594
0.801574707031
0.542663574219
0.92578125
1.09387207031
1.25921630859
1.40612792969
1.53839111328
1.71606445312
1.99615478516
2.17944335938
2.21990966797
2.09454345703
1.9306640625
1.86248779297
1.53308105469
0.630859375
0.579223632812
Repetition end
1
Repetition start
1.23327636719
1.35803222656
1.30474853516
1.306640625
1.26812744141
1.15557861328
1.38848876953
1.4140625
1.68060302734
1.78771972656
1.72277832031
1.89373779297
1.82067871094
1.78985595703
1.02838134766
0.699829101562
0.936706542969
1.02551269531
1.15466308594
1.12164306641
Repetition end
1
Repetition start
1.26080322266
1.18475341797
1.25573730469
1.11114501953
0.767517089844
0.81298828125
0.678649902344
0.664367675781
0.870788574219
1.39691162109
1.58221435547
2.11773681641
2.35217285156
2.33044433594
0.632873535156
0.476013183594
0.638305664062
0.738952636719
1.04138183594
1.0
Repetition end
1
