4170 15559 -7923
 4492 15438 -7918
 4750 15240 -7564
 4548 15587 -7456
 4419 15419 -7358
 4404 15511 -7378
 4254 15790 -7350
 3970 15667 -7147
 4296 15766 -7093
 4063 15935 -7269
 4582 15318 -6936
 4744 15730 -7230
 4533 15584 -6953
 4051 15617 -7273
 4030 15789 -7078
 3621 16877 -6740
 1723 17679 -7392
 3219 15956 -6244
 2333 16735 -6244
 636 15392 -6206
 160 15584 -5835
 389 17029 -5969
 -1148 15827 -5771
 -136 16787 -5806
 -93 16817 -6352
 -202 15938 -5914
 3926 16369 -4740
 2921 15169 -4250
 4129 17619 -5011
 4281 17246 -5660
 3932 15755 -5772
 4373 15930 -5714
 4167 16209 -6443
 3879 19353 -6743
 2408 15588 -6077
 1243 15654 -5112
 756 16890 -6027
 1414 16825 -7069
 269 16603 -6707
 249 15534 -6649
 1416 17794 -8060
 3376 16025 -7155
 1134 15549 -6738
 2127 17190 -7331
 2146 16252 -7020
 1954 15972 -6519
 1944 16543 -6505
 2074 16597 -6215
 1925 16360 -6457
 2031 16318 -6413
 2699 16451 -6540
 2825 16383 -6465
 3353 15863 -6394
 3352 15999 -6525
 2600 15997 -7324
 2648 16048 -7437
 2285 15907 -7545
 1888 16081 -7108
 2631 16684 -8064
 2543 15497 -9127
 2585 14636 -7557
Repetition Start
 3849 14493 -7951
 3527 13422 -8638
 3566 14933 -8566
 3506 13894 -9263
 3426 14332 -10105
 2980 14624 -7953
 2074 27405 -2027
 2429 14072 -7273
 1109 14069 239
 -210 16699 76
 352 17446 -126
 1233 18261 1214
 2875 18729 1649
 2592 18522 1662
 21 20884 2899
 1701 20630 4428
 1526 20837 5617
 1975 19861 4963
 955 20003 5637
 934 20633 6628
 367 22901 5306
 1121 15062 153
 1179 7689 -4363
 2091 13693 -4836
 2976 10105 -5425
 4784 14493 -5968
 3322 18526 -6148
 4152 19694 -6862
Repetition End
1
 2748 13072 -5138
 2786 15763 -4310
Repetition Start
 1978 19467 -5998
 1829 16077 -4930
 3245 16343 -5208
 2727 16168 -5445
 2490 16982 -5133
 2681 16747 -5524
 2548 16743 -5760
 2463 16633 -5911
 2490 16429 -5728
 2898 14897 -4475
 1420 16305 -7585
 280 17727 -8378
 2277 14006 -7143
 214 14636 -7920
 1899 14501 -8247
 -257 14279 -9658
 1810 14048 -11157
 2661 12394 -8631
 1889 13193 -1111
 3531 19053 -3220
 2767 18490 -1371
 3808 17275 -1603
 4475 17704 -602
 4414 16828 144
 5098 18850 -114
 3272 19860 1250
 5155 20728 713
 4405 19432 406
 4620 19641 2558
 3898 18822 3142
 3835 18527 3190
 3931 19200 2880
 5240 19344 2730
 5711 20653 37
 462 13670 -3502
 1716 8597 -8104
 1054 15032 -8920
 1009 15190 -8828
 160 15735 -7331
 1070 17608 -8102
 2424 16534 -6200
 168 14351 -4723
Repetition End
1
 2725 16046 -5072
 2865 16004 -6370
 5095 16386 -6457
 2924 16551 -5834
Repetition Start
 3488 15487 -5562
 3476 16302 -5833
 3926 15904 -6207
 3920 15793 -6296
 4115 15753 -6969
 3250 15718 -7280
 3530 16182 -7864
 2802 14425 -8341
 3417 13414 -7520
 3667 13753 -7911
 3090 13979 -8399
 2171 14325 -9431
 -408 19035 -6711
 2728 18717 -6586
 2317 14548 -2033
 904 19456 -2099
 2550 19036 -1759
 2385 20706 -2322
 2915 20410 -834
 2419 19562 -1251
 3356 20242 -853
 2897 20643 -673
 2343 21122 -857
 2788 21063 -1222
 2615 21393 -1062
 1485 20819 -1318
 1486 20942 -865
 1990 21025 -1912
 641 9343 -6686
 -769 11876 -5736
 2507 11710 -6589
 2782 13469 -6714
 2949 16364 -6116
 1496 16782 -7323
 1780 16511 -6304
Repetition End
1
 1703 16187 -5649
 3010 15648 -4541
 3117 17010 -4807
 2766 18691 -5228
 3537 15377 -4835
 3632 17448 -4320
Repetition Start
 3126 16203 -5161
 3195 16397 -5212
 3136 16567 -4853
 1467 15282 -4476
 1426 17268 -5367
 2694 18416 -8483
 2065 14997 -7303
 1929 15007 -6529
 1085 13535 -7078
 -360 11629 -8463
 1947 15684 -8710
 6743 15784 -6254
 -612 12285 -2885
 6107 16868 -2122
 4577 20102 -3052
 2989 18797 -620
 3732 18184 -1292
 3745 18575 -1186
 4001 18458 -1403
 3185 19966 -1061
 4549 20739 -1843
 4276 21005 -2036
 4168 20405 -2066
 3374 20481 -1485
 4775 19294 -580
 5249 18774 -259
 5021 17493 -459
 5586 17867 -731
 3945 16319 -3994
 3464 13574 -5809
 376 12162 -6974
 -282 14137 -5599
 -73 14858 -7296
 -85 17749 -6749
 722 16199 -6727
 1293 16931 -4872
 717 15341 -4439
Repetition End
1
 484 17493 -4783
 1764 14976 -5430
 2497 18158 -7082
 2248 17355 -5144
 2757 16580 -5068
Repetition Start
 2622 16511 -5866
 2716 15843 -5422
 3845 15222 -5267
 2519 16668 -6592
 2198 15491 -7799
 2431 15099 -7426
 2674 15335 -7264
 3427 14383 -7541
 2866 13426 -8798
 1758 15433 -7911
 773 15504 -6900
 1756 13957 -2340
 2522 18086 -1976
 3810 18665 -1497
 1897 18013 -625
 4389 18492 -2315
 3205 19915 -1341
 2325 20358 -845
 2624 20327 -1427
 2272 21122 -1510
 2251 20862 -842
 973 20129 -1835
 2337 19996 241
 1500 19257 978
 836 19873 837
 381 21882 862
 629 19890 -1219
 -574 12121 -4273
 -1175 11430 -5824
 2781 12969 -6155
 2999 13640 -6353
 3128 15179 -6051
 2064 16661 -6552
 3426 17669 -6486
 2838 16458 -5361
 2460 16063 -4776
Repetition End
1
 3012 17199 -4005
 1346 17901 -4964
 2494 15873 -3780
Repetition Start
 2253 17066 -3813
 1780 16899 -3884
 1656 16693 -4580
 1315 16353 -4179
 605 16156 -5511
 464 16390 -6765
 2287 16478 -7062
 582 15671 -7447
 1211 15198 -7163
 1796 13587 -7651
 -131 14574 -7404
 1133 16296 -7917
 2573 14820 -10522
 2125 12949 -8528
 4143 18926 -2082
 3062 19126 -7355
 3837 18290 -1394
 5235 20314 109
 4622 17093 555
 3214 15665 -5
 3450 15962 100
 4867 18625 581
 4503 20557 537
 4693 21408 606
 5007 21011 1720
 4810 20279 2913
 5847 19155 3046
 4796 18392 2350
 6519 19368 750
 4765 17627 -2634
 1954 10923 -4198
 3268 13263 -7206
 2396 12563 -7609
 1009 14821 -8156
 833 17598 -7142
 2910 16547 -6942
 909 14398 -4035
 5977 15134 -4866
Repetition End
1
 4708 17478 -3939
 3762 15204 -4094
 5086 16036 -3763
 4362 16037 -5774
 3938 15705 -5051
Repetition Start
 3635 16367 -5993
 3709 15437 -5834
 3853 15853 -6947
 3572 16750 -7882
 3561 15297 -8463
 3842 14922 -7009
 3953 15032 -7107
 2926 12497 -6355
 3965 14793 -7900
 3991 15730 -8180
 3066 15338 -7620
 1488 21395 -784
 2930 15368 -2056
 1657 12081 -1296
 544 17013 973
 2148 18926 1289
 1247 18629 934
 1269 19841 -136
 1072 20607 432
 1619 21042 948
 1420 21116 1804
 1418 19961 2061
 2147 20450 1964
 2164 20766 2204
 1828 21239 2193
 2134 22775 1418
 2682 19179 -2032
 2923 11603 -4490
 2960 8747 -5872
 4778 14706 -4510
 3702 15358 -4402
 4553 14368 -5908
 4710 16702 -5313
 4666 17197 -4640
 5384 15170 -4212
 4183 16988 -3978
Repetition End
1
 1742 17754 -4174
 1630 13711 -3353
Repetition Start
 2116 17326 -2804
 1860 17857 -3167
 1581 16636 -3770
 2036 17044 -3424
 2246 16966 -3600
 2496 16666 -3942
 2600 16536 -3601
 1916 16057 -3953
 1688 18814 -6295
 1909 16090 -6339
 823 14756 -5295
 -41 12958 -7227
 1210 17034 -8899
 824 12521 -11994
 5294 15471 -5428
 -1023 11252 -4213
 3933 19228 -4153
 4250 20769 -3060
 3745 17950 -1251
 2421 17690 -951
 3495 20919 -1226
 2959 20810 -409
 3072 19508 -715
 2935 20366 -549
 3006 20244 165
 2595 19721 1347
 1613 19299 1517
 2833 19600 1255
 3656 19156 213
 4754 20815 -195
 1755 15982 -4544
 -572 12392 -7402
 2171 17479 -7119
 -1637 14697 -8273
 -1316 15213 -6699
 271 16170 -4737
 -195 15587 -5241
Repetition End
1
 -311 15873 -4499
 210 17860 -3969
 794 17636 -4332
 592 16833 -3118
 982 17319 -3123
Repetition Start
 2401 18141 -3166
 1068 16548 -3503
 2509 16845 -3191
 2411 16678 -3051
 2287 15863 -3680
 2975 17021 -4528
 3641 16941 -6302
 3012 16370 -6903
 3205 14644 -5796
 3878 13415 -5694
 3611 14937 -5901
 3075 15775 -7362
 2961 14249 -7059
 1703 16141 -7175
 4138 17184 -3175
 4849 18296 585
 1076 20393 -1157
 3014 20023 -29
 3014 19904 -470
 1317 19983 81
 3248 20111 1129
 2178 20188 1048
 1647 21433 1334
 2003 21669 2318
 1895 21373 2394
 3403 19939 795
 1649 20525 -726
 1664 11213 -4313
 -1335 12340 -6356
 1187 12365 -7102
 2894 14668 -6781
 1669 14237 -7355
 1980 17276 -5774
 2117 17888 -6273
 2561 14228 -6010
 3834 16649 -4907
Repetition End
1
 2265 16746 -5081
 -180 12589 -5367
 4206 15240 -5036
Repetition Start
 1092 17029 -4862
 1873 16748 -4856
 1421 16938 -5706
 1197 16561 -5713
 1919 16438 -5505
 1531 16002 -5397
 1935 16492 -5779
 1232 16235 -7655
 1152 15570 -6985
 791 15121 -6655
 1263 13548 -5887
 351 13690 -6973
 1759 15930 -8648
 1158 14102 -9491
 4712 18376 -7597
 -22 13240 -3531
 3238 18385 782
 4814 19061 -1076
 5072 18863 -463
 4070 18724 45
 5243 19305 -695
 4580 19214 -342
 4402 19007 12
 4798 18902 -354
 4577 19474 -216
 4572 19814 -330
 5120 19810 -445
 5127 20007 -16
 6081 20776 -2590
 6266 22352 -2999
 1928 12016 -5860
 2438 10966 -6775
 2312 13315 -5803
 -455 13699 -7093
 208 13462 -7118
 1877 16312 -7028
 973 16640 -7480
 1653 16127 -5118
Repetition End
1
 1921 18058 -5485
 1389 15179 -5013
Repetition Start
 2779 17284 -4585
 3546 17049 -4514
 1472 16052 -4399
 2303 16841 -4923
 2889 16880 -4651
 2526 16294 -5111
 3722 15665 -4712
 3119 16383 -6623
 3507 16137 -7229
 3434 15722 -6594
 3247 15161 -6591
 2963 15362 -6531
 3098 13334 -7150
 3409 14985 -7035
 1923 13871 -7520
 1701 16210 -3930
 1868 15386 -5563
 1836 18556 -880
 2002 19977 -1165
 2266 19486 -3156
 4780 19832 -876
 5364 20483 -811
 5084 20374 686
 5510 19730 791
 4773 20612 1676
 4677 20225 1063
 5774 19873 1020
 6409 20688 128
 6983 22774 -468
 3993 15843 -4085
 1636 11839 -4999
 1935 12176 -4896
 4715 11883 -6081
 3990 13081 -6483
 3266 15007 -6502
 5092 18349 -8417
 2802 16865 -6449
 4087 13131 -6298
Repetition End
1
 4440 16860 -4670
 2114 19930 -5078
Repetition Start
 2008 14285 -3280
 3510 16781 -3937
 2396 16943 -3808
 2020 16767 -3827
 2587 16766 -4772
 2437 17037 -4413
 2905 16718 -4342
 2425 15578 -3594
 1849 19151 -4377
 1468 17034 -6634
 1717 16076 -5126
 411 15395 -5318
 1424 16016 -6205
 -413 13788 -9454
 -1445 13254 -9413
 3269 12420 -6386
 1377 12654 -5116
 2524 19891 -2571
 3323 18606 -1040
 3996 19245 -557
 4674 18918 -1149
 3141 19134 -1369
 3378 20332 -805
 2270 20061 -252
 2583 20567 -622
 2793 20298 -279
 2960 20646 -75
 2944 20845 434
 4420 19684 873
 4892 19187 888
 6400 20945 -233
 3724 17655 -1812
 1088 12651 -5720
 4570 18169 -3481
 -1793 13767 -6616
 -793 13886 -7261
 -574 15041 -3732
 -75 17049 -3442
 552 17456 -4481
 -672 16250 -4604
Repetition End
1
 -727 15594 -3970
 231 17269 -4563
 1795 18087 -6021
Repetition Start
 1903 16558 -4661
 2156 17822 -4907
 2185 16216 -5192
 1459 16686 -5323
 1893 16601 -5272
 2306 15666 -5359
 3299 16087 -5277
 2295 16565 -7484
 2699 16133 -6662
 3212 14729 -6086
 2755 13889 -6695
 3410 13923 -6794
 2757 14284 -8578
 3320 14890 -8529
 3004 13479 -7764
 2905 16586 -4331
 4430 19854 -3741
 2312 18137 -2029
 1562 19464 272
 964 18148 -212
 2088 19622 -54
 2622 21214 73
 2656 20676 -383
 1815 21297 760
 2231 20526 484
 3819 20627 2642
 3076 19291 3295
 2750 19323 3391
 4116 19553 3138
 3154 20036 2033
 1325 8966 -5922
 2685 11463 -6050
 1997 13931 -7001
 3400 15126 -6572
 4074 15842 -7232
 4724 17571 -5908
 3280 16262 -5208
 4200 14755 -5610
Repetition End
1
 4670 16064 -5021
 2785 15227 -5946
 581 15396 -4257
 4408 15255 -5137
Repetition Start
 1786 16897 -4838
 2647 16885 -4733
 3022 16691 -4988
 2626 16733 -5424
 3077 16814 -5317
 2964 16475 -5117
 2722 16508 -4605
 1060 16319 -4710
 1348 16081 -7831
 1616 15973 -7940
 1537 14935 -6217
 281 14637 -6775
 -157 14749 -7476
 832 14491 -8358
 895 13280 -9889
 306 11826 -10786
 2970 16150 -5490
 5659 16215 -3177
 4234 20434 -1263
 3872 18746 -717
 3920 18487 -313
 4131 19047 -224
 4833 19257 -116
 4253 18935 481
 4178 18413 47
 4864 19176 -28
 4773 19711 3
 4479 18781 -185
 5184 18480 -924
 6153 18713 -77
 5975 19753 48
 6114 21267 -2045
 4316 17864 -5334
 729 10911 -8273
 4289 15375 -6356
 -831 11787 -7650
 -676 13684 -8159
 1749 13943 -8497
 2073 18320 -7745
Repetition End
1
 3052 15020 -6751
 -295 14509 -5222
 1955 17841 -6262
 2189 15308 -7272
Repetition Start
 3426 17874 -8041
 2488 15571 -5128
 3587 17169 -5348
 2528 15724 -5644
 2575 16380 -5151
 3368 16411 -5130
 3029 16084 -5106
 3299 16907 -5339
 3438 15809 -6001
 3170 16076 -6053
 2955 14766 -5707
 3559 14122 -6448
 3539 14872 -7115
 3032 15184 -8271
 3289 14496 -9325
 85 17860 -6568
 2180 12696 -1008
 2768 18981 -2126
 2836 19650 177
 3490 18990 -1191
 1829 19636 -1077
 2108 20008 -1197
 2536 20237 -952
 1804 20189 -1359
 2364 20621 -577
 1866 21067 637
 2583 20075 518
 1882 19099 97
 2610 19575 -636
 2349 21452 -2182
 4118 21176 -4035
 3378 15627 -7255
 -360 10669 -8060
 424 12651 -8342
 3218 11121 -6683
 3954 12766 -6533
 3269 14949 -7098
 4270 18123 -8875
Repetition End
1
 253 14445 -7746
 3280 12718 -4736
 -646 19937 -5688
Repetition Start
 975 12971 -5383
 926 15498 -6325
 680 16517 -5563
 1094 16044 -5798
 799 16985 -6961
 978 16249 -7143
 1253 16275 -7074
 1574 15973 -7128
 1505 15772 -5891
 1289 15428 -5805
 1180 16721 -8056
 1578 16101 -8837
 550 14762 -7459
 399 14327 -6253
 1135 12436 -6650
 1044 14026 -8070
 3693 13584 -8912
 5892 18029 -5212
 177 10847 -14682
 7930 21433 -3073
 4111 21769 -1686
 4167 19764 -2017
 3961 20208 -1649
 4032 19531 -1383
 5292 20175 -2011
 4154 20220 -1925
 3487 21080 -1748
 4884 20673 -772
 3840 20896 114
 3152 20339 246
 4787 20958 -1694
 4510 21271 -5438
 835 9209 -8421
 2609 15340 -5684
 1193 11721 -5686
 -1206 13280 -5467
 1877 17043 -5256
 1890 20155 -7525
 1630 15479 -6540
 1225 15410 -5337
Repetition End
1
 2976 15370 -4057
 3005 14981 -3941
 2593 15372 -4328
Repetition Start
 4048 15759 -5278
 3637 16471 -5979
 3755 16524 -5388
 3781 16302 -5556
 3459 16781 -6083
 2759 15901 -5732
 2635 15393 -5602
 2583 16487 -5294
 1963 14507 -7457
 3493 15569 -9689
 3384 14520 -8435
 2918 13264 -7196
 2711 12906 -8902
 1802 15370 -8325
 507 17628 -7034
 2731 17247 -5155
 760 15785 -1654
 1424 17769 -662
 1955 18190 -640
 1515 19196 -2372
 449 22133 -2013
 1122 22020 -1078
 840 20991 -232
 296 20981 1068
 714 20228 1568
 1244 19933 1470
 1412 20821 635
 1336 21137 -996
 1722 18083 -2983
 365 11440 -5963
 595 12611 -6340
 721 11843 -8924
 5029 15735 -7361
 2766 14496 -8343
 2262 16148 -8650
 1614 14937 -8628
 3127 16193 -7908
Repetition End
1
 3092 15763 -6694
 1906 15151 -5787
Repetition Start
 695 16849 -6066
 3041 16537 -4922
 1359 16546 -5696
 2017 16428 -5343
 1626 16631 -5062
 1020 15477 -5224
 1422 17029 -6167
 1484 17161 -7911
 1489 15726 -6051
 709 14081 -5918
 191 12795 -6388
 40 13380 -8164
 1478 16183 -10113
 3181 15048 -8584
 5044 18769 -3202
 1210 15981 -3958
 3561 15904 -3488
 4140 19461 -764
 4855 18322 -1944
 6331 20000 -2406
 5788 19667 -2519
 6119 19822 -2004
 6378 19505 -1365
 6003 19111 -1929
 6591 19070 -1527
 6447 18612 -1867
 5448 19341 -741
 6148 18623 -1305
 6714 19608 -1919
 6602 19420 -5221
 2100 12201 -7901
 1252 12173 -7225
 2862 14778 -6454
 357 13788 -7305
 40 13970 -7846
 1299 16218 -6195
Repetition End
1
 977 14054 -5871
 284 16365 -4902
Repetition Start
 1785 17662 -5739
 2215 15420 -5145
 2545 14600 -4331
 2940 19608 -5958
 2753 15287 -4663
 2985 15268 -4576
 4099 16424 -5441
 4083 16148 -6332
 3365 15593 -6373
 3606 15555 -6991
 3785 15850 -6681
 4020 14370 -6072
 3049 13154 -6397
 4097 13959 -7593
 2795 14201 -8725
 1538 14454 -6993
 3345 15946 -1241
 2813 18035 -2015
 1936 18468 -1502
 2609 18654 -1399
 3032 20705 -940
 3231 20516 -1989
 3263 22214 -134
 2721 20595 -605
 3588 19855 119
 2658 20527 552
 1671 19618 -438
 3005 21221 -335
 2477 22515 -2754
 2443 16720 -5636
 1970 12529 -6803
 1924 12903 -7668
 3917 12316 -7686
 4245 14151 -7033
 3820 15215 -6654
 3917 15734 -5540
 2944 16846 -3907
 4187 14674 -3138
Repetition End
1
 3996 17059 -3427
Repetition Start
 2565 19818 -3585
 2560 14368 -3251
 3268 17933 -3461
 3010 17232 -4374
 2809 16331 -3814
 2532 17199 -3918
 2861 16448 -4296
 2058 16672 -4295
 1648 16769 -6366
 2394 15063 -6507
 1296 14741 -6343
 1398 15497 -6686
 2038 14347 -8255
 406 15389 -9052
 2556 14842 -9878
 2584 12522 -7592
 2942 14424 -905
 2976 18548 -6989
 3070 18579 -3482
 5122 17757 -4055
 5115 18126 -3547
 5750 17725 -4855
 5796 18078 -4382
 5588 18262 -4829
 5663 19025 -4634
 6265 19105 -4576
 5729 19349 -4967
 6036 19710 -3872
 5623 19406 -3065
 5954 18462 -4340
 6381 19526 -4623
 3570 16014 -7362
 -154 8303 -6607
 6398 18892 -8161
 -103 10382 -9786
 1627 11996 -10535
 2005 15915 -9021
Repetition End
1
 3259 15129 -9740
 1660 16010 -7000
 3461 15085 -7461
Repetition Start
 2948 14380 -6330
 2827 17076 -7420
 4018 15719 -5723
 1244 16367 -7171
 1829 15355 -7631
 2151 15895 -7239
 1996 16122 -7020
 2217 14131 -7643
 3712 16586 -7192
 2845 14448 -9753
 3103 14728 -8935
 3905 13502 -7636
 3186 13517 -7048
 3915 12381 -9382
 2396 14310 -7991
 787 14971 -7076
 2371 16557 725
 1379 18225 -3095
 2873 18795 -1822
 1990 20166 -1689
 1699 20228 -1096
 2970 19647 -1001
 2999 19469 -537
 3165 20347 -5
 4164 19917 901
 4303 19818 1794
 4733 19549 1476
 4829 19762 1323
 5500 20462 349
 6841 21465 427
 5078 15829 -4278
 3500 11415 -5946
 1640 14602 -6380
 4059 12424 -7660
 3163 14953 -8325
 4318 15864 -7585
 2292 17457 -7793
Repetition End
1
 2782 13712 -5668
 3222 17107 -4967
 1647 15642 -5901
Repetition Start
 2134 19252 -6931
 2584 16218 -5416
 2332 16910 -5327
 3940 15254 -6215
 3068 16353 -5965
 2922 16074 -6250
 1958 15319 -5006
 1227 14916 -6868
 1304 16673 -8153
 1050 14654 -7698
 687 14146 -6701
 341 13639 -6989
 1368 14643 -9638
 3849 14848 -8226
 3045 16870 -3844
 165 12783 1562
 6228 18939 -1581
 2816 20993 -2357
 3640 19612 -1946
 3647 19115 -2035
 4909 20325 -1824
 3070 20387 -1185
 2648 20413 -504
 2108 20189 35
 2267 19089 1490
 1700 19079 2007
 3052 18587 1689
 3789 19399 -53
 4427 19411 -1074
 998 13302 -4447
 1060 13403 -6762
 3355 16756 -6535
 -548 12713 -8344
 -322 15819 -7962
 1750 16553 -7285
 2413 15872 -5620
 1307 16387 -6304
Repetition End
1
 2351 16765 -6354
 1400 14796 -5132
 3586 16683 -5434
Repetition Start
 2969 16574 -6118
 3750 16459 -6049
 1723 15732 -6059
 2461 16093 -5555
 2610 16248 -6367
 1901 15947 -6312
 2522 15559 -6223
 3624 15547 -7309
 2841 15634 -8740
 3266 15203 -6846
 3562 13337 -7530
 4676 13546 -8291
 2223 16417 -7376
 1020 16961 -4418
 2961 14359 -3579
 2364 16903 -30
 1491 18010 -383
 3317 20070 -184
 1738 19210 -523
 1262 21714 -549
 1419 20624 -622
 831 20838 -704
 933 21333 435
 3377 19255 1889
 1139 18598 2302
 -34 19088 1641
 -72 21755 1774
 692 23288 812
 2071 17920 -1268
 1657 11574 -3817
 1629 10994 -5824
 2630 14971 -5662
 4321 14866 -6362
 4287 16842 -6167
 3273 15379 -6341
 3364 16916 -5876
 3585 14849 -5925
 4725 15261 -5500
Repetition End
1
 2619 20780 -6060
 3073 14679 -5628
Repetition Start
 2801 14769 -6279
 2902 16292 -6132
 2514 16395 -5636
 2019 15873 -4828
 1007 16563 -5237
 1180 15835 -8116
 1965 16128 -6920
 1086 14808 -5513
 995 13802 -5991
 -539 14591 -7804
 1056 13964 -8264
 3102 13898 -7507
 3489 16744 -6407
 2645 18174 -2083
 2045 19071 -27
 3702 19054 -203
 3750 18013 -774
 3076 20759 -631
 3484 20278 -481
 4143 19497 -797
 3974 19744 -756
 4081 19420 -43
 4719 19842 216
 4254 19445 907
 3969 18607 109
 5023 18316 157
 6932 18895 -1363
 3077 17876 -5435
 396 11280 -7718
 5015 14516 -5754
 -325 10460 -7696
 1342 14435 -8372
 318 15007 -8260
 2255 16706 -8166
Repetition End
1
 2517 19552 -7369
 2433 14967 -7673
 1427 15233 -6271
Repetition Start
 1667 15664 -6064
 3033 16445 -6087
 1312 16235 -6803
 2849 16090 -6422
 3058 15506 -6264
 3577 15649 -6162
 4062 17123 -7145
 3847 15619 -7313
 3415 15577 -7106
 3961 14765 -6910
 3327 14981 -7669
 4374 13612 -6901
 3135 14023 -6867
 3687 14798 -8970
 1818 13020 -6735
 634 16264 -961
 238 18656 -1802
 1771 18261 -2121
 5013 19265 -856
 2303 20716 -1246
 3867 21875 -531
 1774 21252 227
 2884 20578 2014
 2313 19993 1736
 1670 19501 2103
 1193 19163 2412
 1523 19739 2145
 670 20407 1528
 0 21890 667
 464 16814 -1427
 1636 12116 -3938
 -559 11695 -6032
 2795 14905 -6181
 3382 15419 -6971
 3621 15477 -6985
 2931 16508 -6750
 2884 16442 -6401
 2686 13422 -5795
 3852 18223 -4165
Repetition End
1
 510 16575 -4949
 3570 16063 -3095
 1544 17516 -4141
Repetition Start
 2860 16753 -3586
 2192 16314 -3908
 1796 17194 -4285
 1927 16566 -5284
 1043 15835 -3343
 2300 18227 -5296
 1419 17603 -5883
 1455 15726 -4586
 413 14527 -4459
 87 13394 -6000
 -338 14192 -8392
 2046 15917 -7362
 3496 16285 -5103
 -358 15480 -2153
 5414 19812 -1086
 3865 19610 1223
 3719 19495 1582
 3525 19880 658
 4697 20267 668
 4360 20522 1017
 4015 19677 410
 3767 19543 581
 3462 18621 1152
 3401 18735 2079
 3825 18835 1652
 4199 20524 458
 4194 19653 -3196
 -101 14326 -6137
 1597 10550 -6447
 3854 17078 -6215
 1167 14378 -7253
 137 15611 -6372
 2077 15616 -5360
 2638 16410 -3419
 3036 17255 -3994
Repetition End
1
 2454 15776 -3080
 2368 16315 -2633
 4546 18013 -2735
Repetition Start
 3885 15875 -3127
 2521 16482 -3504
 3416 16933 -2641
 3454 16593 -3461
 2813 16553 -5169
 2943 17139 -5465
 3447 16896 -5857
 3605 16216 -5850
 3651 14872 -5553
 2741 14076 -5246
 2760 14559 -6195
 3384 15475 -7201
 3150 14373 -7692
 1527 15969 -5195
 4362 15557 -685
 3653 19101 -3148
 1558 20158 480
 1856 18587 -29
 2008 20274 1456
 1708 20079 1902
 1509 19935 1588
 1804 20176 1780
 1516 20392 2024
 1819 20100 2016
 1116 21143 2405
 2631 20337 2160
 599 22120 3043
 2632 21970 1751
 4110 12670 -3485
 235 8558 -5621
 280 16620 -4209
 2298 11713 -7111
 5585 17467 -7435
 146 16498 -7393
 2170 15429 -7197
 3894 15091 -6017
 2819 16799 -4579
Repetition End
1
 1029 20187 -5940
 1903 14496 -4578
Repetition Start
 2894 17112 -4021
 1630 16791 -5022
 1717 16764 -4758
 2106 16886 -5060
 2079 16673 -5342
 2235 16486 -5018
 1361 15689 -4696
 614 15911 -5796
 2597 17219 -7179
 2246 14918 -6845
 1337 14487 -6302
 656 13924 -7570
 1503 14862 -8534
 2633 12849 -9941
 2250 13799 -8056
 3270 15801 -4064
 5025 18411 -4605
 3006 20599 -1832
 2940 20233 -2011
 2594 19662 -1291
 5170 19440 -1851
 5447 19893 -1337
 5263 19871 -727
 4444 19869 -138
 3808 19461 -181
 4593 19228 113
 5569 19370 -626
 5699 20470 -2350
 4677 19597 -5285
 -180 8717 -7640
 2643 13169 -5895
 830 13181 -7284
 633 14814 -8464
 325 15976 -8736
 1373 16853 -7064
Repetition End
1
 2240 16054 -7072
 -472 15301 -6137
 1993 16737 -5873
 1307 14981 -5097
 2313 16324 -3966
Repetition Start
 4640 17010 -4335
 1089 15763 -4772
 3374 16005 -4273
 3162 16744 -5165
 2331 16492 -6085
 3501 15502 -7001
 3500 15600 -7472
 3057 15196 -7088
 4206 13507 -6204
 3196 14008 -6508
 3189 15387 -7395
 2560 16265 -6241
 1119 17867 -3691
 3258 15632 -4131
 1490 18250 -409
 1286 19928 94
 2170 19239 986
 934 20245 2786
 1684 19949 2367
 1837 20194 3520
 1891 20567 3492
 1294 20360 4207
 1569 21082 4555
 -1548 21994 2898
 -664 23305 1962
 844 18147 -1872
 337 9727 -5310
 28 14136 -6882
 4055 12975 -6979
 3231 12613 -7356
 2906 14645 -6744
 4373 18311 -7216
 2577 16029 -5967
 4067 14427 -4988
Repetition End
1
 4904 17081 -4463
 2553 19125 -4690
 2400 12747 -2645
Repetition Start
 3788 17149 -2659
 2493 16712 -2759
 2894 16871 -2876
 2651 17093 -2771
 2437 17052 -3611
 1897 16298 -3297
 2905 18191 -3153
 854 14648 -4651
 2104 16203 -4891
 1947 15333 -6071
 209 14016 -6584
 848 16971 -6792
 2290 13953 -8725
 2901 16632 -5557
 2114 16003 3733
 9131 20029 -2400
 3511 18584 -439
 4785 18109 -497
 5210 19274 -1078
 5342 19779 -1086
 4852 20059 -61
 4323 19579 -308
 4141 19780 561
 4258 18926 511
 5868 18831 687
 6281 19206 456
 6996 20070 -917
 8029 21602 -2229
 4915 15725 -3667
 3116 10976 -5458
 4105 14702 -4834
 863 14274 -4535
 71 11877 -8078
 1666 14557 -6130
 3344 18702 -5755
 3877 16862 -4549
 2111 15695 -5682
Repetition End
1
 1746 17906 -4967
 2565 16828 -4791
Repetition Start
 2311 15529 -3819
 3336 17776 -3570
 3181 16212 -3966
 2205 16843 -3683
 3356 16398 -4309
 2945 15648 -4716
 2819 17166 -5462
 2716 16116 -7434
 2311 15608 -6692
 3118 14245 -6357
 2639 11984 -6172
 3388 15975 -5913
 2538 15380 -6851
 1050 15843 -5755
 4493 14933 -2771
 2045 18630 274
 1981 19723 -53
 1386 20837 2292
 1734 19931 2331
 1499 20221 2730
 2293 19314 3403
 2710 19725 3864
 2671 20254 4228
 2424 20448 3923
 353 20509 2702
 435 21753 1690
 1420 22208 55
 1810 17034 -3065
 1143 10234 -5833
 934 14704 -5712
 1244 12840 -6667
 3864 15088 -6886
 1912 16195 -6863
 2354 17211 -7425
 1933 15775 -6610
 2680 15015 -6220
Repetition End
1
 3136 15949 -5101
 3517 16469 -4463
 2152 20201 -5147
Repetition Start
 3210 13768 -4122
 2562 17535 -3009
 2907 17029 -4023
 3024 16807 -3755
 3486 17401 -3685
 2574 16044 -3720
 1453 16862 -4142
 1103 14583 -6321
 3429 16378 -6444
 2410 14581 -6082
 636 13438 -6024
 2746 14050 -7889
 3124 17672 -10444
 3964 13917 -7459
 2881 15142 -3371
 291 15352 -1696
 6266 18003 -2378
 5191 19971 -1493
 4733 19669 2021
 5096 18133 1794
 6377 18903 956
 6437 18353 1834
 6506 18267 2548
 5702 18898 2753
 5902 17924 1836
 5837 17464 2961
 6497 17515 2796
 6491 17903 2419
 7233 17921 1622
 7614 19613 1368
 6222 19352 -882
 1167 14936 -4729
 838 12472 -5890
 1734 15909 -7067
 -490 15161 -8256
 795 15516 -7541
 1895 16221 -6930
 1810 16320 -6402
 1212 15523 -5898
Repetition End
1
 352 14877 -5583
 2310 15627 -5435
 4067 18185 -6034
 2332 16046 -5527
Repetition Start
 2501 16838 -6019
 2729 16130 -6492
 2653 15788 -6338
 2974 16023 -6329
 3111 15385 -6600
 2948 15369 -8050
 3162 16277 -8970
 2686 14364 -6574
 2610 12797 -5599
 2839 12543 -7660
 1774 14543 -8878
 1443 14728 -7665
 -514 14681 -2673
 2060 17246 -896
 2275 17733 -53
 2278 22396 -101
 2312 20578 1597
 1265 19241 2008
 1825 20358 2679
 1810 19463 3398
 2640 19131 3085
 2744 18964 3788
 3944 19874 4876
 3498 20109 5448
 3114 22015 4621
 1646 22783 3491
 2360 18572 -584
 800 9860 -5865
 713 17249 -4772
 2984 12520 -5886
 3296 14284 -6038
 3207 15084 -5150
 4744 17759 -5298
 3522 16939 -4445
 4169 14659 -3729
 5202 15822 -3228
Repetition End
1
 4257 15940 -2568
 2454 18204 -1314
 3841 16222 -2206
 3939 17210 -2144
Repetition Start
 3822 16767 -2333
 1965 16905 -2499
 608 14640 -1938
 2328 17314 -5939
 2423 18013 -6239
 1372 15513 -5236
 1637 14976 -4613
 56 14735 -5138
 841 14641 -8038
 2026 13269 -6094
 4132 16533 -302
 401 17388 -1607
 2887 18747 98
 3176 21917 -197
 4753 20245 425
 2237 20030 547
 3855 19348 95
 5518 20355 2191
 3869 20299 2491
 2895 19427 3320
 4625 18464 3619
 4235 18502 3555
 4373 19020 3020
 3840 18989 2335
 5442 20121 1003
 5073 18502 -1838
 2329 15101 -3651
 -1628 10258 -7577
 3322 15746 -5862
 130 15962 -7449
 813 16384 -7622
 2591 16099 -6516
 2364 15077 -5179
 849 16348 -4496
Repetition End
1
 829 16586 -5197
 2978 18078 -4411
 1929 14527 -2938
Repetition Start
 1525 18939 -3372
 2723 17384 -2429
 2630 16663 -3425
 2405 16750 -3942
 2378 15883 -4775
 3120 15721 -5116
 1925 16504 -6395
 3480 16394 -8557
 1963 14990 -7436
 2828 12823 -7049
 3401 14100 -7483
 2193 15746 -7521
 2290 13114 -6963
 2463 16280 -3692
 2029 19371 -1506
 1698 19376 449
 1267 18555 2143
 202 19341 3281
 1117 20640 3082
 351 21113 3562
 404 20719 3846
 1421 19618 4932
 2204 20069 4348
 471 18691 4053
 -1355 21381 3161
 -1392 22628 2168
 -1544 22115 1241
 -646 11235 -5551
 2322 13732 -5779
 2463 13886 -5745
 1826 12494 -5503
 4485 14362 -6965
 4208 17310 -8063
 3108 15628 -5947
 4250 15758 -5163
 4609 16353 -5591
Repetition End
1
 1467 17706 -4768
 2343 14320 -2873
 3275 17059 -3121
Repetition Start
 1091 17556 -2714
 2043 16414 -3450
 1706 17505 -3535
 2266 17099 -3463
 1852 16765 -3703
 445 15804 -3395
 1063 16274 -5700
 1454 18038 -6141
 856 14941 -6137
 -222 13348 -5895
 1493 16299 -7235
 2541 15046 -8821
 2317 11720 -5930
 4265 18677 -1886
 1985 18000 -1569
 4196 18595 3045
 4960 17389 1095
 4480 20793 1076
 4225 19857 1681
 4467 20937 2067
 3704 20774 2795
 3318 20147 3289
 3435 19443 3516
 3032 18813 4816
 2992 17455 4534
 3561 18111 3617
 4475 19349 1964
 7184 20626 -886
 557 13071 -3736
 1794 11761 -6186
 4504 17027 -4753
 912 13330 -6187
 11 15886 -6217
 1706 17068 -5571
 1835 16022 -5153
 1749 15162 -4624
Repetition End
1
 1494 17272 -4993
 2637 17134 -5030
 2072 15490 -3528
Repetition Start
 1019 16871 -4258
 1791 16481 -4515
 1180 16891 -4262
 723 16954 -4419
 1876 16268 -4714
 1708 16787 -5522
 2818 15286 -5055
 3690 16372 -7187
 2071 15714 -7762
 3171 14290 -6732
 3131 12889 -6894
 3293 15464 -7693
 1985 15743 -8111
 3576 13298 -8728
 1083 17563 -2115
 2332 16708 -1646
 1161 17297 57
 2855 20866 1215
 122 20545 3066
 560 19377 3839
 460 20555 5163
 2020 20003 5727
 2668 20187 6520
 1622 19881 5871
 264 18146 5953
 -1585 20378 6073
 -579 21496 2874
 1555 15914 -1794
 203 12112 -4124
 932 12211 -7199
 2937 14011 -7756
 2274 15284 -7716
 1771 17377 -7749
 1842 17156 -6936
 1932 16353 -3261
Repetition End
1
 602 18608 -2261
 741 14959 -2136
Repetition Start
 -388 14876 -1838
 657 17584 -1994
 567 17197 -3340
 1039 17019 -3541
 475 18127 -4654
 1776 16712 -4599
 2571 17167 -4702
 1905 17386 -4846
 2018 16916 -4451
 2347 16624 -4418
 1982 16989 -4966
 1999 17049 -5504
 1738 16787 -5127
 985 16635 -5463
 1240 17274 -6045
 -248 16118 -6490
 113 17098 -6799
 326 16494 -6520
 -570 15508 -6193
 2585 17502 -6747
 3308 16631 -6294
 2857 16445 -6069
 997 16944 -6179
 2317 16435 -6182
 2909 16792 -5602
 1913 16580 -5816
 2554 16470 -6075
 2483 16608 -5967
 2708 16689 -6127
 3157 16488 -5744
Repetition End
0
 2768 16466 -5918
 3081 16220 -5992
 3040 16564 -6487
 3057 16422 -6475
 3141 16230 -6356
 3045 16295 -6420
 3305 16482 -6515
 2939 15996 -6629
 3167 16369 -6042
 2591 15628 -6459
 2876 15325 -6677
 3152 16834 -7357
 3308 16195 -8002
 2685 15825 -7653
 3289 15442 -7265
 3491 15332 -7368
 2833 15134 -7569
 2871 15901 -8040
 3551 16384 -8151
 3535 16297 -8392
 1704 16009 -8161
 2523 16412 -3928
 1080 17971 -2899
 1768 17834 -2864
 1341 17833 -2054
 1489 17676 -2742
 1587 17743 -2752
 1444 17691 -2610
 1487 16841 -2155
 531 16944 -2450
 999 18045 -2262
 980 19626 -4019
 1399 19566 -5502
 2329 18210 -6508
 2336 13972 -8058
 2756 17749 -6324
 3442 14529 -6844
 3189 15012 -8552
 1582 17607 -7174
 2278 15834 -9449
 5374 16427 -6590
 1275 15023 -5659
Repetition Start
 1816 14721 -5304
 1570 18512 -5927
 3340 16516 -4502
 3013 15359 -4952
 2123 17510 -5447
 2825 16665 -4715
 2189 17163 -4601
 1399 16722 -4851
 1143 16877 -4518
 1490 16796 -4526
 1880 17060 -4187
 3092 15299 -4811
 3256 17874 -6505
 2335 16408 -6769
 3117 14723 -7294
 3754 15759 -7882
 2850 15889 -8131
 2838 15052 -8107
 1981 17804 -6649
Repetition End
0
 2233 16011 -5471
 2353 17009 -3604
 1796 18219 -4102
 2867 18684 -3458
 2628 18852 -3887
 2617 18793 -4098
 2237 17522 -3710
 1566 17364 -2677
 1410 17550 -1930
 1304 17567 -1934
 2000 17972 -1989
 1686 18370 -2265
 1149 18074 -3016
 1833 20028 -4521
 2205 18433 -6470
 1734 13869 -8143
 2609 14345 -7627
 1680 15969 -8948
 2940 16267 -8814
 3227 15020 -7936
 2410 16279 -8119
 2542 16618 -6591
 2720 16513 -4638
 2773 15490 -5160
 1686 16344 -4515
 4080 16721 -4713
 2996 16537 -4677
Repetition Start
 2363 16511 -4845
 2354 17318 -5369
 2607 16266 -4972
 2518 16381 -5216
 3062 15716 -4856
 3678 16952 -6054
 3535 16465 -6644
 3005 15824 -6870
 3459 15627 -7225
 3812 15241 -8002
 3541 15167 -8990
 3472 15594 -9116
 2962 14691 -9195
 2569 19991 -6838
 2155 16445 -4538
 2069 15355 -2487
 1174 17526 -5038
 1785 18323 -5689
 2052 17601 -4861
 1547 18014 -4015
 1296 17758 -3733
 1453 17536 -3033
 1536 17074 -2635
 1653 16950 -2777
 1363 17361 -2908
 903 18337 -2929
 965 19562 -4159
 1103 19782 -5146
 823 17348 -5123
 2554 18062 -6535
 3150 13015 -7643
 3215 16566 -6274
 4847 15382 -7104
 3821 15739 -6134
 3755 16606 -6591
 3814 16762 -6231
 4198 14805 -5193
 4892 15846 -4853
Repetition End
0
 3160 19010 -6094
 2809 16059 -5991
 3051 15615 -4880
 3177 16513 -5338
 3448 16757 -5638
 3093 16010 -6020
 3205 16244 -6233
 3287 15846 -6817
Repetition Start
 3614 15975 -7575
 2895 15600 -7991
 3120 15546 -8437
 3932 15517 -8651
 3074 14612 -8383
 3114 15252 -8007
 2972 15123 -8651
 3714 14986 -9278
 2968 18310 -8437
 2754 16750 -8094
 2365 14597 -7732
 1928 16495 -5838
 2741 16846 -6098
 2978 18205 -5774
 1971 17558 -5463
 1586 17571 -4230
 1364 17257 -3878
 1804 17334 -3162
 947 17656 -2960
 1795 17994 -2519
 1233 18751 -3431
 2208 20499 -3819
 2002 19017 -4898
 3279 15082 -5857
 3793 12957 -6459
 3718 17426 -6428
 4782 15641 -7545
 4778 15986 -5768
 4864 15619 -6507
 4602 16365 -5435
 5076 16077 -5262
 5125 15583 -4619
 4915 16932 -4473
Repetition End
0
 2840 18467 -4830
 4255 15114 -3010
Repetition Start
 3646 16883 -4430
 3280 16595 -4410
 3123 16920 -4817
 3345 16670 -5241
 3208 16628 -5156
 2480 14967 -4989
 2464 17755 -5530
 2243 17152 -7586
 1906 15436 -6740
 942 15125 -6860
 1103 15098 -7843
 1759 16048 -8745
 1472 15276 -9202
 2649 15621 -9226
 5080 18461 -7782
 4808 16409 -6240
 1402 14691 -6172
 3724 16608 -4466
 4142 18179 -5080
 4102 17909 -5424
 3465 18011 -4914
 3687 17717 -4317
 3436 17851 -3640
 3455 17350 -2637
 3441 17439 -2621
 3292 17346 -2351
 3372 17529 -2384
 3477 17332 -2624
 4058 16344 -2847
 3657 18257 -3181
 3089 17285 -5832
 2403 15531 -8044
 1463 17089 -8577
 1282 16335 -8641
 812 15738 -7939
 1167 15660 -7350
 1052 16286 -6870
 1325 18424 -6640
 1507 15597 -6074
Repetition End
0
 1272 16573 -6063
 3025 15951 -5581
 2634 16172 -5830
 2923 16390 -5943
Repetition Start
 3292 16473 -6159
 2787 16438 -6138
 2964 16382 -6077
 2839 16267 -6342
 2866 16223 -6108
 3223 16228 -5414
 1140 14805 -5624
 1969 16167 -7671
 2932 16440 -8039
 1304 15083 -7248
 1156 15338 -7445
 1556 16032 -8815
 1776 15956 -8822
 1510 15413 -9131
 3350 17926 -8805
 5094 19078 -7224
 1056 15549 -4122
 3776 17510 -4107
 2977 16681 -2722
 3942 16895 -2892
 2836 17260 -3470
 3287 16938 -2788
 3026 17177 -2014
 2995 17126 -1846
 3214 17249 -1597
 3493 17075 -1630
 3514 17064 -1595
 3680 17220 -2314
 3478 16816 -2122
 3757 17157 -3007
 4025 15580 -3666
 3526 16597 -4339
 2977 17956 -5020
 3732 17607 -6755
 3776 16138 -6806
 2464 15003 -8097
 2435 16717 -9411
 2890 17545 -9254
 660 14608 -7693
Repetition End
0
 1477 15636 -6336
 1845 16026 -7291
 1698 15325 -7475
 553 15560 -6236
Repetition Start
 3102 18005 -6882
 2821 13438 -6347
 1730 16558 -5673
 2239 16781 -6431
 3199 16464 -6608
 2996 15990 -6585
 3482 16390 -6791
 3137 16064 -6147
 3033 16187 -6051
 3064 16228 -5136
 1670 16957 -5517
 1430 15762 -8107
 2045 16492 -7520
 858 15681 -6379
 413 15732 -7160
 267 15735 -7647
 1919 16870 -8805
 1249 16316 -8345
 3637 18130 -7718
 4440 17802 -5879
 2838 16788 -4438
 3721 18093 -5567
 3498 16913 -3452
 3609 17622 -2598
 3173 16380 -2436
 3602 17229 -1955
 3188 16960 -1678
 3646 17259 -1633
 3462 17024 -1633
 3469 17505 -1402
 3531 17001 -1635
 3500 17542 -1716
 3702 16975 -1948
 4434 16346 -2295
 3147 18559 -3396
 3584 20477 -5229
 1670 15281 -8413
 -583 13619 -8617
 878 17570 -8599
 760 17519 -7854
 51 16453 -8073
 400 15664 -7427
 1532 15853 -5629
 742 16882 -4931
Repetition End
0
 228 15612 -5232
 1598 16505 -5570
 3663 18946 -7067
 1960 14968 -5370
 1198 16641 -6104
Repetition Start
 2547 16971 -7168
 1865 16031 -5945
 2019 16797 -6132
 2065 16648 -6207
 1770 16363 -5721
 1800 16594 -5571
 2165 16507 -5075
 1963 15865 -4996
 1274 16859 -6374
 1830 17997 -6424
 1355 15870 -6482
 747 15302 -6345
 39 15457 -7593
 853 16111 -8836
 1637 16384 -8702
 3581 18244 -9525
 5007 18828 -7202
 2769 16027 -4359
 4186 16558 -3493
 4388 17112 -3871
 4186 16463 -4137
 4142 16535 -3948
 4415 16651 -3392
 3948 16833 -3060
 4334 16996 -2675
 4438 16766 -2836
 4551 16979 -2940
 4555 16605 -2811
 4601 16525 -2913
 4501 16528 -2991
 4776 16202 -2799
 4106 17870 -3684
 3782 17799 -5722
 4330 17799 -7804
 568 15476 -7853
 2041 17355 -8027
 -383 16748 -9096
 903 15742 -8655
 622 15443 -7212
 -200 16143 -7634
 847 16001 -6542
 1913 17579 -6224
 3453 17453 -4859
Repetition End
0
 1156 16267 -4390
 2063 16430 -5168
Repetition Start
 2001 16540 -5027
 1743 16856 -4944
 2157 16649 -5161
 2370 16949 -5257
 3062 16480 -4962
 3281 16880 -5761
 2788 15775 -6200
 3228 16603 -6291
 3266 16199 -6839
 3365 15897 -6486
 3201 15233 -6748
 3312 15580 -7618
 3594 15569 -8124
 3142 20508 -7431
 1286 16670 -7193
 1749 16054 -4892
 2155 16614 -4131
 2379 17453 -4959
 1646 16873 -5054
 2468 17399 -4798
 2384 16585 -4430
 2062 16591 -4002
 2545 16827 -3400
 1952 17279 -3526
 1696 17641 -4151
 1869 17200 -5017
 3280 18295 -6444
 3036 17717 -7354
 2313 15741 -8754
 1335 14583 -9177
 3397 16546 -8274
 2801 15541 -7690
 3322 16399 -7476
 2718 15708 -7588
 2003 16108 -6444
 2494 16672 -4983
Repetition End
0
 1370 18768 -5310
Repetition Start
 1849 13915 -5045
 2381 17042 -4937
 2742 17096 -5502
 1475 16765 -5733
 1105 16773 -5208
 2121 16575 -5568
 1398 16564 -5966
 1822 16398 -6255
 2027 16301 -5804
 2528 15663 -4984
 2583 17178 -6383
 3292 15894 -8035
 2480 15431 -7456
 3321 14407 -7591
 3806 14798 -8586
 2766 14771 -9413
 3700 15570 -9705
 2620 21707 -10048
 2413 16434 -7310
 1879 15833 -5390
 1270 16789 -5530
 2103 16422 -4601
 1960 17390 -4420
 2050 16907 -4277
 2080 17466 -4658
 2146 17520 -3857
 1988 16873 -3148
 1597 17025 -3317
 1612 17758 -4327
 2417 19232 -5059
 1528 17725 -6101
 2564 16776 -8249
 2328 14081 -9168
 2762 16850 -8325
 3257 14688 -9964
 4008 15421 -8792
 2114 15549 -8422
 2266 16151 -7478
 2334 14698 -6191
 1075 17602 -5302
 1396 15672 -6195
 670 17536 -3818
Repetition Start
 1047 16669 -4568
 1795 15833 -5137
 1418 17348 -4965
 1752 17347 -4864
 1840 16562 -5230
 1968 16843 -5174
 1905 16781 -4913
 2058 16023 -4759
 2573 16954 -5338
 2724 16421 -5904
 2684 17561 -6870
 2936 16135 -6735
 3405 15328 -6451
 3773 15576 -7197
 3236 16182 -7753
 3789 16692 -7670
 1629 20600 -6295
 1819 17469 -5050
 3245 16098 -2769
 1258 17224 -2200
 2447 17861 -2187
 2546 17742 -2179
 1778 17503 -2256
 1938 17077 -1965
 2013 16862 -1713
 2321 16796 -1385
 1385 16899 -1792
 1403 17572 -2132
 2578 17982 -3277
 2615 19204 -4665
 3369 18324 -6134
 3244 18580 -6770
 3014 13851 -8168
 2649 17809 -7253
 4385 14690 -8175
 4498 14953 -7458
 4219 15976 -6672
 3866 15751 -6437
 4155 15269 -5434
 3615 16586 -5176
Repetition End
0
 3460 18649 -5825
 3816 15887 -4502
Repetition Start
 3621 14440 -4231
 2724 18044 -5890
 3426 16312 -5383
 3128 16236 -5625
 2867 16549 -6390
 3032 16248 -6322
 2762 16039 -6218
 3776 15542 -5552
 3498 16657 -7053
 3651 16100 -7328
 3238 15582 -6822
 3686 15083 -7223
 4019 15146 -7972
 3517 15483 -8502
 3611 15682 -8583
 3626 20698 -8141
 2100 17901 -5078
 1690 15156 -4209
 1733 17600 -3812
 1520 17027 -3665
 1182 17700 -4022
 2588 17044 -3682
 2161 17669 -2714
 1878 16533 -2558
 2213 17097 -2302
 1896 16857 -2278
 2520 18294 -2923
 1341 19463 -3386
 852 18543 -5518
 3076 18342 -5573
 3107 15113 -7811
 2481 15561 -8141
 3554 15293 -8639
 4401 16113 -7428
 4625 15381 -7379
 4115 15874 -6703
 4601 16109 -6523
 5166 14358 -5457
Repetition End
0
 3019 16101 -6152
 2946 17495 -5715
 5296 15605 -4035
Repetition Start
 2077 16632 -5487
 3260 16255 -5336
 3328 16145 -5152
 2534 16841 -5088
 1222 16293 -6515
 862 15761 -7483
 1812 16856 -6871
 1137 15876 -7370
 1528 15759 -7304
 986 15493 -8064
 1504 15583 -8853
 1309 16102 -9298
 1558 15566 -9082
 3088 18690 -9200
 3620 16964 -5704
 3612 17712 -4939
 3297 16113 -4131
 3521 16687 -3125
 4136 17451 -2806
 3506 17163 -2346
 3892 16969 -2049
 3725 16929 -1821
 4115 16882 -1811
 4054 17137 -2022
 3959 17227 -2024
 4037 17535 -2612
 4369 17667 -4024
 3764 18815 -5527
 1079 16769 -7249
 1575 15013 -7576
 1345 17622 -7254
 995 16354 -7575
 475 16483 -7395
 273 16525 -7102
 875 16363 -5547
 775 15884 -4840
 2302 18421 -5673
 4168 18346 -5460
Repetition End
0
 1430 14567 -4461
 2412 16599 -4444
 2980 17607 -4656
 2600 15985 -4675
 2947 17005 -4866
 2643 16677 -5616
 2952 16825 -5412
 3186 16766 -5316
 3542 16869 -4952
 3568 16456 -4775
 3364 16870 -4896
 3251 16679 -5126
 3267 16931 -5424
 3259 16625 -5519
 3332 16588 -5422
 3266 16729 -5707
 3236 16687 -5270
 3340 16537 -5335
 3405 16573 -5457
 3451 16700 -5366
 3325 16712 -5313
 3305 16688 -4992
 3257 16795 -4719
 2669 15234 -3703
 1401 13031 -1895
 3505 14076 -782
 3207 15554 -195
 1880 17356 192
 2576 17567 1289
 2693 18726 2667
 3801 18801 4314
 2197 19117 4884
 3667 18714 5338
 4164 19263 6934
 2661 18113 6644
 2787 17332 6340
 2821 17340 6576
 2300 18232 5944
 2776 19196 5428
 3088 19357 4719
 2763 19043 3709
 3478 18192 2477
 3331 17164 975
 2393 15531 -60
 1824 12963 -368
 1722 12240 -644
 2494 14527 -1077
 3295 18234 -3039
 2961 17176 -3977
 3191 16963 -4300
 2509 17040 -4533
Repetition Start
 2538 16991 -3978
 2542 16777 -4517
 2580 16719 -5041
 2964 16863 -4968
 2737 16995 -5204
 2830 16901 -5127
 3035 16913 -4976
 2995 16791 -4945
 3025 16887 -4939
 2808 16791 -5078
 2667 16864 -5091
 2587 16847 -5312
 2710 16808 -5069
 2894 16812 -5196
 2893 17026 -4688
 2960 15277 -3497
 2075 13189 -1853
 1799 13627 -1179
 2951 14891 -846
 3411 18156 172
 2604 18093 683
 2506 18981 1861
 3424 18938 3093
 3397 18666 4789
 3087 17944 5361
 3207 17575 6314
 4083 17297 6952
 4196 17009 6980
 3797 17162 7002
 3649 17410 6776
 3187 17519 6367
 3651 17851 5708
 3620 18122 5372
 3686 18413 4639
 3598 18755 3374
 3558 16829 1956
 3384 15176 1256
 2449 14046 128
 2454 12580 -163
Repetition End
0
 3143 14354 -1673
 3579 18444 -1780
Repetition Start
 3502 17678 -3067
 3151 17055 -3352
 3030 17262 -3546
 2991 17208 -3779
 2754 16875 -4124
 2988 17145 -4157
 2981 17150 -4581
 2774 16948 -4528
 3169 17078 -4275
 2719 16976 -4564
 2644 17155 -4703
 2488 17306 -4398
 2309 17357 -4413
 1689 16897 -4298
 2241 16750 -3470
 3864 13926 -196
 3542 14543 -2520
 3338 16933 -1261
 1972 15986 -795
 3229 15386 11
 2751 15621 68
 3112 17829 2219
 3617 17544 2435
 4651 19180 3376
 4822 19759 4750
Repetition End
0
 2949 19285 3754
 3557 18984 4159
 3192 18698 4311
 3219 19282 4338
 3421 20415 3783
 3616 19475 3817
 3512 18063 3535
 3021 18610 2850
 2841 18480 1419
 2372 18385 582
 1899 16969 620
 1503 13325 682
 1744 11942 308
 3928 14620 -565
 3459 16952 -2157
 4008 17244 -2351
 4479 15896 -2501
 3072 16381 -3718
 284 18170 -3754
Repetition Start
 3162 16586 -4825
 2566 17030 -4171
 3081 17216 -4545
 3037 16891 -4825
 3050 16982 -4630
 3405 17392 -4117
 2348 17289 -3987
 1202 17464 -3353
 1018 15762 -3500
 1264 15539 -2121
 2305 14181 -579
 2054 13942 -716
 1774 12627 985
 3440 18707 -509
 2844 19193 779
 2587 19693 956
 3129 19297 3081
 2989 18996 3690
 2838 19684 3575
 3138 19546 3587
 2753 19675 3602
 3058 20044 3867
 3481 20194 3342
 3344 19880 3112
 4290 18843 2749
 3741 18109 2631
 2984 17170 1653
 2829 15174 1236
 2971 15514 801
 3871 16810 286
 2938 13707 247
 1412 12601 19
Repetition End
0
 1882 16795 -1066
 2110 17882 -2437
 1586 17085 -1970
 1501 16767 -1979
 2656 17925 -2353
Repetition Start
 1458 18289 -3012
 1667 17181 -2623
 1275 16904 -2830
 2006 17874 -3003
 901 17177 -3055
 1595 17523 -3084
 1843 17671 -3334
 2020 16981 -3270
 3197 17701 -3676
 4127 16936 -2945
 3170 16218 -3613
 2902 16213 -2973
 1424 14162 -1068
 1318 13526 -1605
 1960 13591 -1349
 2250 18331 -1431
 3749 17744 -2315
 3206 19858 -2092
 3719 19716 -1041
 2753 20157 -418
 3151 19593 259
 3232 18234 67
 2944 18808 388
 3139 18406 90
 3102 20421 345
 3083 21227 -60
 3458 21086 63
 3070 19465 -225
 2928 18057 -779
 2656 18251 -1496
 1261 16456 -2338
 865 14021 -1912
 1128 12985 -2154
 2835 14517 -1702
 3817 15874 -3792
Repetition End
0
 3154 17093 -4659
 2846 17148 -4699
 3748 15942 -4233
Repetition Start
 3512 15945 -4959
 2828 19213 -5195
 1004 15948 -4709
 3531 16500 -4488
 3218 17167 -4802
 3543 16488 -4260
 2755 16599 -4310
 2602 17173 -5181
 1535 16866 -5502
 828 16106 -5283
 1438 17072 -4618
 2732 15167 -5095
 2464 16273 -3785
 2431 16102 -3345
 2994 14148 -2808
 3068 14533 -2867
 2836 16303 -2301
 2719 18085 -2549
 2164 19230 -2144
 2834 19334 -1929
 1975 19468 -1116
 2118 19448 -581
 2399 19144 -1253
 2422 20584 -2037
 2181 20824 -1593
 2213 19994 -2171
 2778 20313 -2276
 2787 20277 -2909
 2622 19881 -3167
 2425 17704 -3110
 3068 16030 -2543
 2391 13746 -1966
 1358 12673 -1642
 1080 15338 -2528
 1000 16699 -2781
 631 17204 -3360
Repetition End
0
 534 15793 -3184
 448 16399 -3296
Repetition Start
 4534 18829 -4278
 2211 16020 -3929
 2815 17736 -4349
 2984 17256 -4811
 2690 16979 -4829
 2789 17099 -4907
 2174 17113 -4846
 2591 17580 -4998
 2981 16540 -4496
 3742 16681 -4529
 3220 15884 -4572
 3290 15147 -3973
 2526 15308 -3296
 2377 14718 -3068
 3171 14047 -2349
 2789 14086 -2003
 1775 17825 -1981
 3520 17145 -3203
 2021 20089 -2180
 3220 20160 -1889
 2595 18965 -1729
 2774 19412 -1371
 1690 20024 -369
 2343 20467 -195
 2160 21139 175
 1924 20621 32
 1589 20370 -9
 1863 19459 104
 1789 18542 -688
 1401 16405 -343
 2059 14353 -76
 2089 13872 -117
 3124 14279 -940
 3561 15360 -2050
 3541 16901 -2960
Repetition End
0
 3891 16280 -2063
 4587 15174 -2361
 4416 17550 -2941
Repetition Start
 1770 20114 -3680
 3025 15539 -3417
 3503 18148 -3391
 2864 17011 -3833
 2659 17208 -3530
 2984 17037 -4178
 2473 16983 -4085
 2650 17099 -4500
 3214 17097 -4065
 3216 17262 -4083
 3580 17550 -4088
 1757 17342 -1758
 1516 15736 -3195
 1124 16334 -2230
 1630 15250 -2000
 1995 16802 -698
 1679 17027 283
 563 13448 66
 2007 16191 1700
 1738 17863 1054
 2195 19850 494
 2157 19257 -381
 2179 18834 1075
 1801 19483 1659
 2315 21120 876
 2675 21091 1645
 3333 21200 1323
 3535 21565 1114
 2745 20943 306
 2887 19785 -3
 3112 18647 -717
 2883 17158 -1195
 3458 14512 -762
 2460 12259 -558
 1435 13127 -806
 729 16354 -1852
 1350 17663 -2974
 931 16977 -2807
 690 16642 -2889
Repetition End
0
 482 16361 -2811
 2806 19887 -4208
 2538 16365 -3989
Repetition Start
 2026 16856 -3433
 2427 17108 -3887
 2406 17016 -4062
 2559 17213 -4402
 2541 17011 -4293
 2247 16947 -4203
 1978 17266 -4470
 2184 17798 -4703
 3489 16124 -3813
 4978 15599 -3668
 3037 16595 -4351
 2562 15271 -3627
 2826 15953 -2701
 2910 14073 -1704
 1629 10966 -1178
 2735 18646 -309
 3837 16615 -2198
 2637 20267 -538
 3512 20520 -1225
 3726 20419 -635
 3468 20411 -304
 3242 20630 57
 2019 21094 23
 2022 21300 676
 1661 19603 1601
 1080 18952 1909
 1744 19204 2410
 1307 18475 1306
 1493 18376 832
 1211 16713 109
 1627 13845 -54
 1180 13287 47
 3795 13539 -1334
 3802 15840 -3274
 4440 17146 -3527
 4621 16142 -3468
 4806 15199 -4491
 4367 14912 -4780
Repetition End
0
 -768 16695 -5578
 4471 16788 -5485
Repetition Start
 2285 17564 -5078
 3054 17169 -5276
 3038 16470 -5679
 3174 16106 -5889
 3506 16772 -5300
 3224 16816 -5643
 3750 16547 -5628
 3624 17121 -5652
 1947 16667 -3877
 -265 16016 -3778
 -260 15400 -3963
 385 16235 -2398
 2251 14030 -1349
 1999 15964 -622
 1317 12352 -1215
 1317 17263 -951
 -377 18442 -595
 902 19521 -2321
 1944 19066 -1183
 911 19663 -421
 -461 19193 -717
 932 20354 58
 1953 21505 -244
 2304 22070 -375
 2670 21785 -536
 2898 21012 -1340
 2228 20496 -590
 2431 17319 13
 2862 15396 754
 1088 11915 454
 745 12888 -617
 -141 14073 -2190
 189 17261 -2738
 -298 15494 -2571
 1038 16275 -4342
 3056 18062 -5582
Repetition End
0
 5168 15381 -5823
 1164 17869 -5816
Repetition Start
 3773 17819 -4904
 2629 16238 -4855
 3180 17271 -4621
 2855 16609 -4959
 2115 16716 -4478
 2208 17352 -4511
 2550 17819 -4682
 3012 16599 -4522
 3084 16714 -4520
 3042 16498 -4549
 2933 15870 -3036
 2122 14375 -2043
 2223 13414 -1998
 1739 13913 -175
 1874 17216 287
 1332 17175 551
 2922 17982 350
 2244 20248 811
 1875 21382 928
 2289 22080 1109
 2504 20643 1524
 2534 20319 1418
 2620 20650 1546
 1646 20472 1579
 1960 20663 1337
 1968 21152 1042
 1602 19521 118
 1483 16318 -56
 1343 13694 -91
 1587 12457 -413
 2542 12887 -871
 3841 15201 -2554
 3768 16324 -4198
 4133 16335 -3835
 4849 17361 -4105
Repetition End
0
 4365 15419 -4103
 2661 21558 -5124
Repetition Start
 2845 15215 -3875
 4530 16110 -4140
 2458 17675 -4402
 3856 16636 -4188
 3020 16969 -4983
 3036 16531 -4764
 3581 16865 -4912
 3308 16774 -5365
 3927 16840 -5291
 3386 17392 -5110
 977 16732 -4126
 579 15587 -3564
 1020 17450 -2950
 684 16415 -2004
 1357 14193 -1400
 1665 13080 240
 1609 16816 637
 2243 16345 -707
 2586 18703 558
Repetition End
0
 455 20698 44
 2175 19660 479
 2562 20188 1213
 1633 20895 2246
 2322 19923 1357
 2319 19613 2336
 2494 19841 2188
 2555 20935 2416
 3114 21543 1931
 2193 21489 797
 2127 19663 400
 426 15844 594
 1835 11924 1198
 1396 9877 172
 400 13851 73
 752 17000 -1958
 1505 18123 -3158
 859 17174 -2451
 361 15427 -3462
 2606 19258 -4430
 2728 17306 -3866
Repetition Start
 1871 16926 -4245
 1721 17768 -4709
 2346 16693 -4367
 1515 17057 -3985
 2225 17159 -4092
 1708 17248 -4300
 1852 16951 -4605
 1697 17290 -4180
 1501 17178 -4545
 2356 17213 -3967
 4056 15550 -3666
 2738 15147 -3005
 3391 15620 -2075
 2577 16472 -2129
 1382 15983 -2067
 1898 15191 -1642
 3259 16732 -976
 2481 18299 -2033
 3951 17433 -1127
 2909 19184 -1520
 3028 20036 215
 2963 19676 212
 2966 19612 -759
 2459 20114 -528
 2658 20099 -446
 2642 20730 -1173
 2009 21496 -1557
 1291 21562 -1161
 2286 21282 -1783
 1274 17850 -913
 1772 14009 -909
 1327 11886 -295
 2570 12185 -777
 3722 14565 -1940
 3751 16667 -3939
 4007 16634 -4317
 4070 15530 -4207
 4207 16332 -4199
Repetition End
0
 2532 22910 -5724
Repetition Start
 2608 14815 -4169
 3277 17078 -4347
 2961 16801 -5448
 2590 16912 -4869
 3178 16749 -4744
 2943 16696 -4853
 2864 16642 -4683
 3248 16866 -4396
 3215 16560 -4801
 3099 17945 -4470
 1265 16902 -4277
 1080 16591 -4794
 1210 17249 -5051
 1494 16493 -3592
 2157 14459 -2432
 1849 11494 -804
 755 14690 -282
 1647 16747 -4
 256 18879 864
 122 18734 -119
 1333 20116 734
 1299 20802 1569
 2052 20225 1522
 2658 20607 1497
 2805 21203 1646
 3120 21315 1596
 3315 21597 1367
 2779 21297 720
 3774 18982 721
 2034 15624 285
 1711 15327 -56
 2280 13695 474
 1715 11951 -261
 1202 14689 -1731
 1233 16918 -3688
 1733 16743 -4579
 1335 16468 -4751
 2232 16333 -4727
Repetition End
0
 3882 18055 -5785
 2564 16006 -4931
Repetition Start
 2557 17315 -5255
Repetition End
0
 2891 16547 -5547
 2408 16455 -5768
 2314 16891 -5533
 2701 16679 -5788
 2437 16774 -5387
 2010 16794 -5801
 1645 16935 -5374
 1466 17944 -5503
 2608 17426 -3965
 5591 16167 -5007
 2688 14451 -3501
 2620 15537 -3372
 2368 16599 -1723
 1113 14105 -641
 2359 12531 -398
 922 17854 790
 2772 18318 -1051
 2819 19869 -1160
 2461 21021 -940
 3381 21338 -538
 2391 20277 -389
 2895 20519 -930
 3128 21757 -1180
 3273 21285 -2716
 2574 21264 -2135
 2153 19796 -2840
 1618 17420 -2589
 1120 13457 -1039
 2646 11719 -362
 2944 13723 -1493
 3465 16299 -3505
 3368 16969 -4012
 4607 15590 -3265
 4371 15405 -3923
Repetition End
0
 3856 16049 -4705
 536 16276 -4771
 4303 15643 -4937
Repetition Start
 2375 17012 -5318
 3302 17240 -5085
 2768 16602 -5109
 3259 16922 -5214
 3205 16826 -4775
 3360 16893 -4679
 2689 17067 -4420
 2357 17077 -4758
 1006 17714 -3404
 1231 16270 -3665
 434 16785 -3361
 1967 16572 -2874
 2338 14405 -1022
 1432 12544 179
 1156 11801 377
 1646 16370 477
 954 16631 -619
 1391 19550 -541
 1716 20694 -196
 2816 20605 481
 1394 20241 144
 2235 20245 421
 2315 20699 1774
 3288 21036 547
 3345 21643 495
 2691 21930 -674
 2542 21373 -1184
 2795 18181 -287
 3224 12821 624
 2000 11476 1182
 773 12579 381
 827 14820 -1532
 993 17734 -2417
 398 17739 -2732
 -135 16280 -2709
Repetition End
0
 451 16379 -2381
 4169 21287 -4698
Repetition Start
 3282 16285 -3868
 2174 16491 -3231
 2232 17619 -3629
 2352 16741 -3504
 2329 17255 -3787
 2030 17125 -3297
 1848 17003 -3111
 1476 17539 -4257
 2347 17617 -3842
 3910 17512 -2111
 4321 15963 -3138
 3802 16571 -3653
 2928 15487 -2391
 3762 14964 -2398
 1719 15947 -1592
 2204 15248 -666
 2639 15949 -351
 2423 16528 -2261
 3640 18008 -1653
 1705 19886 -1973
 2358 19529 -1172
 2948 20720 -1971
 2125 21113 -1235
 2692 20138 -1925
 3683 21149 -1531
 3206 20491 -2239
 3309 20088 -2591
 3322 20189 -2799
 2893 17853 -2443
 2612 15474 -2584
 2087 14392 -859
 3798 13664 -1031
 4041 13858 -2392
 3984 15226 -3204
 4537 16591 -4376
 5510 16117 -2945
 5036 15260 -3622
Repetition End
0
 4466 16702 -4212
 836 18686 -4324
Repetition Start
 3941 15882 -4342
 2446 17177 -4981
 3043 16667 -4711
 2486 16904 -4334
 3298 17141 -4631
 3245 16934 -4706
 3522 17380 -4450
 3573 17083 -4325
 1644 17247 -4163
 554 16177 -3000
 917 15526 -3779
 825 15618 -2483
 1417 14061 -1421
 1345 14211 -683
 945 14021 -1556
 3119 17156 -259
 1388 18340 -652
 2019 18766 -1707
 2214 20456 -1068
 3129 20475 -1202
 2524 21292 -844
 3817 21022 97
 3998 21392 -512
 3505 21725 -1352
 3326 21210 -1701
 3059 19285 -2130
 3317 16255 -2033
 3225 14279 -2005
 1908 13978 -507
 2412 11455 -1693
 534 14940 -2041
 -2 17331 -3880
 1199 17078 -4885
 29 16663 -4360
Repetition End
0
 383 16202 -4403
 3289 20712 -5993
Repetition Start
 3686 15516 -4666
 1995 16324 -4534
 3176 17718 -4230
 2167 17188 -4170
 1981 16868 -3837
 1849 17223 -3716
 1586 17094 -3400
 1577 17274 -3725
 1659 17144 -3355
 3450 16120 -2581
 4517 17267 -1841
 3707 16474 -2330
 3715 16214 -1769
 3107 18336 -1232
 2913 16623 -849
 1725 14654 217
 1894 13702 475
 1798 14594 650
 2915 16432 -132
 2519 20024 -1040
 2931 21768 36
 2209 22535 327
 2013 22519 89
 2631 20908 1087
 1606 20077 1392
 1185 18989 1509
 1218 18216 1513
 788 17733 1110
 401 15985 599
 1201 14451 584
 2053 13400 677
 3274 15064 268
 4163 16508 -1890
 3665 17160 -2887
 4190 17418 -2961
 5034 16884 -2693
Repetition End
0
 4576 16572 -3216
 4037 16481 -3086
Repetition Start
 4323 19024 -3465
 3041 17043 -3155
 3892 15984 -2626
 4113 17691 -2774
 3268 16804 -2864
 3353 17096 -3100
 3517 16964 -2947
 3349 17051 -2971
 3463 17055 -3049
 3519 17209 -3191
 3956 17126 -2662
 3868 17032 -3405
 3651 17179 -3086
 3573 17133 -3137
 3261 17125 -3122
 3322 17107 -3095
 3115 17082 -3174
 3116 17233 -3326
 3107 17239 -3623
 3309 16978 -2747
 3475 17107 -3598
 3666 16724 -3412
 3789 16840 -3896
 3909 16984 -3758
 4010 16665 -4094
 3602 16909 -4518
 3433 17164 -4663
 3903 17011 -4050
 4065 16657 -4470
 4989 15859 -4393
 5363 16957 -4795
 4902 16839 -4742
 5421 16897 -3553
 5418 16282 -2468
 5573 16219 -2054
 5793 16567 -786
 6863 16809 -352
 7010 15876 544
 7307 15771 1150
 7243 15880 630
 7103 16360 721
 6499 16408 1252
 6987 16464 1242
 6708 16357 1634
 6330 16579 796
 6013 16286 1605
 5416 16990 1895
