Repetition start
0.606262207031
0.467102050781
0.589050292969
1.67553710938
0.563232421875
0.940979003906
1.07861328125
1.26391601562
1.41925048828
1.39013671875
1.45288085938
1.63323974609
1.70776367188
1.62322998047
1.72088623047
0.668212890625
0.46728515625
0.812316894531
0.958251953125
1.03662109375
Repetition end
1
Repetition start
0.820922851562
0.8486328125
0.805114746094
0.618896484375
0.587707519531
0.557861328125
0.266357421875
0.286926269531
0.39208984375
1.18896484375
1.31695556641
1.30529785156
1.48815917969
1.62329101562
1.47967529297
1.63690185547
1.66711425781
0.648803710938
0.437377929688
0.778686523438
Repetition end
1
Repetition start
0.818664550781
0.851135253906
0.71337890625
0.72314453125
0.542358398438
0.580383300781
0.431213378906
0.727294921875
0.906921386719
1.37274169922
1.38824462891
1.39569091797
1.3798828125
1.40051269531
1.28088378906
1.28802490234
0.201293945312
0.465576171875
0.582092285156
0.805480957031
Repetition end
1
Repetition start
0.86474609375
0.906372070312
0.749084472656
0.770690917969
0.635192871094
0.460327148438
0.171264648438
0.544494628906
1.32000732422
1.28991699219
1.43096923828
1.41876220703
1.38684082031
0.993041992188
0.685363769531
0.457092285156
0.666198730469
0.622192382812
0.81494140625
0.709167480469
Repetition end
1
Repetition start
0.809753417969
0.61669921875
0.655822753906
0.626770019531
0.457397460938
0.56640625
0.572326660156
1.13720703125
1.17706298828
1.25524902344
1.33569335938
1.17596435547
1.37780761719
1.17797851562
0.443969726562
0.270446777344
0.627807617188
0.742980957031
0.891662597656
0.839050292969
Repetition end
1
Repetition start
0.946411132812
0.903015136719
0.615783691406
0.714294433594
0.471923828125
0.429626464844
0.58056640625
1.35925292969
1.15197753906
1.19091796875
1.46929931641
1.69299316406
1.55871582031
1.62579345703
1.20593261719
0.529724121094
0.448608398438
0.468383789062
0.68798828125
0.991516113281
Repetition end
1
Repetition start
0.75927734375
0.717468261719
0.724975585938
0.704406738281
0.658203125
1.36492919922
1.27014160156
1.34954833984
1.4306640625
1.53405761719
1.60687255859
1.21026611328
0.612548828125
0.356140136719
0.894653320312
0.794250488281
0.982604980469
1.05120849609
0.997436523438
1.04937744141
Repetition end
1
Repetition start
1.01550292969
0.881774902344
0.948181152344
0.855712890625
0.867126464844
0.347290039062
0.570373535156
0.0824584960938
1.16943359375
1.42578125
1.33453369141
1.42913818359
1.44427490234
1.44580078125
1.40533447266
0.269653320312
0.764831542969
0.292175292969
0.439331054688
0.619567871094
Repetition end
1
Repetition start
0.861389160156
0.986511230469
0.978881835938
0.883178710938
0.944091796875
0.87158203125
0.707946777344
0.771911621094
0.701171875
0.651184082031
1.44836425781
1.23974609375
1.3701171875
1.30499267578
1.56628417969
1.30908203125
0.522705078125
0.283752441406
0.521911621094
0.822875976562
Repetition end
1
Repetition start
0.840148925781
0.772277832031
0.735168457031
0.598876953125
0.565002441406
0.544677734375
0.352111816406
0.945495605469
0.591247558594
1.39154052734
1.4326171875
1.43139648438
1.45477294922
1.53308105469
1.48114013672
0.493408203125
0.404602050781
0.39990234375
0.681213378906
0.772827148438
Repetition end
1
Repetition start
0.867980957031
0.922729492188
0.757751464844
0.766723632812
0.721252441406
0.719848632812
0.693298339844
0.505004882812
0.853332519531
1.13500976562
1.52807617188
1.595703125
1.58880615234
1.65167236328
1.58477783203
0.517333984375
0.562438964844
0.641906738281
0.806762695312
0.66650390625
Repetition end
1
Repetition start
0.794250488281
0.947937011719
0.919250488281
1.01458740234
0.773132324219
0.239318847656
0.146240234375
0.544128417969
1.27496337891
1.38452148438
1.36981201172
1.27600097656
1.39801025391
1.375
1.43621826172
1.19427490234
0.35595703125
0.655212402344
0.825927734375
0.669799804688
Repetition end
1
Repetition start
0.806213378906
0.782592773438
0.807006835938
0.769836425781
0.861145019531
0.643249511719
0.516540527344
0.590881347656
0.532165527344
0.92529296875
1.15356445312
1.45928955078
1.40069580078
1.41851806641
1.6533203125
1.55419921875
1.53948974609
0.774169921875
0.874877929688
0.814514160156
Repetition end
1
Repetition start
0.845031738281
0.850524902344
0.773254394531
0.588928222656
0.625915527344
0.497009277344
0.434326171875
0.425109863281
0.261596679688
0.0821533203125
1.14117431641
1.40100097656
1.44464111328
1.38171386719
1.46557617188
1.51300048828
1.54638671875
1.02819824219
0.295959472656
0.77197265625
Repetition end
1
Repetition start
0.809265136719
0.789245605469
0.9404296875
0.894104003906
0.854919433594
0.808471679688
0.805236816406
0.685607910156
0.689453125
0.606994628906
0.694396972656
1.38323974609
1.27679443359
1.25939941406
1.36767578125
1.41455078125
1.31524658203
1.29754638672
0.6787109375
0.825073242188
Repetition end
1
Repetition start
0.710083007812
0.615478515625
0.638061523438
0.635925292969
0.694946289062
0.666015625
0.600891113281
0.42724609375
0.510559082031
1.14190673828
-0.223266601562
1.33752441406
1.35375976562
1.51275634766
1.44879150391
1.46795654297
1.24163818359
0.833984375
0.88623046875
0.645080566406
Repetition end
1
Repetition start
0.886779785156
0.862365722656
0.886657714844
0.7890625
0.758422851562
0.8408203125
0.577941894531
0.548461914062
0.677551269531
0.904724121094
0.908874511719
1.25543212891
1.3466796875
1.36383056641
1.39575195312
1.31085205078
1.02673339844
0.818054199219
0.544372558594
0.595703125
Repetition end
1
Repetition start
0.745178222656
0.688049316406
0.749755859375
0.681396484375
0.54150390625
0.402709960938
0.460693359375
1.25799560547
1.39385986328
1.46026611328
1.46099853516
1.49645996094
1.41510009766
1.41552734375
1.4677734375
1.43225097656
1.48944091797
0.682739257812
0.41748046875
0.691040039062
Repetition end
1
Repetition start
0.836669921875
1.01257324219
0.816467285156
0.834777832031
0.768127441406
0.751831054688
0.598510742188
0.638610839844
1.10168457031
1.14947509766
1.21240234375
1.39141845703
1.32800292969
1.43811035156
1.27264404297
1.45819091797
1.35729980469
0.825622558594
0.521667480469
0.959655761719
Repetition end
1
Repetition start
1.14733886719
0.834777832031
0.968505859375
0.965148925781
0.916320800781
0.668334960938
0.591674804688
0.623107910156
0.496215820312
0.411560058594
0.458618164062
1.20202636719
1.13647460938
1.18969726562
1.16094970703
1.22399902344
1.22747802734
1.29907226562
0.0941162109375
0.1884765625
Repetition end
1
Repetition start
0.671264648438
0.63720703125
0.583068847656
0.677368164062
0.460205078125
0.54296875
0.421997070312
0.531921386719
0.529907226562
1.19952392578
1.3193359375
1.33856201172
1.52478027344
1.57214355469
1.60589599609
1.75372314453
0.547424316406
0.601928710938
0.538513183594
0.729736328125
Repetition end
1
Repetition start
0.882263183594
0.817016601562
0.8212890625
0.748962402344
0.566101074219
0.599609375
0.488647460938
0.980895996094
1.43957519531
1.30932617188
1.30041503906
1.26507568359
1.37677001953
1.39440917969
1.39074707031
0.601379394531
0.470031738281
0.82861328125
0.233215332031
0.773010253906
Repetition end
1
Repetition start
0.8642578125
0.695556640625
0.762390136719
0.7041015625
0.723754882812
0.571838378906
0.6875
0.827819824219
0.838684082031
1.41619873047
1.24664306641
1.38555908203
1.49664306641
1.51318359375
1.14276123047
0.574584960938
0.728698730469
0.782775878906
0.751403808594
0.884155273438
Repetition end
1
Repetition start
0.689147949219
0.797241210938
0.810119628906
0.752746582031
0.633605957031
0.537475585938
0.412353515625
0.579406738281
1.28717041016
1.28106689453
1.42095947266
1.39422607422
1.43176269531
1.38458251953
1.43408203125
1.4931640625
0.947143554688
0.241577148438
0.451965332031
0.658874511719
Repetition end
1
Repetition start
0.817321777344
0.763977050781
0.750732421875
0.85693359375
0.725463867188
0.72119140625
0.628112792969
0.580749511719
0.494567871094
0.972717285156
1.04321289062
1.09320068359
1.53875732422
1.41925048828
1.55493164062
1.42053222656
0.3115234375
0.703063964844
0.739318847656
1.09313964844
Repetition end
1
Repetition start
0.897521972656
0.806213378906
0.929626464844
0.639709472656
0.456604003906
0.333374023438
0.647033691406
0.895874023438
0.791564941406
1.51342773438
1.564453125
1.58074951172
1.41815185547
1.47796630859
1.53692626953
0.49365234375
0.898254394531
0.572265625
0.953918457031
0.994689941406
Repetition end
1
Repetition start
0.945983886719
1.08081054688
1.01232910156
0.892150878906
0.884155273438
0.852722167969
0.678955078125
1.17395019531
1.19665527344
1.44885253906
1.40576171875
1.4501953125
1.46069335938
1.46087646484
1.57238769531
0.193603515625
0.774597167969
0.953186035156
0.79150390625
0.917907714844
Repetition end
1
Repetition start
0.975646972656
0.850341796875
0.836364746094
0.654846191406
0.629821777344
0.427856445312
1.14935302734
1.29162597656
1.27960205078
1.46502685547
1.48968505859
1.47552490234
1.4091796875
1.46081542969
1.45379638672
1.15899658203
0.0547485351562
0.605285644531
0.426208496094
0.461730957031
Repetition end
1
Repetition start
0.921997070312
0.777465820312
0.732543945312
0.702453613281
0.933532714844
0.900817871094
1.17987060547
1.30053710938
1.36688232422
1.46270751953
1.55950927734
1.58386230469
1.57843017578
1.66052246094
1.4248046875
1.04486083984
0.444458007812
0.613464355469
0.944091796875
0.824340820312
Repetition end
1
Repetition start
1.11560058594
1.03594970703
0.969116210938
0.909301757812
0.81884765625
0.458862304688
1.33361816406
1.63330078125
1.36700439453
1.42858886719
1.51672363281
1.44006347656
1.49426269531
1.54943847656
1.59600830078
1.67248535156
0.526977539062
0.647094726562
0.994323730469
0.739990234375
Repetition end
1
Repetition start
0.855773925781
0.941589355469
0.886413574219
0.685241699219
0.515808105469
1.32147216797
1.46459960938
1.49230957031
1.52648925781
1.60516357422
1.63543701172
1.43823242188
1.45739746094
1.44549560547
0.33837890625
0.605834960938
0.452697753906
0.736450195312
0.686279296875
0.740966796875
Repetition end
1
Repetition start
0.78466796875
0.971252441406
1.04992675781
0.491333007812
0.543640136719
0.6318359375
0.636108398438
1.44464111328
1.61273193359
1.66754150391
1.66949462891
1.56628417969
1.63623046875
1.63653564453
1.63427734375
1.50708007812
0.6455078125
0.391540527344
0.7158203125
0.661437988281
Repetition end
1
Repetition start
0.72607421875
0.638977050781
0.5986328125
0.471313476562
0.454040527344
0.701538085938
1.49981689453
1.37414550781
1.51745605469
1.50579833984
1.51708984375
1.55615234375
1.75134277344
1.77337646484
1.81579589844
1.7041015625
0.587036132812
0.704467773438
1.05010986328
1.08618164062
Repetition end
1
Repetition start
1.1142578125
0.812377929688
0.836364746094
0.866516113281
0.732421875
0.589172363281
0.454345703125
0.561584472656
0.987670898438
1.51953125
1.55169677734
1.39245605469
1.42199707031
1.712890625
1.62713623047
1.63012695312
1.60473632812
1.61212158203
1.62145996094
0.775207519531
Repetition end
1
Repetition start
1.04321289062
0.823120117188
0.837707519531
0.734497070312
0.690734863281
0.611450195312
0.515197753906
1.21423339844
1.31365966797
1.34063720703
1.51605224609
1.52746582031
1.52398681641
1.62481689453
1.42846679688
1.33129882812
0.307495117188
0.647216796875
0.538146972656
0.780578613281
Repetition end
1
Repetition start
0.972473144531
0.915954589844
0.970581054688
0.441345214844
0.644348144531
0.535034179688
1.1240234375
1.43090820312
1.60821533203
1.67669677734
1.62725830078
1.52471923828
1.54351806641
1.57397460938
0.449768066406
1.02404785156
0.5908203125
0.805847167969
0.775390625
0.749938964844
Repetition end
1
Repetition start
0.83203125
0.842834472656
0.791809082031
0.785827636719
0.611755371094
0.654846191406
0.586975097656
0.497192382812
1.06164550781
1.13006591797
1.59777832031
1.69372558594
1.79290771484
1.48699951172
1.45208740234
0.956726074219
0.36279296875
0.56103515625
0.600708007812
0.695739746094
Repetition end
1
Repetition start
0.772094726562
0.991638183594
0.886047363281
0.847717285156
0.881652832031
0.883972167969
0.888244628906
0.854797363281
0.82666015625
0.761047363281
0.635498046875
0.628662109375
0.533752441406
0.814208984375
0.807678222656
0.717895507812
0.767211914062
0.801025390625
0.809936523438
0.848449707031
Repetition end
0
Repetition start
0.685607910156
0.863952636719
0.863952636719
0.937133789062
0.819091796875
0.865844726562
0.901794433594
0.900329589844
0.809936523438
0.824096679688
0.83984375
0.900451660156
0.828857421875
0.892639160156
0.730834960938
0.643676757812
0.709899902344
0.6474609375
0.597106933594
0.8017578125
Repetition end
0
Repetition start
0.856262207031
0.872985839844
0.848449707031
0.835144042969
0.8896484375
0.815185546875
0.674499511719
0.593139648438
0.607299804688
0.516235351562
0.858276367188
0.90283203125
0.948852539062
0.935119628906
0.96533203125
0.995544433594
0.9990234375
0.801086425781
0.819458007812
0.969543457031
Repetition end
0
Repetition start
0.733276367188
0.64111328125
0.624328613281
0.659057617188
0.567810058594
0.632263183594
0.783752441406
0.768127441406
0.940490722656
0.858520507812
0.911071777344
0.97509765625
1.01031494141
1.15283203125
0.983947753906
0.76318359375
0.628112792969
0.786010742188
0.915283203125
0.969909667969
Repetition end
0
Repetition start
0.943908691406
0.929321289062
0.901733398438
0.89599609375
0.510131835938
0.552001953125
0.961853027344
1.05230712891
1.01239013672
1.04290771484
1.07708740234
1.11614990234
1.13018798828
1.07147216797
0.603637695312
0.5478515625
0.525573730469
0.638916015625
0.800109863281
0.673217773438
Repetition end
0
Repetition start
0.809875488281
0.779052734375
0.792297363281
0.856750488281
0.535461425781
0.4755859375
0.761901855469
1.04852294922
1.11016845703
1.11541748047
1.15148925781
1.15863037109
1.10913085938
0.972839355469
0.96337890625
0.89013671875
0.800048828125
0.571899414062
0.594543457031
0.682434082031
Repetition end
0
Repetition start
0.768371582031
0.803771972656
0.800170898438
0.554504394531
0.672424316406
0.509948730469
0.609375
0.562744140625
0.927001953125
1.04473876953
1.12731933594
1.17626953125
1.15338134766
1.14312744141
1.11755371094
1.1494140625
0.521118164062
0.269714355469
0.527160644531
0.717529296875
Repetition end
0
Repetition start
0.782653808594
0.829895019531
0.783203125
0.717712402344
0.818054199219
0.482360839844
0.750732421875
1.01519775391
0.881164550781
1.07598876953
1.13861083984
1.11163330078
0.967956542969
0.874328613281
0.499938964844
0.693908691406
0.540344238281
0.507141113281
0.629028320312
0.809814453125
Repetition end
0
Repetition start
0.824829101562
0.889892578125
0.87890625
0.770629882812
0.77978515625
0.713256835938
0.688110351562
0.989929199219
0.656921386719
0.907775878906
0.821838378906
0.919738769531
0.887390136719
0.974853515625
0.958557128906
0.926879882812
0.712219238281
0.661499023438
0.712097167969
0.865661621094
Repetition end
0
Repetition start
0.868835449219
0.832336425781
0.7529296875
0.993774414062
1.10601806641
1.10528564453
1.03912353516
1.04748535156
1.08227539062
1.00659179688
1.04699707031
0.949645996094
0.918823242188
0.530822753906
0.665283203125
0.731994628906
0.825378417969
0.804443359375
0.853881835938
0.917053222656
Repetition end
0
Repetition start
0.876159667969
0.838562011719
0.795043945312
0.840209960938
0.799682617188
0.732299804688
0.704711914062
0.640747070312
0.987731933594
0.771301269531
0.908325195312
0.906982421875
1.04467773438
1.00555419922
1.09197998047
0.846984863281
0.967102050781
0.604309082031
0.798706054688
0.865905761719
Repetition end
0
Repetition start
0.807006835938
0.865417480469
0.874084472656
0.872009277344
0.67138671875
0.557861328125
0.720031738281
0.588562011719
0.513610839844
0.495178222656
0.490844726562
1.14630126953
1.11834716797
1.16998291016
0.550048828125
0.714904785156
0.596557617188
0.591796875
0.713562011719
1.04089355469
Repetition end
0
Repetition start
0.949157714844
0.903442382812
0.870239257812
0.906921386719
0.88671875
0.913879394531
0.88134765625
0.861938476562
0.881896972656
0.885620117188
0.929626464844
0.818542480469
1.03735351562
1.65380859375
1.65240478516
1.65490722656
1.57025146484
1.36370849609
1.20947265625
1.01458740234
Repetition end
0
Repetition start
1.10552978516
1.02868652344
1.00219726562
0.946350097656
0.97509765625
0.949096679688
0.927368164062
0.974853515625
0.92138671875
0.939697265625
0.930969238281
0.8720703125
0.947326660156
1.07385253906
0.950012207031
1.16027832031
1.04754638672
1.13684082031
1.66058349609
1.79022216797
Repetition end
0
Repetition start
0.940063476562
1.01806640625
0.955200195312
0.934631347656
0.810546875
0.896118164062
0.970886230469
0.9326171875
0.939086914062
1.392578125
1.56707763672
1.60345458984
1.58874511719
1.64605712891
1.49420166016
1.33099365234
1.17712402344
1.27972412109
1.03100585938
0.8564453125
Repetition end
0
Repetition start
1.02142333984
0.990295410156
0.916931152344
0.978637695312
0.960144042969
1.05114746094
1.10583496094
0.886108398438
0.866821289062
1.28002929688
1.37280273438
1.40399169922
1.35131835938
1.48010253906
1.50189208984
1.36169433594
1.23327636719
1.18475341797
0.791870117188
0.729919433594
Repetition end
0
Repetition start
0.884887695312
0.948669433594
0.951110839844
0.962585449219
0.918212890625
0.890747070312
0.787292480469
0.847900390625
0.91259765625
0.927001953125
1.02770996094
1.24066162109
1.23840332031
1.27044677734
1.23016357422
1.18017578125
0.864929199219
0.756164550781
0.847778320312
0.883483886719
Repetition end
0
Repetition start
1.16485595703
0.988891601562
0.90576171875
0.881408691406
0.970092773438
0.886962890625
0.8828125
0.887329101562
0.856140136719
0.907531738281
1.07537841797
1.06579589844
1.31170654297
1.21038818359
1.30279541016
1.38031005859
1.37799072266
1.33972167969
1.06585693359
0.967041015625
Repetition end
0
Repetition start
0.924499511719
0.997131347656
0.930725097656
0.991577148438
1.04016113281
0.857971191406
0.929443359375
0.908203125
1.10467529297
1.15899658203
0.859191894531
1.21447753906
1.28375244141
1.48382568359
1.59997558594
1.38360595703
1.15026855469
1.05029296875
0.864318847656
0.921691894531
Repetition end
0
Repetition start
0.955078125
0.9375
0.938110351562
0.931335449219
0.914978027344
0.932556152344
0.96435546875
0.696838378906
1.2861328125
1.11413574219
1.39202880859
1.43493652344
1.43890380859
1.46051025391
1.39556884766
1.33917236328
1.42565917969
1.26348876953
0.9765625
0.9990234375
Repetition end
0
Repetition start
0.914184570312
0.878723144531
0.682189941406
0.868041992188
0.760131835938
1.21014404297
1.23004150391
1.09954833984
1.302734375
1.41687011719
1.46478271484
1.45989990234
1.37756347656
1.20623779297
1.16040039062
0.821350097656
0.79443359375
0.716674804688
0.89794921875
0.9482421875
Repetition end
0
Repetition start
1.0185546875
0.855224609375
0.885314941406
0.957458496094
0.932495117188
0.914978027344
0.882202148438
0.832458496094
1.29724121094
1.47613525391
1.55505371094
1.50579833984
1.48138427734
1.46240234375
1.47473144531
1.29644775391
1.08306884766
0.912231445312
0.888549804688
0.970092773438
Repetition end
0
Repetition start
0.865783691406
1.00708007812
0.960144042969
0.9951171875
0.915893554688
0.903503417969
0.948120117188
0.898254394531
0.944580078125
0.956298828125
0.829040527344
0.769165039062
0.947265625
0.947265625
0.921325683594
0.863647460938
0.914611816406
1.16345214844
1.09136962891
1.33343505859
Repetition end
0
Repetition start
0.89453125
0.903747558594
0.952270507812
0.972900390625
0.908203125
1.03369140625
1.16058349609
1.14422607422
1.42083740234
1.39471435547
1.34552001953
1.33959960938
1.32397460938
1.32965087891
1.11151123047
0.788452148438
0.997741699219
1.00579833984
0.996337890625
0.939514160156
Repetition end
0
Repetition start
0.902465820312
0.904724121094
1.01159667969
0.847778320312
0.878601074219
0.86572265625
0.765319824219
0.925476074219
1.12243652344
1.35394287109
1.44470214844
1.45257568359
1.56579589844
1.58880615234
1.51342773438
1.43292236328
0.818176269531
0.8642578125
0.882751464844
0.844604492188
Repetition end
0
Repetition start
0.892150878906
0.892150878906
0.892150878906
0.892150878906
0.892150878906
0.892150878906
0.892150878906
0.892150878906
0.892150878906
0.892150878906
0.892150878906
0.892150878906
0.892150878906
0.892150878906
0.892150878906
0.892150878906
0.892150878906
0.892150878906
0.892150878906
0.892150878906
Repetition end
0
Repetition start
0.892150878906
0.847839355469
0.83447265625
0.84375
0.793640136719
0.980773925781
1.05249023438
0.884521484375
1.19421386719
1.22308349609
1.31396484375
1.37585449219
1.37231445312
1.33312988281
1.32464599609
1.00396728516
0.926147460938
0.996398925781
1.03344726562
0.967590332031
Repetition end
0
Repetition start
0.858703613281
0.943420410156
0.870422363281
0.913513183594
0.950561523438
0.895751953125
0.934814453125
0.845825195312
0.956115722656
0.959533691406
0.813842773438
1.03552246094
1.35583496094
1.45886230469
1.55535888672
1.38739013672
1.01739501953
0.894653320312
0.861511230469
0.995483398438
Repetition end
0
Repetition start
0.958190917969
0.942016601562
0.951477050781
0.964172363281
0.960693359375
0.900756835938
0.984008789062
1.0205078125
0.99658203125
1.02453613281
1.11309814453
1.01867675781
1.22039794922
1.26434326172
1.42218017578
1.11712646484
0.946166992188
1.00286865234
0.946472167969
1.14025878906
Repetition end
0
Repetition start
0.915466308594
0.96484375
0.944396972656
0.996765136719
0.838073730469
0.77294921875
0.85205078125
0.818481445312
1.16430664062
1.16442871094
1.31848144531
1.36730957031
1.40209960938
1.52197265625
1.45739746094
1.23376464844
1.07049560547
0.938659667969
0.743041992188
0.752685546875
Repetition end
0
Repetition start
0.88720703125
0.916259765625
0.937255859375
0.9326171875
0.923217773438
0.94287109375
1.03692626953
1.08953857422
1.14056396484
1.01293945312
0.980895996094
1.31243896484
1.50970458984
1.50274658203
1.50305175781
1.03668212891
1.13562011719
1.14630126953
1.09484863281
1.13812255859
Repetition end
0
