Repetition start
0.804870605469
0.831665039062
0.886840820312
0.894409179688
0.856506347656
0.848999023438
0.966064453125
0.989562988281
0.943359375
0.970153808594
0.950988769531
0.853698730469
0.893432617188
0.973571777344
0.806396484375
0.857727050781
0.820556640625
0.81640625
0.807373046875
1.01086425781
Repetition end
0
Repetition start
0.81787109375
0.808898925781
0.818908691406
0.848510742188
0.739501953125
0.677612304688
0.614440917969
0.761474609375
0.618835449219
0.978149414062
1.10180664062
1.20941162109
1.16394042969
1.21398925781
1.2041015625
1.29113769531
1.18371582031
1.23345947266
0.757568359375
0.779846191406
Repetition end
0
Repetition start
0.883239746094
0.915222167969
0.893981933594
0.909973144531
0.8759765625
0.826049804688
0.780883789062
0.809753417969
0.703125
0.7724609375
0.898132324219
0.998046875
0.902709960938
0.875915527344
0.926208496094
0.860900878906
0.786804199219
0.646179199219
0.742614746094
1.33966064453
Repetition end
0
Repetition start
0.678894042969
0.57080078125
0.57275390625
0.564270019531
0.555053710938
0.532348632812
0.637878417969
0.552612304688
0.776733398438
1.12860107422
1.11450195312
1.16766357422
1.15661621094
1.20349121094
1.08276367188
0.850158691406
0.755126953125
0.685363769531
0.801452636719
0.603515625
Repetition end
0
Repetition start
0.868591308594
0.740844726562
0.761962890625
0.702514648438
0.831359863281
0.722412109375
0.906616210938
0.888427734375
0.861938476562
0.880065917969
0.918823242188
0.883911132812
0.884582519531
0.858215332031
0.9697265625
0.931518554688
0.57861328125
0.695983886719
0.809814453125
0.910827636719
Repetition end
0
Repetition start
0.783142089844
0.806213378906
0.591979980469
0.573059082031
0.696533203125
0.665222167969
0.795837402344
1.00482177734
1.15661621094
1.08978271484
0.886901855469
1.07989501953
0.991455078125
1.01531982422
1.060546875
0.995361328125
0.669189453125
0.654846191406
0.6396484375
0.686889648438
Repetition end
0
Repetition start
0.941284179688
0.896179199219
0.796142578125
0.820373535156
0.88916015625
0.956420898438
0.893798828125
1.08233642578
0.86279296875
0.996704101562
0.995910644531
0.938354492188
0.909057617188
1.00201416016
1.08959960938
0.767272949219
0.950317382812
0.612548828125
0.926208496094
0.835510253906
Repetition end
0
Repetition start
0.908813476562
0.887268066406
0.737121582031
0.729125976562
0.62353515625
0.628173828125
0.61865234375
0.825073242188
1.11383056641
1.04266357422
1.09344482422
1.18463134766
1.18115234375
1.16784667969
1.09069824219
1.09008789062
0.575256347656
0.897521972656
0.808532714844
0.90625
Repetition end
0
Repetition start
0.863586425781
0.815490722656
0.855773925781
0.741760253906
0.7470703125
0.801147460938
0.740783691406
1.00610351562
0.965637207031
0.912109375
0.944396972656
0.94775390625
0.889953613281
0.862915039062
0.895568847656
0.694702148438
0.688049316406
0.667114257812
0.724792480469
0.775207519531
Repetition end
0
Repetition start
0.772155761719
0.85009765625
0.796325683594
0.845092773438
0.619567871094
0.708801269531
0.619567871094
0.668029785156
0.980590820312
1.16174316406
1.13830566406
1.24145507812
1.15649414062
1.24481201172
1.19036865234
0.855590820312
0.781616210938
0.59375
0.664367675781
0.734252929688
Repetition end
0
Repetition start
1.01080322266
1.00164794922
0.96826171875
0.964721679688
0.94873046875
0.911437988281
0.928344726562
0.892578125
0.877014160156
0.877014160156
0.89013671875
0.89013671875
0.872619628906
0.881042480469
0.874755859375
0.874755859375
0.880859375
0.843017578125
0.875183105469
0.850952148438
Repetition end
0
Repetition start
0.825073242188
0.833801269531
1.08752441406
1.12145996094
1.07330322266
1.09533691406
1.04638671875
1.052734375
1.11407470703
1.06079101562
1.16192626953
1.17718505859
1.14642333984
1.12603759766
1.18072509766
1.18048095703
1.38317871094
1.21905517578
1.14739990234
0.761108398438
Repetition end
0
Repetition start
0.95166015625
1.31829833984
1.39337158203
1.22680664062
1.12225341797
1.19207763672
1.19366455078
1.15258789062
1.14709472656
1.08923339844
1.13269042969
1.17333984375
1.14691162109
1.17687988281
1.37139892578
1.41540527344
1.44885253906
0.541687011719
0.49951171875
0.716552734375
Repetition end
0
Repetition start
1.22448730469
1.28851318359
1.28424072266
1.42919921875
1.28826904297
1.39239501953
1.19342041016
0.736267089844
0.648498535156
0.5439453125
0.755065917969
1.1142578125
1.07025146484
1.01495361328
1.08239746094
1.01525878906
0.837829589844
0.64501953125
1.22918701172
1.41357421875
Repetition end
0
Repetition start
1.32849121094
1.26611328125
1.29455566406
1.49261474609
0.886169433594
0.798767089844
0.77880859375
0.87841796875
0.811340332031
0.875366210938
0.896667480469
0.987670898438
0.836242675781
0.759155273438
0.734069824219
0.693542480469
0.521606445312
0.819519042969
1.15234375
1.38671875
Repetition end
0
Repetition start
1.28686523438
1.43786621094
0.728515625
0.510070800781
0.728637695312
0.860412597656
0.898803710938
0.818420410156
0.872314453125
0.918212890625
0.887451171875
0.834716796875
0.774353027344
0.768310546875
0.700622558594
0.905517578125
0.585876464844
0.578857421875
1.26324462891
1.37384033203
Repetition end
0
Repetition start
1.10339355469
1.17498779297
1.08624267578
0.775939941406
0.2734375
0.510498046875
0.769348144531
1.1279296875
0.869445800781
0.911193847656
0.776062011719
0.824340820312
0.799194335938
0.778503417969
0.528198242188
0.577270507812
0.870971679688
1.07122802734
1.23388671875
1.14990234375
Repetition end
0
Repetition start
1.23065185547
1.17041015625
1.24890136719
1.15216064453
1.126953125
1.23388671875
0.431213378906
0.784057617188
0.811157226562
0.876831054688
1.12341308594
0.990051269531
1.00952148438
0.916198730469
0.807067871094
0.653076171875
0.57373046875
1.24951171875
1.06286621094
1.15765380859
Repetition end
0
Repetition start
1.24487304688
1.2421875
1.21350097656
1.27679443359
1.34783935547
0.447692871094
0.664123535156
1.05126953125
0.833923339844
0.667236328125
0.715454101562
0.668884277344
0.710510253906
0.74609375
0.630187988281
0.659851074219
0.58642578125
0.801635742188
1.37371826172
1.23309326172
Repetition end
0
Repetition start
1.45751953125
1.43579101562
1.34637451172
0.776000976562
0.631469726562
0.702819824219
0.5546875
0.747680664062
0.745239257812
0.63134765625
0.935729980469
0.768432617188
0.877502441406
0.59912109375
0.579467773438
0.501892089844
0.406616210938
1.03588867188
1.16253662109
1.48883056641
Repetition end
0
Repetition start
1.41418457031
0.693298339844
0.557434082031
0.603942871094
0.485595703125
0.881530761719
0.933715820312
0.934326171875
0.904052734375
0.9775390625
0.688842773438
0.679077148438
0.590454101562
0.535095214844
0.374328613281
0.388305664062
0.585876464844
1.08740234375
1.45935058594
1.15289306641
Repetition end
0
Repetition start
1.31280517578
1.34594726562
1.36126708984
1.29327392578
0.987854003906
0.691162109375
0.577575683594
0.566833496094
0.758972167969
0.716125488281
0.9130859375
0.993408203125
0.886779785156
0.761596679688
0.634643554688
0.600402832031
0.403076171875
0.466064453125
0.587829589844
1.24847412109
Repetition end
0
Repetition start
1.35003662109
1.39782714844
1.45269775391
1.46551513672
1.49102783203
1.55279541016
1.2744140625
0.696838378906
0.553833007812
0.550659179688
0.911010742188
0.73583984375
0.831604003906
1.064453125
0.823059082031
0.716979980469
0.622253417969
0.62060546875
0.533813476562
0.346923828125
Repetition end
0
Repetition start
1.12664794922
1.22912597656
1.36566162109
1.22222900391
1.33850097656
0.814331054688
0.319091796875
0.445007324219
0.604797363281
0.681518554688
0.817565917969
0.734619140625
0.98291015625
1.00463867188
0.808654785156
0.869201660156
0.712890625
0.431030273438
0.542846679688
1.54742431641
Repetition end
0
Repetition start
1.26763916016
1.32214355469
1.32189941406
1.22680664062
1.25231933594
1.13232421875
1.25500488281
1.21984863281
1.40539550781
1.01977539062
0.554016113281
0.520263671875
0.775329589844
0.789428710938
0.969055175781
0.817993164062
0.733947753906
0.748901367188
0.5263671875
0.149597167969
Repetition end
0
Repetition start
1.29895019531
1.21875
1.212890625
1.33386230469
1.40545654297
1.58087158203
1.53631591797
0.623046875
0.624328613281
0.680053710938
0.71533203125
0.90380859375
0.913208007812
0.938781738281
0.772521972656
0.652160644531
0.81201171875
0.517883300781
0.415893554688
1.73004150391
Repetition end
0
Repetition start
1.36383056641
1.29748535156
1.24975585938
1.51696777344
1.61779785156
1.59338378906
0.944763183594
0.720642089844
0.489135742188
0.626159667969
1.17370605469
0.855590820312
0.887329101562
0.779113769531
0.674621582031
0.723815917969
0.50244140625
0.394226074219
0.430236816406
0.521789550781
Repetition end
0
Repetition start
1.16687011719
1.18756103516
1.26379394531
1.33148193359
0.490356445312
0.450561523438
0.446533203125
0.716552734375
0.902404785156
0.872253417969
0.6435546875
0.746887207031
0.861755371094
0.862121582031
0.701171875
0.642150878906
0.487365722656
0.572204589844
0.969482421875
1.18249511719
Repetition end
0
Repetition start
1.30749511719
1.31774902344
1.30261230469
1.22979736328
1.32568359375
1.42437744141
1.44812011719
1.42327880859
1.4609375
0.782043457031
0.746337890625
0.804626464844
0.632202148438
0.750366210938
0.833435058594
0.754760742188
0.719177246094
0.763244628906
0.651062011719
1.17205810547
Repetition end
0
Repetition start
0.865905761719
0.767395019531
0.863098144531
0.803283691406
0.95947265625
1.03399658203
0.88623046875
1.18768310547
1.1015625
1.40734863281
1.02789306641
1.15026855469
1.37683105469
1.16528320312
1.28985595703
1.18353271484
1.26702880859
1.15570068359
0.933898925781
0.955505371094
Repetition end
0
Repetition start
0.874206542969
0.898864746094
0.8701171875
0.880004882812
0.841491699219
0.7216796875
0.843566894531
0.732055664062
0.747680664062
1.38189697266
1.20843505859
1.25329589844
1.25140380859
1.25201416016
1.03881835938
0.859802246094
0.626220703125
0.695251464844
0.677307128906
0.646057128906
Repetition end
0
Repetition start
0.857360839844
0.823059082031
0.785339355469
0.900268554688
0.920532226562
0.868835449219
0.922912597656
1.07293701172
1.16625976562
1.27062988281
1.2529296875
1.31988525391
1.24066162109
1.23388671875
1.13793945312
1.14086914062
0.96337890625
0.912048339844
0.938537597656
1.03204345703
Repetition end
0
Repetition start
0.981506347656
0.948608398438
0.985229492188
0.770141601562
0.933898925781
0.762573242188
0.887817382812
0.858154296875
0.793029785156
0.748413085938
0.840942382812
0.911926269531
1.03173828125
1.13836669922
1.18695068359
1.23834228516
1.22674560547
0.906005859375
0.784606933594
0.60107421875
Repetition end
0
Repetition start
0.837036132812
0.858581542969
0.94775390625
1.02618408203
0.992004394531
0.869201660156
0.974792480469
0.952575683594
0.849304199219
0.914123535156
1.19250488281
1.31372070312
1.27789306641
1.30615234375
1.40051269531
1.26422119141
1.08526611328
0.844970703125
1.10852050781
1.13940429688
Repetition end
0
Repetition start
0.948059082031
0.959350585938
0.958435058594
0.941284179688
0.858764648438
0.747619628906
0.902893066406
0.714660644531
1.02947998047
0.723693847656
0.867492675781
1.04168701172
1.03363037109
1.12957763672
1.0654296875
0.935546875
0.674377441406
0.723754882812
0.6708984375
0.782104492188
Repetition end
0
Repetition start
0.867797851562
0.8916015625
0.841003417969
0.926086425781
0.857788085938
0.977478027344
0.928344726562
1.09912109375
0.995300292969
1.21496582031
1.40368652344
1.39031982422
1.45251464844
1.53991699219
1.62298583984
1.29766845703
1.14819335938
0.892456054688
1.14892578125
1.02331542969
Repetition end
0
Repetition start
0.94580078125
0.944763183594
0.832458496094
0.846435546875
0.796997070312
0.834533691406
0.981079101562
1.00982666016
1.20916748047
1.36877441406
1.0830078125
1.09716796875
1.09979248047
1.01330566406
0.969299316406
0.80615234375
0.772644042969
0.763488769531
0.805969238281
0.721313476562
Repetition end
0
Repetition start
0.900085449219
0.894470214844
0.897155761719
0.869140625
0.9091796875
0.887023925781
0.930541992188
0.935729980469
0.956848144531
1.00109863281
0.957458496094
0.888732910156
0.870056152344
0.863159179688
0.860412597656
0.808471679688
0.811828613281
0.757873535156
0.798645019531
0.8271484375
Repetition end
0
Repetition start
1.00805664062
0.462951660156
0.477111816406
0.908203125
0.908203125
0.873596191406
1.15216064453
1.15216064453
1.9189453125
1.59918212891
1.5859375
1.25634765625
0.436828613281
0.436828613281
0.763793945312
0.529418945312
0.669738769531
1.509765625
1.509765625
1.509765625
Repetition end
0
Repetition start
0.841857910156
0.885498046875
0.824523925781
0.797180175781
0.599975585938
0.531555175781
0.470703125
0.426330566406
1.25054931641
0.987976074219
1.73370361328
1.51568603516
1.40411376953
1.94451904297
1.34912109375
0.602905273438
0.4736328125
0.727478027344
0.524780273438
1.11987304688
Repetition end
0
Repetition start
0.716125488281
0.671936035156
0.671936035156
0.453125
0.249816894531
0.308471679688
0.847290039062
1.40606689453
2.24591064453
2.33679199219
2.33679199219
2.12774658203
2.39569091797
2.31311035156
0.551696777344
0.280212402344
0.689453125
0.403442382812
0.615966796875
0.696044921875
Repetition end
0
Repetition start
0.590148925781
0.6083984375
0.538635253906
0.388488769531
0.383239746094
0.79345703125
0.39697265625
1.11853027344
1.16473388672
1.57305908203
1.712890625
1.66925048828
1.74383544922
1.49780273438
0.431335449219
0.569030761719
0.459228515625
0.852294921875
1.61224365234
0.823669433594
Repetition end
0
Repetition start
0.662170410156
0.837646484375
0.661254882812
0.590026855469
0.481750488281
0.595275878906
0.963806152344
1.01232910156
2.75463867188
1.201171875
1.67553710938
1.7197265625
1.59057617188
1.61395263672
1.65789794922
1.51245117188
0.44482421875
0.6015625
0.196655273438
0.634826660156
Repetition end
0
Repetition start
0.941772460938
0.90185546875
0.930480957031
0.878112792969
0.750183105469
0.649169921875
0.784790039062
0.52392578125
0.895141601562
0.624694824219
1.67559814453
1.82446289062
1.42718505859
1.57879638672
1.2451171875
0.341064453125
0.280395507812
0.731262207031
1.02764892578
0.428771972656
Repetition end
0
Repetition start
0.569763183594
1.00238037109
0.52880859375
0.7255859375
0.493835449219
0.426635742188
1.75927734375
2.16802978516
1.98284912109
1.69836425781
1.9541015625
1.80139160156
1.14410400391
0.225891113281
0.474975585938
0.943481445312
0.539184570312
0.883544921875
0.754577636719
0.582702636719
Repetition end
0
