Repetition start
1.40588378906
1.22045898438
1.29864501953
1.37231445312
1.37231445312
1.21466064453
1.37231445312
1.40380859375
1.40380859375
1.42071533203
1.44506835938
1.37268066406
1.40802001953
1.40802001953
1.40802001953
1.40802001953
1.36938476562
1.36938476562
1.42150878906
1.39184570312
1.404296875
1.404296875
1.39959716797
1.39959716797
1.37487792969
1.37487792969
1.37487792969
1.39654541016
1.39654541016
1.39788818359
1.39788818359
1.39312744141
Repetition end
0
0
0
Repetition start
1.45812988281
1.41510009766
1.45489501953
1.40747070312
1.35632324219
1.48547363281
1.49182128906
1.57446289062
1.50347900391
1.55603027344
1.18902587891
1.33319091797
1.89874267578
1.44573974609
1.62072753906
1.34143066406
1.90496826172
1.86865234375
1.41156005859
1.24285888672
1.32836914062
1.58966064453
1.33703613281
1.42736816406
1.35833740234
1.26885986328
1.478515625
1.26782226562
1.29724121094
1.26794433594
1.24114990234
1.27117919922
Repetition end
0
0
0
Repetition start
1.22796630859
1.22796630859
1.22796630859
1.43591308594
1.58514404297
1.84527587891
1.84527587891
1.84527587891
2.029296875
2.09350585938
2.09350585938
1.82995605469
1.82995605469
1.82995605469
1.82995605469
1.68188476562
1.68188476562
1.68188476562
1.68188476562
1.56536865234
1.56536865234
1.56536865234
1.38330078125
1.06335449219
0.968139648438
0.968139648438
0.968139648438
0.986328125
0.986328125
1.1357421875
1.1357421875
1.1357421875
Repetition end
1
0
0
Repetition start
0.939392089844
1.02856445312
1.15570068359
1.18432617188
1.529296875
1.48889160156
1.48889160156
1.87115478516
2.05639648438
1.98986816406
1.77386474609
1.59484863281
1.33312988281
1.22375488281
1.06164550781
0.96923828125
1.02124023438
1.02124023438
1.12945556641
1.12060546875
1.2978515625
1.20465087891
1.25610351562
1.22485351562
1.22485351562
1.20782470703
1.28546142578
1.19555664062
1.19555664062
1.19970703125
1.19744873047
1.15710449219
Repetition end
1
0
0
Repetition start
0.855041503906
0.855041503906
0.971008300781
0.9521484375
1.31378173828
1.65240478516
1.9658203125
1.89495849609
1.89495849609
1.44610595703
1.56292724609
1.82897949219
1.76605224609
1.72332763672
1.72332763672
1.63494873047
1.53015136719
1.40979003906
1.27380371094
1.08599853516
0.986145019531
1.25030517578
1.19702148438
1.13739013672
1.27160644531
1.22644042969
1.16156005859
1.17071533203
1.2451171875
1.15747070312
1.23010253906
1.21160888672
Repetition end
1
0
0
Repetition start
0.983276367188
1.03192138672
1.22009277344
1.51025390625
1.54309082031
1.69226074219
1.58929443359
1.61328125
1.72534179688
1.72534179688
1.57312011719
1.43438720703
1.36737060547
1.3330078125
1.2548828125
1.10766601562
1.10766601562
0.945983886719
0.960388183594
1.18469238281
1.06951904297
1.14978027344
1.2333984375
1.13122558594
1.15148925781
1.10424804688
1.126953125
1.14093017578
1.05560302734
1.18341064453
1.13684082031
1.10339355469
Repetition end
1
0
0
Repetition start
0.952026367188
1.1064453125
1.17761230469
1.36120605469
1.55493164062
1.79547119141
1.52429199219
1.71527099609
1.83892822266
1.64636230469
1.56134033203
1.392578125
1.34454345703
1.18041992188
1.20892333984
0.968505859375
0.876892089844
0.952941894531
0.951599121094
0.951599121094
1.13861083984
1.21813964844
1.09094238281
1.08325195312
1.08801269531
1.07543945312
1.1123046875
1.07037353516
1.05303955078
1.09417724609
1.12982177734
1.09454345703
Repetition end
1
0
0
Repetition start
1.01910400391
0.777954101562
1.01019287109
1.064453125
1.25695800781
1.25695800781
1.26000976562
1.43634033203
1.48919677734
1.7724609375
1.55981445312
1.81231689453
1.69097900391
1.54345703125
1.40118408203
1.35998535156
1.33966064453
1.14794921875
0.936462402344
0.931762695312
1.03485107422
1.10119628906
1.02783203125
1.06970214844
1.06811523438
1.09020996094
1.08441162109
1.04943847656
1.07110595703
1.04681396484
1.09442138672
1.08453369141
Repetition end
1
0
0
Repetition start
0.958190917969
0.995178222656
1.3193359375
1.45971679688
1.61822509766
1.61822509766
1.83819580078
1.71710205078
1.69415283203
1.71960449219
1.58868408203
1.61224365234
1.61224365234
1.54846191406
1.38397216797
1.38397216797
1.31982421875
1.13092041016
1.10754394531
0.958801269531
0.958801269531
1.03955078125
0.982666015625
1.08599853516
1.13800048828
1.09326171875
1.15148925781
1.14233398438
1.11456298828
1.10540771484
1.16912841797
1.12145996094
Repetition end
1
0
0
Repetition start
0.942626953125
1.03039550781
1.14636230469
1.14636230469
1.14636230469
1.29046630859
1.29046630859
1.39575195312
1.39575195312
1.39575195312
1.39575195312
1.57995605469
1.57995605469
1.42279052734
1.42279052734
1.68853759766
1.68853759766
1.57220458984
1.55346679688
1.55346679688
1.55346679688
1.60443115234
1.41473388672
1.41473388672
1.22674560547
1.22674560547
1.22674560547
1.31353759766
1.31353759766
1.30462646484
1.06384277344
0.985290527344
Repetition end
1
0
0
Repetition start
0.78466796875
0.908264160156
1.16247558594
1.44281005859
1.50616455078
1.50616455078
1.60076904297
1.41094970703
1.67193603516
1.61968994141
1.67181396484
1.45349121094
1.54577636719
1.41162109375
1.30322265625
1.19226074219
1.15057373047
1.09265136719
1.09265136719
1.14300537109
0.928833007812
1.01678466797
1.11389160156
1.00555419922
1.13012695312
1.1806640625
1.18170166016
1.15661621094
1.08996582031
1.05255126953
1.13262939453
1.09625244141
Repetition end
1
0
0
Repetition start
1.10070800781
1.07800292969
1.3515625
1.18499755859
1.18499755859
1.62036132812
1.62036132812
1.54534912109
1.63092041016
1.63092041016
1.59216308594
1.59216308594
1.62554931641
1.62554931641
1.49279785156
1.53796386719
1.53796386719
1.53796386719
1.53796386719
1.53796386719
1.23645019531
1.23645019531
1.50769042969
1.30700683594
1.1650390625
1.2666015625
1.2666015625
1.13372802734
1.14038085938
1.14038085938
1.14038085938
1.14038085938
Repetition end
1
0
0
Repetition start
1.12158203125
1.12158203125
1.13665771484
1.13665771484
1.37646484375
1.37915039062
1.42541503906
1.45562744141
1.42291259766
1.42291259766
1.26507568359
1.26507568359
1.42602539062
1.42602539062
1.42602539062
1.66516113281
1.66516113281
1.66516113281
1.66516113281
1.44348144531
1.44348144531
1.44348144531
1.42797851562
1.42797851562
1.42797851562
1.65850830078
1.65850830078
1.58483886719
1.43884277344
1.22595214844
1.11730957031
1.11730957031
Repetition end
1
0
0
