Repetition start
1.31854248047
1.05493164062
1.21301269531
1.21301269531
1.37017822266
1.37017822266
1.2724609375
1.19738769531
1.73876953125
1.73876953125
1.24420166016
1.33605957031
1.83642578125
1.78460693359
1.69317626953
1.43377685547
1.38421630859
1.38421630859
1.38720703125
1.54693603516
1.56585693359
1.54229736328
1.49731445312
1.49731445312
1.47094726562
1.38781738281
1.38519287109
1.32202148438
1.43585205078
1.64727783203
1.49285888672
1.53021240234
Repetition end
0
0
0
Repetition start
1.52960205078
1.52960205078
1.52960205078
1.35229492188
1.35229492188
1.4423828125
1.4423828125
1.4423828125
1.4423828125
1.49096679688
1.49096679688
1.56420898438
1.56420898438
1.43585205078
1.36572265625
1.36572265625
1.36572265625
1.36572265625
1.36572265625
1.36572265625
1.36572265625
1.31854248047
1.31854248047
1.48199462891
1.48199462891
1.44067382812
1.41870117188
1.41870117188
1.35198974609
1.35198974609
1.35198974609
1.35198974609
Repetition end
0
0
0
Repetition start
0.907836914062
1.09887695312
1.30731201172
1.34100341797
1.51159667969
1.51159667969
1.74383544922
1.95806884766
1.95806884766
1.916015625
1.96875
1.96875
1.91845703125
1.91845703125
1.91845703125
1.72863769531
1.72863769531
1.72863769531
1.58599853516
1.623046875
1.53668212891
1.53668212891
1.53668212891
1.34582519531
1.34582519531
1.34582519531
1.34582519531
1.43444824219
0.959167480469
1.18988037109
1.07366943359
1.07366943359
Repetition end
1
0
0
Repetition start
1.201171875
1.40246582031
1.35845947266
1.55828857422
1.56011962891
1.84197998047
1.66876220703
1.77600097656
1.87097167969
1.62835693359
1.42767333984
1.47076416016
1.37554931641
1.24182128906
1.24182128906
1.15179443359
1.0947265625
1.01318359375
1.10308837891
1.169921875
1.03363037109
1.03491210938
1.1484375
1.05944824219
1.10760498047
1.11602783203
1.09906005859
1.03863525391
1.08709716797
1.06719970703
1.05041503906
1.04809570312
Repetition end
1
0
0
Repetition start
0.928039550781
0.928039550781
0.928039550781
0.928039550781
0.928039550781
0.928039550781
1.109375
1.109375
1.03717041016
1.03717041016
1.18383789062
1.70300292969
1.61932373047
1.61932373047
1.95471191406
1.71490478516
1.71490478516
1.71490478516
1.58483886719
1.57269287109
1.54772949219
1.32391357422
1.32391357422
1.28967285156
1.28967285156
1.18707275391
1.18707275391
1.05596923828
1.08050537109
1.01849365234
1.07135009766
1.07135009766
Repetition end
1
0
0
Repetition start
0.865539550781
1.13854980469
1.25396728516
1.10192871094
1.34417724609
1.64343261719
1.73138427734
1.69592285156
1.75402832031
1.69439697266
1.74365234375
1.54644775391
1.57598876953
1.45837402344
1.4404296875
1.4404296875
1.51904296875
1.15362548828
0.927124023438
1.00408935547
1.13726806641
1.03564453125
1.123046875
1.15161132812
1.08923339844
1.09222412109
1.12164306641
1.06457519531
1.06457519531
1.06494140625
1.06494140625
1.10229492188
Repetition end
1
0
0
Repetition start
1.20031738281
1.17932128906
1.48620605469
1.48620605469
1.54479980469
1.54479980469
1.69232177734
1.69232177734
1.65838623047
1.65838623047
1.671875
1.671875
1.80450439453
1.80450439453
1.53912353516
1.52923583984
1.47216796875
1.47216796875
1.47216796875
1.47216796875
1.45068359375
1.45068359375
1.34594726562
1.18933105469
1.12036132812
1.12036132812
1.12036132812
1.12036132812
1.10333251953
1.10333251953
1.10333251953
1.10333251953
Repetition end
1
0
0
Repetition start
0.955261230469
1.05291748047
1.10803222656
1.31634521484
1.66662597656
1.63873291016
1.43902587891
1.56085205078
1.64514160156
1.63366699219
1.48034667969
1.45562744141
1.39788818359
1.28155517578
1.11883544922
0.981628417969
1.02239990234
1.05871582031
0.970275878906
1.00927734375
1.00537109375
1.10687255859
1.07849121094
1.07727050781
1.09619140625
1.11730957031
1.07263183594
1.08447265625
1.07208251953
1.08953857422
1.09973144531
1.08392333984
Repetition end
1
0
0
Repetition start
0.842346191406
0.842346191406
1.08129882812
1.08129882812
1.42272949219
1.42272949219
1.42272949219
1.23907470703
1.23907470703
1.65618896484
1.38830566406
1.38830566406
1.71258544922
1.71258544922
1.482421875
1.482421875
1.716796875
1.67547607422
1.57281494141
1.57281494141
1.47265625
1.47265625
1.41046142578
1.49298095703
1.20349121094
1.20349121094
1.20349121094
1.23132324219
1.09869384766
1.13427734375
1.13427734375
1.13427734375
Repetition end
1
0
0
Repetition start
1.06854248047
1.06854248047
1.06854248047
1.06854248047
1.06854248047
1.18743896484
1.18743896484
1.23974609375
1.23974609375
1.23974609375
1.23974609375
1.38330078125
1.38330078125
1.38330078125
1.38330078125
1.38330078125
1.38330078125
1.38330078125
1.38330078125
1.38330078125
1.50396728516
1.50396728516
1.50396728516
1.6845703125
1.6845703125
1.6845703125
1.6845703125
1.64874267578
1.64874267578
1.72796630859
1.53845214844
1.53845214844
Repetition end
0
0
0
Repetition start
1.05200195312
0.963745117188
1.11468505859
1.10870361328
1.13757324219
1.13757324219
1.08996582031
1.11468505859
1.11700439453
1.12408447266
1.09814453125
1.10394287109
1.04467773438
1.08050537109
1.14392089844
1.06719970703
1.11010742188
1.11584472656
1.12591552734
1.12365722656
1.07849121094
1.11651611328
1.14965820312
1.11328125
1.12042236328
1.13421630859
1.09008789062
1.12219238281
1.10821533203
1.068359375
1.068359375
1.14666748047
Repetition end
0
0
0
Repetition start
1.21051025391
1.21051025391
1.37390136719
1.37390136719
1.37390136719
1.59942626953
1.59942626953
1.59136962891
1.59136962891
1.58056640625
1.81713867188
1.81713867188
1.81713867188
1.60290527344
1.46435546875
1.41400146484
1.16162109375
1.16162109375
0.99169921875
0.984313964844
0.943298339844
0.943298339844
1.00872802734
1.00872802734
1.04760742188
1.12445068359
1.12445068359
1.12445068359
1.08312988281
1.08312988281
1.17047119141
1.17047119141
Repetition end
1
0
0
Repetition start
1.27795410156
1.58947753906
1.38128662109
1.67926025391
1.61053466797
1.61553955078
1.35681152344
1.22027587891
1.25701904297
1.15197753906
1.10321044922
1.07965087891
0.945739746094
1.08227539062
1.19500732422
1.0947265625
1.07275390625
1.09429931641
1.21032714844
1.31011962891
1.24755859375
1.18432617188
1.13385009766
1.24945068359
1.22052001953
1.20062255859
1.12426757812
1.12854003906
1.20153808594
1.22125244141
1.19036865234
1.15307617188
Repetition end
0
0
0
Repetition start
1.51593017578
1.51593017578
1.51593017578
1.27374267578
1.56121826172
1.56121826172
1.71453857422
1.74438476562
1.74438476562
1.78283691406
1.78283691406
1.53131103516
1.53131103516
1.19262695312
1.19262695312
1.08959960938
1.72277832031
1.33563232422
1.33563232422
1.33563232422
1.30072021484
1.30072021484
1.29229736328
1.25451660156
1.25451660156
1.25451660156
1.21844482422
1.21844482422
1.21844482422
1.20220947266
1.28747558594
1.28747558594
Repetition end
0
0
0
