Repetition start
1.14624023438
1.28033447266
1.26684570312
0.974670410156
1.37152099609
1.18286132812
1.24353027344
1.24896240234
1.12731933594
1.18450927734
1.27392578125
1.20080566406
1.2197265625
1.11651611328
1.15753173828
1.10382080078
1.10766601562
1.08752441406
1.10180664062
1.10314941406
Repetition end
0
Repetition start
1.07165527344
1.22509765625
1.11346435547
1.48291015625
1.69061279297
1.63232421875
1.23760986328
0.975402832031
1.02154541016
1.00134277344
0.837097167969
1.14056396484
1.20727539062
1.22857666016
1.25152587891
1.23193359375
1.24261474609
1.20349121094
1.21856689453
1.22766113281
Repetition end
1
Repetition start
0.974670410156
1.12902832031
1.09039306641
1.28192138672
1.33380126953
1.51110839844
1.44134521484
1.38659667969
1.28155517578
1.09967041016
1.11968994141
1.21936035156
1.12170410156
1.34545898438
1.16949462891
1.00805664062
1.1455078125
1.11798095703
1.33551025391
1.28295898438
Repetition end
1
Repetition start
1.23980712891
1.16693115234
1.35119628906
1.20544433594
1.43792724609
1.20550537109
1.20550537109
1.38360595703
1.35925292969
1.25787353516
1.14038085938
1.00494384766
1.07012939453
0.993469238281
1.14501953125
1.18994140625
1.08966064453
1.08966064453
1.11199951172
1.11199951172
Repetition end
1
Repetition start
1.11676025391
1.31268310547
1.29888916016
1.21655273438
1.18054199219
1.31115722656
1.39251708984
1.25720214844
1.14508056641
1.26000976562
1.20611572266
1.00256347656
1.19476318359
1.193359375
1.38507080078
1.40966796875
1.35864257812
1.35308837891
1.3291015625
1.30737304688
Repetition end
0
Repetition start
1.35797119141
1.41552734375
1.35498046875
1.25701904297
1.61389160156
1.20104980469
1.42962646484
1.47155761719
1.37939453125
1.37939453125
1.29388427734
1.216796875
1.19415283203
1.16949462891
1.28796386719
1.05480957031
1.05480957031
1.09759521484
0.992736816406
1.27081298828
Repetition end
1
Repetition start
1.15985107422
1.17462158203
1.17462158203
1.38940429688
1.19085693359
1.16296386719
1.44421386719
1.33282470703
1.26715087891
1.38250732422
1.38250732422
1.44494628906
1.28588867188
1.23095703125
1.23095703125
1.27862548828
1.2724609375
1.14196777344
1.27551269531
1.15557861328
Repetition end
1
Repetition start
1.22882080078
0.922180175781
1.71319580078
1.40319824219
1.40319824219
1.27264404297
1.5361328125
1.55010986328
1.52905273438
1.52905273438
1.40246582031
1.40246582031
1.42065429688
1.42065429688
1.42120361328
1.30792236328
1.29498291016
1.29498291016
1.40313720703
1.40313720703
Repetition end
1
Repetition start
1.21740722656
1.3427734375
1.42022705078
1.18939208984
1.53771972656
1.32177734375
1.41619873047
1.54864501953
1.52282714844
1.46179199219
1.36492919922
1.30529785156
1.29455566406
1.40777587891
1.40014648438
1.45971679688
1.34271240234
1.43572998047
1.27941894531
1.34759521484
Repetition end
1
Repetition start
1.05340576172
1.05340576172
1.46984863281
1.46984863281
1.30322265625
1.42498779297
1.35748291016
1.38317871094
1.38317871094
1.6796875
1.59051513672
1.31622314453
1.31622314453
1.18756103516
1.26739501953
1.19073486328
1.31945800781
1.31945800781
1.20642089844
1.07409667969
Repetition end
1
Repetition start
1.29260253906
1.24914550781
1.42633056641
1.40155029297
1.35339355469
1.61047363281
1.25531005859
1.36047363281
1.35961914062
1.31372070312
1.30926513672
1.33404541016
1.31237792969
1.37139892578
1.36346435547
1.27978515625
1.19696044922
1.26812744141
1.22491455078
1.21600341797
Repetition end
1
Repetition start
1.21795654297
1.62408447266
1.31451416016
1.38043212891
1.38043212891
1.32385253906
1.32385253906
1.40545654297
1.49829101562
1.41436767578
1.41436767578
1.34552001953
1.42016601562
1.32440185547
1.29010009766
1.28228759766
1.34515380859
1.34515380859
1.20056152344
1.21844482422
Repetition end
1
Repetition start
1.04858398438
1.18908691406
1.53698730469
1.36627197266
1.46795654297
1.46539306641
1.46520996094
1.4287109375
1.31060791016
1.16961669922
1.22027587891
1.13067626953
1.34204101562
1.22875976562
1.31677246094
1.34295654297
1.35766601562
1.37432861328
1.43499755859
1.40985107422
Repetition end
0
Repetition start
1.36083984375
1.17150878906
1.15155029297
1.49914550781
1.37310791016
1.50109863281
1.39520263672
1.42230224609
1.34362792969
1.30865478516
1.22662353516
1.36541748047
1.20806884766
1.0576171875
1.12506103516
1.22723388672
1.32916259766
1.36541748047
1.30230712891
1.28674316406
Repetition end
0
Repetition start
1.27319335938
1.33142089844
1.51794433594
1.39666748047
1.333984375
1.333984375
1.56927490234
1.44592285156
1.22088623047
1.15960693359
1.23358154297
1.26123046875
1.26123046875
1.27429199219
1.31243896484
1.16485595703
1.25811767578
1.24487304688
1.25262451172
1.32849121094
Repetition end
1