Motion detected after  8459  milliseconds. Logging...
18780
20977
20756
15969
22471
19380
20374
20463
18470
19407
20872
19674
19984
18352
18293
18965
18085
17687
18148
17818
18052
18029
18074
Motion ended after  2263  milliseconds. Logging...
0
Motion detected after  813  milliseconds. Logging...
17558
20072
18243
24296
21793
27699
26744
23298
20277
28790
21059
15981
16737
16406
13715
18687
19780
20013
20129
20505
20184
20359
19718
19677
19937
19965
19848
19819
20114
20070
Motion ended after  2997  milliseconds. Logging...
1
Motion detected after  1737  milliseconds. Logging...
15969
18498
18266
17865
21003
21853
24758
23615
22718
20997
18017
18345
19978
18378
22044
19161
16516
18768
18317
21881
21020
Motion ended after  2074  milliseconds. Logging...
1
Motion detected after  883  milliseconds. Logging...
20313
19119
22138
19750
23559
19751
22669
22270
20609
18684
16465
17533
16277
18760
19496
17853
18219
Motion ended after  1658  milliseconds. Logging...
1
Motion detected after  893  milliseconds. Logging...
18297
21507
21281
19932
19342
21482
22815
23285
20598
18761
20644
19761
16426
20246
19858
19575
19552
19610
22693
23096
21656
22260
22169
21776
21420
21711
22241
22450
21628
Motion ended after  2918  milliseconds. Logging...
0
Motion detected after  823  milliseconds. Logging...
22249
23192
22200
20595
26442
19678
23423
24110
22600
21199
19936
19565
19161
21102
17282
17983
16265
20821
Motion ended after  1717  milliseconds. Logging...
1
Motion detected after  923  milliseconds. Logging...
19003
19245
22764
19511
19054
23662
21837
20761
22651
23674
21068
20168
20949
20848
18710
20898
18933
Motion ended after  1618  milliseconds. Logging...
1
Motion detected after  1150  milliseconds. Logging...
20133
15109
28069
22990
20851
25168
25397
25052
22978
23276
23285
21429
21217
22989
Motion ended after  1390  milliseconds. Logging...
1
Motion detected after  1022  milliseconds. Logging...
19946
22000
20518
23269
24218
19487
25194
21656
23203
25373
24950
21520
20215
22455
23950
22363
21386
18531
22098
18551
21210
20553
22536
23226
22826
22631
23065
22940
23916
21484
21999
23912
22836
22051
22898
23523
22838
20962
22079
22013
22345
Motion ended after  4059  milliseconds. Logging...
1
Motion detected after  1062  milliseconds. Logging...
17259
24082
21352
23347
22241
22662
27520
26059
21565
19457
20765
19509
21618
19766
17598
Motion ended after  1479  milliseconds. Logging...
1
Motion detected after  1845  milliseconds. Logging...
21178
20466
23369
22963
22174
26386
20567
22290
22276
21524
21451
21857
21502
22469
22339
20968
19611
20777
20069
19923
Motion ended after  1966  milliseconds. Logging...
1
Motion detected after  1012  milliseconds. Logging...
19955
26609
21537
22617
21690
23027
24548
23173
22045
23268
21699
21137
21009
22039
19670
19963
Motion ended after  1528  milliseconds. Logging...
1
Motion detected after  1161  milliseconds. Logging...
17180
19482
21362
25182
22385
24051
24009
24006
25298
23706
23408
21473
21452
19163
19993
18525
21988
20132
21574
21517
22003
22244
22517
24906
23511
22828
23099
Motion ended after  2650  milliseconds. Logging...
0
Motion detected after  823  milliseconds. Logging...
22296
19194
18867
20482
22885
23562
24562
22497
24594
22859
23303
22014
21337
21441
20097
22371
22050
19793
17328
18433
20107
20799
20925
22672
21777
20915
22371
21857
21337
21082
Motion ended after  2988  milliseconds. Logging...
0
Motion detected after  813  milliseconds. Logging...
20860
21814
24870
22883
21856
25711
23690
20003
18999
20211
20664
20878
21503
19085
20613
20396
20523
21766
Motion ended after  1728  milliseconds. Logging...
1