Motion detected after  50640  milliseconds. Logging...
23034
19996
21277
22484
19901
22484
23000
23277
23676
22490
23069
22436
23290
22804
23008
22931
22526
22881
22903
22825
Motion ended after  1985  milliseconds. Logging...
0
Motion detected after  1260  milliseconds. Logging...
23890
23185
23837
23060
22222
24338
24442
25796
24633
25494
19481
21843
31109
23687
23321
26554
21978
25915
31211
30616
23127
20363
21764
26045
20365
24128
21906
23386
22255
21911
20789
24224
20772
21254
20883
20774
20335
20827
Motion ended after  3821  milliseconds. Logging...
0
Motion detected after  1131  milliseconds. Logging...
20119
23526
25971
30233
33248
34300
29982
27556
25647
22664
17422
15862
16160
18608
Motion ended after  1410  milliseconds. Logging...
1
Motion detected after  1071  milliseconds. Logging...
15391
16852
18935
19404
25056
24394
30657
33692
32602
29063
26130
21842
20050
17394
15880
16732
18505
18360
21264
19737
20580
20068
19789
21061
19588
19656
19619
18958
Motion ended after  2739  milliseconds. Logging...
1
Motion detected after  923  milliseconds. Logging...
14009
15909
15600
21525
27073
32208
31047
23693
25607
29966
28935
28235
26787
25070
23098
20870
17793
16157
20485
19612
18635
20834
20094
19031
19181
20400
18964
20154
19851
Motion ended after  2888  milliseconds. Logging...
1
Motion detected after  883  milliseconds. Logging...
16110
16907
19990
24744
25282
27726
26039
26432
28268
25774
23501
22403
21840
20560
18148
15499
15735
19410
17523
18838
20208
18534
18866
18092
18464
18693
17295
19389
18626
18078
Motion ended after  2928  milliseconds. Logging...
1
Motion detected after  774  milliseconds. Logging...
15598
18128
19294
22302
25476
29417
24974
28103
30129
26974
25581
22816
22029
19340
19807
15868
14367
15613
15591
18655
19958
17874
17748
17826
17620
18224
17537
17253
17927
18511
17933
Motion ended after  3037  milliseconds. Logging...
1
Motion detected after  784  milliseconds. Logging...
16697
12746
16551
17440
20594
20644
23533
24399
29040
25556
29693
27705
25288
22957
22282
21949
18808
15343
15266
16955
18042
16840
17526
17500
17862
17767
17194
17549
17151
17931
17769
Motion ended after  3027  milliseconds. Logging...
1
Motion detected after  1091  milliseconds. Logging...
15699
16305
21616
23916
26513
30117
28133
27757
28174
26029
26415
25370
22675
21624
18529
18146
15709
17032
16100
17793
18645
17912
18866
18716
18261
18111
19155
18374
Motion ended after  2720  milliseconds. Logging...
1
Motion detected after  843  milliseconds. Logging...
15444
16882
18782
21143
22868
25886
23311
27665
25759
25452
26287
23179
20099
21521
21375
17430
16143
Motion ended after  1698  milliseconds. Logging...
1
Motion detected after  3413  milliseconds. Logging...
12856
14881
19046
23639
24677
26227
23117
27393
26537
27391
23814
25326
23128
21352
19534
18851
17902
18727
15218
16659
18250
16475
18516
19344
19361
18950
17858
17245
18557
17961
Motion ended after  2938  milliseconds. Logging...
1
Motion detected after  823  milliseconds. Logging...
18034
17662
22144
19415
26548
25319
26721
26086
26633
24458
25198
20258
24702
21414
19088
20752
18575
18684
Motion ended after  1718  milliseconds. Logging...
1
Motion detected after  892  milliseconds. Logging...
18376
18623
22552
22596
23354
23849
23313
20727
23364
27282
23650
23396
27173
25966
23574
20086
18306
Motion ended after  1648  milliseconds. Logging...
1