Repetition start
1.40588378906
1.22045898438
1.29864501953
1.37231445312
1.21466064453
1.37231445312
1.40380859375
1.42071533203
1.44506835938
1.37268066406
1.40802001953
1.36938476562
1.42150878906
1.39184570312
1.404296875
1.39959716797
1.37487792969
1.39654541016
1.39788818359
1.39312744141
Repetition end
0
Repetition start
1.41510009766
1.55603027344
1.33319091797
1.89874267578
1.44573974609
1.42340087891
1.58172607422
1.86865234375
1.41156005859
1.24285888672
1.58966064453
1.24298095703
1.47265625
1.42736816406
1.35833740234
1.33734130859
1.26885986328
1.478515625
1.29724121094
1.24114990234
Repetition end
0
Repetition start
1.22796630859
1.22796630859
1.22796630859
1.43591308594
1.58514404297
1.84527587891
2.029296875
2.09350585938
2.09350585938
1.82995605469
1.68188476562
1.68188476562
1.68188476562
1.56536865234
1.38330078125
1.38330078125
1.06335449219
0.968139648438
0.986328125
1.1357421875
Repetition end
1
Repetition start
1.02856445312
1.15570068359
1.529296875
1.48889160156
1.87115478516
2.05639648438
1.59484863281
1.33312988281
0.96923828125
1.02124023438
1.12945556641
1.2978515625
1.20465087891
1.22485351562
1.20782470703
1.28546142578
1.19555664062
1.19970703125
1.19744873047
1.15710449219
Repetition end
1
Repetition start
0.855041503906
0.971008300781
0.9521484375
1.31378173828
1.65240478516
1.9658203125
1.56292724609
1.82897949219
1.76605224609
1.72332763672
1.63494873047
1.53015136719
1.27380371094
1.25030517578
1.19702148438
1.27160644531
1.22644042969
1.16156005859
1.17071533203
1.15747070312
Repetition end
1
Repetition start
1.03192138672
1.22009277344
1.54309082031
1.69226074219
1.61328125
1.72534179688
1.57312011719
1.43438720703
1.36737060547
1.3330078125
0.945983886719
1.18469238281
1.06951904297
1.14978027344
1.13122558594
1.15148925781
1.10424804688
1.18341064453
1.13684082031
1.10339355469
Repetition end
1
Repetition start
1.36120605469
1.55493164062
1.79547119141
1.52429199219
1.71527099609
1.34454345703
1.20892333984
0.968505859375
0.876892089844
0.952941894531
0.951599121094
1.21813964844
1.09094238281
1.08325195312
1.07543945312
1.1123046875
1.07037353516
1.05303955078
1.12982177734
1.09454345703
Repetition end
1
Repetition start
1.01910400391
0.777954101562
1.064453125
1.26000976562
1.48919677734
1.55981445312
1.81231689453
1.69097900391
1.54345703125
1.35998535156
1.14794921875
0.936462402344
0.931762695312
1.03485107422
1.06970214844
1.09020996094
1.08441162109
1.04943847656
1.07110595703
1.09442138672
Repetition end
1
Repetition start
0.995178222656
1.3193359375
1.45971679688
1.61822509766
1.83819580078
1.71710205078
1.69415283203
1.71960449219
1.31982421875
1.10754394531
0.958801269531
0.982666015625
1.08599853516
1.13800048828
1.09326171875
1.14233398438
1.11456298828
1.10540771484
1.16912841797
1.12145996094
Repetition end
1
Repetition start
0.942626953125
1.03039550781
1.14636230469
1.29046630859
1.39575195312
1.57995605469
1.57995605469
1.42279052734
1.68853759766
1.57220458984
1.57220458984
1.55346679688
1.60443115234
1.41473388672
1.22674560547
1.31353759766
1.30462646484
1.06384277344
0.985290527344
0.985290527344
Repetition end
1
Repetition start
0.78466796875
1.16247558594
1.44281005859
1.50616455078
1.60076904297
1.41094970703
1.67193603516
1.61968994141
1.67181396484
1.45349121094
1.54577636719
1.30322265625
1.15057373047
1.09265136719
1.14300537109
0.928833007812
1.00555419922
1.13012695312
1.18170166016
1.08996582031
Repetition end
1
Repetition start
1.10070800781
1.07800292969
1.3515625
1.18499755859
1.62036132812
1.54534912109
1.63092041016
1.59216308594
1.62554931641
1.49279785156
1.53796386719
1.53796386719
1.23645019531
1.50769042969
1.30700683594
1.1650390625
1.1650390625
1.2666015625
1.13372802734
1.14038085938
Repetition end
1
Repetition start
1.12158203125
1.12158203125
1.13665771484
1.37646484375
1.37915039062
1.42541503906
1.45562744141
1.42291259766
1.26507568359
1.26507568359
1.42602539062
1.66516113281
1.44348144531
1.42797851562
1.65850830078
1.65850830078
1.58483886719
1.43884277344
1.22595214844
1.11730957031
Repetition end
1