21603
17284
19874
22449
20848
19618
28488
20385
21890
30088
29239
27741
23491
22679
22728
25345
25655
25269
24532
24100
22738
22695
21660
23525
26989
24459
25071
Motion ended after  4070  milliseconds. Logging...
Motion detected after  1399  milliseconds. Logging...
25061
22156
23632
24428
25628
23525
22376
21603
24281
23604
23244
22151
Motion ended after  1141  milliseconds. Logging...
Motion detected after  1995  milliseconds. Logging...
14874
18004
21419
21971
24766
28571
32081
31392
32256
31432
28322
25985
26592
25177
22050
23502
15715
19495
17591
Motion ended after  1816  milliseconds. Logging...
Motion detected after  4516  milliseconds. Logging...
19680
22978
22257
25531
25561
30179
27341
29098
30654
26679
23391
24097
22537
20346
18871
17936
16600
18073
19168
16935
16956
18816
17358
18147
18285
18007
17017
17811
17485
17210
17172
Motion ended after  3106  milliseconds. Logging...
Motion detected after  774  milliseconds. Logging...
15205
18176
16993
19396
27902
26531
32026
28097
25966
25767
25358
21691
21130
19449
17301
17703
16687
17553
Motion ended after  1767  milliseconds. Logging...
Motion detected after  903  milliseconds. Logging...
14181
18654
20545
18054
22023
26926
28367
27786
28738
27761
28568
25337
25821
23894
23600
24888
18901
15190
16451
18633
16968
18400
18868
17846
17895
18377
17442
17448
18060
Motion ended after  2908  milliseconds. Logging...
Motion detected after  992  milliseconds. Logging...
19666
19322
24350
25310
27727
27171
27392
29565
25217
25055
24120
23768
22052
19486
18356
18077
Motion ended after  1549  milliseconds. Logging...
Motion detected after  1806  milliseconds. Logging...
15651
17251
18154
21567
27306
26849
23577
25573
26954
27790
26766
24254
23849
22903
20997
18331
16083
16751
17346
15897
16536
16472
18135
17670
17650
17960
18306
17574
17768
17565
17851
18018
17759
Motion ended after  3275  milliseconds. Logging...
Motion detected after  764  milliseconds. Logging...
13801
17716
23310
20301
27135
22746
28059
24288
28128
27451
25769
24128
23109
24461
19718
20174
18001
18584
Motion ended after  1777  milliseconds. Logging...
Motion detected after  1677  milliseconds. Logging...
17507
19455
20312
22664
24641
27600
27013
28311
25206
Motion ended after  864  milliseconds. Logging...
Motion detected after  813  milliseconds. Logging...
17236
15790
18263
18165
18638
17858
18263
18301
18417
17992
18087
17116
17703
18742
17485
18188
18282
18447
18410
17670
18293
18836
18240
18357
18583
17860
18386
18157
17504
18787
Motion ended after  2998  milliseconds. Logging...
Motion detected after  813  milliseconds. Logging...
19833
22510
26205
26073
25896
29772
26262
23992
23167
19032
16248
16127
15455
16527
17164
18423
17746
19177
Motion ended after  1728  milliseconds. Logging...
Motion detected after  1091  milliseconds. Logging...
20938
21367
26042
22631
27513
26387
26878
26469
24474
22230
19993
20595
18874
18075
17689
15495
17732
19579
17936
17576
17929
19830
21465
21321
20440
18476
19404
18577
20471
19997
19671
18420
18490
19686
20009
19503
20415
20778
19799
18892
Motion ended after  3990  milliseconds. Logging...
Motion detected after  853  milliseconds. Logging...
24837
20869
25579
28091
28580
29210
25089
19540
17852
28226
21883
21311
21173
20554
19963
19697
21094
Motion ended after  1688  milliseconds. Logging...
