Repetition start
1.24017333984
1.40441894531
1.37176513672
1.52471923828
1.52471923828
1.35388183594
1.45989990234
1.41363525391
1.26806640625
1.27661132812
1.40985107422
1.29772949219
1.31555175781
1.30999755859
1.29821777344
1.37487792969
1.37487792969
1.33233642578
1.34777832031
1.34881591797
Repetition end
0
Repetition start
0.988586425781
1.0322265625
1.32531738281
1.38110351562
1.55822753906
1.27056884766
1.48516845703
1.44812011719
1.29229736328
1.40631103516
1.11999511719
1.25805664062
1.17724609375
1.29113769531
1.32824707031
1.32556152344
1.29595947266
1.33532714844
1.32177734375
1.27911376953
Repetition end
1
Repetition start
1.22955322266
1.08734130859
1.44134521484
1.33807373047
1.44372558594
1.30303955078
1.48132324219
1.72039794922
1.28369140625
1.05737304688
1.17724609375
1.31506347656
1.16424560547
1.41320800781
1.42608642578
1.41918945312
1.32257080078
1.38470458984
1.42120361328
1.40771484375
Repetition end
1
Repetition start
1.16766357422
1.2919921875
1.25561523438
1.40655517578
1.59246826172
1.37054443359
1.37054443359
1.25439453125
1.44226074219
1.30938720703
1.47174072266
1.36462402344
1.37060546875
1.31048583984
1.10949707031
1.22320556641
1.42864990234
1.14410400391
1.14410400391
1.39971923828
Repetition end
1
Repetition start
1.23059082031
1.27569580078
1.40270996094
1.52362060547
1.42010498047
1.21105957031
1.16381835938
1.31469726562
1.25512695312
1.28106689453
1.19134521484
1.21362304688
1.38055419922
1.37841796875
1.41644287109
1.35168457031
1.42358398438
1.33453369141
1.34136962891
1.34899902344
Repetition end
1
Repetition start
1.18017578125
1.60064697266
1.49749755859
1.54382324219
1.56140136719
1.40075683594
1.42553710938
1.52954101562
1.10595703125
1.42578125
1.25708007812
1.34307861328
1.40435791016
1.39685058594
1.37023925781
1.40344238281
1.37152099609
1.41510009766
1.37280273438
1.38714599609
Repetition end
1
Repetition start
1.35498046875
1.19586181641
1.41564941406
1.41564941406
1.31408691406
1.34387207031
1.45391845703
1.34448242188
1.36688232422
1.38458251953
1.27874755859
1.14807128906
1.30889892578
1.25347900391
1.28497314453
1.28497314453
1.27679443359
1.27679443359
1.30651855469
1.32098388672
Repetition end
1
Repetition start
1.29357910156
1.34753417969
1.35046386719
1.431640625
1.22839355469
1.40606689453
1.37622070312
1.43566894531
1.37707519531
1.14703369141
1.18585205078
1.22625732422
1.26928710938
1.31872558594
1.11706542969
1.31561279297
1.28619384766
1.314453125
1.35729980469
1.42846679688
Repetition end
1
Repetition start
1.35723876953
1.32952880859
1.57153320312
1.45483398438
1.37048339844
1.34606933594
1.27038574219
1.29968261719
1.48510742188
1.34722900391
1.0927734375
1.20568847656
1.04705810547
1.46270751953
1.38269042969
1.37609863281
1.52337646484
1.39727783203
1.33605957031
1.48345947266
Repetition end
1
Repetition start
1.49920654297
1.44879150391
1.42663574219
1.36737060547
1.23065185547
1.25732421875
1.1591796875
1.34484863281
1.37866210938
1.29052734375
1.22039794922
1.36657714844
1.29449462891
1.35290527344
1.41619873047
1.49053955078
1.36877441406
1.33361816406
1.36053466797
1.34320068359
Repetition end
1
Repetition start
1.08831787109
1.31408691406
1.49743652344
1.54559326172
1.45599365234
1.72760009766
1.68225097656
1.40521240234
1.46917724609
1.30511474609
1.22039794922
1.46649169922
1.18109130859
1.18109130859
1.36444091797
1.26745605469
1.21856689453
1.30645751953
1.30645751953
1.38226318359
Repetition end
1