Motion detected after  804  milliseconds. Logging...
20319
23010
22475
24981
22182
23919
23161
20776
20916
23099
21262
21554
21463
21270
22526
21829
22082
22099
Motion ended after  1737  milliseconds. Logging...
0
Motion detected after  3722  milliseconds. Logging...
16197
16912
23119
21714
22628
25530
20817
26329
24333
27574
28728
23726
21173
23041
18350
18972
20612
22630
19288
21154
21762
21523
21718
21233
21878
21656
20957
Motion ended after  2630  milliseconds. Logging...
1
Motion detected after  784  milliseconds. Logging...
20145
17815
19588
23615
21923
23654
21349
24270
28187
25412
21032
17324
18570
21530
19288
21546
19725
19075
23154
23365
23797
22169
22151
23252
21669
21810
22687
23285
22103
22912
23064
Motion ended after  3028  milliseconds. Logging...
1
Motion detected after  763  milliseconds. Logging...
19131
21168
20572
23045
26091
22455
20552
23630
21453
24113
22358
22456
21471
18178
20041
23407
18745
22933
Motion ended after  1777  milliseconds. Logging...
1
Motion detected after  824  milliseconds. Logging...
20738
20162
20901
22982
20484
23415
22127
24963
23267
25629
25180
20906
22346
19842
19068
21540
20564
20989
19519
19884
21552
22619
22584
23207
21419
22146
23324
21865
21977
22102
Motion ended after  2988  milliseconds. Logging...
1
Motion detected after  754  milliseconds. Logging...
19336
23580
23504
26225
23846
24535
25294
25582
22950
23356
25060
18120
23360
20888
20596
21987
20823
22005
23024
23009
22886
22450
23802
22994
22471
23185
22675
22821
22492
22729
22727
Motion ended after  3057  milliseconds. Logging...
1
Motion detected after  853  milliseconds. Logging...
22200
19593
23194
21530
22018
23821
22028
22395
22685
20951
18810
21445
20537
21053
20919
21406
21643
Motion ended after  1688  milliseconds. Logging...
1
Motion detected after  952  milliseconds. Logging...
21194
22078
22126
23456
20126
23037
21303
22548
23522
22562
23439
20943
18793
19429
20091
20796
21606
19702
18302
21555
22699
22100
21073
21536
21952
22238
23404
22548
22439
Motion ended after  2859  milliseconds. Logging...
1
Motion detected after  764  milliseconds. Logging...
22237
21783
24644
25748
23836
22454
22054
20814
21294
24332
23252
22073
19778
16472
17904
19754
20214
17155
16695
23965
21937
24695
22654
22546
24959
22893
21890
24069
22432
23499
24305
Motion ended after  3047  milliseconds. Logging...
1
Motion detected after  883  milliseconds. Logging...
24563
23737
24217
22934
24931
23374
22403
20163
18700
21143
20600
18992
20810
19422
18194
19520
21325
22296
22034
23717
23031
21618
22588
23628
23436
21144
19453
19995
21142
23958
22390
21209
22166
20009
21801
23203
24421
22426
21850
22291
23141
22007
Motion ended after  4199  milliseconds. Logging...
1
Motion detected after  794  milliseconds. Logging...
17831
21530
24534
25323
23855
28305
27562
23023
24071
21383
19995
24027
19351
22355
20766
19965
21405
22647
Motion ended after  1747  milliseconds. Logging...
1