2795 18098 104
 2036 18874 491
 3281 18293 16
 3715 16834 -391
 3628 16331 -685
 3587 16467 -863
 4242 17851 -312
 4654 17929 -572
 4583 17455 444
 4842 15470 1059
 4408 14003 1554
 4010 14330 1737
 3996 14335 2622
 3856 15408 2673
 3342 14523 884
 2374 13830 -1109
 3222 11529 -3731
 3990 14484 -5698
 4984 14237 -5532
 4387 13910 -5667
 4060 13336 -4597
 4106 14887 -5555
 2646 13802 -4116
 2702 13189 -3001
 3212 15724 -3008
 2190 13020 -3262
 3022 14301 -3567
 2190 15087 -3575
 2077 14956 -4120
 2078 15272 -4499
 1908 15236 -4440
 1923 14971 -4748
 1730 14922 -4658
 1501 14906 -4814
 1282 14582 -4891
 1173 14956 -4889
 1078 14916 -5575
 1147 14889 -5991
 912 14413 -5611
 566 14189 -5508
 428 13768 -5932
 455 13581 -6649
 840 13879 -7335
 819 15292 -6541
 613 13367 -8694
 1301 13342 -8650
 6519 19681 -6503
 2244 13343 -7303
 984 13906 -2936
 1425 14093 -2371
 1312 14428 -2026
 1445 16561 -1003
 2107 15834 -1242
 1943 16722 -1332
 1671 16423 -1739
 1785 17474 -1553
 1551 17713 -1240
 1866 17381 -217
 1559 16385 -309
 2055 16683 -43
 2074 17370 134
 2190 18493 55
 1872 18300 571
 1333 17887 1210
 1068 17192 945
 1215 16403 271
 1135 15088 -472
 1450 14843 87
 1896 14594 -434
 1902 14274 -1086
 963 11973 -2012
 1063 11810 -4565
 3933 19210 -7142
 1722 16479 -8469
 1702 16744 -6160
 1352 15389 -5562
 1408 13180 -5540
 1413 13949 -3412
 741 13087 -2818
 942 13184 -3478
 2076 15071 -3500
 2747 15886 -2919
 1732 14324 -3758
 1975 14929 -4073
 1734 15343 -3955
 1577 15013 -4205
 1400 14884 -4374
 1447 14848 -4441
 1398 14937 -4443
 1482 14320 -4329
 1253 15802 -4950
 2423 13865 -4975
 1978 14661 -5811
 1749 13632 -5533
 3435 13386 -5333
 2442 13566 -6004
 1803 13989 -6854
 2310 14344 -8311
 2055 13924 -7462
 -712 22105 -5697
 3637 15679 -3921
 1356 12434 -3552
 1180 13524 -2309
 1350 12459 -2556
 1002 13315 -2024
 1444 13781 -1515
 514 14558 -1104
 1284 14639 -326
 1083 16510 252
 2431 17335 520
 2505 17262 602
 2960 18336 398
 3003 18557 676
 3040 18042 1577
 3071 18703 1739
 3083 18861 1038
 2764 17898 1916
 1683 16126 2662
 1132 15205 3109
 2155 16049 2899
 2437 15279 1970
 1479 12369 1073
 494 12674 120
 481 15529 -1498
 269 14488 -4117
 1477 13021 -6074
 1586 15455 -6021
 2193 14352 -6459
 2212 13333 -4942
 3722 16270 -4786
 1755 13629 -4207
 2106 13845 -3402
 2031 14938 -3731
 1768 17312 -3433
 2210 16100 -3772
 488 15214 -3150
 -148 15427 -2921
 -319 15472 -2787
 -649 15494 -2970
 -635 15773 -2926
 -829 15194 -2495
 362 16025 -2758
 3270 18927 -4123
 2318 14689 -3542
 3098 15468 -3585
 3223 14438 -4519
 3363 14273 -4503
 3471 14405 -4632
 3046 14729 -4251
 2377 16413 -4099
 1544 14521 -4243
 2728 14885 -3961
 2282 15147 -4283
 1469 15083 -4455
 1336 15709 -4137
 562 15776 -4417
 295 15939 -4152
 138 15761 -3808
 -180 15723 -3113
 622 14620 -1396
 2290 15341 359
 1696 15106 1771
 897 15258 2007
 -82 15641 2149
 101 15989 2647
 1290 15214 2830
 1961 15100 2183
 1768 15745 2040
 1620 15363 1636
 1474 15771 1577
 1633 15514 1619
 1850 15248 1305
 1725 15482 690
 2067 15591 1457
 2531 14375 2134
 3283 13842 1306
 2136 14556 -745
 -2111 15743 1733
 -108 16137 -1427
 -554 16911 -2791
 -1252 13935 -2541
 -299 13885 -3911
 1310 15709 -3533
 -111 15214 -4495
 2835 17250 -5465
 2382 13503 -4834
 1391 15086 -4781
 2464 14393 -4367
 1585 14957 -4740
 1794 14997 -4926
 2486 14860 -4499
 2141 14314 -4608
 2390 15409 -4692
 904 14308 -5031
 1613 14383 -5972
 1437 13839 -5726
 1083 13746 -5913
 716 13887 -6662
 1864 13309 -7976
 1308 12828 -7535
 1051 12814 -8821
 1452 13690 -9186
 1381 11926 -8318
 3406 12742 -4439
 -536 12217 -2779
 1985 14367 -2903
 794 12039 -1959
 2435 13278 -969
 2075 13739 -953
 3680 13602 -1071
 3608 15286 -724
 3347 17098 -884
 3071 17049 -1864
 2747 17228 -1850
 2002 18172 -750
 1504 17245 -440
 713 17615 85
 -281 17803 1301
 58 17049 2317
 -245 16066 2159
 -659 17317 2863
 -399 17346 2523
 -933 17607 2140
 -86 17214 1800
 348 17250 1605
 1425 17010 1592
 1406 16146 1104
 2171 15873 -63
 861 14537 -2569
 -556 9468 -5145
 3008 15867 -4345
 -679 10220 -4946
 -446 13633 -4298
 1512 13985 -3546
 459 13653 -2590
 -570 15008 -1304
 -458 14201 -1913
 26 15125 -2067
 -23 16278 -2385
 1122 15844 -3485
 1613 16451 -3087
 980 14517 -4062
 2158 14363 -3601
 1174 15373 -4023
 1530 14731 -4097
 1071 15082 -4376
 1368 14971 -4561
 1992 14655 -4107
 2780 14862 -4893
 2579 14249 -6044
 2858 13921 -6456
 2577 13445 -6123
 2601 12356 -6356
 2269 12970 -6294
 2114 13933 -7372
 1657 14571 -7103
 -36 15353 -7128
 3616 12420 -4547
 1871 12249 -961
 1055 13833 354
 2381 15343 -194
 2857 16361 -999
 2910 17044 -482
 3959 18561 492
 2950 16968 -326
 3438 16884 -774
 3442 17621 -467
 3514 17234 -715
 3257 16981 -974
 3205 16501 -462
 2896 16591 -94
 2498 16933 34
 2478 16812 -519
 2321 16731 -1174
 2819 17370 -2371
 2829 17386 -3423
 2146 15649 -4775
 1957 13575 -5692
 276 11316 -6921
 557 12425 -7629
 3206 12720 -6669
 2796 12125 -7129
 1856 13801 -5815
 2816 13074 -6029
 3821 15619 -5440
 767 13741 -4679
 2015 15083 -3642
 2793 13591 -3105
 2076 14742 -3404
 1635 14844 -3773
 1787 14787 -3710
 1574 15161 -3926
 1750 15057 -3843
 1723 15376 -4303
 1028 14940 -4662
 1651 14724 -4689
 1460 15064 -4675
 1917 14885 -5131
 1674 14792 -5443
 1876 14788 -5327
 1670 14797 -5083
 1851 14871 -5630
 1895 14585 -5235
 1919 14685 -5326
 1634 14706 -5456
 1803 14811 -5549
 1589 14766 -5555
 1566 14823 -5525
 1672 14653 -5371
 1792 14745 -5566
 1834 14666 -5749
 1837 14633 -5615
 1910 14730 -5522
 1908 14644 -5669
 1806 14697 -5599
 1883 14740 -5576
 1887 14585 -5524
 1811 14708 -5546
 1623 14647 -5466
 1783 14794 -5618
 1617 14775 -5655
 1735 14821 -5287
 1611 14796 -5306
 1583 14838 -5345
 1592 14861 -5258
 1697 14814 -5228
 1632 14844 -5241
 1698 14815 -5142
 1665 14845 -5226
 1543 14805 -5297
 1589 14860 -5091
 1598 14880 -5268
 1481 14919 -5297
 1541 14960 -5185
 1443 14790 -5036
 1621 14909 -5402
 1572 14740 -5223
 1392 14730 -5135
 1619 14817 -5127
 1861 14907 -5110
 1934 14925 -4685
 2385 14711 -4748
 1398 14795 -4344
 730 14571 -4646
 1217 15561 -6543
 1403 14243 -5799
 757 13080 -5793
Repetition Start
 373 12624 -6007
 292 12249 -7045
 1199 14206 -6924
 801 14588 -9154
 908 10688 -8647
 2055 11068 -8781
 965 14354 -1193
 1526 18769 73
 2067 15975 1280
 2358 16276 1761
 2363 16851 929
 3044 17101 24
 3350 16645 -523
 3215 16264 -1238
 3452 16681 -441
 4046 17261 215
 4447 17116 433
 5120 17530 -37
 6508 16758 368
 5915 15570 284
 5389 15428 1031
 5403 15582 999
 4657 14709 526
 4745 14802 505
 4408 15061 -372
 3240 13065 -3318
 919 10541 -9365
 4967 17862 -8756
 897 14376 -6982
 -165 12822 -7023
 988 13501 -5751
 2411 14929 -3931
 1228 14503 -2943
 304 12902 -2857
 1156 13932 -2298
 1549 13025 -1729
 2213 15670 -2686
 1863 16713 -2859
 2021 14672 -3505
Repetition End
1
 1787 15024 -2839
 2029 15226 -3153
 2277 15166 -3236
 1953 15193 -3340
 2016 14959 -3784
 1920 14932 -3282
 1922 14874 -3364
 2072 14616 -3362
Repetition Start
 2138 15352 -3579
 2826 14264 -4557
 2551 13865 -5302
 2335 13769 -4813
 3106 12286 -5274
 1715 11879 -5823
 1936 12980 -5970
 3106 14179 -6852
 1057 13611 -7472
 1020 18962 -5707
 4607 16951 -3893
 2452 15363 -181
 2999 14276 414
 1699 15193 749
 1808 15045 814
 1804 15872 416
 1852 16724 96
 2570 16471 -286
 2466 17034 -670
 2565 16758 -809
 3199 16523 -301
 2008 16159 -1356
 2956 18002 -1511
 2548 16943 -995
 2267 17294 -781
 2079 17107 -581
 1976 17524 -343
 1072 16773 -1256
 1225 17434 -1477
 1247 18143 -2800
 2366 18688 -4602
 940 12889 -7520
 1135 11390 -6535
 1174 12712 -6593
 2486 12298 -6453
 2960 11991 -5419
 2516 14373 -4365
 3119 15275 -4201
 2064 14024 -4333
 2745 14043 -3608
 2800 14731 -3579
 1166 15118 -3667
 230 14241 -3309
Repetition End
1
 1394 14931 -3807
 1717 15281 -3891
 1422 14931 -3998
 1580 15025 -4426
 1702 15069 -4537
Repetition Start
 1654 14835 -4940
 1862 14713 -4982
 1725 14625 -4766
 1617 14149 -4126
 1148 15513 -5499
 598 14589 -7051
 1125 13084 -6198
 -146 12435 -6367
 -469 11885 -6487
 -925 12521 -8379
 1421 14262 -9941
 1273 9941 -8411
 7177 19594 -4999
 1755 14730 -3685
 3340 15071 -1758
 2254 16574 -258
 2925 17105 230
 2056 16517 -139
 1996 15918 -346
 1825 16682 13
 2050 16982 6
 1826 16937 -275
 2011 17151 -58
 2250 18011 233
 2822 18386 261
 2771 18583 373
 2567 16979 371
 2648 16227 505
 1726 16733 371
 3768 18573 352
 3054 18372 -188
 -2056 10609 -4051
 2366 10537 -6554
 2830 13353 -5587
 593 12952 -5107
 -74 13101 -4510
 751 14748 -3680
 2164 14672 -4898
 740 14376 -4741
 287 12690 -2898
 2691 13388 -3213
Repetition End
1
 2463 13649 -3608
 4292 16479 -4039
 1580 11730 -4680
 2413 13757 -4312
Repetition Start
 2045 14911 -5572
 2061 14706 -4924
 1812 14568 -5266
 2040 14315 -5009
 2395 15210 -5389
 2760 14241 -5854
 2169 14499 -6516
 2144 13763 -6089
 2171 13514 -4873
 2223 11389 -5107
 3873 12328 -6320
 3300 14540 -6918
 2473 13528 -8633
 692 19100 -3559
 879 12642 -4385
 415 14698 -1680
 697 16238 -1074
 1548 14008 -1457
 1663 15112 -931
 2239 15870 -1814
 1554 16942 -2131
 1938 16786 -1808
 2372 16821 -1942
 2073 16975 -2545
 2211 16477 -2055
 2423 16153 -2315
 2544 16045 -2621
 2672 16229 -2969
 2598 16544 -2580
 3834 18158 -1740
 3234 17964 -2309
 3482 17424 -1456
 3462 17373 -818
 2913 17143 -1367
 2610 18162 -1791
 2433 18842 -3185
 2881 13426 -4932
 165 7724 -6384
 -1193 13763 -5600
 2594 11293 -5344
 1576 11692 -6059
 3742 18952 -6966
 1751 13093 -6134
 1972 13782 -4839
 2008 14994 -4881
Repetition End
1
 2124 12282 -5541
 261 16045 -5583
 1505 14952 -4663
 358 14206 -3478
 628 15628 -3886
 1280 14960 -4170
 1605 14810 -4350
Repetition Start
 1870 14456 -4641
 1386 13601 -4093
 2412 17006 -6039
 929 14982 -7431
 938 13492 -6263
 151 12938 -5717
 -292 11861 -6719
 654 13594 -7719
 2061 15289 -8419
 -667 11011 -9907
 4324 19325 -9220
 918 12298 -2409
 2645 15205 -1174
 1900 15095 -1906
 2749 14088 -1036
 3443 14393 -1319
 3225 15843 -1145
 2646 15888 -1094
 2989 15865 -1476
 2508 16877 -1365
 2511 18048 -1102
 1945 18402 -1872
 2235 18369 -1575
 2333 18154 -1038
 3075 17677 -1065
 3073 17128 -623
 2602 16587 -154
 2507 16487 267
 2426 15936 -62
 1834 15189 -647
 1901 15672 -1340
 2855 15665 -2545
 3270 14570 -4559
 976 12590 -7748
 5629 16504 -7107
 -163 11470 -6183
 551 12184 -5540
 2167 13188 -4873
 1459 13512 -4382
 1115 14355 -4449
 697 17128 -3375
 1908 14981 -5281
 1051 14407 -4243
Repetition End
1
 1446 16182 -3941
 1041 14015 -4665
 693 15157 -5154
 1309 15181 -5036
 1609 15133 -4699
 1283 14885 -5302
Repetition Start
 1151 14485 -5433
 1266 14117 -5324
 1643 13754 -4600
 764 14259 -5379
 3252 15034 -6919
 1320 14436 -6244
 2093 11681 -5988
 3090 11149 -6673
 1071 14026 -6619
 836 18001 -6858
 2220 12833 -640
 -503 11945 -1681
 3043 15052 -1104
 2269 15843 -931
 2515 16967 -1313
 2832 17362 -1246
 2968 17431 -1438
 2535 16766 -1506
 2564 17316 -1458
 2410 17087 -1310
 2629 16945 -1628
 2546 17438 -995
 2232 17961 -724
 2245 17709 -433
 2828 17596 -730
 2859 17462 -1204
 2165 16974 -1643
 1912 16112 -1754
 1412 17211 -3195
 2175 17635 -4667
 1885 12828 -5804
 854 10082 -7371
 1337 12643 -7156
 3141 12331 -6661
 3390 11483 -5313
 2324 12637 -4662
 3202 14056 -5640
 3413 15344 -4720
 2507 13758 -4960
 3051 13926 -4934
Repetition End
1
 3165 14087 -5082
 1952 14071 -5448
 3070 14664 -5432
 2221 14609 -5602
 2047 14608 -5764
 2205 14761 -5906
 1916 14369 -5950
 1333 13176 -4576
Repetition Start
 1209 15516 -6089
 1660 15464 -7773
 418 13358 -6340
 -381 12719 -6046
 396 12411 -6219
 822 12527 -6963
 1175 14360 -8798
 1382 11608 -8933
 4856 14130 -7339
 -358 13884 -4477
 2532 15917 -1995
 1943 14685 -1845
 3153 16308 -387
 2062 15235 -288
 823 17494 -292
 1983 17196 -1518
 1453 17757 -1617
 1581 18060 -1525
 1842 17421 -1416
 1621 16412 -1282
 2762 16859 -552
 2258 17700 -804
 1606 17663 -396
 2155 17641 99
 1790 17845 298
 1670 17901 385
 1406 17295 463
 1540 15775 -471
 3060 16707 -2119
 1530 13216 -5121
 2439 10460 -6566
 4376 12160 -7399
 58 12383 -6724
 1105 11036 -5601
 1550 14724 -5837
 336 11556 -5096
 5572 19941 -5601
 1008 12209 -4075
 6213 18976 -6939
Repetition End
1
 2727 14760 -4660
 2832 13925 -5387
 2628 14672 -4674
 3218 14593 -4673
 2887 14537 -5055
 2121 14741 -4933
Repetition Start
 2276 14486 -4763
 2619 13938 -5508
 2697 14655 -6604
 2680 13774 -6494
 2915 12268 -6004
 2306 11709 -5895
 2277 11539 -7483
 1287 14389 -7584
 1823 11034 -8404
 1279 20483 -5862
 1219 14332 -5709
 1176 14394 -2010
 2486 16397 -797
 2600 15881 -19
 2422 15985 -18
 3287 16465 -218
 2740 17247 -1324
 3298 16313 -1097
 3591 17480 -1282
 2584 16658 -1377
 2385 16138 -1626
 2734 17436 -591
 2245 18513 -441
 2407 18690 -439
 2032 18241 -11
 1961 17964 -300
 1348 18445 -287
 1838 18740 -1455
 2466 18663 -3473
 1751 11662 -5622
 -648 9748 -6287
 2410 10646 -6382
 2623 12163 -6434
 2685 11345 -4366
 2612 12031 -5370
 3360 13656 -5428
 3256 15446 -5340
 2229 14355 -5076
 3201 14528 -4900
 2451 14948 -4648
 2117 13935 -4645
Repetition End
1
 2285 14301 -4715
 1851 14915 -4624
 1929 14478 -4533
 1520 14141 -3868
 1792 15122 -4821
 1148 13463 -5569
 1700 14711 -6766
Repetition Start
 1559 13655 -6393
 268 13563 -6082
 1080 12737 -6676
 912 12904 -7616
 769 12344 -8169
 1284 10580 -9908
 3327 14391 -7659
 2503 13653 -2900
 2306 14977 -2550
 1715 17092 -1857
 3002 17096 -792
 1233 17784 -1191
 1119 17532 -1125
 1817 17382 -1274
 1908 17390 -1323
 2086 17566 -1154
 3464 17734 -1325
 3173 17483 -881
 4622 17248 -628
 4529 17154 -189
 5610 17395 1032
 4701 16082 -91
 4537 15893 -1187
 6462 16270 -2310
 3941 12553 -4662
 2917 10071 -7354
 5340 13222 -5789
 2444 12328 -5318
 1735 12494 -4555
 2365 14530 -3547
 3321 13856 -3628
 3031 14274 -3626
 2052 14219 -2841
 3496 13882 -3403
Repetition End
1
 2174 14027 -3371
 3390 15884 -3074
 2806 14753 -2319
 2308 14520 -3002
 1911 14857 -3201
 2101 15029 -3282
 2695 14725 -3292
Repetition Start
 2374 14954 -3810
 2384 15670 -4351
 2750 14546 -4864
 3725 14643 -6166
 2191 13438 -5441
 3444 11545 -5534
 3814 12530 -4877
 2354 15995 -6523
 650 12522 -8785
 663 14528 -3738
 3145 12900 -672
 1241 17217 -1206
 2033 16335 1145
 2083 15760 111
 2755 15489 -123
 2748 16757 -1009
 2467 18148 -53
 3536 17295 -725
 3469 16742 -1428
 3647 17503 -714
 4171 17305 -1329
 3026 18485 -1023
 3271 18731 -306
 3276 17921 -81
 1201 17198 -228
 1682 16948 -337
 1441 18715 -1396
 2817 18234 -2885
 3205 11699 -4758
 339 7886 -6883
 -2408 14042 -6000
 2017 11118 -6383
 3950 16699 -5697
 -332 14722 -6428
 658 12932 -5449
 1746 12861 -5086
 832 14188 -3398
 717 16046 -5074
 1529 14863 -5532
Repetition End
1
 1066 13965 -5228
 1215 14340 -5117
 1279 14757 -6134
 1345 14759 -6313
 1448 14407 -5702
Repetition Start
 874 14113 -5128
 1494 15314 -5649
 1421 14920 -6849
 -97 13832 -6504
 250 13348 -5828
 851 13372 -6651
 379 11606 -7972
 534 12008 -8710
 1573 10374 -7587
 4511 15202 -5025
 1323 14058 -4742
 4204 15737 -2252
 3191 15518 -1785
 3439 15978 -786
 3823 15131 -444
 3286 15369 -652
 3202 16381 -440
 3295 16292 -492
 2602 17407 -619
 2947 17732 -527
 3015 17416 -606
 3250 17504 -360
 2668 17939 -617
 3324 17754 -205
 2923 17241 17
 2999 17540 56
 3227 17421 12
 3252 17340 -640
 3608 16441 340
 2406 13069 -2164
 2137 10704 -5573
 2784 14899 -5335
 272 12640 -5467
 847 12985 -5477
 1518 13132 -4998
 2252 16673 -4789
 2669 13477 -3583
 2104 15880 -2729
Repetition End
1
 1634 15068 -3800
 1893 15355 -3243
Repetition Start
 2003 14587 -3342
 1475 15431 -2952
 2674 14503 -3154
 1833 15024 -3444
 2164 14521 -3304
 1353 14191 -3710
 673 16324 -4171
 938 14487 -4322
 3870 14541 -5967
 1047 13788 -6503
 3320 11462 -6396
 3722 13169 -6687
 1449 15877 -7463
 456 15672 -9863
 1411 19683 -6942
 1534 11675 -1822
 145 13844 -56
 1198 14702 -40
 676 14415 617
 1658 15634 -736
 1225 16447 -1738
 2425 18570 -1310
 1808 17645 -18
 2372 17742 -202
 2270 18349 304
 2096 17881 1159
 2717 18073 1867
 3142 17727 2077
 2936 17711 2180
 1899 17073 2181
 1628 16858 1759
 2387 17246 509
 2966 19068 -247
 3282 19481 -1888
 2404 10875 -3717
 1147 10346 -4199
 191 10807 -4581
 3175 10800 -4309
 3594 11837 -5066
 3273 13682 -5139
 2670 13838 -4352
 1982 14428 -5364
 2168 14443 -4617
Repetition End
1
 2480 14412 -4890
 2181 15245 -5530
 1958 14121 -5438
 2030 14616 -5207
 2193 14697 -5799
 1985 14454 -5939
 2252 14218 -6192
 1403 13395 -6420
 1575 15840 -6195
Repetition Start
 1048 13863 -7291
 558 14120 -7401
 299 12991 -6778
 509 12147 -6711
 63 11418 -6844
 338 14410 -7986
 2106 13180 -9379
 1423 11155 -9487
 401 8521 -3284
 2009 15719 -2269
 1464 16618 -1662
 1818 17769 -981
 -281 16312 -1256
 688 18585 -896
 972 17545 -1415
 706 17700 -1414
 1612 18489 -1385
 1166 18125 -1233
 918 18518 -1105
 1242 18758 -639
 1393 18242 -585
 1455 17973 -810
 2070 18118 -629
 2375 18045 -1248
 239 12622 -4386
 399 9482 -6845
 1959 13551 -6762
 945 12991 -6476
 117 13434 -6005
 1743 14565 -5629
 2703 15712 -3359
 1797 14488 -2854
 1272 13791 -2217
 121 13392 -892
Repetition End
1
 672 13563 -427
 980 14335 -833
 3697 16966 -3083
 1881 14704 -2238
 1781 15581 -2672
 2372 15435 -2507
 2812 14401 -3011
 2019 14291 -3280
 1477 14717 -3029
 2270 13671 -3187
 3600 14325 -5446
 2456 14347 -5328
Repetition Start
 3696 13343 -5001
 3558 12676 -5812
 2988 13761 -6438
 3733 13095 -6445
 2585 17964 -5724
 3522 13339 -3699
 1001 13674 -1642
 1150 14940 -888
 1865 15483 -950
 1280 16238 -1239
 681 15718 -1589
 885 16449 -1334
 1739 17234 -1391
 79 17996 -823
 321 20420 -246
 -427 19984 -70
 -544 18649 707
 -1437 17660 1256
 -1526 17288 273
 -1808 17789 -8
 -1099 18954 -895
 -435 17981 -2628
 512 11733 -4338
 -47 8353 -5005
 1401 13363 -4857
 2476 12408 -5092
 4023 13383 -5028
 2995 13917 -4428
 2922 13956 -4193
 3134 13478 -3592
 3489 15539 -4049
Repetition End
1
 2343 16356 -4350
 2423 13544 -4311
 2803 14569 -3914
 2439 14417 -3987
 2805 14397 -4539
 2677 14630 -4771
 2376 14673 -5016
Repetition Start
 1436 13955 -4527
 1972 16332 -5254
 1018 14690 -6921
 786 14268 -6487
 -42 13196 -6259
 44 12478 -6935
 -523 11664 -7927
 444 12398 -8708
 1356 12405 -9441
 3342 13510 -7099
 1433 12381 -3056
 160 14795 -3537
 1883 16042 -2062
 2411 16730 -1452
 1938 17443 -840
 2048 17693 -826
 1643 16802 -1070
 2131 17287 -703
 1888 17585 -514
 3163 18159 -302
 3862 18979 -802
 3703 18364 -716
 4896 17136 -651
 5880 16057 -631
 5608 15486 135
 4549 15299 17
 5411 15602 310
 6879 15322 -2717
 6111 11485 -5483
 5019 9252 -7315
 4004 13621 -5663
 2023 12063 -5838
 2322 12143 -5441
 3937 13916 -4566
 4424 14231 -4330
 3444 14115 -3471
 2331 13313 -2445
Repetition End
1
 2770 14497 -1793
 2959 12741 -2210
 1085 15530 -3218
 2070 14707 -3779
 1834 14986 -4069
 2092 15450 -4372
 2045 14381 -4797
 2582 15090 -4510
Repetition Start
 2895 14581 -5177
 2581 13606 -4766
 2308 12605 -5188
 3102 12436 -5316
 2568 14575 -5310
 3226 16017 -7530
 1375 17155 -6288
 2051 11370 -5679
 1512 11897 -2372
 1382 14249 -2115
 2773 14188 -2301
 2187 16161 -791
 2752 16208 -1099
 2961 17710 -714
 3976 17346 -1185
 4320 17794 -1288
 4192 17431 -490
 4027 17746 -488
 5468 18503 196
 4447 18583 518
 4272 18115 544
 3608 16483 -243
 2292 15936 -711
 2439 17031 -609
 2666 18038 -1791
 2665 14209 -2855
 1879 11235 -4768
 2124 11093 -5313
 2528 12576 -5077
 2791 12474 -4872
 2617 14615 -4350
 2456 14139 -3010
 2894 13627 -2824
 3119 14300 -3641
 2666 14398 -2874
Repetition End
1
 2961 14514 -3037
 2755 14827 -3565
 2571 14742 -3722
 2414 15016 -3713
 2372 15014 -3858
Repetition Start
 1951 14849 -3992
 1444 13587 -4583
 1882 15337 -5450
 833 14946 -7021
 1449 13331 -7531
 785 12904 -6047
 476 12871 -6644
 731 12801 -8299
 1798 14284 -9499
 1964 10349 -10591
 5213 18342 -6930
 2965 13489 -5151
 3405 13671 -2305
 3134 15135 -1452
 2342 15310 -832
 3363 15141 154
 3057 15529 -456
 2618 16959 -181
 2024 17299 529
 1999 17221 497
 2155 16959 170
 2252 17706 674
 2266 18398 922
 2364 18393 940
 2935 17692 1550
 2714 17436 1777
 3347 16974 1671
 3306 17598 397
 4978 18896 -1057
 605 11031 -4667
 1022 9446 -6581
 953 12447 -5735
 -612 13498 -5589
 -535 12890 -5098
 1234 13847 -3823
 1625 14458 -3824
 1665 15070 -3772
 2101 15537 -2884
 2054 14372 -3164
 1214 14779 -2589
Repetition End
1
 2323 15178 -2500
 2348 14616 -2664
 2035 14946 -2384
 2627 14399 -2360
 2947 15204 -2111
Repetition Start
 2527 13876 -3239
 3275 14934 -3857
 2719 14637 -3733
 3153 13688 -4022
 2777 13050 -4460
 2771 14189 -5284
 2341 15146 -6629
 2295 14000 -7225
 -297 14620 -5934
 2092 10931 -3840
 1881 12159 -2555
 2706 14384 -730
 2295 15278 -1920
 2996 17751 -1234
 2708 18051 -709
 3493 18522 -1504
 3348 17763 -1660
 3679 17128 -1504
 2997 17486 -970
 3335 16869 -632
 3325 17023 -1320
 3993 17269 -1218
 4018 18124 -894
 3214 17439 -943
 2188 18326 -1334
 1987 18146 -1832
 1572 17320 -3477
 870 17856 -3924
 509 12477 -5752
 1131 10361 -6677
 1778 11898 -6358
 3063 10503 -5676
 3171 12359 -5481
 2878 14303 -4883
 2632 14385 -5209
 2233 14095 -4395
Repetition End
1
 2883 14464 -3613
 2751 15205 -4027
 2439 13697 -3820
 2898 14539 -3948
 2244 15003 -3937
 2120 14446 -4189
Repetition Start
 2530 15166 -5287
 649 13762 -5790
 2141 15443 -6724
 1334 12805 -6714
 185 12174 -5729
 973 11042 -7994
 784 14024 -7885
 404 12553 -11023
 2734 11996 -10206
 2719 13995 -7527
 -312 14345 -3726
 1199 14214 -2173
 2712 16893 -905
 464 16741 -1638
 2433 17871 -1130
 500 16189 -1988
 1933 17271 -2040
 2689 17071 -2021
 2777 17626 -1887
 3414 18452 -1078
 2569 18393 -935
 3044 18338 -614
 3026 17983 -405
 2997 17740 -1116
 3022 18677 -342
 3263 18638 -748
 3868 16918 -2996
 1009 9694 -5754
 1317 11057 -5293
 996 10824 -5316
 346 12530 -4835
 1069 13100 -5029
 872 13641 -4838
 1912 15385 -3293
 870 14116 -3966
Repetition End
1
 2253 14072 -3538
 1821 15570 -2251
 3931 15502 -2921
 2467 13785 -2997
 2610 14964 -4347
 2320 13574 -3447
Repetition Start
 1997 14441 -3905
 2077 13932 -4250
 2903 14593 -5773
 1727 15040 -6305
 2809 12626 -5682
 2502 11785 -7038
 2203 13154 -6242
 2367 14339 -8629
 1259 13794 -8335
 1473 13029 -4681
 1772 11834 -3697
 3317 14714 -2783
 3016 16324 -2110
 2390 15535 -1344
 2518 17455 -1620
 3158 17795 -740
 3298 17255 -1539
 2873 16900 -1290
 3165 17433 -1002
 3185 17068 -1148
 3809 17049 -1123
 4191 17482 -1081
 3711 17877 -1798
 2980 18542 -582
 2896 17882 -162
 3205 18366 -564
 4472 19285 -1304
 3740 15022 -3144
 2015 10846 -5854
 1630 9700 -5906
 1489 12013 -5909
 1857 11203 -5237
 3033 14036 -6010
 2074 15446 -4752
 2568 13518 -4305
 2760 13194 -4203
 961 15292 -4292
Repetition End
1
 1842 14122 -4683
 1985 15406 -4834
 1247 14507 -4594
 1030 14116 -4257
Repetition Start
 1454 15950 -5109
 529 13472 -6530
 877 12700 -6687
 496 13387 -6123
 125 12350 -6840
 -386 12004 -7624
 937 13705 -9342
 2542 13801 -9996
 3471 14794 -7953
 434 14314 -2055
 3068 15709 -1718
 2269 16447 -1255
 2801 16334 -540
 2058 15480 -522
 2663 16310 -953
 2290 16508 -959
 1253 16861 -1288
 1960 16938 -1026
 1158 17539 -485
 1690 18753 -224
 2053 19604 -505
 1946 19690 121
 1861 18473 179
 2985 16750 -309
 1996 17091 -259
 2452 16987 -371
 2248 15646 -1363
 1365 10495 -4833
 3351 12409 -5970
 -455 11190 -6109
 49 13351 -5777
 1336 13611 -5873
 1896 14138 -4421
 1457 14043 -6253
 2754 13541 -4784
Repetition End
1
 950 13416 -4420
 2556 15968 -4535
 2759 15643 -3289
 1667 13925 -3837
 2290 14303 -3798
Repetition Start
 2462 14703 -4035
 1550 14918 -4667
 3338 13719 -6509
 2109 14545 -6735
 1873 13395 -5907
 2762 11460 -5736
 2383 13285 -6434
 920 13364 -8258
 -1114 17971 -5534
 649 13917 -4092
 2461 12069 -3230
 1994 15671 -937
 1633 15178 -1169
 1664 15959 -1021
 1232 18060 -1236
 1789 16888 -1547
 2091 17706 -1557
 1595 17248 -1448
 2918 17553 -2022
 2992 18303 -2089
 3968 18533 -1785
 3812 18789 -1778
 3903 17813 -911
 2943 17860 -1182
 2492 18190 -1887
 2409 18468 -2701
 1379 15886 -3248
 1465 11767 -4664
 1980 9146 -5607
 -590 13072 -4872
 1962 11038 -6310
 2708 12522 -6021
 5177 18637 -6346
 450 13534 -6366
Repetition End
1
 2822 12823 -4725
 2381 14716 -4166
 2220 14045 -4827
 2007 14236 -5151
 2551 14288 -4921
 1757 14055 -4992
 1472 13433 -6109
 525 13485 -5869
 1368 15817 -7640
 37 14822 -9569
Repetition Start
 291 13463 -7731
 -701 12158 -6994
 -597 11490 -8140
 213 12480 -9433
 -172 12591 -10309
 192 12683 -10660
 4296 13062 -8364
 1499 13819 -4685
 3413 15177 -2014
 2415 15673 -856
 2601 17125 -471
 2141 15374 -1182
 2946 16112 -1336
 2878 16594 -1111
 2618 16711 -288
 2910 17565 430
 3271 18646 530
 3027 19226 664
 3168 18876 642
 2831 18275 1015
 3363 17855 1642
 3081 16731 1136
 3537 16204 6
 4112 16977 -1693
 1110 11998 -4746
 2321 9112 -6496
 2038 12302 -6516
 794 13762 -6143
 779 14379 -5462
 1565 15515 -3755
 1969 14997 -3082
 1369 14804 -1392
 1034 13535 -22
 1434 14876 426
Repetition End
1
 198 15771 1092
 212 15708 498
 65 14867 505
 -21 14267 -123
 482 14824 -1005
 482 15942 -2081
 491 16359 -2235
Repetition Start
 -495 13596 -2005
 3251 17875 -5080
 400 16408 -5826
 2151 13519 -5456
 3080 12755 -5320
 1404 13515 -5492
 -1155 18285 -5595
 1402 13416 -4040
 314 11873 -2450
 297 15498 -826
 1248 15633 -511
 778 15458 -202
 1650 16733 290
 1968 16998 87
 2467 16767 -22
 2335 17028 -640
 2375 17079 -428
 3121 17903 -280
 3861 18707 -158
 3496 18837 630
 2904 18331 667
 2812 18352 846
 1920 18155 -126
 2084 18320 -193
 2187 20261 -914
 2078 15252 -2766
 383 9765 -6095
 1875 11471 -5105
 2578 10637 -5005
 2807 11819 -5451
 3021 13040 -5391
 3154 14560 -5581
 2437 14820 -5511
Repetition End
1
 3228 13577 -4942
 3090 15163 -4948
 1635 14998 -4150
 1935 14386 -3912
 2409 14704 -4329
 1753 14958 -4132
 1913 14648 -4240
 1977 14709 -4378
Repetition Start
 1385 13443 -4332
 2545 16866 -5148
 938 14354 -6392
 588 13078 -6254
 -158 12447 -6275
 400 13576 -5900
 -59 13941 -8359
 37 10095 -10617
 2079 11756 -9358
 3798 15944 -2778
 385 15126 -2604
 1891 15252 -1161
 2097 15092 -1617
 1193 15882 -1956
 2556 16840 -2575
 2623 17017 -2544
 2819 17929 -1492
 2625 17796 -1595
 3140 18404 -1358
 3139 18628 -1067
 3851 18533 -1036
 3416 18662 -1083
 3249 18716 -731
 3388 18695 -1318
 4419 18911 -3088
 1671 13499 -4839
 643 8009 -6764
 4240 13126 -7245
 771 11440 -6336
 -501 12524 -5570
 1672 14084 -4167
 1768 13836 -4493
 1289 15613 -3522
Repetition End
1
 2651 16047 -5248
 2564 16474 -3731
 1905 14605 -3627
 2474 13423 -3712
 1386 15223 -5600
 1825 15117 -5357
Repetition Start
 1884 14801 -5033
 1600 14746 -4885
 1575 14706 -5074
 1758 14047 -4043
 553 14837 -4868
 2643 12995 -6347
 1242 13498 -6257
 1790 12999 -6207
 2609 11318 -6474
 2378 15180 -5856
 1137 14244 -7425
 682 16359 -6935
 2308 13425 -5661
 1340 13590 -1349
 2081 15833 -1035
 485 17398 -1137
 3091 17365 -1076
 2288 16249 -1597
 2913 17732 -1141
 3290 18018 -709
 2715 18441 -891
 3345 18320 -440
 4113 17458 -6
 3975 17598 -163
 3098 18128 -998
 2322 17871 -1884
 1940 19878 -2863
 1057 18366 -3708
 880 12577 -4299
 205 8448 -6165
 1796 12846 -4492
 3280 10813 -6018
 3429 12459 -5158
 2254 14363 -4381
 3401 14649 -3909
 2911 13432 -3882
 4930 15682 -4044
Repetition End
1
 1955 14292 -3445
 3806 14320 -4209
 2475 14717 -3759
 2342 14704 -3553
 2403 14403 -3997
 2097 14650 -3756
 2049 14153 -4378
Repetition Start
 2208 15403 -4343
 1266 15063 -6601
 941 13615 -5958
 84 11873 -5788
 362 12575 -5154
 -523 11628 -7855
 2132 10669 -8147
 2357 16217 -6774
 3847 14648 -3267
 5689 14613 -1233
 1785 16248 -842
 1953 15016 -1197
 2396 17638 -336
 2657 17119 -23
 3317 17606 -430
 5018 17644 -95
 4564 18124 788
 4934 17807 749
 5063 17738 1348
 5273 17169 1202
 4877 17052 1156
 5483 17069 1555
 4148 18156 1383
 5216 17465 -1654
 1787 10902 -4077
 353 7672 -6006
 3238 12583 -5282
 1330 13399 -4468
 418 13522 -4372
 2004 15452 -5059
 2000 16338 -3872
 1693 14661 -4337
 1062 13905 -3457
 914 14878 -3649
Repetition End
1
 1360 14553 -3465
 1502 15694 -3521
 2547 13649 -3107
 2076 14239 -3678
 1704 14371 -4521
 2905 14457 -5288
Repetition Start
 2081 13626 -6207
 1999 13506 -6809
 3003 11924 -6474
 3113 12229 -6786
 3294 12904 -8644
 1645 16498 -9847
 1908 13161 -8984
 203 11923 -3560
 2301 15130 -1814
 2237 15477 -349
 2532 16756 -396
 1897 15725 -768
 1618 15843 -1018
 3282 15772 -958
 3469 16898 -1498
 3004 17448 -1164
 3877 17789 -1460
 3701 17050 -1864
 3954 16665 -1560
 2919 17117 -1584
 2919 16958 -1471
 3353 18152 -1371
 4720 19703 -1918
 4631 20360 -2056
 1723 15692 -4196
 -15 9671 -5799
 47 13053 -5883
 3682 9746 -5682
 1829 12822 -5260
 2099 14142 -6590
 1976 10144 -1357
 2057 11185 -4942
 3395 17093 -4446
Repetition End
1
 1433 13941 -3795
 2138 15166 -3958
 1178 14742 -4296
 1766 14864 -4642
 854 13483 -4998
Repetition Start
 2193 17347 -5469
 1100 15424 -7287
 492 13490 -7055
 92 12883 -6309
 -934 13128 -8647
 320 12324 -7925
 1721 12926 -9294
 1153 10784 -10670
 6556 17797 -4346
 2198 15397 -5280
 3088 15550 -3290
 2480 14598 -2288
 3003 16170 -1612
 3266 16111 -1473
 3355 16557 -997
 2770 16524 -1241
 2794 16795 -1338
 2744 17862 -1192
 3298 19130 -1830
 3716 19868 -1484
 3923 19491 83
 2702 17753 -1561
 3614 16702 -1627
 4697 17759 -2201
 4342 17705 -3163
 2775 12595 -4219
 493 8867 -6107
 4110 15238 -5766
 -472 11336 -5652
 318 13488 -6092
 931 15516 -5566
 1782 13466 -5687
 2188 14863 -3790
Repetition End
1
 419 14228 -4217
 858 14423 -3220
 295 14385 -3444
 2729 16646 -4311
 2133 14597 -2998
Repetition Start
 941 13736 -3678
 1142 16154 -4465
 1575 13652 -4525
 2871 14546 -6646
 1335 13663 -7072
 2520 11924 -6340
 3590 12073 -7512
 2498 12184 -8009
 1211 13133 -8447
 330 16876 -5311
 1913 12408 -5011
 1635 13995 -2888
 1750 15577 -1162
 2462 17798 -1204
 2845 17073 -375
 2352 16336 -287
 2238 17711 -40
 2876 18089 335
 3516 18642 381
 3039 19379 459
 3248 19594 -200
 3409 19414 -411
 2623 19824 -630
 1527 19756 -2472
 3537 17175 -3765
 -503 10267 -5580
 655 8434 -5222
 1212 10333 -5454
 1864 12265 -6244
 3934 15715 -6125
 2342 14001 -4345
 2526 13991 -4943
Repetition End
1
 3702 15010 -4070
 3280 12808 -4257
 2631 15252 -4828
 2229 13769 -4788
 1143 15768 -5814
 1614 14870 -6464
 1506 14372 -6136
 1546 14137 -6465
 1741 14056 -6771
 1431 13480 -6268
Repetition Start
 2356 15830 -6482
 477 14446 -8164
 157 12728 -6393
 -73 12282 -5950
 -947 11255 -7316
 707 14259 -9279
 1029 12847 -9692
 311 11122 -8226
 3391 13212 -6144
 635 15011 -4668
 1627 17403 -3207
 1824 17275 -2116
 94 17197 -1811
 667 17528 -699
 1268 15451 -139
 1042 16383 29
 1205 17111 455
 1182 19060 -82
 1981 20692 32
 2140 20405 186
 4852 17610 77
 4501 17758 175
 3694 16934 233
 5841 18018 -2064
 3558 14272 -4129
 1652 10712 -5804
 1995 10735 -5694
 217 10323 -6008
 706 12501 -5509
 1716 14535 -4358
 1954 13765 -4341
 1840 14607 -3126
 1418 14038 -2131
 1773 14524 -2758
Repetition End
1
 3692 14778 -1961
 2896 15672 -1875
 2587 14430 -2779
 3136 14242 -3067
Repetition Start
 3382 15088 -3279
 2808 14723 -3766
 3505 14415 -6078
 2257 13514 -5438
 2102 12524 -5681
 2520 10418 -6168
 3113 12744 -7495
 1662 14165 -8342
 1341 12946 -8515
 -352 14775 -8287
 2015 13836 -4957
 764 13486 -1407
 1699 15853 -1624
 1791 16503 -1047
 2058 17181 -642
 1992 17296 -125
 3047 17030 -82
 2425 17552 -393
 3162 18154 -296
 3203 18546 -702
 3301 18844 -545
 3180 18626 -244
 3323 17886 241
 2872 17374 256
 2842 18002 20
 3218 19119 -2017
 1723 14705 -3469
 1706 10778 -4911
 -483 8336 -5292
 1219 12902 -5708
 3075 13138 -5954
 2407 13620 -5971
 3728 16906 -5412
 812 14041 -3893
 2901 13767 -4477
 2161 14275 -4286
 1965 14237 -4547
 2464 14195 -4721
Repetition End
1
 2643 14872 -5249
 2142 14605 -5100
 2649 13948 -4837
 2130 13567 -4317
 2727 16231 -5253
Repetition Start
 -315 11698 -6093
 1237 13847 -7092
 441 12833 -6809
 448 12090 -7542
 59 13425 -7447
 1854 11462 -8859
 1910 9139 -6217
 3454 12416 -5663
 2513 16590 -3325
 2097 17058 -1632
 957 16663 -976
 3197 16568 -1438
 4853 16975 -990
 4995 18389 -558
 3115 18993 -1014
 3646 19601 917
 3679 18248 -160
 4576 18632 51
 4523 17855 -547
 4686 17245 245
 5583 17738 233
 5332 18395 -2958
 1442 12927 -4833
 201 8547 -6531
 3707 12608 -6187
 -1546 11446 -5971
 -1310 13089 -6356
 92 13346 -6229
 553 14617 -5616
 706 14394 -6064
 1634 15270 -4304
 662 12480 -4359
Repetition End
1
 4617 18105 -5328
 2624 15504 -4600
 2108 15222 -5198
 1416 14428 -4837
Repetition Start
 2912 14525 -5695
 2426 14069 -6461
 2248 13013 -5723
 2942 12432 -6472
 2647 13144 -7252
 2676 14312 -7375
 2740 12899 -8316
 1291 16075 -8583
 2113 14934 -1815
 1540 13547 -2553
 744 15457 -586
 1046 14665 -31
 1885 15426 22
 2895 17274 56
 1637 18376 -532
 2536 17731 -399
 3967 18577 -363
 4179 19159 -464
 4102 20215 -880
 3841 19457 -143
 2734 19195 -289
 2837 18499 -376
 2218 18949 -628
 1928 18691 -1058
 1521 11467 -4073
 1476 7610 -4749
 1544 11093 -4765
 2185 11049 -5910
 3599 13202 -5597
 3242 14798 -5715
 1615 13585 -4820
 2798 14496 -4932
Repetition End
1
 2339 13899 -4465
 2619 14220 -4609
 1435 15223 -4019
 1351 14596 -3918
Repetition Start
 1631 14521 -4595
 1842 14369 -4409
 1725 14518 -4604
 1341 13739 -5866
 1189 13723 -6980
 294 13317 -5805
 -388 12047 -5612
 1194 13869 -7077
 2265 12074 -9492
 4298 11506 -5650
 2832 13812 -3309
 3253 16051 -2590
 1678 14583 -2899
 4161 17694 -999
 1820 16406 -1564
 3199 17504 -2029
 3059 18011 -1854
 2691 18123 -1265
 2809 18901 -599
 3173 19376 72
 3150 18927 790
 2776 18099 1176
 3754 17686 1282
 2934 18008 1288
 3563 19642 599
 2778 17232 -3592
 1428 9673 -4435
 2733 10882 -4169
 826 9235 -4627
 -176 11602 -3477
 1441 13499 -3771
 1253 14560 -3584
 1925 13991 -4864
 2341 14378 -3337
 1574 13277 -2855
Repetition End
1
 4876 15512 -5120
 2885 14746 -4138
 3439 13808 -3836
 3601 14224 -4446
Repetition Start
 3709 14258 -4208
 3441 15071 -4350
 3895 13770 -6608
 3277 13621 -6062
 3515 12290 -5003
 3211 10959 -6124
 3061 12935 -6765
 3293 14345 -7475
 1263 13187 -7773
 889 14275 -4344
 2332 12584 -3744
 2451 15336 -2154
 2983 16071 -506
 3776 17549 -21
 3631 17228 33
 3945 17000 -504
 4947 18207 -1565
 4897 18127 -1523
 5378 19106 -1193
 4750 19487 -298
 3409 18355 459
 3447 17994 907
 3442 19041 903
 3578 20829 717
 2043 11376 -4755
 691 7558 -5610
 1304 11770 -4127
 2060 9003 -5792
 4216 12640 -5972
 2074 13822 -5416
 1824 13798 -4653
Repetition End
1
 2111 14834 -5084
 2473 14136 -4820
 2816 13956 -4351
Repetition Start
 2870 15156 -3920
 2136 14958 -3839
 2690 14107 -3449
 2352 14604 -4118
 2987 14270 -4578
 1937 13498 -4362
 3491 16731 -5454
 517 13202 -6673
 1068 12803 -6596
 787 13163 -6397
 639 12795 -6090
 334 12331 -7606
 1199 13105 -9073
 1683 11675 -7732
 3239 13631 -4620
 706 14481 -3824
 1186 13475 -3084
 3435 16247 -1358
 2082 16325 -1271
 2618 17154 -1053
 1570 18004 -659
 1572 17425 -1451
 3037 20083 -393
 2674 20100 -246
 3295 19478 -295
 4621 19051 446
 4478 17476 260
 3874 16815 8
 3890 17316 -573
 4319 17548 -1790
 1724 10770 -4418
 -218 6426 -6670
 3579 11518 -6007
 -216 12588 -4932
 745 14747 -4765
 2233 14537 -4521
 1773 14332 -3916
Repetition End
1
 1951 13162 -2906
 2223 14445 -2754
 1856 15861 -1375
 1805 15234 -2299
Repetition Start
 1971 14904 -1481
 971 14823 -1707
 1703 14277 -1744
 946 16352 -968
 1853 11764 -3779
 4045 16333 -4914
 1341 15014 -5271
 3599 11439 -6053
 5185 12335 -5871
 2029 13068 -7002
 2084 11921 -8805
 445 13518 -3559
 810 14223 -1134
 2366 14821 -513
 1803 14019 613
 1861 16649 1045
 2886 16462 996
 3185 16946 819
 2467 17709 1234
 3691 18030 -7
 3373 19901 -290
 3706 19564 -388
 3138 18808 -575
 3418 18816 184
 1451 19335 -1055
 1011 19819 -1704
 572 14165 -3328
 924 9552 -5298
 216 11920 -5579
 2328 10864 -6461
 2831 12074 -6277
 2258 14240 -5151
 2737 13832 -5753
 2009 15227 -4962
Repetition End
1
 1742 14263 -4601
 2057 14824 -3766
 1576 14537 -4017
 1832 15179 -4022
Repetition Start
 2514 14673 -3800
 2368 14524 -4265
 2481 13773 -4359
 2495 16309 -4482
 303 12934 -4853
 747 14789 -6607
 519 14055 -6044
 209 13671 -6505
 186 13161 -6642
 -1143 11030 -8509
 1396 12279 -7945
 5045 15180 -6446
 344 13528 -4083
 2954 14674 -1704
 2328 15739 -1694
 3360 16736 -499
 2284 18315 -391
 2545 17759 -449
 3008 18956 264
 3352 19806 775
 2466 19763 1046
 3664 18086 1097
 3735 17498 761
 4472 17194 616
 5061 16567 -1217
 5445 15880 744
 5778 14646 503
 3944 11812 -2651
 1147 10628 -6070
 3061 13768 -6810
 1282 13727 -6316
 2941 13831 -5707
 2994 14109 -5438
 3331 14047 -4728
Repetition End
1
 1938 12822 -4704
 2496 13453 -4897
 4402 15710 -5431
 2398 15156 -4594
 2534 14038 -4620
 3191 13976 -5362
 2487 13385 -4877
Repetition Start
 3523 15313 -5563
 2853 13730 -6614
 2643 14048 -7203
 2066 12761 -6418
 3059 11277 -5670
 3176 11639 -6797
 2264 14262 -7025
 225 13543 -6977
 559 13265 -4720
 2204 13404 -2830
 1736 14663 -640
 2277 16348 -624
 2852 16834 -593
 3058 15599 -718
 3800 16949 -995
 5245 18250 -684
 5189 18844 -172
 5188 19102 140
 4583 19180 -232
 4151 19047 -148
 2716 18242 352
 3411 18235 -254
 2317 17943 -1353
 917 18141 -1946
 597 13360 -2592
 -1538 10002 -4511
 825 10986 -4629
 1718 12167 -5888
 2591 12402 -6888
 2594 13913 -5589
 2463 13015 -6574
 1375 14717 -4552
Repetition End
1
 3624 14734 -4711
 3001 13895 -4250
 4842 14424 -4056
 3933 14949 -3944
 3673 14659 -3936
Repetition Start
 3836 13861 -4279
 4081 14498 -3983
 3674 13613 -4508
 4286 14132 -5138
 2312 12646 -3533
 1331 16459 -6795
 1766 12601 -7632
 688 12927 -4238
 1232 12826 -7633
 1065 11895 -8405
 3323 12311 -7740
 2644 12363 -3245
 2885 15595 -2761
 1564 15983 -1019
 2229 15621 -204
 2205 15917 -964
 2743 16815 -1652
 3034 18555 -783
 2557 19243 -600
 2343 19372 -147
 2785 19453 -225
 3362 19032 225
 4058 17806 648
 3037 16415 58
 2715 15498 -503
 4521 15931 79
 4038 17519 -3544
 1381 13611 -5633
 -106 8159 -6253
 1074 14574 -5948
 -722 13664 -5310
 -1023 13339 -5048
 1036 14352 -4823
Repetition End
1
 1477 15109 -3373
 1310 14792 -2969
 1013 15231 -2709
 1371 16039 -1314
Repetition Start
 752 13913 -2225
 1261 15018 -2608
 2512 16630 -2705
 1320 14244 -2564
 1477 14662 -2805
 3275 14679 -4500
 1887 14049 -4978
 2511 13416 -5413
 3463 11706 -6009
 2916 14089 -6615
 1846 13798 -6887
 2003 12705 -8083
 1859 15074 -4947
 2290 15016 -2378
 2532 13540 -1216
 1834 16589 -634
 3313 16531 -1518
 2927 16936 -600
 3552 17609 269
 2921 18454 624
 2375 19335 592
 3143 19716 262
 4147 18916 1124
 3118 18487 1549
 3542 17656 1218
 2500 19577 384
 1754 16689 -535
 1135 12066 -2047
 872 7214 -5113
 1898 14119 -6000
 2792 12636 -6743
 3005 13489 -6413
 1945 14921 -5853
 2381 14382 -5728
 2015 14345 -5621
Repetition End
1
 2115 13648 -3875
 2742 15026 -3806
 1539 15205 -4458
Repetition Start
 2805 13954 -3580
 2045 14805 -3829
 2117 14744 -3893
 2418 15011 -4319
 1200 12670 -4112
 703 14663 -5632
 1006 13986 -6305
 622 12810 -6205
 -686 13723 -6244
 1436 14213 -7126
 76 11053 -8173
 929 12430 -8277
 3330 15965 -6422
 615 16725 -4609
 4166 16241 -2281
 1551 16321 -1469
 1912 15713 -122
 3021 15729 -514
 2159 17233 -10
 3102 17943 -56
 4116 19528 1436
 3391 19974 2372
 4655 18729 2196
 3673 17637 2942
 3104 16760 2626
 3947 16264 2609
 4008 16914 633
 4200 16686 577
 2103 12276 -2678
 1062 8224 -3759
 3068 12931 -4445
 314 12953 -4079
 1652 13098 -5051
 2244 17342 -5069
 3436 15167 -5079
Repetition End
1
 1480 14182 -2555
 2563 13807 -996
 1910 14121 -1468
Repetition Start
 3320 15506 -2161
 3296 14296 -2105
 2721 14508 -2582
 2593 15283 -2277
 2024 14426 -3654
 3676 14317 -6627
 2975 13708 -7170
 1641 13709 -5918
 2914 11769 -6424
 2803 13691 -6539
 3821 14179 -5634
 608 14061 -6870
 -509 10593 -3135
 1500 11314 -924
 1259 13483 -1552
 2138 16181 -483
 1080 15547 -1016
 2872 17985 -819
 2958 17593 -127
 2801 17593 -181
 2959 18547 266
 4180 18976 -332
 4609 19711 -268
 4337 18591 -82
 3950 18503 681
 3352 17788 406
 2907 17947 -269
 3220 19443 -1480
 1746 16840 -2502
 1891 11844 -3313
 455 8035 -3482
 882 11872 -3476
 2425 12089 -4706
 3955 13244 -4518
 2386 15140 -2063
 2633 14241 -2822
 3156 12304 -2563
Repetition End
1
 3724 15673 -3288
 1225 17161 -2998
 3236 14153 -3072
Repetition Start
 2887 14215 -3677
 1803 13538 -3731
 1054 14683 -4158
 1065 12996 -5162
 826 13902 -6363
 -94 13408 -6935
 471 13282 -6060
 -192 13070 -6521
 -45 12700 -8274
 578 11602 -7391
 3196 14164 -9638
 1202 13942 -2357
 2589 16089 -516
 1734 16677 -417
 1793 16383 772
 1980 17393 203
 3915 17475 -106
 3214 17435 150
 2807 18875 1863
 1796 19175 2173
 2004 19096 2958
 2603 18650 3229
 2504 18384 4273
 2062 17016 3200
 3249 18328 2456
 3212 18208 -315
 534 12473 -3303
 -2287 8640 -5051
 298 11777 -3737
 -979 13794 -3458
 -1644 14868 -3051
 23 14583 -2618
 178 14474 -1435
 60 14749 -1412
Repetition End
1
 1786 16198 -1429
 1032 13624 -1369
 453 14472 -223
 984 15420 -1057
 2017 12972 -1393
Repetition Start
 1794 15105 -2078
 1402 15035 -2501
 2822 14809 -3929
 1909 13783 -5087
 3466 13395 -4620
 2969 12267 -5195
 2667 12953 -6063
 1764 14066 -6472
 1429 15744 -6254
 4063 14086 -504
 1795 15684 -480
 2619 16185 -906
 2338 17996 48
 2441 16971 -858
 2774 17461 -586
 3079 17440 -289
 3589 17115 -184
 3006 16659 627
 4336 17643 1603
 5795 18476 1470
 5385 18910 1816
 4479 19251 1998
 2957 19891 347
 4075 20631 -1434
 4472 11726 -3453
 2349 8902 -5205
 451 9287 -4373
 2122 9065 -5063
 2870 11460 -4752
 1958 14929 -4033
 3186 14297 -3204
 2883 14507 -2936
Repetition End
1
 2796 15682 -3056
 2270 13617 -2298
 1341 14812 -2904
Repetition Start
 981 15253 -3285
 2275 15732 -3766
 1847 15140 -2170
 1031 14699 -2868
 2654 15889 -4360
 483 14134 -3366
 472 15375 -5898
 1316 14648 -5795
 33 13022 -4648
 -955 12597 -6838
 262 13956 -9105
 3559 12338 -8049
 3412 13308 -8189
 339 12586 -2617
 2438 15057 -1333
 2955 15463 -1185
 4103 15912 -1145
 3510 17702 -676
 3948 17178 -1027
 3956 18063 -212
 4546 18673 569
 3854 18508 -205
 3816 18574 435
 3791 18308 1692
 3233 17173 1184
 3369 17259 298
 3347 16488 -126
 4318 16889 -173
 4373 15504 -1176
 1168 11024 -3252
 74 7654 -5158
 4623 16202 -4629
 586 12463 -5526
 2213 15372 -5030
 3582 14267 -4548
 1731 13272 -1817
 2604 14338 -2181
 2558 14666 -1880
Repetition End
1
 1440 15180 -1598
 2058 15697 -1386
 1814 14717 -1321
 2147 15819 -687
 2428 14062 -1665
 1978 14879 -1881
 1302 15207 -2332
 2622 13122 -3186
 3301 14040 -4524
 2104 14894 -5125
 3234 12695 -5589
 3409 13835 -5153
 2076 14354 -6603
Repetition Start
 924 13135 -7472
 1326 10291 -3820
 2274 13432 -2584
 1260 13284 -1534
 1898 14167 -539
 1550 15761 -559
 2770 17558 -667
 3252 19123 1864
 2738 16556 -17
 2928 19315 1330
 4006 19423 3
 3870 19955 -329
 2977 19350 -334
 2687 18176 -139
 2709 18287 -630
 2350 18552 -1722
 1809 15562 -2357
 1171 11664 -2878
 2431 7737 -5612
 2095 14079 -5047
 2454 12598 -5191
 3958 14977 -5239
Repetition End
1
 3389 14455 -4471
 2740 13661 -3970
 2829 13278 -3363
 3634 13707 -2775
 1466 15563 -3344
Repetition Start
 2989 14142 -1865
 2304 13482 -2367
 1634 14509 -2594
 1962 13380 -3707
 2963 16993 -4952
 2 14025 -5720
 1355 13817 -6613
 599 13722 -7052
 -46 12751 -6805
 517 11762 -6916
 732 13553 -8014
 255 9714 -6872
 3817 15231 -7461
 1189 13590 -3226
 3619 15372 -1763
 957 15950 -2561
 2247 17398 -574
 596 16081 -736
 2964 17081 -519
 2757 17295 -390
 3036 17741 -108
 3385 18927 447
 2095 19078 511
 2011 18885 1206
 1953 18324 1454
 1750 17901 1336
 2694 16931 1135
 2222 17023 1666
 2818 17652 -385
 2101 15498 -2181
 -773 9204 -6442
 3831 15230 -5388
 1297 12703 -3755
 1196 13107 -4578
 2204 15060 -3804
Repetition End
1
 1814 13787 -3512
 2063 15843 -3225
 3616 14765 -4062
 4184 17044 -3092
 3021 11882 -3467
Repetition Start
 2480 14996 -1830
 2268 13447 -3991
 2523 14380 -4296
 2031 15290 -4128
 3246 13199 -5911
 2587 13279 -6656
 3149 13954 -6489
 2648 12095 -6119
 2541 12366 -6288
 3022 14276 -7019
 1299 14533 -7601
 998 13792 -5267
 2224 14047 -2946
 2380 14877 -1960
 2500 16178 -1488
 2137 16234 196
 3759 17320 274
 4863 15866 -1153
 5058 17466 -633
 5602 17551 -893
 5933 18102 -586
 5204 18410 109
 4815 17948 453
 4806 17981 804
 4773 17200 690
 4805 16659 -143
 4707 19185 -526
 3814 18881 -2036
 2613 11912 -2862
 1512 6737 -3887
 3935 9476 -4257
 2964 10918 -4358
 4809 12151 -5075
 3532 13810 -5060
Repetition End
1
 4596 15116 -4073
 2610 12123 -4632
 3277 15240 -3986
 2936 14606 -3514
 1567 15009 -2443
 2280 14620 -2755
 2480 14706 -2833
 2330 15085 -2944
 1927 15168 -2811
 2085 15102 -2963
 1611 15524 -3215
 1788 15453 -3454
 1675 15417 -3877
 1866 15032 -3874
 2002 15293 -3871
 1636 15233 -3981
 1857 15159 -4091
 1618 15006 -4135
 1728 15197 -4100
 1613 15190 -4181
