Repetition start
0.853594835215
0.862639231605
0.96734428899
1.05229824318
0.840931602583
0.881090184695
0.986263752716
1.00951753775
1.04011322438
1.06016979399
1.03679321341
1.01470201992
1.07968543987
1.11465080245
1.09747940892
0.999426159274
0.942235363904
0.94922767839
0.95808199013
0.846170391035
0.862434461685
0.976986428753
0.892352849967
0.897708983072
0.953674507812
0.9063386586
0.806764877116
0.864714946649
0.807510265113
0.979725227131
1.04112634374
0.928932319994
Repetition end
0
0
1
Repetition start
0.970946738071
0.930088912232
0.91929771728
0.901591848478
0.979687803366
0.949890891667
1.21023294964
0.890715153214
0.934206524064
0.926214247659
1.02700840804
1.01762379967
1.03591651708
0.997292939308
1.11728193811
1.0475090619
1.06563902074
1.05240831828
1.07656188828
1.02869183421
1.07051298603
1.1230526103
0.912593608866
0.804476122269
0.86114140301
0.823208469954
0.929592901113
0.98549039976
0.904695775105
0.900674063698
0.940915090401
0.952149159358
Repetition end
0
0
1
Repetition start
0.954882753902
0.944726837423
0.9049535184
0.989660405203
0.88631765604
0.852723017681
0.826917926956
0.921284605755
1.06461718984
0.798579027935
1.30966166577
0.932924210107
0.948269508746
1.02102997485
1.05925375081
1.01593333112
0.979393586114
1.04402389445
1.05399123981
1.13544552898
1.14698271668
1.0483373474
1.00399113827
1.02696979447
1.156898898
1.13678309334
0.704390705859
0.845687797795
0.95328411744
0.925028130468
0.794669467397
0.856241656527
Repetition end
0
0
1
Repetition start
0.979547002748
0.95488313623
0.95191507463
0.933999252839
0.995680491421
0.954752558428
0.979198366102
0.773805672745
0.877977756037
1.00320767243
0.991048568431
1.18658896842
0.818465355723
0.903291091446
0.994164953702
0.98446626278
1.03722869417
1.04358300148
1.05526410165
1.02241278993
1.00689429772
1.00436423946
1.02009995264
1.13767979165
1.0881389629
1.06459854078
1.12523078041
1.17575429017
0.611701561819
0.909819892814
1.25338635704
0.899618096668
Repetition end
0
0
1
Repetition start
0.933681733283
0.871031442475
1.11126114286
0.909688160007
0.863380491154
0.832215073924
0.954975943765
1.07269318018
0.904959472976
0.766925157902
0.93585398537
0.989282355423
0.985347706208
1.04472937192
1.11420480834
1.13518993731
1.13350684328
1.11893947485
1.09704845034
1.06278287053
1.02481406033
1.01798426711
0.934631182244
0.967019151895
0.98420069491
0.952935076771
1.14930529149
0.795372532938
0.817609277069
1.06636089536
0.97648579487
0.918917265331
Repetition end
0
0
1
Repetition start
0.946846928432
0.924108186575
0.931334123236
1.02943209062
0.963366098991
0.811291442284
0.815172965931
1.17683483362
0.795856987278
0.736888730271
0.939706290428
0.978498011372
1.04996131438
1.07638709656
1.03902026679
1.07210769602
1.05626054122
1.05132068912
1.0773284032
1.08866890783
1.08248381842
0.99606832584
1.07189323824
1.12129529112
0.867037049121
0.890446983917
0.876632213285
0.79948916051
0.834261481907
0.944830408988
1.00173048145
0.920774419126
Repetition end
0
0
1
Repetition start
1.06122292351
0.902838682704
0.859864351357
0.876199542938
1.03038304365
0.897972311996
1.01600815258
0.890647346233
0.991219089268
0.911098702417
1.01406939656
0.938513551632
1.06907850851
1.06057085358
1.09189309633
1.11041853073
1.07270786671
1.00961983881
1.04325353649
1.08278091056
1.0847420785
1.09478923098
1.09758611367
1.05946242315
1.04471366804
0.768346748675
0.908912006722
0.860041942589
0.971340033818
1.30914628904
0.787995235135
1.29019667986
Repetition end
0
0
1
Repetition start
0.928587408906
0.994808733213
0.943733614975
0.85241679334
0.812408290786
0.850840890561
0.995858755628
0.853837336702
1.30271412606
0.944537266569
0.88996355692
1.01339869043
0.986783202159
1.02486027763
1.06893381196
1.03231029658
1.00061762817
1.07781611212
1.13853992169
1.15048026689
1.12893179432
1.15271298748
0.797379710209
0.771739627767
0.8549608395
0.759833046047
0.819791912467
0.920071567416
1.01710294879
0.939228217313
0.967082759704
0.905795318309
Repetition end
0
0
1
Repetition start
0.925160813771
0.880190747789
0.916235923711
0.904676621294
0.88816852777
1.01551585528
0.937899395188
1.05455987299
1.06052423246
1.09048052612
1.07444207731
1.06952419801
1.07081984065
1.08197183136
1.10581433216
1.08584163949
1.09055114676
1.08293513131
1.11733209735
1.02265930802
1.01138179831
1.07776134688
0.851967562134
0.781667707356
0.939325710626
0.832931649236
0.818550137703
0.924224909442
0.89740395391
0.917725861658
0.893830524665
0.89809317625
Repetition end
0
0
1
Repetition start
0.952958162746
0.951066232568
0.996038080044
0.89491944448
0.809201231183
0.85303618498
1.06406330705
0.934454439368
0.916493218125
0.811452265716
1.0561368062
0.960240869464
1.03825561127
1.11785818189
1.07834793288
1.0921122244
1.08948438968
1.14495581021
1.16070099125
1.1119476127
1.05233103858
1.03970911407
1.14881804059
0.795279396695
0.639209177164
0.94353368977
0.792096428649
1.10356374653
0.980686429545
0.850824896251
1.02810034976
0.972452352976
Repetition end
0
0
1
Repetition start
1.00042157116
1.00575574693
0.932931196067
0.889098490504
0.913022260434
0.859698453634
0.9059996588
1.01527822516
0.909125274194
0.973079248546
0.998705639078
0.952929887187
0.960075559787
1.01909259151
1.01496226072
1.07490727987
1.07943312613
1.08684080276
1.10251781115
1.06732374937
1.08609781694
1.08138195415
1.07750944173
1.0275676777
0.821757390578
0.748024907798
0.980736551529
0.840717289425
0.861709983674
0.86259272464
1.06767037681
0.866593860079
Repetition end
0
0
1
Repetition start
0.921532919019
0.963129524632
0.920468034619
0.947405619944
0.899060883075
1.02916774989
0.987983051741
0.932648667209
0.826364309928
0.929643401535
1.07441830776
1.13054886114
1.27679182664
0.727262674867
0.900316363601
0.960625528076
1.01219971098
1.1458391538
1.08260472969
1.10612244369
1.10379513771
1.03927768723
1.17791018747
1.21127559034
0.716639368906
0.685082384214
0.716515537837
0.735690404833
0.815900474831
0.914140742776
0.900261412511
0.934888783466
Repetition end
0
0
1
Repetition start
0.958154280234
0.973621833227
0.894527980848
0.847589593455
0.81251303268
1.00576333634
0.995665209345
0.557905727097
0.977080023012
1.02325118895
1.09183833431
0.998699745473
1.13643197083
1.07597560097
1.08462036996
1.13590982828
1.11110050371
1.13364497049
1.14806698804
1.11721554634
1.1016834781
1.11369086142
1.11348627779
0.81570238362
0.714193616511
0.932044859225
0.898163110877
0.9589765494
0.994434908945
0.907920606827
0.856070568086
0.819227247793
Repetition end
0
0
1
Repetition start
0.89849485546
0.89849485546
0.878396806361
0.945042447459
0.919490808377
1.16151633798
0.871790598643
0.842807864108
0.916167264966
0.953602807866
0.997035320165
0.96513587375
1.00871076769
1.06062482052
1.09954725737
1.2465823017
1.22001244651
1.13954612253
1.08415706221
1.0594095363
1.09134793307
1.16009022624
1.10945054254
0.76414376872
0.594348439622
0.872019209865
0.832447717875
0.906469684315
0.909935924565
0.907125487923
0.872569881936
1.00296203762
Repetition end
0
0
1
Repetition start
0.899720830303
0.993079064632
0.957833535755
0.89142939774
0.871321791577
0.861352366584
0.925114202216
0.955069032872
0.953565403937
0.783254402936
0.928513037518
0.993848958351
1.07241338917
1.08827383014
1.03247159975
1.06396679574
1.07992730114
1.12517620071
1.18313889687
1.08847626139
1.04439661603
1.00529198245
0.974181306742
1.00809205968
1.03843460257
0.861683335445
0.827225083692
0.824423466249
0.925650778562
0.947209852091
0.911739809533
0.838311938642
Repetition end
0
0
1
Repetition start
0.960771521136
0.893908890109
0.843805754992
0.846908388852
0.959672492574
1.098043097
1.11833261944
0.785753957313
0.746156063274
0.883255159751
0.89345853111
0.996550232877
1.00565596996
1.09680263581
1.0885779112
1.12036971394
1.11106683948
1.17767559208
1.16666912571
1.0299689435
0.983622552891
1.0507527227
1.11826780579
0.899412478219
0.753703099882
0.761825343768
0.842025250127
0.944309565621
0.894958054866
0.867569909965
0.920549057413
0.910774274895
Repetition end
0
0
1
Repetition start
0.946015912011
0.879617178869
1.00006060305
0.938694358029
0.871105865428
0.884550731659
0.9322075928
1.05273960693
1.23832079376
0.871335998773
0.947517450032
0.946701050665
1.04741443785
1.06353968704
1.05857882014
1.04347022284
1.1328086261
1.13330722562
1.09867280506
1.08247122272
1.06087340989
1.09315455611
1.19441379627
0.73198909689
0.705427429345
0.838486757268
0.89246562399
0.846669886707
0.880002279353
0.918163045653
0.953604946696
0.972989270447
Repetition end
0
0
1
Repetition start
0.883261646524
0.962395774939
0.891780315167
0.858636514937
0.939479204954
1.01916875643
0.971720421479
0.963205477557
0.718580622515
0.766975328723
0.894440575548
0.9502111612
1.1013366877
1.11491459272
1.15407708136
1.10789968049
1.07318731728
1.0844405048
1.06169694467
1.08437665766
1.13437238698
1.08384718499
1.12941293664
1.11976094555
1.08248067295
1.11711246399
0.839139319123
0.83049954656
0.752273971673
0.847579203238
0.947499452813
0.911390676939
Repetition end
0
0
1
Repetition start
0.992381386699
0.912139616389
1.03630848581
0.886219911539
0.821284540189
0.834144346899
0.983140642684
1.01994029423
0.975687031286
0.98398953982
0.904802590875
0.880678987324
1.04572909896
1.02705941599
1.10297980001
1.06196647285
1.09514891876
1.14722356411
1.13495268568
1.13519676803
1.11330030659
1.10021699918
1.15496801658
1.15577722401
1.07490546038
0.690804281418
0.752510723607
0.738527529374
0.820004180459
0.858935334704
0.884996104168
0.896505501027
Repetition end
0
0
1
Repetition start
0.921164924114
0.974100035246
1.00093404912
0.898779698178
1.03160112898
0.986679584846
0.84976267473
0.764406180463
0.936147536813
1.02135241296
1.08092856598
1.10401545489
1.0763326999
1.04925137332
1.08314742692
1.06204460882
1.06844304923
1.09923175338
1.11977715557
1.14678689842
1.10569524972
1.13843259866
1.21091415783
0.964148429182
0.762243962783
0.700251046361
0.763261228531
0.950128388278
0.994445888815
0.879973659843
0.861794890224
0.971188155409
Repetition end
0
0
1
Repetition start
1.02607794297
0.914337453081
0.898998156053
0.861706875333
0.868267495138
1.01395168007
1.05159408478
1.04682052172
0.883012244744
0.982527310077
1.01624395693
1.01203717004
0.953669673817
1.01034087908
1.01889934359
1.03494151425
1.04259431383
1.07323464486
1.14931206425
1.20347128566
1.13326210275
1.03861717132
1.05036055996
1.04779448269
0.968342689672
0.710125456773
0.778630169846
0.88789965226
0.90845319115
0.911496458846
0.942452199882
0.892512339916
Repetition end
0
0
1
Repetition start
0.942634347345
0.958718569914
0.948935317278
0.900815228535
0.800147247547
0.912605750965
0.960479790143
1.14970372422
0.886268623308
0.777210717823
0.965888330516
0.934465850923
0.981321218816
1.10742924871
1.04082082461
1.09233997942
1.06091362845
1.09304237806
1.13911257046
1.16191980755
1.17517507173
1.11439949726
1.10714134989
1.12650286937
1.14863835414
0.993235622067
0.777716777187
0.66583778994
0.852225797763
0.785204862162
0.864000420039
1.24249772031
Repetition end
0
0
1
Repetition start
0.947727623584
0.857157014593
0.860219256807
0.954916930686
0.99327726291
1.01129001569
0.982320890299
0.895286064606
0.957388702123
0.969302638918
1.05760500541
0.950152689261
1.00302204572
1.03017154027
1.08701235763
1.15589315636
1.18860807451
1.16886987658
1.13042054532
1.11346420324
1.04066179643
1.01230081178
1.07115103251
0.790419695513
0.697548264031
0.858734290827
0.921124510458
0.978971323817
0.942169509229
0.91138843291
0.828519063886
0.912538268319
Repetition end
0
0
1
Repetition start
0.839352721453
1.15143275378
1.06300174563
0.899431462487
0.864200105195
0.894510779084
1.16923236908
0.85943971737
0.740186163809
0.947438821985
0.957706201732
0.944756107685
1.02640717208
1.04441942096
1.03439530168
1.04975963585
1.05277426579
1.10932374554
1.1658899281
1.16998438119
1.13436586492
1.11429921006
1.12543714991
1.2450670509
0.954556172355
0.702967464495
0.774835217074
0.734559761302
0.812665195819
0.880750040344
0.97099409789
0.976452802219
Repetition end
0
0
1
Repetition start
0.866180475295
1.08745549299
0.960746141314
0.885519670591
0.850840581887
0.903810473275
0.992131755419
0.894182918227
0.925841037816
1.01464081542
0.940708602314
0.935214280198
0.979394828012
1.05141690856
1.06231045785
1.11147996841
1.10224197277
1.1425334237
1.15482998654
1.15705591223
1.15984815141
1.16027658333
1.16242523549
1.2002206556
0.881173416202
0.641041254093
0.950972982758
0.79956738884
0.837153354919
0.902244399328
0.894425950245
0.980050103983
Repetition end
0
0
1
Repetition start
0.961085986474
0.953141190829
0.954361397025
0.898595509939
0.953672708983
0.89732034929
0.911221599035
0.811599326229
1.00361549679
0.982864890499
1.08528717039
0.900355261814
0.837547136251
1.06456650646
1.00627585742
1.11875144656
1.13898141066
1.13696721727
1.09472396435
1.10120142098
1.12413766713
1.10592230433
1.23148203257
1.14540804228
0.813021112186
0.638446272222
0.837813731758
0.849221866851
0.926789145548
0.94838554603
0.871676205374
1.0332513953
Repetition end
0
0
1
Repetition start
1.00674696713
0.908894163179
0.806209793216
0.829776002093
0.857071255226
0.829599116623
1.08229223953
0.945624674332
0.960067252232
0.998988513578
0.92710629133
1.08661908091
1.05737192475
1.09380487747
1.11962516142
1.14174970281
1.12872901436
1.12888265704
1.09867332214
1.08479953565
1.09834807203
1.13983694216
1.11707442218
0.718736332266
0.595073144834
0.856051644875
0.865893190631
0.867759361385
0.999885152018
1.03205852169
0.876928261147
0.936656972218
Repetition end
0
0
1
Repetition start
0.922671680984
0.931202315543
0.848174497067
0.874506227784
0.969061439966
1.1769715396
0.97954226981
0.759569554661
0.94061908221
0.954695008478
1.03459788684
0.967872210408
0.973993540661
0.985004692914
1.08294259263
1.1148088415
1.07094421157
1.04971586517
1.06422160369
1.05408645387
1.12975621483
1.2421296619
1.28057939291
0.996975245039
0.688255942959
0.873874901026
0.72430696372
0.853219364959
0.960853233752
0.636192364551
0.756833077702
1.09772299499
Repetition end
0
0
1
Repetition start
1.11818941412
1.04334443895
0.929650163702
0.875559121546
0.961158085525
0.894511811907
0.977366598961
0.928603247286
1.1876037154
1.00249610191
0.98824634415
0.914482941074
1.00862410675
1.03289137429
1.02541888425
1.04237737749
1.10539612683
1.19008006719
1.23699506515
1.21350400806
1.10016869571
1.04771771069
1.12921355365
1.12927337472
0.828223931053
0.657828144943
1.02556408823
0.773661918064
0.903525936333
1.0077149636
0.898794536552
0.94567118098
Repetition end
0
0
1
Repetition start
0.869811711918
1.02530361896
0.883078429586
0.991700287466
0.942539692209
0.838490162723
0.895108342902
0.902895319171
0.955924384693
1.08002049084
0.825054797787
0.877875240449
0.959350875231
1.09910719739
1.05666994876
1.00750384853
1.08959253383
1.11811928805
1.15811146089
1.19758355772
1.21230377522
1.20332725794
1.2211119997
1.21878213259
1.09466892026
0.713878360144
0.606772541827
0.716964236998
0.847690777141
1.05707746561
0.90610382529
0.918699756695
Repetition end
0
0
1
Repetition start
1.05390583318
1.01319341264
0.869396647774
0.832979747393
0.821361075928
1.03924568075
0.984236347939
0.844543704048
0.913091977757
0.960258899444
1.08463506157
1.06808045598
1.05544127973
1.07144826299
0.946262548211
1.00196100347
1.0473273051
1.16557565692
1.25230430909
1.11489017907
1.11818703374
1.05797059027
0.932456574915
0.750415925091
0.751604980529
0.72912742248
0.834916583216
0.932067079727
0.88897369206
0.918618489685
0.870938379176
0.908781849636
Repetition end
0
0
1
Repetition start
0.964736880434
0.943253562553
0.978504793789
0.849118893551
0.754788855545
0.922166943794
1.00846339247
0.949292760876
1.03417925884
0.905435446817
0.828900435263
0.97816638082
1.01519080014
1.06266975624
1.05594671631
1.12485917852
1.14951437623
1.16813374314
1.15338652031
1.11045311872
1.07492908227
1.18973156844
0.928135263261
0.730368319151
0.603376431138
0.900165689055
0.919487873082
1.10707841152
0.901151825624
0.919213246801
0.920050275957
0.925356501912
Repetition end
0
0
1
Repetition start
0.805264178363
0.952551422915
0.887096918859
0.870153646851
0.937027643336
0.891398848671
0.684629772396
0.859180647374
1.04403822782
1.05369414598
1.02044501225
1.03361785043
1.07927404553
1.1635431853
1.1763573911
1.21815744997
1.13622176229
1.17100651825
1.12470051137
1.09082075988
1.13509117027
1.18281662643
0.846926480485
0.65664743412
0.886550051232
0.793583488364
0.891691583557
0.898947821683
0.956329465974
0.954293535299
0.973443337143
0.807856322544
Repetition end
0
0
1
Repetition start
0.968688489899
0.956455676549
0.878449219449
0.874096685143
0.930386514897
0.996173303831
0.95153721876
1.1150242646
0.927218946529
0.846631802235
0.945189611865
0.897356506681
0.948532643409
1.06903078263
1.12649168521
1.0934987086
1.15962586497
1.19720208962
1.26011663027
1.21051131563
1.18352550839
1.14252032598
1.16508185315
1.14867779592
0.748508189114
0.554861864032
0.742885386968
0.776329581831
0.902354810077
0.988227965309
0.885310365336
0.950047927513
Repetition end
0
0
1
Repetition start
0.934921587277
0.924235131287
0.935541262441
0.915462965673
0.942503867009
0.886853527128
0.811504343132
0.953123573396
0.825179376392
1.0120149974
0.913253552561
1.11109059281
1.09309254709
1.12077386459
1.12092993699
1.16686877472
1.19837752078
1.17209421174
1.11989608119
1.10628748119
1.1163851718
1.21896533714
1.08766219174
0.655312214371
0.73055735474
0.632462740421
0.739324239168
0.859967640788
0.918388808301
0.911678518766
0.912149395769
0.834436151321
Repetition end
0
0
1
Repetition start
0.935162389587
0.980176004271
0.962053451508
0.931697639784
0.837826933141
0.790902537045
0.910322876032
1.00753958467
0.937464369653
0.912340404487
0.813882275509
0.956987677769
0.998127984411
1.09562103794
1.07461615754
1.07461615754
1.06561342223
1.15551154778
1.14980947034
1.21364133058
1.22435134925
1.13980271963
1.11960587808
1.18229123639
1.29066398726
0.762810658074
0.576040430755
0.765414552084
0.665380832613
0.891215780974
0.914880582099
0.895704568112
Repetition end
0
0
1
Repetition start
0.971413649748
0.901460847297
0.937176179592
0.932686594433
0.873837194366
1.0949978488
0.903421390136
0.865771258389
0.884517881306
0.975604455217
0.860837943972
0.900428229186
0.915162632842
0.846813637896
1.01694241324
1.00746062516
1.0610684979
1.10378025393
1.07152290192
1.23993743436
1.23770627653
1.20586769724
1.19680768352
1.10122486784
1.05319193484
1.08378964471
1.10840610888
0.718256469956
0.565456712568
0.825282490657
0.946997887833
0.939128770172
Repetition end
0
0
1
Repetition start
0.912629730575
0.884008378273
1.00145997075
0.762588166197
1.06990348003
0.974656950529
0.819878079416
0.891834314306
0.913322273309
0.913452486933
0.853621622483
0.87226004635
0.916591109698
0.863510366821
1.02449022815
1.02189413572
1.05359816279
1.09390517565
1.12328639586
1.23211074444
1.21555781461
1.16434624593
1.16728589181
1.18518369256
1.21568563857
0.66906136947
0.803391220354
0.784463474805
0.848359616008
0.93447388577
0.929484277039
0.985144204891
Repetition end
0
0
1
Repetition start
0.937753335182
0.935141905816
1.04349918307
0.843371973301
0.989682713546
0.934341039806
0.924143511547
0.899855036535
0.853118730005
0.896709442974
1.05263145984
0.862727149219
0.919498240771
0.976572687096
1.04231231727
1.12677041792
1.09533995969
1.17156930115
1.22696478285
1.21726726086
1.12829508127
1.09303953734
1.08500505799
1.05990549403
1.02563757148
0.961460856839
0.777105498584
0.955943141037
0.925575372282
0.930692856414
0.940812459829
0.927187615952
Repetition end
0
0
1
Repetition start
1.01737837011
0.946335296367
0.976972421443
0.880900771105
0.792698682638
0.845182672745
0.980143590028
0.929944273406
0.860035178891
0.846902617747
0.902055143053
1.00815448023
1.04273542194
0.971198972324
1.06190407043
1.15973282643
1.19300179033
1.20815904021
1.20369330676
1.18985828145
1.12588130684
1.13238665699
1.10733039081
1.11499668601
0.831433419467
0.676236944412
0.729364912581
0.831638344152
0.880192618493
0.928732337264
0.902565449979
0.943978136322
Repetition end
0
0
1
Repetition start
0.915836654293
0.950877694416
0.90351434428
0.954341346807
0.813735639021
1.08985320296
0.905609078926
0.831381541883
0.91407516055
0.891341663515
0.910448661787
0.796653833739
0.98255298225
0.982155511592
0.963168218344
0.982537511159
1.04474891229
1.148541968
1.18538900075
1.19102353375
1.1995016426
1.17968609317
1.11535949807
0.960818674913
1.01075848368
1.11842779689
0.903025751287
0.627447717538
0.962990204341
0.895829520476
0.87273391559
0.926276675988
Repetition end
0
0
1
Repetition start
0.861196533843
0.933522906069
1.03972106693
0.887023806088
0.915575759625
0.958171604943
0.916982189607
0.896188047049
0.830461494328
0.966518635641
0.947959270367
0.974947864869
0.938392929177
0.844011125071
1.01941581051
1.03319784282
1.04965461723
1.14100116412
1.18953325287
1.21866857581
1.18394995041
1.10161883974
1.20481664612
1.02474639637
0.750178410251
0.542303284724
0.943479078213
0.890636178415
0.929879599447
0.985442557164
0.955977090915
0.948374955992
Repetition end
0
0
1
Repetition start
0.895780160023
0.941666426657
0.939669233277
0.964723552522
0.816315139359
0.959664443555
0.93838105326
0.869585007208
0.92116360169
0.974369143691
0.839033654319
0.913239063336
1.06979187778
1.05953010975
1.00465165567
0.966148153038
1.06004145471
1.11140442471
1.22123147745
1.24500639329
1.18550776271
1.11413832683
1.05261898647
1.03382706507
1.06164009169
1.05078988089
0.777556435804
0.555695185938
0.855323191239
0.829083567178
1.11123425702
0.998517670047
Repetition end
0
0
1
Repetition start
0.976807290868
0.904618967999
0.91461671224
0.956283719194
0.916661423249
0.988706598987
0.961509636999
0.916853462589
0.8374693663
0.94172086049
0.959992087122
0.955893726067
0.674980822375
0.698873519916
0.831927481077
0.996629709153
0.953219598625
1.11274868792
1.08889103679
1.08737177607
1.14645024042
1.18614284864
1.23562387775
1.16518267236
1.10507969699
1.1097960865
1.04456480111
0.759470105004
0.535207585845
0.756946393228
0.943913308992
0.90055807133
Repetition end
0
0
1
Repetition start
0.913330133189
0.864134987762
0.933639144193
0.855965537569
0.934527072285
0.921363084305
0.891524891309
0.891583890625
0.92514298766
0.840353188035
1.06370174241
0.866139442306
0.995125951157
1.02368708108
1.00701260797
1.06851286195
1.09304760791
1.08211652131
1.18293025049
1.18575302041
1.16611423746
1.16207475531
1.06424749646
1.14593976585
1.1286511661
0.788206348887
0.626592306489
0.754350338725
0.870025358053
0.904306115089
0.887820464776
0.904330837938
Repetition end
0
0
1
Repetition start
0.937038834713
0.934200500697
0.950870548434
0.904253789728
0.890326125625
0.833039946121
0.887957835224
0.951151861337
1.03764808622
0.895320171719
0.963969635857
1.00223038836
1.1076234032
1.04779692167
1.07969275286
1.08105885368
1.06739652508
1.03391365109
1.11319483706
1.18525417712
1.20516876702
1.21251902209
1.2275748646
1.28652516827
0.794444878327
0.645518356214
0.627134074187
0.646831793655
0.777210291232
0.951392815875
0.91516191641
0.920366511841
Repetition end
0
0
1
Repetition start
0.954195599719
0.997050340249
0.940297857296
0.916237082481
1.01859911148
1.00550638505
0.964814639328
0.843914450849
0.876773106337
1.01718270532
0.92499806478
0.934523749711
0.963583758655
1.005390721
1.10225145966
1.07762078402
1.12868320842
1.17351227826
1.1539380392
1.15764973464
1.14579978825
1.06901481719
1.07344173766
1.0269016377
1.06403267982
0.985826649986
0.705129901538
0.99638215359
0.93974781173
0.824412666578
0.899343906197
0.915871761388
Repetition end
0
0
1
Repetition start
0.924058528581
0.924058528581
0.674860500672
0.846315237275
0.819794200464
0.873030655985
0.873030655985
0.967217752572
0.967217752572
1.08567313023
1.18938576299
1.18938576299
1.0242238791
1.0242238791
1.19512276764
1.21043806236
1.240812101
1.1950998195
1.12146393051
1.1289853362
1.1289853362
1.1289853362
1.1289853362
1.14620137662
0.966985999981
0.966985999981
0.736740151334
0.601948607995
0.601948607995
0.921771259856
0.845018900742
0.998113144767
Repetition end
0
0
1
Repetition start
0.889541096079
0.847214203378
0.905112212062
0.855833239398
1.09534508674
0.938587517585
0.942361444023
0.882159975152
0.833399218945
0.962042299427
0.726424022009
1.06106309463
0.855600775804
0.969870937852
0.987708513814
1.07128242936
1.05859530192
1.06919618503
1.0985854092
1.17385912932
1.17184357601
1.16150043786
1.12823829062
1.10082314244
1.04867674447
1.05273767481
1.09128820242
0.963812500891
0.68731794602
1.0133674271
0.812360373292
0.850519917901
Repetition end
0
0
1
Repetition start
0.934414785871
0.867244310494
0.928869145713
0.97455666539
0.904659696919
0.92024894537
0.958732801175
0.842955148674
0.860819861255
1.00415481837
0.903148236768
0.886467727975
0.927314922476
1.00326616387
0.999464318102
1.08186868796
1.01529213879
1.11051317211
1.1257925123
1.16323831202
1.1677057439
1.13705795346
1.09028954942
1.05827068136
1.20611514971
1.18223073585
0.764560185257
0.483612945435
0.678014741231
0.739962062218
0.855644336517
0.923215449208
Repetition end
0
0
1
