3657 15367 -3491
 3807 15350 -3325
 3781 15099 -3309
 3597 15635 -2892
 3880 15061 -2895
 4344 14715 -2873
 3790 15301 -2362
 3887 15934 -2558
 3718 15576 -2681
 3943 15310 -2559
 4039 15540 -2442
 3924 15454 -1935
 4025 15292 -1692
 5167 14746 -2059
 4349 14791 -1699
 4053 15063 -2041
 4080 15713 -2732
 4259 15424 -2730
 3948 15111 -2826
 3687 15880 -3272
 1932 15874 -3440
 1143 15302 -3260
 2099 15948 -3873
 2299 15503 -4777
 1620 15275 -4223
 354 15767 -4214
 -212 14792 -4828
 513 15781 -4876
 -12 15322 -4614
 215 15286 -4191
 812 15695 -4392
 2451 16932 -3635
 2853 13834 -4156
 2120 15299 -3518
 2032 15181 -3946
 2614 15660 -3916
 2955 15411 -4096
 2501 15135 -3839
 2865 15641 -3916
 1747 15673 -4273
 3203 14953 -4322
 2881 14986 -4419
 2563 15426 -4517
 3292 15117 -5320
 3602 15186 -5171
 3213 15280 -4878
 3660 15503 -4659
 3197 15367 -4787
 2973 15333 -4404
 2744 15390 -4519
 2663 15309 -4597
 2561 15326 -4552
 2594 15299 -4494
Repetition Start
 2430 15300 -4543
 2703 15062 -4139
 3831 14923 -4224
 3789 14768 -6093
 3661 15204 -5742
 3955 14426 -5532
 4346 13828 -6672
 3946 14131 -6802
 4241 14137 -5925
 4467 16030 -5843
 4488 16463 -6918
 1471 17107 -4668
 2171 16123 -2466
 798 15947 -532
 -122 15598 -20
 347 15858 -310
 -663 16016 95
 -96 15764 -79
 -209 15890 -100
 -523 15487 -367
 -1313 15549 -249
 -1153 15877 -523
 -1381 17226 -1207
 212 18821 -3082
 2528 16059 -4639
 2956 14974 -4718
 3833 15047 -4827
 3668 14720 -4944
 2855 14235 -3714
 3047 16206 -4320
 2290 14138 -3200
 2703 17305 -3446
Repetition End
0
 1313 15421 -2600
 1824 14279 -2834
 2470 15079 -3104
 1749 15227 -3689
 1810 15690 -3442
 1991 15817 -3350
 1452 15587 -3490
 1534 15714 -3508
 1271 15738 -3330
 1100 15670 -3208
 1109 15602 -3668
 1533 15591 -3230
 1410 15556 -3577
Repetition Start
 1259 15794 -3653
 1114 15805 -3549
 1310 15623 -3680
 1449 15621 -3653
 1507 15672 -3552
 1868 15574 -3841
 1856 15534 -3776
 1921 15662 -3603
 1750 15454 -3620
 1910 15613 -3459
 2008 15516 -3784
 2018 15626 -3502
 2106 15717 -3780
 2129 15189 -3416
 1764 14555 -4203
 1401 14230 -4529
 2451 16360 -4959
 2273 14439 -6645
 2724 14764 -5012
 1231 14267 -5359
 1961 14642 -6509
 2543 14852 -6717
 2606 16264 -6688
 4115 17863 -5952
 3367 16376 -3112
 3714 15725 -1387
 3921 15197 -988
 3728 16157 -70
 3362 16254 280
 3431 15486 286
 3071 15410 589
 3500 15617 773
 3678 15231 819
 3863 15165 890
 4590 15711 853
 4743 15158 807
 3824 14521 1049
 3572 15911 554
 5369 16957 -2117
 3024 15962 -4776
 1471 15861 -4920
 3204 15600 -6027
 2176 14211 -5879
Repetition End
0
 188 15946 -4744
 2711 15036 -5427
 2096 14278 -5675
 3258 14592 -5676
 5893 17122 -4431
 3658 15858 -5264
 3928 12723 -4961
 3958 14279 -4729
 5376 14835 -4288
 4440 14881 -4186
Repetition Start
 3566 15342 -4437
 3551 15253 -3809
 3403 14763 -3519
 3519 15471 -3871
 3290 15266 -3647
 3006 15028 -3286
 3061 15751 -3840
 3183 14813 -3644
 4030 15248 -5744
 3320 14962 -5488
 3945 14617 -5295
 4580 13750 -6525
 4047 14574 -7101
 3722 15647 -6713
 3744 16430 -7618
 1600 16839 -3543
 2227 14709 -3196
 -175 15482 -592
 721 16073 -1007
 241 16642 -531
 627 15638 -933
 -259 15749 -945
 -531 15861 -540
 -464 15770 -663
 -408 15633 -874
 -600 16187 -412
 -1736 16012 -171
 -1169 15517 -895
 -896 15122 -1335
 -2147 16636 -2108
 2721 19826 -4358
 1828 15127 -6368
 972 18088 -4970
 2269 14460 -4562
 2139 13157 -5423
 2302 14728 -4863
 3705 22221 -3977
 1307 16989 -5233
Repetition End
0
 2663 16645 -4770
 1111 11778 -5088
 2433 13773 -5636
 2534 15281 -5235
 1207 14626 -5240
Repetition Start
 2256 15305 -5034
 1949 15159 -5198
 1603 14310 -5155
 1566 14976 -5419
 1899 15131 -6345
 1624 14573 -6845
 1076 14644 -6336
 1017 14593 -6365
 1243 13890 -6675
 1400 14414 -6720
 910 15000 -7188
 1157 16458 -7164
 993 15595 -7534
 2190 16781 -6245
 2278 15750 -4087
 3717 15694 -972
 4171 15180 -860
 3140 15941 -636
 3030 16031 -711
 2624 15937 -301
 2811 15655 -222
 2963 15299 -220
 3538 15345 -231
 3648 15639 -156
 3425 15485 104
 3697 15431 170
 3806 14933 271
 4289 14406 255
 3484 16653 -419
 4517 16549 -3326
 3486 16219 -5776
 2973 16011 -6612
 1328 16087 -7177
 840 15053 -5089
 1664 14675 -5110
 2358 14574 -6038
 2805 15685 -5359
 1514 13648 -5274
Repetition End
0
 2632 15776 -5459
 3761 12664 -4930
 280 14996 -2329
 1951 16063 -3728
 2793 15083 -3531
 2132 15162 -3816
 2470 15616 -3585
Repetition Start
 2995 14962 -3726
 2241 14600 -4424
 3084 14715 -5661
 3668 13992 -5804
 3663 14470 -5649
 3185 14492 -6167
 4186 14885 -6022
 3916 15946 -6241
 4041 15291 -7496
 2181 17572 -4713
 3290 15801 -4237
 962 16226 -2632
 1240 15936 -2471
 1382 16122 -2109
 1119 15212 -2209
 1178 15393 -2152
 1488 15838 -2272
 766 15748 -2032
 578 15630 -1715
 214 15704 -1857
 -164 15965 -1619
 -647 16525 -1812
 385 17728 -2225
 1716 17673 -4127
 1825 13578 -5923
 3148 16709 -5700
 2933 14375 -5905
 4363 14272 -7398
 2906 15042 -4680
 3641 15150 -4402
 3924 15798 -4799
 3454 14494 -4242
Repetition End
0
 4334 15852 -4035
 3721 14958 -4336
 4294 14908 -3746
 4232 14793 -3964
 3630 15264 -4367
 3377 14992 -4314
Repetition Start
 2747 14691 -4607
 2638 15174 -4603
 1644 13420 -5365
 1027 18393 -3283
 1008 14908 -6527
 1817 15051 -5456
 933 13930 -5494
 1405 14522 -5883
 1200 15549 -5850
 683 17026 -6113
 1060 15954 -6679
 2801 17128 -5617
 2106 15240 -4307
 1711 16182 -1430
 3505 16374 -929
 2217 15498 -1689
 3335 16389 -1869
 2136 14667 -2272
 3096 16417 -1820
 2846 15356 -1958
 2917 15552 -1834
 2402 15618 -1264
 2224 15707 -555
 2273 15181 -615
 2270 15715 -470
 2979 15505 -1342
 2932 15837 -2461
 2731 17913 -4518
 1792 15085 -5913
 1568 13828 -6553
 2267 15066 -7049
 1779 15414 -6464
 1537 14457 -5514
 1321 16032 -6099
 2629 15483 -5513
Repetition End
0
 2619 15580 -4252
 2862 15296 -3978
 1152 14289 -3034
 4128 14169 -3801
 2282 14706 -2692
 2689 15152 -2739
Repetition Start
 2523 15164 -3010
 3003 15274 -2756
 3829 15142 -3549
 3743 15215 -4275
 3158 15058 -5172
 3286 14666 -4511
 4284 14748 -4464
 4469 14896 -5496
 4151 15344 -6332
 5214 16722 -6266
 4244 16914 -6514
 3060 17424 -2751
 666 15126 -1656
 1352 15843 -630
 1232 15631 -976
 887 16643 -1200
 652 16670 -1005
 692 15937 -710
 741 15280 -746
 179 15260 -116
 223 15125 26
 -55 15446 228
 -571 15513 -48
 -804 17280 -59
 687 18631 -378
 3038 18100 -3286
 2655 14926 -5010
 4531 16436 -5397
 3175 18833 -4432
 1484 13452 -4900
 2770 14467 -3310
 3148 16241 -4214
 2903 14901 -4115
Repetition End
0
 3278 15038 -3292
 4302 16017 -3139
 1970 15888 -3313
 3609 15552 -2880
 2715 15410 -3330
 2650 15845 -3129
Repetition Start
 2427 15537 -3074
 2504 15561 -3216
 2651 15383 -3497
 1891 14267 -4081
 1027 16294 -3192
 1643 15641 -5338
 1485 15027 -5205
 741 14010 -4535
 1163 14248 -5119
 1539 15924 -6300
 1208 15971 -7043
 3256 16926 -6664
 4686 15343 -6215
 4429 16026 -2206
 2464 15446 -827
 2889 14791 235
 3512 15178 584
 3271 15710 428
 3629 14524 120
 3670 15430 472
 3053 15432 554
 3233 15300 819
 3266 15982 917
 2599 15315 1220
 2431 14964 475
 3074 17522 -515
 3439 17376 -2955
 2692 16989 -3849
 649 13778 -5002
 3254 16681 -5230
 1817 14791 -5247
 1363 14947 -4554
 1535 16769 -5057
 3365 16528 -5045
Repetition End
0
 687 13620 -2860
 1206 15568 -2854
 4174 16538 -3757
 1622 15532 -2168
 2348 16143 -3346
 2776 15601 -3177
Repetition Start
 2842 15208 -3901
 2562 15615 -4090
 2381 15034 -4054
 2790 15214 -3983
 4154 13619 -3978
 3518 14636 -5186
 3587 14821 -6255
 3725 14094 -5579
 4869 14396 -6139
 4178 14702 -5977
 3446 16392 -6409
 4437 14655 -6955
 1961 19886 -5363
 3412 15790 -3733
 -108 16053 -1130
 263 15550 -682
 330 16465 -974
 -165 15812 -505
 699 15210 -1090
 479 15418 -953
 621 15744 -892
 419 15830 -721
 284 15394 -1097
 -208 15955 -1609
 -216 17195 -2306
 1564 17241 -3765
 1539 15801 -5958
 2611 15749 -7087
 1695 15132 -5897
 2941 15531 -6597
 3619 15190 -5681
 2908 16329 -5306
 2542 15544 -5385
Repetition End
0
 3737 14634 -4642
 2130 16919 -5114
 2689 14009 -3205
 3194 14484 -4554
 2105 14894 -4620
 2058 15337 -4168
 2650 15613 -4419
Repetition Start
 2147 14697 -4193
 2499 15351 -3922
 2630 14688 -4271
 2613 15941 -4708
 1174 14729 -5752
 3268 15103 -6758
 1662 13963 -5584
 1871 13991 -5711
 1805 14385 -6476
 2297 15582 -6934
 2727 15233 -7523
 5416 17210 -6560
 6015 16785 -3766
 2807 15324 -1404
 1657 16385 608
 2708 16295 946
 3197 15572 1571
 2507 14846 1595
 3188 14968 1592
 3196 15132 1477
 3491 15569 1335
 3668 15586 1069
 3663 15073 849
 3637 14581 140
 3442 16922 -1206
 5341 17276 -3114
 3760 16487 -6229
 2642 15633 -7014
 5138 15860 -8192
 3409 15451 -7190
 2689 13227 -6188
 3070 14022 -6207
 3330 14844 -6144
Repetition End
0
 4010 16397 -4452
 4889 14292 -4747
 1809 12308 -2590
 3176 15319 -1573
 3132 15369 -3018
 4008 15450 -2238
 2970 15384 -2375
Repetition Start
 3731 15694 -2864
 3653 15683 -2925
 3397 15455 -2988
 3238 15696 -3128
 3634 15281 -3371
 2980 15240 -3287
 3137 15319 -3246
 2825 15703 -3904
 2846 15850 -4327
 3209 15387 -4012
 2630 15611 -3944
 2964 15339 -3868
 2705 15432 -3805
 2569 15738 -3875
 2423 15534 -4145
 2446 15675 -3782
 2495 15324 -3877
Repetition End
0
 2820 15526 -3821
 2876 15617 -3974
 2901 15230 -3758
 2892 15264 -3685
 2118 15676 -3541
 3081 14986 -4246
 4709 14667 -4539
 3390 14289 -5863
 3013 14419 -4636
 4664 13361 -5055
 4739 13854 -6233
 3462 16460 -5861
 4734 16954 -6533
Repetition Start
 5341 15450 -6118
 -952 16977 -2507
 1375 16089 22
 -2981 11106 5536
 -2610 8757 3397
 -2418 10465 2936
 -2018 16998 2838
 -1783 17674 1225
 448 18678 1370
 -1413 18083 2291
 -623 18346 1955
 -190 17129 2038
 710 16962 2033
 -479 16713 2140
 -754 16353 2359
 -434 15944 2075
 618 15503 1825
 303 15102 1739
 148 15544 2237
 -362 15102 1895
 -369 15876 1741
 -408 16240 2090
 -52 15786 1828
 -33 15694 2045
 192 16173 2100
 246 15703 2304
 -259 15382 2257
 843 16086 2108
 1200 15760 2327
 948 15333 2502
 377 15395 2677
 750 15560 3035
 -155 15152 3618
 -134 15481 3994
 65 16696 5376
 -1584 16665 6219
 -1888 17656 5754
 -1707 18871 5498
 -5063 19586 5450
 -770 18301 1268
 2067 13072 -2669
Repetition End
0
 3620 14661 -4476
 4615 12795 -3306
 3478 12203 -2470
 5599 14093 -1687
 5228 15121 -1044
 4664 13168 -465
 5649 12835 274
 4255 14908 169
 3307 15452 64
 2786 15211 -484
 3511 15560 -1119
 2778 15849 -1053
 2668 15182 -1150
 3503 14925 -1521
 3085 14346 -3756
 3356 13965 -4639
 4071 13859 -4549
 4689 14005 -5285
 3612 16550 -5861
 1936 12492 -6381
Repetition Start
 1086 18259 -2853
 4291 15145 -2072
 553 15375 -336
 923 19001 1675
 2024 18107 2698
 -1591 17419 2869
 764 17907 2878
 -734 17578 3256
 -703 16449 2641
 -142 16520 2741
 806 16164 2561
 768 15684 2462
 1241 15978 2338
 973 15661 2250
 751 15782 2261
 625 16226 2167
 535 15489 2226
 353 15315 2373
 312 15206 2328
 589 15566 2688
 781 15309 2468
 795 15705 2724
 685 15446 2660
 -103 15990 3395
 -1213 15990 4444
 -972 17346 5539
 -1955 18896 5528
 -3503 20962 5731
 -1838 21547 4029
 -117 14487 4
 2427 8772 -2324
 386 12025 -4227
 3627 10728 -3736
 2794 12529 -3583
 5235 24815 -5043
Repetition End
0
 -481 15355 -4657
 2656 14261 -2394
 2508 13723 -1436
 1565 15146 -1666
 2366 14674 -1209
 3059 14793 -1755
 2993 15514 -2468
Repetition Start
 2527 15509 -2745
 2660 14724 -3804
 2852 14155 -3566
 3148 13622 -3784
 4602 13886 -5842
 4320 13336 -6862
 1955 11253 -6214
 -1773 22329 1112
 -3 18158 -607
 -627 17611 -141
 2092 18084 1345
 330 18638 2225
 -891 17769 2140
 304 16987 2255
 -618 16411 2376
 319 16880 2399
 143 15853 2288
 325 15817 1866
 433 15660 1436
 -128 15701 1410
 254 15743 1007
 334 16125 970
 382 16150 1188
 618 16177 1219
 231 16487 1869
 -1269 17405 3304
 -1352 17847 4068
 -98 19391 4007
 -2292 20910 4747
 -2192 20445 2865
 -1015 12440 -1181
 2599 8672 -2589
 2320 12389 -2411
 3155 12015 -3613
 2976 14105 -3498
 2973 15687 -3000
 3026 16284 -2732
 2702 14129 -2123
 2859 16110 -1955
 490 14066 -1666
 878 16344 -1078
 1159 15353 -1458
 2010 15295 -2144
 1781 15507 -2255
 675 15428 -1894
 1266 15557 -2210
 2819 14299 -2729
 2912 14966 -4473
 2594 14288 -4540
 3074 13782 -4888
 5147 13306 -6015
 2413 12242 -5637
 800 14955 -5372
 -526 11810 -1501
 4366 16444 123
 228 18442 3915
Repetition Start
 624 16362 3076
 99 17183 4083
 1210 17384 3875
 883 18557 3078
 1540 16822 2749
 1767 16716 2850
 1251 16183 2774
 2180 15808 2344
 1973 16102 2430
 1511 16636 2894
 1329 18319 3768
 -583 18913 3503
 -158 18435 2830
 -773 20369 3217
 592 17760 1201
 2051 12532 -2520
 4378 9773 -3526
 2179 10499 -3766
 4460 12048 -4495
 3516 13570 -4715
 3316 19033 -4093
 687 14510 -3312
 4139 14478 -1082
 1732 15017 -867
 2123 15114 -608
 3160 15303 -729
 2204 15753 -740
 2619 15294 -1279
 2795 14923 -1655
 2738 15545 -2268
 3116 14947 -3328
 2899 15391 -3805
 2695 14736 -3704
 3393 13641 -4303
 4527 11781 -5740
 3274 14729 -5526
 3362 12536 -6264
 -864 14301 -678
 1590 11082 -1519
 227 18331 1581
 1756 19467 1937
Repetition End
0
 -1200 18344 3564
 -534 17793 2537
 -388 18003 2925
 88 16774 3296
 -197 16572 3566
 113 15929 2539
 595 16322 2371
Repetition Start
 -991 16990 3082
 -2040 17937 3382
 -1210 19307 5032
 -2000 19087 5992
 -1755 19411 4862
 -77 18047 1094
 -1138 12521 -1565
 1473 10289 -3203
 698 14274 -2909
 2286 13266 -4165
 3252 15259 -3637
 2024 16577 -2384
 2024 15118 -1908
 3393 15818 -976
 1316 15455 -1002
 2796 14262 -1153
 3770 15014 -1981
 2585 15720 -1943
 3192 15145 -2866
 3132 15432 -3602
 3367 15009 -4692
 3629 14556 -4688
 3221 13870 -4376
 4005 13749 -5174
 3938 13222 -5991
 2439 13677 -6405
 4161 13192 -7341
 -1926 16722 -3620
 2353 16492 -635
 1521 17650 217
 2054 18191 1680
 544 18127 2900
 257 17530 1934
Repetition Start
 1634 18696 3453
 364 16980 4422
 2160 16210 3355
 1982 15623 3139
 1910 15561 2392
 1029 17093 3088
 636 17514 4074
 -134 19879 5978
 -694 18938 6211
 -1399 19450 7454
 -334 19627 3542
 1173 11108 944
 3444 8024 -2237
 432 16914 -2827
 3806 13121 -3840
 3423 14177 -3676
 2759 13673 -3672
 2739 15162 -3509
 1795 13426 -2272
 2444 15115 -1853
 -451 15293 -1549
 141 17428 -2258
 1006 15939 -2192
 1235 15214 -2107
 1067 15902 -1901
 1042 14654 -1005
 3287 15817 -2922
 2414 15297 -4010
 3145 14619 -5326
 2844 14238 -5055
 2712 13810 -5159
 3345 13834 -6057
 4258 15263 -7910
 2496 13817 -7767
 884 10617 -4816
 1926 11178 323
 3329 14900 651
 2563 17040 3120
 2972 17485 2263
Repetition End
0
 119 16998 3626
 1239 17063 2579
 340 17340 2962
 330 17602 3398
 379 17182 3141
 1949 16861 2344
Repetition Start
 640 17272 3147
 56 18162 3408
 -1505 18505 4084
 -100 18878 4780
 -2757 19327 5509
 -2944 18826 4641
 -837 12810 -37
 1480 8613 -1736
 993 13119 -2174
 5286 13174 -4363
 4671 13504 -4153
 3067 15233 -3574
 2917 15124 -2410
 3347 15160 -1836
 1300 13659 -1550
 1958 18469 -2181
 1661 14932 -2301
 2466 14946 -2368
 2364 15277 -2574
 2308 15079 -2847
 1351 15997 -3672
 1862 14859 -4034
 2863 15574 -5849
 1972 14226 -4719
 4037 12227 -5810
 4963 14144 -6813
 4687 16761 -6612
 5371 12868 -6373
 1264 11482 -3147
 -1214 11216 -518
 1559 16926 1134
 -57 17814 2940
 29 19482 2842
 1108 18511 2890
Repetition End
0
 -310 17804 2508
 -2374 17765 2604
 -655 17922 1751
 -1647 15997 1602
 -1733 16354 1549
Repetition Start
 -1745 17331 2492
 -173 16637 2787
 -2635 18633 4055
 -4064 18989 3072
 -1173 22610 4088
 -3246 20981 62
 839 14066 -2192
 1934 6682 -4136
 1167 12127 -4930
 4748 10885 -5538
 5071 13806 -4480
 2011 15279 -4685
 3536 17896 -2952
 2347 12675 -2276
 3914 15468 -2522
 1225 15359 -2339
 1977 15482 -2530
 2483 15406 -2714
 2884 15278 -3218
 1560 15380 -2869
 1398 14910 -3593
 2124 14450 -3068
 3025 15769 -5700
 2898 14963 -5248
 3298 14542 -5085
 4116 13244 -6517
 2213 13140 -6699
 3214 13415 -7171
 3047 9472 -5965
 2511 13970 -2211
 1580 17563 -1592
 -948 19177 1987
 144 17170 1526
Repetition End
0
 -2455 16971 2435
 1031 16849 2649
 -1781 17542 3238
Repetition Start
 -916 17345 2669
 243 16438 3482
 439 15656 3081
 547 15448 2231
 245 16236 2566
 829 16355 3278
 -287 16669 2495
 -1976 17644 2796
 -1384 19056 2544
 -1557 22802 2107
 -1440 22016 578
 -355 12495 -2538
 4120 7745 -6188
 1147 11573 -5655
 5635 13916 -6705
 5817 13394 -8380
 5149 15160 -7019
 5078 15174 -4190
 3903 13795 -3332
 5712 15083 -2389
 5177 13471 -2638
 6395 13797 -3971
 5486 14065 -3614
 5253 14666 -3379
 5305 13857 -4151
 4692 15174 -4025
 4151 14656 -5584
 3949 14572 -5179
 3987 12827 -6114
 4562 12780 -7630
 3330 13473 -7403
 2427 11229 -6482
 859 19786 -173
 456 18123 -1165
 -1938 17874 3031
 816 16669 2721
Repetition End
0
 -1344 16499 2735
 164 16411 2499
 49 17904 3348
 444 17130 2602
 1089 17113 2644
Repetition Start
 1577 16622 2197
 1024 16786 2542
 194 16400 3288
 -373 17583 3709
 -698 18185 4596
 -1248 20138 5065
 -3181 23335 5150
 -155 16222 -170
 3188 8256 -4109
 2059 12975 -4153
 4848 12561 -4008
 4582 12744 -4201
 3791 13783 -3702
 5961 16371 -5108
 2719 14013 -3069
 4912 17857 -3740
 40 14641 -3749
 1388 14832 -4498
 1509 15310 -4323
 1256 14458 -4755
 1240 15088 -4687
 2110 15221 -4157
 3525 13879 -5180
 2869 13352 -6845
 3263 13547 -6485
 4393 13247 -6829
 3708 12628 -7831
 5322 14321 -8140
 3382 13210 -8024
 166 15684 -6242
 3213 13546 695
 677 14120 -1663
 1534 19372 1601
 996 18335 872
Repetition End
0
 -1548 18355 1753
 -1686 17571 1322
 -2424 18398 1443
 -1998 16484 479
Repetition Start
 -1624 16399 578
 -1557 15737 35
 -2008 15702 61
 -2087 16298 -227
 -1893 16089 -74
 -2327 16893 1000
 -2738 16836 1438
 -3602 16823 2328
 -3356 15809 1933
 -2994 14858 1722
 -2712 16344 1769
 -2509 18384 845
 -574 16117 -1068
 1598 12524 -3740
 1923 16631 -5377
 3457 16112 -4932
 3660 14464 -5747
 5111 15296 -4968
 3703 15490 -3517
 3802 11634 -1078
 4534 15306 6
 2813 16364 1199
 1739 14709 610
 210 16470 -1264
 1044 15646 -2195
 491 15120 -2468
 213 15460 -2739
 793 15710 -3888
 1384 16826 -3892
 2338 18072 -4293
 2974 15136 -2796
 4099 17583 578
 3846 13998 1616
 4287 13866 5139
 4166 13444 6308
 3245 13889 5732
 4506 12812 5080
 1927 14651 3185
 1309 15620 25
 -1225 22951 -3219
 3045 17550 -5173
 -160 17970 -3097
 2000 16070 756
 3424 10187 4517
 4225 10856 4070
 2532 12525 3877
 2088 13547 3658
 1625 17759 1534
 1568 20128 -47
 1615 18565 -1899
 1317 17474 -530
 218 16497 1001
 53 16636 2022
 710 17417 2873
 -116 16663 3334
 910 15712 3052
 613 15364 2887
 873 15613 2789
 538 15613 2606
 9 15492 2797
 292 16054 3411
 -222 16358 4176
 131 16671 5305
 213 17125 6427
 286 17453 6846
Repetition Start
 579 16967 6334
 1419 16833 5272
 2372 16847 2840
 1528 13128 -1942
 1160 12334 -3148
 1599 13883 -3967
 -288 13764 -4388
 1113 14773 -3636
 1939 15179 -4641
 1605 14798 -4193
 493 13464 -3613
 815 16516 -3183
 4009 15525 -4203
 555 15178 -3143
 1720 15659 -2363
 1916 15300 -2839
 1211 15849 -3764
 1756 15743 -4674
 793 13709 -4686
 1317 12812 -4635
 830 13842 -5439
 1472 14043 -7292
 3171 11837 -8346
 5304 14610 -2942
 1071 17697 279
 4875 17681 1837
Repetition End
0
 3078 17689 2487
 1893 18055 2603
 2039 17653 2173
 2776 16758 1242
 2564 16457 1184
 1587 16306 1844
 675 16944 2080
 404 16711 2167
 1412 17446 2797
 2367 18450 4631
 26 18067 4912
Repetition Start
 646 18289 4039
 2113 18755 2302
 4501 18023 -943
 2658 12540 -3839
 2965 11115 -4947
 3012 12667 -5784
 -559 13046 -4531
 1884 17870 -4958
 4124 15617 -5298
 2433 11519 -5669
 4274 16309 -1373
 3767 12514 -3213
 4787 15098 -4587
 4727 15346 -4765
 4446 14732 -4366
 5061 15317 -4362
 4746 15479 -4300
 2846 13424 -4984
 1644 14539 -5057
 1794 14178 -6298
 1157 13355 -5745
 -29 11327 -5165
 214 12643 -6495
 1788 14600 -6789
 3863 10748 -7069
 4290 13112 -3899
 3780 15179 -1143
 3686 20515 -291
 2403 16326 160
Repetition End
0
 2015 18167 457
 1482 17932 415
 2073 17712 244
 1990 17569 242
 2070 17070 513
 2260 16841 478
 2514 17032 1094
Repetition Start
 2540 17566 1403
 1849 18401 1802
 2464 18182 1657
 2563 17089 1533
 1890 17758 1541
 2299 17256 754
 2284 15899 -1998
 2666 13351 -4693
 1918 12215 -4670
 2738 12494 -5945
 1715 15837 -5117
 2309 14411 -5119
 1411 13896 -4690
 884 14882 -4036
 837 14109 -3213
 2972 16288 -4300
 2441 16250 -2415
 3451 13721 -2643
 1754 14180 -2784
 2500 14666 -3149
 1934 14319 -3775
 1112 14956 -5670
 2074 15216 -6524
 1810 13456 -5429
 1145 11175 -5716
 505 13758 -6627
 1341 13397 -8280
 5065 11427 -6861
 4799 18312 -4754
 5133 18368 -3046
 4080 16555 -525
Repetition End
0
 3069 17738 -81
 3859 17407 983
 3406 17640 513
 3829 17804 36
Repetition Start
 5119 17125 -125
 4053 16893 602
 5555 16400 947
 5149 15768 1233
 7285 15240 1276
 7560 15311 1535
 6460 16045 1506
 6636 15665 2128
 6715 16760 1966
 8076 19879 295
 6670 17206 -2996
 2525 12162 -4961
 3597 12825 -5005
 2970 11691 -5587
 1383 12368 -4729
 1943 12878 -4761
 3149 16974 -5197
 3467 17573 -5235
 2258 13538 -3740
 3764 16598 -3094
 3151 13522 -3390
 1802 14400 -2577
 4194 16371 -3125
 2516 14639 -3670
 3282 15930 -3704
 2582 13639 -4474
 1904 15972 -4910
 1985 14814 -6604
 2395 13873 -6100
 1795 12814 -5863
 -170 12115 -6261
 2715 13362 -7813
 4828 11105 -8313
 5001 17984 -5927
 761 16342 -1031
 4127 17079 -2682
Repetition End
0
 2241 17054 -1119
 1422 17764 -1059
 1980 19268 -2
 2509 17259 -883
Repetition Start
 2363 16726 -630
 2626 17679 -167
 3228 18701 446
 3018 17768 812
 3066 16750 501
 2653 16292 1080
 3108 17418 1404
 4868 19021 349
 4705 19549 -2607
 2852 14635 -4145
 545 9733 -5050
 4136 13096 -6035
 1193 13116 -7018
 1390 14332 -5813
 2918 14547 -6299
 2582 14917 -4104
 1566 13670 -3200
 1395 14508 -1674
 4176 15462 -3534
 2752 16496 -3554
 3093 15381 -2351
 3562 15260 -2362
 3417 15319 -2982
 3290 13453 -3494
 1188 15924 -2871
 2068 15749 -6137
 2960 15367 -5392
 786 13507 -5094
 438 13167 -6543
 2253 13306 -6665
 4741 11340 -7634
 5398 13460 -5202
 3497 14869 -2433
 6830 19454 -931
Repetition End
0
 2755 17345 -519
 3045 17839 -182
 2144 17631 202
Repetition Start
 2761 18007 1
 2235 18491 936
 2912 18030 644
 3182 17535 941
 3277 16334 489
 3177 16988 353
 -645 16932 2265
 1851 16761 1950
 1605 17616 765
 2838 20057 131
 1379 18158 -2829
 3123 11751 -5797
 975 14515 -4379
 -781 11674 -5316
 -374 13686 -4788
 1430 15111 -3838
 1280 12909 -4080
 676 15652 -5147
 1016 15688 -3770
 1645 17948 -3716
 3096 14191 -3885
 1121 14048 -2777
 2186 15341 -3604
 2890 13823 -3833
 1179 15709 -4863
 1527 16766 -6023
 1963 13697 -4855
 324 11223 -5494
 1631 14610 -5615
 2061 12806 -6243
 2212 8225 -7986
 4611 20648 -2480
Repetition End
0
 4289 17639 -2383
 2663 17226 -966
 4290 16695 -465
 3710 16344 -580
Repetition Start
 3011 18200 71
 2841 17210 -83
 2916 17165 857
 2250 16785 837
 3769 17421 664
 3007 17287 1282
 3740 17518 1769
 5088 17168 1862
 4920 17268 2162
 4760 19072 2069
 5982 20317 -1128
 2502 12461 -4604
 1988 10894 -4600
 2888 10793 -6300
 258 11609 -6279
 -140 14136 -6352
 3006 14637 -7435
 995 15175 -5941
 1778 14269 -4905
 1256 14469 -4005
 3155 16383 -4730
 1016 15125 -3414
 2997 15188 -3054
 3685 14747 -3470
 3666 15267 -3552
 971 14498 -3907
 2080 16055 -5478
 2504 14042 -5989
 1845 13323 -4483
 2389 15496 -4581
 1152 11362 -4029
 3893 8407 -5486
 4041 22713 1591
Repetition End
0
 2463 16019 1099
 3027 15378 370
 2690 18873 148
 3702 18067 1050
 3055 17563 -5
Repetition Start
 5383 17427 -465
 4768 16295 195
 4107 16056 313
 4578 16333 1274
 5797 16701 2356
 4524 17272 3597
 4358 18660 3488
 4057 20325 1724
 4243 21281 -624
 4717 14971 -4209
 2705 9605 -5309
 6052 11086 -5331
 2442 11085 -5513
 2193 10574 -4454
 4193 13856 -7790
 6290 14677 -6742
 1325 14044 -3535
 5948 13610 -5104
 1892 13233 -3192
 5887 17353 -4010
 2854 13924 -2760
 2638 14975 -3075
 3597 15196 -4881
 2980 14076 -4291
 2025 14720 -5692
 3335 15745 -7221
 1165 13141 -6074
 1574 11708 -6823
 1767 12116 -6834
 1688 13666 -6805
 3710 10065 -8204
 6988 20547 -4579
Repetition End
0
 14 16383 -1971
 4504 19633 -1650
 1861 18247 -251
 2296 18015 -667
 2341 18889 -395
 3150 18173 -171
Repetition Start
 707 17771 640
 336 18014 1107
 1196 18115 1395
 1043 17160 2475
 703 17710 2974
 313 18324 3178
 2841 21366 2865
 4154 19141 -1026
 1931 10607 -4504
 3323 8525 -4466
 1176 11259 -5119
 1215 14066 -3841
 2073 13893 -4226
 4753 15363 -5331
 3759 15325 -4793
 1575 13048 -4079
 3033 14519 -3693
 1338 16023 -3010
 3675 12950 -4388
 2157 15229 -3014
 1961 15437 -3279
 3648 15041 -4564
 3154 13726 -5392
 1537 14842 -5640
 2671 15332 -6928
 2598 13535 -5612
 705 11717 -4437
 -177 14782 -5230
 3189 12290 -7187
 5425 14899 -4440
 1809 16466 -1118
 4910 15932 -1468
Repetition End
0
 4500 18481 -982
 3232 17875 -649
 4817 17930 -1497
Repetition Start
 3873 18570 -1021
 3204 18611 -225
 3726 17610 6
 2588 17516 45
 2884 17572 727
 2918 17924 878
 3318 18521 1498
 3597 18852 1277
 4011 19787 -479
 4855 20644 -1563
 4582 12403 -4172
 2266 7942 -5454
 4491 12568 -4831
 867 11859 -4772
 1346 13439 -5849
 4224 15595 -6636
 1943 13894 -5479
 2904 14467 -5077
 1788 13766 -4843
 1837 16547 -4729
 2055 15349 -5038
 1035 15648 -3668
 1669 14560 -4446
 1807 15175 -4477
 1689 15145 -6167
 1723 14729 -5378
 754 13753 -4989
 1288 13962 -4566
 771 13703 -5510
 1867 12613 -6641
 4260 10940 -7137
 2694 16333 -3891
 1737 17925 -459
Repetition End
0
 2020 16981 -1900
 847 17698 314
 1616 17837 -304
 1840 18213 142
Repetition Start
 1358 18325 280
 1498 18363 969
 908 17991 1078
 906 17734 1707
 1291 17335 1104
 2696 17209 474
 2158 17378 492
 2077 18217 538
 1772 19984 -105
 2839 19372 -401
 2247 15630 3456
 888 11229 5513
 965 11283 5548
 2130 11861 4113
 2697 11501 3035
 3888 12517 2409
 5551 13839 1057
 5794 14173 245
 4416 14553 -1231
 4532 15434 -2692
 3010 15834 -3564
 2637 15413 -3787
 2710 17685 -5240
 4000 14496 -4829
 2873 16399 -4870
 1364 14395 -4828
 1683 15152 -4596
 1482 15832 -4788
 1347 15709 -4901
 1187 15484 -4756
 1227 15379 -4562
 948 15842 -4065
 2396 15858 -4081
 2176 14803 -4412
 2795 15939 -3816
 2257 17036 -3908
 3527 15030 -4200
 3558 15132 -3168
 4561 15076 -2890
 5059 15699 -3086
 4691 14993 -3283
 5190 14156 -3560
 5382 15105 -5000
 2786 16112 -2781
 2245 16314 -4539
 2270 15157 -3319
 2543 14805 -3779
 1948 15455 -4013
 1485 15751 -3987
 733 15671 -4197
 1378 15360 -4752
 936 15622 -5042
 797 15516 -4636
 1456 15519 -4812
 698 15319 -4639
 488 15544 -4568
 952 15281 -4964
 1110 15559 -4789
 911 15668 -4643
 1046 15584 -4570
 857 15782 -4327
 1433 15345 -4185
 1852 15631 -4198
 1824 15385 -3972
 1917 15517 -4235
 2124 15542 -4275
 2108 15271 -4365
 2228 15175 -3989
 2639 15412 -4153
 2942 15562 -4308
 2941 15054 -4301
 3003 15041 -4060
 2821 15843 -3940
 2929 15530 -4086
 2346 15521 -4011
 2495 15448 -3607
 2573 15595 -3825
 2667 15488 -3914
 2640 15533 -3903
 2728 15483 -3711
 3342 15698 -3750
 2667 15254 -3228
 2883 15314 -3440
 3172 15513 -3554
2632 15426 -3712
 2449 15852 -3107
 2646 15605 -3500
 3003 15392 -3302
 2657 15634 -3152
 3050 15526 -3291
 2989 15561 -3257
 2715 15322 -3303
 2479 15233 -3181
 2424 15260 -3400
 2312 15393 -3104
 2641 15954 -4004
 2544 15632 -4057
 2330 15638 -3956
 2492 15578 -3904
 2463 15420 -3254
 2295 14979 -2851
 2382 15595 -2995
 2177 15583 -2592
 2243 15562 -2949
 2876 15529 -3567
 2469 15349 -3491
 2326 15546 -2925
 2729 15787 -2797
 2366 15847 -2791
 2524 15599 -3473
 2731 15547 -3331
 3199 15465 -4011
 3078 15486 -3914
 3241 15419 -3786
 2924 15253 -3690
 2937 15622 -3831
 3036 15607 -4012
 2562 15463 -3813
 2238 15521 -3588
 2419 15463 -3715
 2371 15473 -3776
 2632 15504 -3680
 2465 15462 -3807
 2798 15498 -3916
 2570 15536 -3884
 2445 15467 -3849
 2659 16058 -3943
 2419 15095 -3647
 2073 15245 -3082
 2449 15334 -3735
 2521 16105 -4040
 1141 14660 -4583
 -706 14700 -4188
 880 16762 -3586
 2400 16194 -4385
Repetition Start
 1976 15801 -3590
 1163 14978 -3568
 2308 15889 -3548
 1985 15683 -3527
 1212 15685 -3736
 -159 15721 -3888
 1945 15984 -2209
 4243 14469 -1771
 4270 11576 -2070
 3422 12636 -1538
 1239 13212 200
 88 17821 1550
 261 13237 476
 2708 13958 1382
 3428 17402 2228
 2212 15359 -730
 939 19456 -1549
 832 21703 23
 1324 19575 -1807
 1121 19031 -2046
 1909 20310 -1086
 1679 19272 -1560
 1474 19992 -707
 1311 18327 -703
 1672 16639 232
 1138 13266 897
 559 11442 1043
 2521 12036 567
 2635 11334 -869
 4980 12525 -851
 4561 12753 -1659
Repetition End
0
 121 21371 -3953
 -14 15914 -3282
 1756 16450 -3186
 1260 16770 -2992
 1645 15305 -3181
 3003 15647 -3202
Repetition Start
 2340 15274 -3361
 2365 15427 -3469
 2395 15793 -3461
 2599 15575 -3918
 3369 15189 -4140
 -232 15994 -1975
 -351 15149 -2974
 138 15491 -3954
 636 15565 -2380
 1436 12918 -2360
 833 12710 -1293
 92 10231 -304
 1331 12155 -551
 377 17016 -499
 380 16833 -374
 -383 18071 -1087
 785 21123 733
 266 19561 1436
 732 18783 284
 1063 18604 867
 1072 19138 652
 885 19922 -304
 745 20514 -746
 708 17212 -900
 807 13624 -344
 -294 11540 470
 -1 11823 -1562
 131 12808 -1548
 -920 14417 -2400
 -709 15200 -2534
 -456 13843 -2802
Repetition End
0
 4124 20716 -4274
 1985 17019 -3523
 1259 15095 -3759
 2671 15661 -4219
 1817 15214 -3413
 1681 15462 -3578
Repetition Start
 2080 15654 -3687
 1073 16162 -3750
 526 15885 -3544
 2699 16627 -2303
 2303 14558 -2550
 3194 14863 -3307
 2267 14128 -1313
 1143 13769 -677
 259 14730 132
 1737 13346 702
 1844 13882 984
 2029 15297 253
 1272 17261 575
 2816 18783 -781
 2080 18705 -125
 1243 19367 -82
 1204 20029 392
 265 19514 548
 1016 19549 -349
 389 19349 -1094
 -30 20301 -1579
 319 18152 -823
 1071 13413 1300
 1361 10534 1496
 3609 10853 481
 3578 12156 -357
 2438 14430 41
 5678 14178 -922
 4499 14337 -1246
Repetition End
0
 4020 15496 -1220
 543 16748 -1217
 3336 15906 -1475
 3125 16608 -1949
 2391 15061 -1878
Repetition Start
 2619 15523 -2061
 2606 15618 -1956
 2584 15421 -2463
 2670 16020 -2548
 1730 16288 -3008
 -595 15481 -2268
 31 15607 -337
 -1012 14741 -1235
 137 15459 -1050
 934 13377 -251
 29 12982 -18
 1212 11193 -143
 627 13748 -597
 -199 16954 -1814
 886 18185 -2167
 912 19192 -1453
 1261 18593 -407
 931 18605 -1196
 2744 18689 -1144
 2159 18421 -1199
 1063 19431 -2067
 1526 21021 -2448
 3811 19809 -3759
 3772 17428 -2041
 2920 12584 -660
 825 11265 765
 808 12075 -803
 -293 13130 -686
 -2782 13055 -425
Repetition End
0
 48 14206 -1024
 2958 16962 -4234
 5768 15637 -5862
 499 14231 -3737
 4372 15781 -4111
 2973 15052 -3979
Repetition Start
 1978 15300 -3564
 2038 15609 -3580
 2206 16216 -4053
 2687 15456 -2615
 3764 15234 -2185
 4265 14192 -2204
 3277 13183 -2219
 2670 14158 -857
 746 15103 -242
 333 15341 803
 239 12364 1312
 729 12665 1583
 843 17588 1107
 1134 17577 359
 2563 20335 -33
 2282 18378 864
 1467 18390 1080
 1362 19538 500
 2675 20749 -478
 2181 21452 -1193
 2285 19185 -757
 1769 15966 46
 1204 13405 2064
 901 11482 2140
 1902 11257 685
 2951 11764 -287
 4111 14116 -65
 5073 14226 -631
Repetition End
0
 3474 15335 -1526
 2601 16766 -2045
 -174 15314 -1325
 2116 15674 -1492
 2284 16698 -2184
Repetition Start
 2300 15288 -2055
 2397 15550 -2229
 2814 15645 -2756
 3041 15847 -3466
 731 15710 -2468
 -327 15069 -672
 -552 14554 -1753
 553 15879 -1639
 864 15781 284
 -298 12574 -567
 2222 14590 55
 1487 12726 796
 -98 12808 -853
 -1186 16371 -972
 -884 19346 -1395
 662 21113 -1164
 -119 19110 -2056
 1272 20214 -2979
 816 20612 -3744
 -190 21376 -3730
 -1191 19910 -3755
 847 16064 -1583
 367 11986 -622
 -594 10626 1017
 -507 12275 90
 -2110 14059 -957
 -1748 16102 -1540
 -2741 14871 -938
 -1888 15013 -1910
 -1951 15095 -2842
Repetition End
0
 400 16207 -3168
 856 14895 -3216
 714 16792 -2606
Repetition Start
 814 15873 -2469
 1091 15920 -2403
 707 15615 -2522
 1067 16288 -2664
 648 15626 -2495
 1847 14843 -1517
 2847 13445 -844
 2181 13759 -1886
 2461 14466 -912
 923 14606 -319
 1255 15724 243
 68 15204 2736
 2082 12155 2070
 1978 12878 1857
 1974 17148 784
 3699 19393 -94
 4622 18514 -357
 6050 18817 -1069
 5740 19724 -234
 7121 20011 -541
 2276 17991 994
 5147 19368 -394
 4818 18671 -732
 3993 14854 -35
 1632 10858 882
 2486 12100 915
 2545 11848 229
 4241 14871 -411
 4246 14997 -419
 3888 13723 179
 3780 13374 -388
 2354 22900 -2617
Repetition End
0
 2 15503 -1235
 1518 15962 -1997
 2384 16548 -2940
 1750 15676 -2881
Repetition Start
 2292 16094 -2890
 2516 15834 -2871
 -379 15351 -1333
 -2012 14727 -766
 -186 15688 -1634
 491 13997 -1430
 1398 13344 -1069
 2018 14556 -500
 2027 11994 -256
 1036 15691 -182
 1132 14696 -2107
 1497 19623 -1309
 3010 20888 -1472
 2188 20110 -1188
 -18 18795 -1033
 952 17741 -1951
 1713 18354 -2091
 379 19522 -1882
 116 18396 -1910
 1957 14738 -814
 1151 11755 302
 281 11453 925
 -618 13101 26
 -1130 15272 -1092
 -585 15826 -2036
 -1291 15338 -2229
 -1808 15498 -1949
Repetition End
0
 -513 15605 -2828
 1046 17212 -3528
 2113 14095 -3536
 1137 15016 -1784
Repetition Start
 1151 15516 -2200
 2505 15977 -2051
 1189 15594 -2036
 1531 15837 -2344
 1934 15602 -2881
 1908 15765 -2974
 1553 15737 -3050
 1685 15898 -2687
 1596 15773 -2836
 1232 15881 -2437
 1482 15769 -2005
 1491 15765 -1925
 1722 15903 -1893
 2235 15382 -1940
 2528 15710 -1836
 2150 15606 -2069
 1774 15839 -2300
 1661 15661 -2761
 1576 16146 -2695
 1528 15826 -3099
 1425 15884 -3167
 1326 15874 -3103
 712 15797 -3263
 552 15789 -3040
 603 15206 -3392
 638 15883 -3436
 587 16146 -3181
 474 15106 -3245
Repetition End
0
 1348 15628 -3467
 1958 16011 -3469
 1544 15550 -3466
 2032 16358 -3190
 1251 15575 -2896
 1646 15753 -3065
 1667 15695 -3229
 1742 15502 -3030
 2155 15603 -3058
 2333 15667 -3118
 2442 15652 -3036
 2597 15508 -3040
 2806 15713 -2924
 2718 15630 -2861
 2341 15674 -3019
 2264 15609 -3061
 2024 15740 -3070
 1997 15643 -3009
 2135 15748 -3059
 2033 15722 -2973
 2102 15733 -2832
 2051 15563 -2813
 2306 15738 -2835
 2292 15718 -2906
 2371 15546 -2952
 2563 15673 -2901
 2728 15629 -2909
 2553 15468 -2971
 2411 15855 -3250
 2599 15269 -3090
 3271 14076 -3531
 3500 14441 -5418
 3421 12187 -6204
 2042 10903 -5006
 5002 18735 -6745
Repetition Start
 5590 22904 -11978
 2807 15138 -10360
 5583 7643 -5409
 4612 10015 253
 -2493 4239 12567
 -6255 18043 7089
 -6741 24901 13280
 -8631 24757 10075
 -5999 25522 6461
 -2875 22291 1168
 4517 7635 -4995
 2200 12991 -2677
 5035 7611 -3972
 6089 10071 -5187
 10218 22784 -8266
Repetition End
0
 1891 11609 -3119
 4048 14338 -1715
 2849 16313 -2186
 3247 14848 -1494
 3595 15328 -3116
 3144 16122 -2145
 1491 15768 -1230
 2602 15932 -2632
 2265 15973 -2546
 1530 15014 -1770
 2160 12559 -1354
 1101 11668 -3650
 3755 15041 -5889
 3276 20710 -10571
 2561 16050 -9756
 673 10198 -5565
 -1358 6511 -3370
 5029 10023 -2334
 8339 22853 4571
 5008 21241 9822
 3610 18090 15244
 359 17999 17372
 2014 17968 12826
 2363 21316 9181
 5122 26103 2792
 1235 13170 -3470
 2496 6109 -2049
 2721 8087 -5225
 -2128 11361 -6065
 1104 13349 -5871
 2546 12719 -6507
 6354 17370 -6296
 2545 14134 -4381
 3461 14769 -3908
 1529 14506 -2972
 2953 15525 -2902
 2939 14801 -3685
 2537 15150 -3584
 2953 14856 -4275
Repetition Start
 3165 14268 -3640
 3450 14954 -3896
 2076 15946 -4513
 3499 16598 -7036
 3030 12777 -5977
 6330 7702 -5323
 1517 10001 -3806
 -3147 8985 1147
 356 18964 1169
 -7664 19902 3949
 -802 22316 6891
 -2285 20058 8117
 -2599 19285 8147
 -2027 18202 6830
 855 24755 6249
 3582 18834 -312
 5756 7902 -3780
 2688 8828 -3756
 6179 10128 -4388
 4816 10413 -6631
 6894 16970 -5686
 4650 15177 -1479
Repetition End
0
 -1481 13194 -3075
 1388 13262 -1283
 3157 14454 -3407
 1928 16565 -1911
 2688 16269 -2944
 1408 15319 -2266
 1808 15678 -2628
 1273 13418 -1421
 -1398 11292 -1407
Repetition Start
 1776 15464 -5507
 2653 20856 -12500
 2074 15037 -9687
 891 9291 -6089
 -1329 10438 -4055
 3992 11706 -1816
 8791 12333 1913
 5462 15784 15551
 6424 15140 16722
 2112 16302 16447
 6498 20211 12542
 6643 25350 5905
 1405 11049 -3415
 2500 4873 -2782
 2805 12522 -4031
 -2028 14236 -5598
 1640 15896 -7444
 3887 15573 -8056
Repetition End
0
 3544 12558 -6850
 2801 16127 -4059
 1864 14997 -3822
 2807 13749 -2308
 1384 14381 -1759
 2159 15630 -2879
 2285 15135 -3006
 2356 14789 -3684
 2080 14222 -3258
Repetition Start
 2261 10988 -3580
 2137 13786 -5955
 5353 15913 -12441
 4864 16282 -14781
 5073 12186 -10980
 4590 12470 -4060
 499 7133 -1128
 -2505 15178 5653
 -10575 14063 15595
 -3257 15169 13861
 -5236 15159 18141
 -4408 15687 16070
 -6017 20073 14515
 -535 20796 4279
 2213 7279 -2425
 313 11812 -2802
 3892 8278 -4646
 5233 15004 -6273
 7873 25372 -6830
 1225 15313 -3043
Repetition End
0
 3463 13848 -2882
 3287 14700 -4533
 2638 11518 -5194
 5059 16082 -5138
 2500 14970 -5318
 3008 15400 -5078
 1677 15577 -4485
 2077 15510 -4570
 1947 15423 -4290
 2013 14903 -4085
Repetition Start
 997 13700 -3848
 3930 14910 -5116
 3421 14383 -6970
 2955 14935 -8223
 1354 13084 -6545
 1555 13724 -5526
 1726 10479 -6783
 7015 12274 -3498
 2154 13446 986
 12657 25274 7201
 -2213 15480 6413
 2976 18882 8262
 2794 17959 6699
 1774 17467 8935
 2980 16718 6362
 2981 17357 6105
 4220 18676 4267
 3950 19257 1573
 -404 10698 -3006
 4767 10562 -5473
 1613 9490 -7881
 116 16645 -6360
Repetition End
0
 2244 15729 -8295
 2582 14769 -7003
 2003 15517 -5651
 1138 15044 -3817
 2274 13849 -3690
 1701 15084 -1609
 2224 15357 -3090
Repetition Start
 2806 15529 -2905
 2505 15568 -3202
 2344 15303 -2871
 3241 14701 -2697
 2075 15686 -3374
 1770 14292 -3771
 3063 13485 -5912
 4219 13373 -4734
 5542 10961 -7919
 4108 15172 -4614
 1304 9035 -4211
 -4740 12244 2731
 1849 24927 677
 -884 22656 8120
 -4405 18912 8876
 -4392 18964 9732
 -3786 20576 9077
 -4104 23594 6104
 -1005 20273 1132
 1799 9975 -3113
 2346 7509 -4267
 264 8456 -4126
 4814 12818 -5651
 7394 15618 -6175
 4909 11423 -9307
Repetition End
0
 -594 10486 -2950
 3498 20691 -5035
 766 13679 -2852
 3768 12704 -4624
 3520 16087 -4917
 1046 16275 -3742
 1495 16509 -2427
 2216 14580 -3260
Repetition Start
 311 10673 -1649
 3984 15075 -2636
 2625 15955 -9916
 4756 18505 -11373
 3635 10815 -8635
 2858 10040 -7016
 2684 10887 -5480
 3232 6778 -3020
 7995 19323 1506
 4662 19350 11509
 -420 21041 11866
 818 17292 10489
 -2459 19224 11061
 2784 19831 9401
 4009 18890 6615
 4573 11170 3002
 872 3793 -964
 -1369 17290 -8139
 4467 20536 -9545
 1632 15142 -7940
 3689 17664 -6877
 350 15651 -3638
 1766 10917 -3136
Repetition End
0
 4320 14387 -4187
 4346 15148 -5034
 3857 15018 -5661
 3636 15852 -5928
 2661 13763 -5695
 2815 16313 -3779
 1908 15598 -3354
 3734 15517 -3326
 2781 14995 -3053
 3631 15309 -3707
 3982 15459 -4431
 3801 14568 -4671
 4002 15064 -4798
 3936 14990 -5367
 3800 15218 -4553
 3079 15226 -4112
 3880 15079 -4930
 3426 14726 -4747
 3419 15188 -5014
