Repetition start
1.4370809364
1.4370809364
1.49162290038
1.65109364925
1.65109364925
1.76870732146
1.67692331598
1.67692331598
1.53145428312
1.53145428312
1.67214841256
1.67214841256
1.63207274202
1.63207274202
1.63207274202
1.7222090863
1.7222090863
1.7222090863
1.7222090863
1.90352863955
1.90352863955
1.7440968163
1.7440968163
1.60271478581
1.60271478581
1.5324598491
1.44861250405
1.29150345916
1.35737350844
1.27194319268
1.27194319268
1.18619460742
Repetition end
1
0
0
Repetition start
1.29214210967
1.45076920685
1.41388578259
1.49072548884
1.55889030494
1.70995604984
1.70995604984
1.72080485663
1.72080485663
1.6121744823
1.6121744823
1.63507442224
1.6658993118
1.6658993118
1.84208203492
1.73556279951
1.58513100911
1.58513100911
1.47959084009
1.47959084009
1.51958873537
1.51958873537
1.51958873537
1.45811778176
1.35772726891
1.35772726891
1.35772726891
1.35772726891
1.20988398993
1.36325036864
1.24674124622
1.24674124622
Repetition end
1
0
0
Repetition start
1.21318751155
1.21318751155
1.36857161078
1.52407617264
1.52407617264
1.52407617264
1.48454974928
1.48454974928
1.52688147239
1.59440451043
1.70844569518
1.56565753066
1.6472876785
1.63189290927
1.7509135061
1.83643140541
1.83643140541
1.70450205428
1.56718019857
1.52952242366
1.42535763548
1.42535763548
1.48141240817
1.48141240817
1.38520701977
1.30673724047
1.24477214445
1.24477214445
1.16746944899
1.16746944899
1.16746944899
1.16746944899
Repetition end
1
0
0
Repetition start
1.20726565366
1.31692531438
1.37691991509
1.5521786985
1.5939047799
1.5939047799
1.65625150474
1.65625150474
1.66497559301
1.65128919642
1.61934530922
1.61934530922
1.61934530922
1.7026619216
1.65796021231
1.74889514523
1.62939837338
1.57444233052
1.57444233052
1.57444233052
1.37282742419
1.38668314928
1.40632349723
1.40632349723
1.40632349723
1.29785425202
1.29785425202
1.29785425202
1.2582301489
1.2582301489
1.25736225848
1.29142788986
Repetition end
1
0
0
Repetition start
1.2266756859
1.37125853692
1.37125853692
1.37125853692
1.37125853692
1.49910910296
1.50579447551
1.5661027072
1.61130064161
1.61130064161
1.49525486283
1.49525486283
1.49525486283
1.49525486283
1.62282286313
1.62282286313
1.74822352492
1.74149543334
1.74149543334
1.72318682966
1.72318682966
1.72318682966
1.58361292528
1.46687525706
1.39394574336
1.41190493622
1.41190493622
1.41190493622
1.37140219634
1.37140219634
1.37492181138
1.31108726952
Repetition end
1
0
0
Repetition start
1.11262010886
1.10591740653
1.10591740653
1.17853792812
1.4604128658
1.3977400543
1.3977400543
1.52817728513
1.52803163819
1.60983515267
1.60983515267
1.63234847379
1.68110816115
1.66958757367
1.57868294838
1.72588234122
1.64027276232
1.64027276232
1.64027276232
1.60274332059
1.61037309608
1.61037309608
1.46240813902
1.42413463616
1.42413463616
1.45006188315
1.45006188315
1.38051962281
1.30918749676
1.30918749676
1.25840799972
1.25840799972
Repetition end
1
0
0
Repetition start
1.27722846832
1.32557050107
1.32557050107
1.32557050107
1.44188279775
1.44188279775
1.49099587249
1.49099587249
1.54415038048
1.54415038048
1.58416361095
1.58416361095
1.60862131665
1.60742758777
1.65178956214
1.68834350176
1.62947158814
1.66609307318
1.66609307318
1.65364737748
1.60223243704
1.5125368034
1.5125368034
1.5125368034
1.42973015544
1.40376746872
1.36689300635
1.36689300635
1.357697806
1.34054225948
1.34054225948
1.29291837139
Repetition end
1
0
0
Repetition start
1.29438776189
1.29024076509
1.40208873848
1.40208873848
1.44114807577
1.57607459249
1.56631156702
1.56631156702
1.58238618543
1.55132592579
1.55132592579
1.57834427793
1.54161817739
1.54161817739
1.63617532717
1.70786729761
1.68551676161
1.68551676161
1.47265958533
1.47265958533
1.43711471707
1.50358976774
1.42970915293
1.42970915293
1.35183773656
1.35268017002
1.36137181271
1.28975583851
1.19148146751
1.08604817718
1.1987430331
1.1987430331
Repetition end
1
0
0
Repetition start
1.30779668532
1.30779668532
1.45230875753
1.54153894742
1.54153894742
1.61245497402
1.61245497402
1.67833512778
1.67833512778
1.6107361232
1.6107361232
1.60720359043
1.67324787997
1.67324787997
1.68441547733
1.68441547733
1.69484336906
1.64045627839
1.56376334854
1.56376334854
1.48237023119
1.48237023119
1.45029896709
1.45029896709
1.45029896709
1.48503507318
1.42609097239
1.39830640093
1.26346860073
1.3038737449
1.3038737449
1.3038737449
Repetition end
1
0
0
Repetition start
1.40852224567
1.40852224567
1.45852090631
1.56189225298
1.56189225298
1.56189225298
1.545887297
1.60840009702
1.60840009702
1.5304634193
1.54588675961
1.54588675961
1.54588675961
1.62209266082
1.46570807198
1.62864622835
1.67370698729
1.69065519798
1.59571824481
1.59571824481
1.57545331674
1.50547058811
1.47872496752
1.37675604661
1.37363320118
1.37363320118
1.42675239985
1.27191996401
1.27191996401
1.34688981003
1.34459761983
1.34459761983
Repetition end
1
0
0
