0 0 0
 -19 4603 15573
 29 4609 15554
 -41 4636 15636
 -148 4648 15451
 54 4689 15562
 6 4632 15619
 109 4525 15412
 -48 4590 15509
 -18 4591 15547
 39 4683 15481
 27 4625 15523
 -108 4661 15529
 -123 4583 15516
 150 4629 15606
 0 4530 15343
 137 4537 15751
 279 4720 15453
 -1065 4737 15935
 -735 4648 15119
 -1522 5902 16179
 1055 4181 13169
 -952 6210 13636
 -2698 6577 14315
 -2016 6418 13367
 -2647 6518 13519
 -3048 6349 13890
 -2340 6167 13941
 -1897 5895 14007
 -1765 6207 14005
 -2195 6185 13833
 -2133 6000 13578
 -2385 5973 13630
 -2436 6330 14101
 -2340 6017 14144
 -2144 5993 14348
 -1990 5809 14199
 -2382 5965 14580
 -2518 5973 14599
 -2634 5913 14621
 -2327 6064 14556
 -2204 5974 14467
 -2273 5915 14345
 -2281 5917 14376
 -2259 5981 14465
 -2058 5863 14418
 -2018 5893 14394
 -1954 5941 14292
 -2012 5969 14401
 -2137 5915 14557
 -2101 5913 14522
 -2050 5876 14619
 -1833 5729 14582
 -1943 5862 14533
 -1747 5712 14555
 -1830 5770 14600
 -2060 5667 14465
 -2415 6376 13268
 -1671 5731 13990
 -1616 6143 14293
 -2012 5989 14063
 -1930 5880 14298
 -1656 5809 14185
 -1957 5974 14049
 -1848 5782 14487
 -1952 5680 14489
 -1784 6243 13942
 -2936 5967 14924
 -2967 5969 14804
 -2230 5626 15129
 -2194 5494 15232
 -2460 5305 15602
 -4268 5340 16710
 -4091 5632 17045
 -4781 5390 16978
 -4435 5586 16559
 -6770 4898 17473
 -6765 5526 18686
 -7389 5123 18671
 -7580 4816 18446
 -9013 4530 17967
 -8517 4841 18147
 -9364 5299 16426
 -7550 5485 16285
 -6705 5207 16519
 -6915 5446 16487
 -6861 5793 16462
 -6837 6031 15830
 -6388 6725 16607
 -4348 6089 16283
 -3207 5507 14934
 -3025 5031 14923
 -677 4059 16013
 -1777 5037 15919
 -2167 4709 16052
 -910 3540 15658
 -1353 3374 16842
 -6571 4434 19249
 -7703 2631 20546
 -6347 1646 21266
 -8324 2122 21369
 -9874 982 22283
 -8664 85 21559
 -10571 -2861 25387
 -9543 -5597 24870
 -4817 -5530 25182
 -4204 -5238 25877
 -5802 -5446 25643
 -5056 -6198 25398
 -3709 -7238 25665
 -3341 -6590 26413
 -5421 -5725 23842
 -4917 -3998 24162
 -1643 -3965 24032
 -3654 -5489 24504
 -3474 -4653 24648
 -3055 -4515 24618
 -3633 -4870 24567
 -2214 -4212 23559
 -3322 -3513 24089
 -2535 -4698 22671
 -4703 -3087 25304
 -4317 -3515 24067
 -5167 -3541 25171
 -6842 -4802 26488
 -5157 -5888 25264
 -4158 -4319 25196
 -8674 -3510 22928
 -11032 -1103 22857
 -5859 -2194 23732
 3780 -10328 28306
 -7315 -3770 26655
 -4481 -4382 24087
 -3904 -4439 24314
 -3847 -4897 24393
 -3951 -4942 24551
 -3402 -4567 24617
 -3365 -3470 24369
 -3618 -3935 23132
 -3288 -3886 24557
 -2684 -3743 23669
 -3729 -3342 24253
 -3741 -3339 24209
 -5196 -6124 24939
 -4660 -4559 25504
 -3891 -5109 24803
 -5761 -4336 24272
 -8155 -2297 24560
 -7494 -3534 23680
 -4227 -7370 26958
 -3617 -3926 24515
 -6108 -5526 25291
 -4075 -3861 25088
 -3249 -5141 23752
 -5089 -4399 25516
 -3418 -5007 24847
 -3527 -4896 24960
 -2381 -4551 23865
 -3684 -4338 24028
 -3945 -4072 24408
 -3212 -4203 23910
 -4134 -3537 24615
 -1576 -3974 23695
 -2435 -3639 24816
 -3115 -3129 23545
 -8566 -3013 26042
 -5837 -5396 23933
 -5985 -4206 25487
 -1227 -3532 23967
 -3621 -4147 23894
 -3427 -4158 24918
 -2429 -3279 23370
 -4528 -4425 24852
 -4467 -3763 24878
 -3995 -4137 26246
 -3060 -4976 23788
 -2529 -3388 22812
 -2291 -2886 24017
 -740 -2705 24039
 -5155 -3438 24265
 -3603 -2931 23391
 -4239 -3335 23435
 -5359 -6243 27076
 -6681 -6036 24745
 -4033 -4570 24262
 -4352 -3658 24967
 -4538 581 23939
 -5400 -1361 26406
 -499 -3927 21105
 -2689 -3729 23896
 -3108 -4237 23973
 -3861 -3963 24609
 -3501 -3740 23940
 -3768 -3644 24961
 -2385 -3579 23600
 -2998 -3568 23673
 -1997 -2217 23779
 -2753 -3855 23585
 -4829 -2889 23538
 -6774 -2140 25830
 -3452 -2676 24668
 -3483 -4347 23693
 -3846 -3867 24734
 -3698 -4578 23965
 -5865 -4627 25292
 -6587 -5221 25418
 -601 -2872 24493
 -2815 -3314 22818
 -2236 -3597 23174
 -4300 -2942 24384
 -3592 -1847 25345
 -3923 -4350 23985
 -4236 -5190 25155
 -3448 -4712 26045
 -6212 -3278 25293
 -4871 -3904 22750
 -8906 -1177 20880
 -6525 -2382 23273
 -7258 751 26756
 -4108 -5060 25181
 -2901 -3048 24764
 -6584 -6019 23905
 -2206 -3205 26303
 -3389 -6775 23041
 -1893 -5340 20918
 -2131 -5472 23155
 881 -4309 23589
 2064 -5155 23788
 66 -5385 23464
 4275 -6234 22892
 5130 -8006 21099
 1599 -8261 20644
 868 -6092 23686
 4513 -6631 21191
 2169 -5287 21420
 2930 -5820 21909
 1278 -5723 22581
 -20 -6939 23062
 -2746 -6604 29137
 -685 -7544 26240
 -2077 -11120 22843
 -6009 -4162 26382
 -9731 -6517 25510
 -7796 -4566 20286
 -5046 -9751 25854
 -6032 -10043 25297
 -4934 -6484 28147
 -5459 -6452 26207
 -2527 -7274 26049
 -776 -5823 22339
 1931 -5023 20345
 -2841 -4450 26992
 -1079 -6487 25004
 -2017 -7738 23020
 -2918 -6879 24844
 -5216 -6011 25564
 -5369 -7144 25063
 -5115 -8862 24937
 -5883 -8945 23529
 -4386 -8231 25552
 -3870 -8129 25718
 -3802 -7624 25228
 -4660 -7746 25342
 -5164 -9346 25234
 -5954 -8925 28021
 -4480 -9354 23687
 -5447 -8907 24405
 -6718 -9668 25268
 -5426 -7502 27629
 -6608 -8470 25588
 -4203 -7446 25986
 -4370 -7743 25867
 -1916 -8531 24029
 -2534 -7705 23196
 -507 -5274 23630
 -4452 -7398 25320
 -3661 -7478 24064
 -2584 -7166 25530
 -4497 -6828 24847
 -3876 -6446 25487
 -4181 -6792 25623
 -1959 -7202 25158
 -3166 -8642 22076
 -2272 -4758 23612
 975 -3760 21860
 -1696 -6878 26922
 -2597 -5977 25781
 -1540 -7808 25156
 -1814 -6831 22280
 19 -8760 23876
 -436 -6610 23301
 4183 -5456 20199
 -2006 659 21456
 -15853 -9497 32767
 -447 -6557 25701
 -5767 -6695 25709
 -6699 -5417 25227
 -9994 -2693 21787
 -7335 -5201 23492
 -7307 -6764 25420
 -8385 -5257 27045
 -5525 -7270 26832
 -4829 -7681 25596
 -97 -5435 22832
 852 -5576 21744
 -1147 -5231 21961
 -10635 -7617 28539
 -506 -7408 24726
 -2381 -5092 24178
 -2039 -5434 25419
 -1530 -6154 24794
 -3181 -5797 24612
 -362 -5561 23021
 -2302 -5468 24611
 -1842 -3730 23421
 -1815 -5726 23600
 -2753 -5271 24424
 -3254 -5652 24738
 -3546 -5001 24877
 -2044 -4558 24000
 -2508 -5140 24328
 -2937 -5724 24684
 -2422 -5392 24708
 -2042 -4884 24626
 -2455 -5326 24970
 -1284 -5590 23825
 -2419 -5202 24353
 -2373 -5401 24447
 -2433 -5118 24434
 -2162 -5271 24343
 -2323 -5351 24199
 -2441 -5140 24414
 -2390 -4803 24386
 -2348 -4923 24540
 -2640 -5063 24389
 -2309 -5179 24491
 -2037 -4817 24455
 -2487 -5017 24237
 -2460 -4958 24356
 -2557 -5013 24312
 -1722 -4842 24447
 -2522 -4568 23935
 -2940 -4576 24798
 -3076 -4744 25424
 -2458 -4846 24500
 -3876 -4182 24090
 -3092 -4431 24540
 -2886 -4398 24438
 -3181 -4217 24669
 -3048 -4302 24534
 -3237 -4319 24422
 -3237 -4629 25263
 -3020 -3725 24221
 -4203 -4316 24508
 -3118 -4512 24632
 -2724 -4182 24594
 -3516 -3896 24299
 -3235 -4079 24491
 -2740 -4381 23895
 -2712 -4235 24500
 -3349 -4080 24424
 -3383 -3723 24889
 -2511 -3757 23485
 -3763 -4529 24507
 -3286 -4409 24399
 -2848 -3849 23773
 -3589 -4247 24945
 -2960 -4494 24310
 -3128 -4380 24268
 -2624 -4064 24315
 -3709 -3984 24866
 -3363 -3820 23701
 -3796 -3669 24018
 -4349 -4449 25022
 -2660 -4504 24244
 -3192 -4151 24135
 -3504 -3326 24555
 -3103 -3513 23893
 -3701 -3746 24498
 -3689 -3581 24878
 -3288 -3495 23991
 -3228 -3195 24423
 -3808 -3743 24419
 -3677 -4094 24294
 -3444 -3826 24294
 -3380 -3847 23934
 -3684 -3615 24192
 -3688 -3598 24690
 -3573 -3750 24269
 -3362 -3779 24187
 -3734 -3916 24139
 -2987 -3673 24400
 -3411 -3695 24239
 -3105 -3492 24264
 -4119 -3295 24759
 -2534 -4063 23914
 -2625 -3947 24226
 -3478 -3253 24770
 -3352 -3292 24057
 -3252 -3124 24218
 -3379 -3529 24280
 -2838 -3496 23436
 -2947 -1983 26808
 -3532 -3769 23618
 -4430 -4494 24335
 -3588 -5616 24210
 -4058 -4479 24017
 -3883 -3275 24389
 -3900 -3605 23476
 -1768 -2199 23790
 -3682 -3613 23754
 -3794 -4212 23052
 -1022 -2420 25351
 -3482 -2662 24375
 -4132 -3196 24347
 -3248 -2855 24336
 -2297 -2626 24367
 -4995 -4051 23119
 -3014 -2975 25975
 -3889 -4417 24908
 -649 -7330 19962
 697 -4139 23232
 743 -2870 22075
 -2578 -3056 23707
 -1860 -3792 23191
 -2237 -2902 24062
 -2459 -3964 24692
 -2596 -5026 25367
 -4023 -6454 23584
 -3449 -4474 23906
 -3794 -3373 24410
 -3038 -2804 24174
 -4601 -4520 25458
 -3084 -3958 24600
 -4129 -3288 25509
 -2566 -6290 23943
 -3395 -4854 23496
 -2745 -4094 24040
 -2533 -3489 23780
 -2398 -3336 23846
 -2261 -3343 24435
 -3116 -3465 24361
 -2765 -3538 24309
 -2570 -3458 24213
 -2461 -3994 24069
 -2545 -3548 23314
 -2830 -2996 20747
 -3120 -4269 19997
 -4046 -1315 19649
 -5983 -2828 20605
Repetition Start
 -1940 -3615 23341
 -4547 -2794 20756
 -5059 684 23197
 -5567 -1569 26107
 -3962 -3407 25351
 -2505 -4199 26701
 -5294 -2728 27240
 -3646 -1774 25619
 -4298 -3991 26950
 -2573 -3650 24494
 -4209 -4194 27489
 -5649 -4835 28639
 -3663 -4306 27422
 -5394 -4467 26602
 -5578 -4733 25754
 -5552 -3887 25442
 -3268 -2036 22181
 -3653 -2366 21597
 -3177 -2805 21424
 -3031 -3432 20018
 -1094 -3264 20223
 -1424 -1286 21742
Repetition End
1
 -510 -2088 20824
 -3178 -1300 22548
 -2507 -1760 21198
 -3556 -1085 19753
 -1250 -876 19210
Repetition Start
 -4688 -3528 19143
 -4670 -2874 22135
 -4791 -2733 21188
 -2012 -803 22487
 -3695 -2108 23917
 -5221 -1265 26235
 -4873 -679 25357
 -4255 -4135 28513
 -3789 -3463 28667
 -4880 -3945 25096
 -3148 -1687 24989
 -2978 -4070 27127
 -3673 -3183 28719
 -4800 -4243 28385
 -3365 -3721 26551
 -2509 -4060 25588
 -1092 -4083 24420
 -658 -4662 23790
 -1909 -3856 22555
 -2478 -2232 21617
 -3043 -1331 21136
 -5045 -1701 19342
 -3107 -1104 19401
Repetition End
1
 -2150 -1505 20302
 -3702 -739 20047
 -2448 -1036 20360
 -2318 -1683 18898
 -3971 -827 20212
Repetition Start
 -3491 -4018 19576
 -3398 -2451 22062
 -700 -4551 24389
 -2962 -2103 23490
 -4216 -2353 26848
 -4744 -3865 26460
 -3306 -3639 26143
 -5252 -4070 28218
 -3965 -4873 27459
 -4564 -710 25224
 -5627 -4465 27406
 -5513 -4615 27178
 -4735 -4112 27685
 -4305 -4370 26887
 -3975 -3246 25101
 -4055 -3318 25275
 -3329 -3879 24576
 -3338 -4710 23524
 -2251 -3908 23474
 -3658 -2768 20719
 -3895 -2464 20310
 -3595 -604 19567
Repetition End
1
 -4272 -2260 20566
 -3815 -1909 22087
 -1271 -2177 21465
 -2238 -1817 21781
 -2311 -1939 21361
 -1708 -2190 20161
 -4178 -1514 18871
Repetition Start
 -2553 -4145 19666
 -5166 -2401 21326
 -3511 -1322 23979
 -4206 -1588 24953
 -3053 -2423 26291
 -5379 -3649 26615
 -5403 -4492 28389
 -5169 -3598 26069
 -4543 -5459 26743
 -3373 -2688 22917
 -4295 -4920 27561
 -4276 -3233 28500
 -3163 -4868 28075
 -4165 -3947 27261
 -4649 -2612 25505
 -3060 -3871 24050
 -3847 -5661 26553
 -6825 -1225 25594
 -6448 -2509 22063
 -4732 -2630 20455
 -1713 -3359 18909
 660 -2453 15805
Repetition End
1
 -3262 -3342 22251
 1875 -2922 21165
 -490 -3383 22344
 -2651 -2427 23179
 -2939 -2179 21096
 -2454 -2061 18357
 -3916 -3869 17497
Repetition Start
 -3488 -1842 20088
 -3164 -1852 23634
 -2743 -1664 25469
 -4883 -1492 26641
 -2991 -3852 24061
 -1938 -3033 28142
 -1060 -2403 26766
 -2266 -2161 26198
 -3497 -5228 27220
 -2631 -3949 27730
 -5762 -5041 30024
 -3125 -3532 28651
 -3994 -2007 27681
 -4396 -3980 25536
 -2651 -3689 24333
 -3060 -4474 25891
 -2392 -4322 25581
 -3230 -3523 23416
 -4137 -3861 21419
 -1669 -2407 19127
 -2480 -2082 18310
 -4225 -1558 21038
Repetition End
1
 -3644 -1799 22866
 -2774 -831 21733
 -2850 -909 22581
 -2519 -1111 20411
 -1875 -1631 17845
 -3042 -773 18060
 -3972 -3412 20996
 -5102 764 24379
 -4869 -238 23204
Repetition Start
 -1308 484 23756
 -2637 -1797 27498
 -2286 -4395 28621
 -2944 -5130 26308
 -2863 -3855 25972
 -2471 -3847 25884
 -3174 -1021 26954
 -3420 -3022 28255
 -3338 -3887 28714
 -2528 -3700 27252
 -3750 -3829 25631
 -1171 -3339 25142
 -2119 -4780 24893
 -1895 -4035 23902
 -2063 -3044 20450
 -1763 -1627 19022
 -2268 -3050 17656
 -83 -2573 19198
 -1701 -2062 20390
 -1480 -1435 21202
Repetition End
1
 -1744 -1558 22207
 -2610 -1692 21358
 -2101 -1101 20249
 -3443 -1868 19035
 -2856 -1737 18210
 -7435 -249 21580
Repetition Start
 -73 -2742 23212
 -4034 -1279 26267
 -3201 -606 26802
 -3584 71 26300
 -3515 -218 25715
 -4275 -1352 25876
 -3623 -1721 25307
 -3757 -3124 27344
 -2812 -1544 27411
 -3602 -2842 27699
 -3054 -1902 25586
 -3042 -1956 25536
 -2845 -2242 23238
 -3513 -2597 23657
 -3504 -1142 24040
 -2378 -2982 21335
 -2068 -2666 20915
 -1580 -3037 19246
 -2581 -1097 17437
 -3618 -2636 20449
Repetition End
1
 -1836 -1748 21551
 -2589 -260 22756
 -2786 -600 22256
 -2571 -1066 20053
 -1875 -771 19513
 -4300 -2346 19358
 -4158 -1523 19554
Repetition Start
 -2126 -2101 22834
 -5521 -1178 23628
 -2816 -1570 23625
 -3389 -3646 25853
 -3857 -3449 27867
 -5934 -1259 27709
 -3942 -2356 27095
 -1171 -2345 26907
 -3179 -3052 25595
 -4182 -3596 26569
 -3640 -5049 29288
 -4665 -4440 27120
 -2696 -5107 25246
 -2381 -3496 24116
 -2215 -2292 24398
 -4901 -1599 24413
 -2566 -2491 22350
 -1501 -2833 20772
 -1650 -2437 21333
 -754 -2108 18260
Repetition End
1
 -2256 -2515 19309
 -2560 -2921 21818
 -2895 -1996 21979
 -2966 -1197 23083
 -2305 -2017 21277
 -2368 -1879 20325
Repetition Start
 -2192 -1423 18421
 -2251 -1629 18095
 -2927 -886 21909
 -5876 -1008 24291
 -3188 -706 23720
 -3755 33 24108
 -4145 -3834 26016
 -3776 -2206 28491
 -1966 -1865 26509
 -2924 -3931 27115
 -2370 -2131 26523
 -3537 -2458 25987
 -4570 -4062 30195
 -3083 -4223 28936
 -3811 -3013 25270
 -4197 -3064 24030
 -1732 -2769 24362
 -3171 -4084 23072
 -1466 -3549 24100
 -357 -4456 21429
 -2855 -2742 19913
 -4201 -1357 17688
 -6155 201 19443
Repetition End
1
 -541 -1309 20881
 -1240 -1610 21890
 -2130 -349 22145
 -2749 -1210 21730
 -2075 -1766 20547
 -2898 -2211 18422
 -5170 -2528 18145
 -3366 -2162 17860
Repetition Start
 -4946 1536 22197
 -5255 -1605 25277
 -4654 1882 25432
 -3380 -1810 25243
 -4112 -3028 29639
 -3277 -3980 27252
 -3649 -2034 24746
 -3926 -5062 25567
 -2838 -2796 26869
 -3178 -3906 28111
 -2329 -3652 26607
 -4429 -3886 25658
 -3320 -3880 24579
 -2286 -3534 24690
 -4553 -2676 24472
 -3322 -3426 22775
 -3451 -3249 22868
 -2694 -1822 22839
 -4450 -1933 21546
 -4975 -2685 18374
 -4663 -1905 21137
Repetition End
1
 -4733 -2383 24759
 -4582 -1536 24193
 -3644 -2704 24099
 -4342 -3537 23175
 -2811 -2815 24858
 -4253 -4680 23589
 -3605 -3248 23726
 -3864 -2164 22119
 -3793 -3751 23185
 -2715 -675 24870
 -4407 -3637 24676
 -2191 -5061 25957
 -4091 -7735 26101
 -1622 -7843 23343
 -1341 -7203 23953
 -1111 -7666 26764
 685 -6445 25016
 3877 -4060 21509
 -1355 1205 20399
 -2407 2429 19672
 -3723 2499 19828
 -2466 2743 19677
 -1949 1288 19623
