 -1002 -959 18046
 -549 -3364 18641
 -2307 -4223 16826
 -282 -4763 16936
 -1245 995 18942
 737 -452 18356
 -1810 -3656 18193
 -3884 -3554 17521
 -7 -1773 19598
 -1348 -2109 17137
 -3578 -2590 17982
 -1807 -2574 14873
 -2658 -2331 13804
Repetition Start
 -2958 -1333 13429
 -1261 -1805 14649
 222 -2749 15022
 -1029 183 17974
 -238 716 18376
 2046 -1270 19408
 -1234 -1957 20721
 -1335 -1130 21834
 130 -2871 20646
 -1143 -932 20418
 -793 -2258 20673
 122 -2621 20634
 -675 -3451 21028
 -1943 -4779 21543
 -572 -4102 19916
 -2975 -1678 20093
 -689 -3630 19166
 -3763 -2790 15893
 -623 -2239 17663
 -620 -3440 16747
 -463 -1964 16383
Repetition End
1
 -676 -1359 15199
 -2242 -1658 12785
 -156 -1453 14945
 276 -535 15326
 -1739 135 15615
 70 -1024 15331
 -1964 -1107 12379
 46 -2818 11032
 -3282 -1328 13449
 -1576 -1848 19537
 635 1534 18578
 -2396 1337 20823
Repetition Start
 -3087 -2092 20241
 -3970 -110 24235
 -2373 -3718 20894
 -3487 -4254 19278
 -3366 -4063 20130
 -1180 -2418 20742
 -2335 -1291 20648
 1069 -6450 21852
 -1388 -3593 22712
 -1110 -4250 20959
 539 -5781 21470
 -3017 -2737 18201
 -1504 -3856 19209
 -2100 -2743 18367
Repetition End
1
 -3043 -2562 16591
 -1102 -1914 17791
 -3306 -2537 14765
 -3040 -883 14988
 -493 -900 15053
 -1661 -855 15656
 -3181 -1719 18141
 -1396 -1433 17039
Repetition Start
 -102 -94 15986
 -975 -2155 14317
 -1235 -1523 13890
 -132 -2018 14361
 -2373 530 14015
 138 -18 15873
 -1567 -66 18967
 -2050 -1199 20568
 -1851 -2878 18710
 -1049 -2254 21546
 -1567 -2106 20428
 -2272 -3057 19997
 -860 -3685 19419
 -1144 -3700 21732
 -1964 -2743 20657
 -1665 -2166 21215
 -1428 -3031 22762
 -720 -3752 20796
 -1100 -2744 18938
 -1720 -3164 21177
 -3397 -3152 19869
 -4185 -1130 18968
 -1299 -2192 16015
 -1013 -787 14636
 -1398 -1054 14774
 -259 -752 11549
 -1607 -1291 13627
Repetition End
1
 -626 -362 14931
 -1216 -1305 17759
 89 -824 16326
 -1022 -1093 15676
 -999 -718 13923
 -208 -865 14660
 -2453 -1010 14642
Repetition Start
 -2513 -741 17216
 -1574 -680 15844
 -3018 440 16876
 10 -1591 17638
 -2373 -1106 19557
 -1066 -493 19750
 -1744 -2768 21834
 -3080 -2092 20501
 -2878 -2128 21671
 -1285 -3166 21315
 -3338 -1529 21105
 -2066 -1592 21999
 -2629 -2018 21777
 -1910 -1511 19940
 -1173 -2580 19606
 -671 -2656 18512
 -2436 -2157 18138
 -3438 69 17218
 130 813 16107
 -2145 -1164 18245
Repetition End
1
 -1989 -423 16796
 -1350 -1120 14493
 -509 -319 13093
 -686 -2258 13219
 -658 -1731 16011
 775 -302 17869
 145 -1498 16451
 405 -1392 18208
 195 -809 16659
 -1083 -1828 16188
 -707 -1193 14707
 -1121 -332 13245
Repetition Start
 -514 -2267 12141
 -922 -1861 14061
 -2562 -268 17473
 2481 -2888 21252
 -2927 642 20601
 -787 -1735 19487
 1446 -1068 20912
 -2053 -2519 21549
 -2418 -5088 21393
 -1693 -3370 19658
 -434 -3004 21068
 -2280 -2005 21642
 -1398 -4034 21479
 -2311 -1023 22776
 -752 -2776 20152
 -1155 -3945 19152
 -2080 -3125 18403
 -2551 -2257 18582
 1441 -3022 16298
 -1997 -3117 17965
 -2541 -3055 18281
Repetition End
1
 -2030 -2568 17454
 1244 -2851 15962
 -83 -800 15107
 351 -1265 15180
 -1945 -969 16630
 -1432 -1195 16951
 73 -1572 17841
 342 -1464 16506
 141 -2243 17134
 244 -2122 16312
 -662 -1775 14098
 306 -414 14204
 -967 -863 12785
 -1455 -279 13066
 554 -1694 16138
Repetition Start
 -997 -1903 18035
 -2061 -2725 19228
 -2235 -3009 20645
 -1295 -2560 21794
 -3190 -2447 22310
 -395 -3070 21226
 -933 -4083 19881
 -1467 -1849 21539
 -2238 -2720 20587
 -622 -3352 20716
 -1389 -3683 22246
 -2933 -2723 23338
 -4134 -4243 19810
 -1677 -2714 20978
 -427 -2248 18515
 -298 -2242 17467
 -1255 -3715 16830
 -1783 -1850 16938
 -3075 -1785 16312
 214 -1836 16301
Repetition End
1
 2469 -3060 16429
 -2824 -2277 14840
 256 -341 15633
 329 -889 15226
 1993 -1646 16155
 1349 -663 16546
 -180 -1001 16971
 -1312 -586 15815
 -277 -1040 15034
 -734 -1752 13251
 -1199 -3208 13598
 -287 -1654 14678
 -2287 -257 16261
Repetition Start
 -549 -1708 19604
 -873 -2040 19963
 -1995 -2006 20006
 -21 -2669 20939
 -497 -3278 21521
 -1143 -3023 20511
 -339 -2855 20663
 -1045 -2995 20570
 -1209 -2554 20206
 -175 -3162 20917
 -1743 -3300 22124
 -1064 -3523 19475
 -2897 -2143 18687
 -128 -3675 18429
 139 -1848 18007
 -691 -2283 16996
 -1293 -3579 17081
 -708 -2845 18138
 -566 -1494 18430
 82 -2185 16509
 526 -2010 16786
 -179 1237 17399
Repetition End
1
 338 -510 17264
 523 -1069 16506
 2057 -959 16868
 608 -1339 14724
 -221 -121 14362
 -1156 -757 17114
 -329 -1496 16992
 217 -1418 16377
 -504 -1378 15503
 -1092 -928 14838
 -275 -3155 12989
 -1866 -2345 14377
Repetition Start
 -2360 -715 13869
 -1944 -127 16655
 -53 -1190 19418
 -962 -2747 19966
 -2873 -1561 20375
 -310 -2937 20915
 -341 -3214 20082
 -2603 -3381 21124
 -1256 -3901 20274
 -1769 -3938 19967
 -1262 -3408 20740
 -1062 -4295 22389
 -1804 -4178 21029
 -694 -3776 20408
 -1368 -3700 19341
 -631 -2497 19560
 -625 -3614 18320
 -712 -2524 17332
 -878 -2829 18077
 -2280 -744 18063
 653 -2701 17096
 756 -1288 17096
 -1156 -1131 15976
Repetition End
1
 -2343 -51 15320
 -2261 96 16003
 -976 -339 14571
 -2803 1207 15277
 -1790 701 15316
 -1025 960 15269
 -2067 -587 15115
 -11 675 15888
 226 908 16472
 -2047 -355 15526
 -2078 -483 14421
 -1587 -1959 12193
Repetition Start
 -1816 -273 14325
 -1576 -575 17282
 -1889 -1064 16650
 43 -1531 16462
 691 -1982 18027
 -1353 -310 20759
 -1378 -1533 20183
 -101 -3414 21263
 -2752 -3723 21374
 -1278 -3350 20362
 -1196 -3141 20722
 120 -2672 21832
 139 -2595 21308
 -2328 -3212 22031
 -1450 -3641 21214
 -1495 -2280 19459
 -871 -3209 19206
 -160 -3061 17465
 -2267 -3649 17781
 -1432 -926 16605
 503 -1683 17818
 579 -910 17677
 -3966 -1863 16909
 -2539 1052 16145
 -3091 -295 13632
 -762 -2128 13083
Repetition End
1
 -904 -680 17194
 -754 -231 17869
 98 -2289 16398
 114 -712 16954
 638 -352 16620
 -1200 -1036 16037
 -3047 -1134 15981
 -2907 -1435 13248
 -3828 690 12184
 2472 -2619 15216
 -2330 1720 14883
Repetition Start
 -269 -587 16292
 50 56 17310
 -1578 -1858 19841
 -427 247 19887
 -2999 -2396 20365
 -678 -1072 20535
 -2128 -2520 20639
 -2373 -2411 20869
 -1109 -2665 20069
 -3899 -2244 19216
 -947 -3066 19821
 -424 -2049 19724
 -1575 -2272 20086
 -2518 -3369 20561
 -2256 -4360 19071
 -2320 -3138 19205
 258 -746 17896
 -1163 170 18693
 261 -2294 18262
 -2782 -1739 18798
 -2627 -1981 18411
 -1037 -936 17075
 -415 -856 18092
 -849 -526 16270
 -1091 60 15955
 -187 -2941 17003
 -435 -3034 17475
 1275 -67 16182
Repetition End
1
 -76 198 18223
 -1696 -3629 16269
 -203 -1549 19983
 1310 -933 18700
 828 -429 18948
 -371 -1257 18548
 -2417 -1184 18520
 -1944 -2309 17422
