Repetition start
0.843223809482
0.843223809482
0.843223809482
0.904147510675
0.904147510675
0.932194417227
1.09889897153
1.1225270868
1.1225270868
1.1936539881
1.1936539881
1.27256829196
1.27256829196
1.33691053063
1.33691053063
1.27228197814
1.27228197814
1.24946254411
1.24946254411
1.27020648019
1.26954075883
1.30126868672
1.35205606451
1.24158266925
1.24397218902
1.19133867322
1.01129142471
1.08735603025
1.04418293325
1.04418293325
1.00749494666
1.00749494666
Repetition end
1
0
0
Repetition start
1.25620392304
1.25620392304
1.25620392304
1.25620392304
1.25620392304
1.49891734913
1.49891734913
1.30337412766
1.22359424631
1.22359424631
1.27013973179
1.27013973179
1.27013973179
1.27013973179
1.27013973179
1.27659765963
1.27659765963
1.27659765963
1.27073203299
1.39215714591
1.39215714591
1.4060241955
1.30702804872
1.30702804872
1.35749567229
1.35749567229
1.13838315644
1.13838315644
1.19933139788
1.19933139788
1.14068932874
1.14068932874
Repetition end
1
0
0
Repetition start
0.975744736647
0.885685396319
0.856183920176
0.885174059121
0.86818568457
0.968848271538
1.16160491445
1.26371183288
1.16090918522
1.3237891288
1.25707814151
1.25707814151
1.2424623827
1.20753454005
1.3473136577
1.27750678291
1.3055532718
1.40425273868
1.40425273868
1.29052847531
1.16988231993
1.31109798714
1.24525461972
1.18756307416
0.989772128199
0.989772128199
0.896735100186
0.896735100186
0.908043131528
0.706564612278
0.841188150952
0.841188150952
Repetition end
1
0
0
Repetition start
1.06287937193
1.06287937193
0.97268711179
0.97268711179
0.97268711179
0.97268711179
1.04671520465
1.04671520465
1.0809090524
1.20431289922
1.20431289922
1.20757390296
1.20757390296
1.20757390296
1.3475187425
1.27175043988
1.27175043988
1.34061259267
1.31757360424
1.31757360424
1.30749372964
1.35211651671
1.35211651671
1.34446705771
1.22608497004
1.20909329696
1.14218733047
1.14218733047
1.12472705212
1.07165660308
0.984376767323
1.12350445589
Repetition end
1
0
0
Repetition start
0.754487771997
0.754487771997
0.867526507914
1.07799455469
1.31777066261
1.31777066261
1.27061752502
1.1950626907
1.1950626907
1.28107440141
1.33011776561
1.35023632614
1.22170996228
1.22170996228
1.29916451479
1.33385849662
1.33662114999
1.33662114999
1.33662114999
1.39866881615
1.39866881615
1.24244370607
1.24244370607
1.19556662719
1.14636053362
1.1530514726
1.1530514726
1.1530514726
1.01552260139
1.11953338834
1.14183820421
1.14183820421
Repetition end
1
0
0
Repetition start
1.10855142319
1.10855142319
1.19196726926
1.19196726926
1.28067020201
1.28067020201
1.34167582786
1.34167582786
1.38362809957
1.30923469134
1.24007387549
1.32250580374
1.27478994183
1.28141191088
1.37887904705
1.37887904705
1.44523138643
1.26201031183
1.29511741813
1.29511741813
1.29511741813
1.13866324119
1.13866324119
1.07500127034
1.07500127034
1.05473474114
1.04564006225
1.04564006225
1.04564006225
1.01898224252
1.01898224252
1.00131014034
Repetition end
1
0
0
Repetition start
1.201533257
1.22594865698
1.23321846157
1.28835618725
1.32903367261
1.32903367261
1.32903367261
1.26733751614
1.26733751614
1.27331904434
1.27331904434
1.27033347679
1.27033347679
1.24527729426
1.29122142623
1.36941921785
1.20969654917
1.16157620004
1.14699017222
1.1048652599
1.1048652599
1.04751974507
1.06810067478
1.12142417936
1.12909643426
1.12909643426
1.12909643426
1.12909643426
1.01642875778
1.03235436319
1.06468724992
1.06468724992
Repetition end
1
0
0
Repetition start
0.85977281986
1.02347110737
1.1874085457
1.23150828365
1.23150828365
1.2595022281
1.2595022281
1.28921405884
1.24148088577
1.3153467669
1.3153467669
1.26245494452
1.24684874464
1.24684874464
1.28515562968
1.39294233816
1.39294233816
1.31321920972
1.26745534928
1.26745534928
1.20478467444
1.20415227865
1.14035172814
1.06990249466
1.11804687352
1.11215351106
1.11215351106
1.05715115284
1.05715115284
1.04743102951
0.98008108074
0.98008108074
Repetition end
1
0
0
Repetition start
0.8814837702
1.05976775303
1.05976775303
1.02481447473
1.00910008041
1.10771415863
1.10771415863
1.26985808347
1.23828052497
1.31442686681
1.33481822754
1.26191839168
1.28129872514
1.34248239033
1.31017363246
1.36629005541
1.36629005541
1.31670979614
1.31670979614
1.19928429701
1.19928429701
1.1896795643
1.08227147008
1.11649042504
1.01881941613
1.09279628795
1.08092498346
1.06613272698
0.999587886798
0.999587886798
0.853342056085
0.810352708931
Repetition end
1
0
0
Repetition start
0.995165437197
1.05652849092
1.22010411481
1.21417950903
1.26486881943
1.2557456364
1.27568894413
1.29036925434
1.23751976565
1.204563088
1.204563088
1.22552940877
1.21061251956
1.21061251956
1.23750943731
1.28093179089
1.20194662431
1.19613563799
1.19613563799
1.0933471619
1.14318329198
1.12349658918
1.16468200744
1.14152127645
1.04565726455
1.10577348108
0.994911196861
0.994911196861
0.97609681661
1.05325258449
1.08287102168
0.990740355234
Repetition end
1
0
0
