Repetition start
1.21206541138
1.21206541138
1.33544201753
1.33544201753
1.42181025609
1.42181025609
1.65103059132
1.65103059132
1.67179442038
1.62192056322
1.62192056322
1.62192056322
1.79883382115
1.67712285729
1.6437839432
1.6437839432
1.6437839432
1.69744932741
1.66301787299
1.80230423206
1.80230423206
1.76138667722
1.62946393966
1.59996774872
1.56592444432
1.56592444432
1.39224038034
1.38356287177
1.323752338
1.35026885011
1.35026885011
1.17984608506
Repetition end
1
0
0
Repetition start
1.21183927553
1.28515655581
1.3697559495
1.44692718549
1.5989357423
1.68931796244
1.70120617846
1.69775504506
1.5906096097
1.81152481737
1.81152481737
1.79449762139
1.79449762139
1.79449762139
1.71795847071
1.63227976431
1.55424599273
1.55424599273
1.59174099924
1.59174099924
1.44745154094
1.44745154094
1.44745154094
1.39033417527
1.39033417527
1.33186352281
1.33186352281
1.28018536327
1.18062261756
1.18062261756
1.22927126365
1.22927126365
Repetition end
1
0
0
Repetition start
1.18632506451
1.33229412075
1.3906688402
1.38916840509
1.38916840509
1.56396634319
1.51563815598
1.51563815598
1.51563815598
1.57289666372
1.57289666372
1.6362235531
1.52339890749
1.52339890749
1.66187087431
1.61378212836
1.57626486555
1.57626486555
1.57626486555
1.66616543122
1.63081835964
1.64282354116
1.46340299198
1.46340299198
1.38659006113
1.36848489511
1.35962204771
1.25665383995
1.15882984111
1.15882984111
1.15882984111
1.2090203722
Repetition end
1
0
0
Repetition start
1.25902253643
1.23565990384
1.23565990384
1.23565990384
1.23565990384
1.3355202846
1.50765620049
1.58573660847
1.58573660847
1.66688410426
1.66688410426
1.63016911593
1.63016911593
1.70286442684
1.54928094587
1.59106093402
1.66392580666
1.78485318226
1.72513544002
1.72513544002
1.63349503073
1.61982075564
1.61982075564
1.4681478113
1.4681478113
1.46871239152
1.38662782022
1.29970719554
1.25340675495
1.25340675495
1.12235047849
1.18892959605
Repetition end
1
0
0
Repetition start
1.33728458712
1.33728458712
1.33728458712
1.30632155704
1.37966732197
1.37966732197
1.45429461205
1.45429461205
1.60691720588
1.61563430365
1.61563430365
1.69042510589
1.69042510589
1.53401813349
1.59002538881
1.59002538881
1.70442369034
1.70442369034
1.72399430199
1.69979502015
1.69979502015
1.69979502015
1.65808245216
1.49085101098
1.43373973789
1.45059935596
1.37303111012
1.23313655323
1.23313655323
1.26513486956
1.26513486956
1.22226748212
Repetition end
1
0
0
Repetition start
1.15870038595
1.15870038595
1.30927215044
1.32946274367
1.45163991114
1.50256574883
1.59229317166
1.68203727351
1.62426921799
1.62426921799
1.64159057223
1.64159057223
1.66646607069
1.66646607069
1.64324530411
1.64324530411
1.64324530411
1.75613479555
1.68756927794
1.68756927794
1.68756927794
1.68756927794
1.68756927794
1.56914844592
1.56914844592
1.46084240742
1.30564387755
1.33250866861
1.50252087432
1.50252087432
1.38645514145
1.38645514145
Repetition end
1
0
0
Repetition start
1.2340184886
1.24820131889
1.24820131889
1.41827251002
1.41827251002
1.5137355102
1.49960216199
1.53694443866
1.64134310719
1.60490948155
1.55979804668
1.59355897086
1.52422681559
1.52422681559
1.68939218577
1.68939218577
1.71140186875
1.63077134106
1.63077134106
1.59361486937
1.59361486937
1.59361486937
1.401508691
1.42607758722
1.42607758722
1.42607758722
1.34611410971
1.34611410971
1.29860375696
1.29860375696
1.30232722541
1.25629375118
Repetition end
1
0
0
Repetition start
1.28813301301
1.38693493783
1.30580116328
1.30580116328
1.30580116328
1.30580116328
1.48597645077
1.63682044744
1.63682044744
1.61993333234
1.70663969451
1.70663969451
1.70663969451
1.65651546681
1.65646651265
1.65646651265
1.65646651265
1.56846824092
1.77629654918
1.70095311914
1.70095311914
1.62177814147
1.46644908805
1.52741239593
1.51300970914
1.43910648023
1.43910648023
1.3973205064
1.29788192472
1.23207130373
1.24123596989
1.24123596989
Repetition end
1
0
0
Repetition start
1.29464865085
1.41701982867
1.38057604801
1.38057604801
1.47109274244
1.59572671105
1.63015712535
1.61692972133
1.67174263568
1.66135685087
1.47137485605
1.53283150172
1.68306627441
1.68306627441
1.81688408565
1.81688408565
1.61044605734
1.58433783124
1.56145152319
1.47771102525
1.43072981049
1.51773578851
1.43340849394
1.24323613512
1.18980220314
1.18980220314
1.07731737073
1.21763048656
1.33871347504
1.2657683153
1.29742951775
1.20960553656
Repetition end
1
0
0
Repetition start
1.43707522564
1.44432318955
1.55954635401
1.58652775684
1.55526589652
1.56017215178
1.56017215178
1.56017215178
1.63595219531
1.56580934662
1.62399579505
1.67263929442
1.62833224962
1.52805245218
1.49229322179
1.54485562155
1.39250545125
1.39528649179
1.35682672036
1.46185404285
1.3533247776
1.3533247776
1.3512478804
1.27985056332
1.27985056332
1.28339644795
1.33378612726
1.47240598788
1.47240598788
1.44480721817
1.6008020247
1.57920381525
Repetition end
1
0
0
