 -3736 -2989 22794
 -4422 -2923 20085
 -4813 -2672 20987
 -2972 -3208 21449
Repetition Start
 -4662 -1289 20234
 -6778 602 20716
 -3336 -2894 21020
 -3431 1147 22393
 -3132 -1274 24055
 -4888 -360 28551
 -5221 -1896 26805
 -2075 -2878 28709
 -3093 -3317 26457
 -3130 -2741 23901
 -4603 -1902 24919
 -3175 -2778 26310
 -2915 -3586 27276
 -2956 -1974 27025
 -3016 -3904 25249
 -2885 -4202 23876
 -3867 -4364 24833
 -4084 -4804 23448
 -589 -4378 23891
 -2786 -5089 22498
 -2622 -3072 19897
 -4039 -2844 20466
 -4736 -2359 20451
 -1436 -1812 19118
Repetition End
1
 -4439 -1886 25216
 -75 -2780 23294
 -3061 -3439 23267
 -2832 -3475 22854
 -2829 -3286 23258
 -2878 -3251 24043
 -2552 -3763 22901
 -2750 -2135 24136
 -1704 -2903 23325
 -2624 -2936 22706
 -3032 -3172 20866
 -3884 -3488 20261
 -3412 -1949 20037
 -5215 -2833 19774
Repetition Start
 -250 -1504 21917
 -5026 -1293 22181
 -2291 -1296 23379
 -3557 -3745 23607
 -3014 -1809 23968
 -4226 -3451 23257
 -2253 -2470 25117
 -2601 -3657 26611
 -3409 -4286 26076
 -3103 -3679 26092
 -3051 -3464 25602
 -5690 -3798 26402
 -5162 -5463 28331
 -4986 -3413 28001
 -4638 -3611 25732
 -5060 -5102 24165
 -3487 -6034 25825
 -4633 -5409 24049
 -3413 -5202 24175
 -5676 -3183 22627
 -2983 -2913 21467
 -1841 -3227 19087
Repetition End
1
 -3682 -1968 19746
 -739 -4082 19983
 -4159 -2058 22647
 -2934 -2423 24238
 -3555 -2743 23976
 -1993 -2316 23582
 -2127 -2523 23285
 -1968 -3144 23387
 -2880 -2579 23306
 -3165 -3019 22409
 -3366 -3166 21633
Repetition Start
 -3611 -2944 20903
 -2088 -2927 19633
 -3511 -2806 19311
 -5273 -1834 22198
 -3401 -1428 24636
 -5755 -2780 23916
 -3644 -2598 25679
 -4114 -1570 25302
 -5189 -2988 27602
 -3663 -4678 27517
 -2377 -3505 26290
 -3522 -1476 25562
 -3902 -3169 24951
 -4558 -4798 27129
 -4851 -4104 27586
 -3812 -4618 27655
 -2657 -4766 26314
 -2955 -4112 25517
 -3717 -3976 26047
 -917 -4680 25093
 -4295 -3995 24642
 -3527 -5187 23511
 -2942 -4548 23030
Repetition End
1
 -1609 -2956 22642
 -3341 -2436 20247
 -6258 -1823 20284
 -1697 -3073 21069
 -2964 -2010 22822
 -1989 -1153 22379
 -3066 -2897 23729
 -3849 -2061 23239
 -2255 -1811 22802
 -2571 -1571 22723
 -2507 -2264 21175
 -2840 -2356 19732
 -4007 -2511 19219
 -4376 -1282 19766
Repetition Start
 -3452 -1802 22765
 -1332 -1395 22718
 -5473 -1644 21798
 -3497 -1383 24084
 -3771 -2694 24990
 -2629 -1337 26528
 -5469 -2341 28557
 -3645 -4534 26244
 -5075 -1727 25318
 -5157 -3910 24319
 -3856 -4034 26156
 -2107 -4945 24892
 -3758 -5602 27966
 -2521 -4309 26261
 -4676 -2762 26763
 -3339 -4478 24790
 -3679 -3776 25874
 -2939 -5230 25315
 -3719 -2981 25289
 -4535 -1665 22759
 -3251 -2051 21501
 -4779 -985 20935
Repetition End
1
 -4060 -2243 20452
 -5435 -826 18286
 -2526 -2625 21895
 -2853 -1383 22090
 -3599 -3379 24723
 -4087 -935 24068
 -4021 -1763 23000
 -4047 -2259 23529
Repetition Start
 -3033 -1251 22629
 -3381 -1632 21735
 -3917 -1841 20295
 -3556 -1204 19017
 -4064 -1127 20048
 -5677 -1347 21162
 -4322 -2657 24042
 -1701 -288 23451
 -3159 -1454 22827
 -3420 -982 24364
 -5179 -1052 25995
 -2212 -2139 27280
 -3507 -1727 25456
 -2309 -96 25118
 -5559 -2556 25702
 -3555 -1823 26057
 -4022 -2531 25731
 -3520 -2150 26313
 -3964 -1880 26166
 -3829 -5822 26218
 -1320 -4714 23598
 -2706 -4250 23013
 -717 -2652 22564
 -562 -2933 23941
 -3480 -1420 23069
 -3797 -1187 22324
 -4811 -1715 21069
 -1586 -1522 20634
Repetition End
1
 -5153 -505 19590
 -5628 -2756 19595
 -3689 -1186 20373
 -1940 -1799 22854
 -2809 -1103 22156
 -3027 -1767 22390
 -4061 -1953 23871
 -3403 -688 21787
 -2790 -825 22541
 -2756 -1455 21983
 -3418 -1669 20284
 -3697 -1639 18845
 -4773 -989 18043
 -3362 -1488 19342
 -4738 -1319 23896
Repetition Start
 -7549 -1685 23360
 -4356 -567 23717
 -4929 -575 25079
 -4907 -1418 26784
 -5581 -1079 27531
 -2565 -3503 26687
 -2010 -1723 27334
 -5776 -2408 25535
 -4635 -1909 25835
 -4826 -4420 26992
 -5142 -3979 26381
 -4430 -2822 25766
 -3707 -2655 24383
 -3654 -3130 23748
 -5010 -2814 24715
 -4478 -2997 23550
 -4325 -2360 22420
 -3067 -840 22307
 -5028 -2615 22887
 -2335 -2512 22834
 -1653 -1626 21429
 -4367 -2803 19564
Repetition End
1
 -4179 -708 20029
 -1130 -2646 21168
 -2872 -1760 23161
 -1443 -2567 23015
 -2070 -2227 23370
 -2636 -2168 23000
 -2772 -2318 22800
 -3327 -1579 21970
 -3250 -1883 21273
 -2865 -2518 19212
 -3968 -2318 18853
 -2911 -2441 19898
Repetition Start
 -3878 -1407 22778
 -5941 1629 24186
 -5409 -532 23681
 -4163 -460 26957
 -3839 -1806 23699
 -4511 -1803 23520
 -5969 -1596 26135
 -4053 -1272 25626
 -2908 -1547 25263
 -3918 -2087 25064
 -6236 -3997 25630
 -4855 -2670 25140
 -5368 -4377 25321
 -4778 -2442 27245
 -4632 -4571 27560
 -5312 -3873 28237
 -3556 -4776 26220
 -2593 -6177 25444
 -5750 -5199 25105
 -3944 -5247 24411
 -3607 -2786 22681
 -4293 -2585 22606
 -5410 440 22739
 -1877 -1968 21274
 -3402 -964 19845
Repetition End
1
 -3851 -1469 19897
 -2667 -2014 20981
 -2743 -758 22521
 -2182 -279 20605
 -3479 -704 23563
 -2457 -1657 22307
 -2132 -1964 21085
 -3753 -1361 22168
 -3726 -993 19982
 -3119 -1046 18579
Repetition Start
 -4295 -777 19323
 -5457 -1558 22368
 -2207 -126 21538
 -1014 -1208 22383
 -2170 -1652 24067
 -4664 -961 26896
 -3964 -1266 25007
 -1960 -3550 24532
 -2925 -3192 24546
 -3333 -4147 24405
 -2750 -2834 26110
 -3336 -2568 26179
 -3218 -2537 26683
 -4343 -3376 26937
 -3954 -3968 27281
 -1897 -4100 26585
 -4095 -4570 25349
 -5479 -4338 25076
 -4160 -2994 22893
 -3222 -4091 23498
 -2570 -2187 25121
 -3163 -2079 22200
 -3973 -612 21780
 -4244 -1919 19481
 -5170 -1469 19910
Repetition End
1
 -775 -2812 19587
 -4460 -890 21644
 -3174 -88 22419
 -3992 -1021 22634
 -3947 -328 22506
 -3276 -681 22084
 -3015 -1334 21792
 -2974 -780 20768
 -3440 -701 21542
 -4232 -288 19849
 -3544 -784 20583
Repetition Start
 -4689 -1884 20545
 -4077 -294 22949
 -4863 795 22532
 -3360 -601 22786
 -5951 1339 23302
 -6163 -159 22838
 -4382 -50 24462
 -4304 -1958 25490
 -4918 -2259 25490
 -5487 -1728 25478
 -5005 -1956 24984
 -4391 -2115 24629
 -5249 -1671 25179
 -6050 -816 25955
 -3754 -2779 26150
 -6221 -2278 25982
 -3622 91 23983
 -3906 -1835 25957
 -4883 -2670 23500
 -4762 -2884 22568
 -3690 -2019 22994
 -5254 -1411 21930
 -7212 -426 18957
 -6717 1942 21379
 -5512 247 21208
Repetition End
1
 -6231 -116 19569
 -5062 -1422 19722
 -3385 -587 21350
 -3652 459 22437
 -4027 -1163 20909
 -2839 -1099 23031
 -4915 -210 22272
 -4917 -225 22275
 -5091 -1656 19891
 -3293 -1790 18798
 -4672 -1016 19992
 -5692 -587 22157
 -3763 -2770 22397
Repetition Start
 -3712 -891 21900
 -2191 -312 24269
 -3836 -1242 25466
 -5212 -1481 24822
 -3750 -1589 26692
 -4443 -3683 26053
 -4817 -1050 26107
 -2658 -3289 24796
 -2970 -2616 25249
 -2350 -2553 26588
 -5171 -1444 25876
 -2930 -4792 26815
 -3154 -1802 24882
 -4990 -3450 23540
 -3886 -2579 24417
 -4539 -3715 23470
 -4456 -4018 24264
 -2770 -4310 23538
 -4783 -3436 23010
 -4616 -3832 23055
 -5132 -1137 23426
Repetition End
1
 -4466 -2652 21217
 -4404 -1160 21519
 -4017 -3101 22794
 -5555 -577 22091
 -3520 -1754 21281
 -3884 -3840 22440
 -4214 -2997 23648
 -4313 -2642 23445
 -3359 -1333 22612
 -3773 -2018 23520
 -3581 -3340 23587
 -4566 -576 25252
 -6089 -2510 26703
Repetition Start
 -7086 -8153 25547
 -5841 -5897 22234
 -3173 -981 23057
 -4672 -2612 22189
 -6031 -1689 23017
 2087 5346 28196
 -10938 -7928 25180
 -1956 -6313 26429
 -4603 -7025 25391
 -4981 -8187 23745
 -1896 -7655 24294
 2561 -6471 24274
 180 -5926 23298
 -6101 -7168 25857
 -5632 -5909 27713
 -3171 -5788 25663
 -2702 -2272 26171
 -4874 342 21720
 -3982 1795 20002
 -3448 1549 19391
 -2509 2317 19603
 -3932 2826 16644
 -4338 3817 18594
 -7555 3718 17589
 -7108 4710 16225
 -5682 6674 15093
 -3941 5552 15524
 -2440 6565 14804
 -880 5333 12529
 1615 5526 10537
 1449 5205 12296
 890 4213 12560
 2271 3384 10850
 2483 4026 11327
 -2686 6166 13483
 -2194 4494 14043
 -562 5857 13642
 -2030 5979 13607
 -1724 5848 13528
 -1761 6160 13822
 -1883 5969 13852
 -1620 6013 13601
 -1231 5644 12975
 -1009 5695 13098
 -1037 5670 13124
 -767 5496 13317
 -976 5776 13120
 -778 5443 13172
 -502 5102 12866
 -364 5372 12966
 -471 5265 13258
 -558 5214 12973
 252 6127 12876
 1163 4948 13085
 448 4669 13080
 301 5020 13423
 -390 3872 13850
 -1790 4609 13198
 -220 4819 13219
 -606 5832 12879
 149 5000 12604
 -401 5058 12536
 -285 5303 12940
 -529 4914 13339
 -728 5623 13570
 -1508 5670 13191
 -1502 5798 13253
 -965 5365 13221
 -1094 5196 13035
 -1161 5546 13018
 -1688 5497 12866
 -1870 5778 12174
