Repetition start
1.33429289416
1.33429289416
1.33429289416
1.33429289416
1.33429289416
1.19189308257
1.18699084679
1.18699084679
1.18699084679
1.18699084679
1.18699084679
1.2459679857
1.2459679857
1.15683917712
1.15683917712
1.15683917712
1.15683917712
1.06272759524
1.06272759524
1.06272759524
1.06272759524
1.01796827324
1.01796827324
1.01796827324
1.01299336314
1.01299336314
1.01299336314
1.01299336314
1.01299336314
1.01299336314
0.87646160072
0.87646160072
Repetition end
0
0
0
Repetition start
0.9114335168
0.982646074744
0.982646074744
1.0300352246
1.0300352246
1.15026516708
1.15026516708
1.15026516708
1.1956728442
1.1956728442
1.1956728442
1.1871904343
1.13263184324
1.16634407402
1.12288836812
1.12288836812
1.12288836812
1.11607106818
1.11607106818
1.11607106818
1.11607106818
1.01565570968
1.01565570968
0.95192763287
0.79993035071
0.79993035071
0.79993035071
0.79993035071
0.86905188161
0.86905188161
0.86905188161
0.86905188161
Repetition end
1
0
0
Repetition start
0.897587701854
0.89250418818
0.89250418818
0.89250418818
1.17072906574
1.17072906574
1.17072906574
1.11342119877
1.11342119877
1.18208185265
1.18208185265
1.21351617846
1.21351617846
1.21351617846
1.16590696976
1.16590696976
1.07923984246
1.07923984246
1.03179462458
1.03179462458
1.03179462458
1.03179462458
0.977817556704
0.977817556704
0.982439509285
0.974097176547
0.86253370525
0.792326368673
0.792326368673
0.792326368673
0.792326368673
0.851789938451
Repetition end
1
0
0
Repetition start
0.700141375285
0.888939335158
0.888939335158
0.889829686249
0.889829686249
0.889829686249
0.889829686249
0.997796210073
0.997796210073
0.997796210073
0.997796210073
0.997796210073
1.10240806768
1.10240806768
1.10240806768
1.10240806768
1.08508413733
1.08508413733
1.08508413733
1.08508413733
1.11662332588
1.11662332588
1.11662332588
1.11662332588
0.965101989365
0.965101989365
1.1370491059
1.1370491059
1.1370491059
1.1370491059
1.10287806905
1.10287806905
Repetition end
1
0
0
Repetition start
0.82859992633
0.741813505206
0.915301734083
0.915301734083
0.839884932196
0.839884932196
1.18186840825
1.18186840825
1.32808064779
1.32808064779
1.234839432
1.0495195454
1.0495195454
1.08177904777
1.08177904777
1.25845872823
1.25845872823
1.25845872823
1.13891566564
1.02874611917
0.999409879594
1.04948993489
0.903086065902
0.903086065902
0.903086065902
0.879438014758
0.879438014758
0.879438014758
0.760248156007
0.760248156007
0.763592345153
0.763592345153
Repetition end
1
0
0
Repetition start
0.887681862338
0.887681862338
0.904769913802
1.03101247523
1.03101247523
1.03101247523
1.08178929953
1.19560716463
1.18482258556
1.18482258556
1.18482258556
1.00305393605
1.09940949007
1.08606324223
1.11731915599
1.11731915599
1.0778302346
1.0778302346
1.02260605512
1.02260605512
1.02260605512
1.01436490236
0.997113349277
0.954947004308
0.954947004308
0.869786059291
0.869786059291
0.828277632305
0.926904562214
0.795826486249
0.795826486249
0.934028653875
Repetition end
1
0
0
Repetition start
0.962284485419
0.962284485419
0.976818911269
1.05650426016
1.05650426016
1.05650426016
1.11490211949
1.12852531659
1.06657590145
1.13057298938
1.01209522666
1.01209522666
1.01209522666
1.15579236646
1.04234658661
1.04234658661
1.05295412357
1.05295412357
1.04215284645
1.04215284645
1.05785606695
1.05785606695
1.05785606695
0.954836539858
0.954836539858
0.900331644208
0.900331644208
0.884914011017
0.884914011017
0.761230945893
0.720241693546
0.939721013773
Repetition end
1
0
0
Repetition start
0.789129275622
0.991007021896
1.06245507293
1.08213770511
1.069001554
1.069001554
1.069001554
1.05629989503
1.05629989503
1.05629989503
1.1463582556
1.03537686894
1.14083458823
1.14083458823
1.07157622516
1.07157622516
1.07157622516
1.0034125372
1.0034125372
1.00200791795
0.990883206462
0.990883206462
0.966021288336
0.966021288336
0.954659608209
0.954659608209
0.851790618527
0.851790618527
0.784931689266
0.788748655129
0.788748655129
0.788748655129
Repetition end
1
0
0
Repetition start
0.843745805589
0.973262729922
0.973262729922
1.03134818404
1.03134818404
1.03134818404
1.0463190987
1.15470840812
1.07525244136
1.07525244136
1.12441409603
1.14518399227
1.10610009251
1.10610009251
1.07426887742
1.07426887742
0.997743401795
0.997743401795
0.997743401795
0.997743401795
0.997743401795
1.06085401552
0.949218469392
1.01350047292
0.87697984659
0.893863547472
0.799131718145
0.799131718145
0.763347805757
0.763347805757
0.763347805757
0.892790650123
Repetition end
1
0
0
Repetition start
0.898437296826
0.898437296826
0.898437296826
1.00505671095
1.00505671095
0.970406410185
1.06494222831
1.02013118493
1.02013118493
1.02013118493
1.13681890597
1.13681890597
1.10651404394
1.11307947104
1.15282269401
1.15282269401
1.15282269401
1.11554047414
1.11554047414
0.999119913359
1.02308461242
1.0425587484
0.979539470729
0.95067261786
0.95067261786
0.976043399173
0.823201738497
0.648596712467
0.648596712467
0.946136958414
0.946136958414
0.913794800284
Repetition end
1
0
0
