Repetition start
0.959165655044
0.903287919984
0.903287919984
0.771404344295
0.72527471365
0.795938759935
0.795938759935
0.812611473671
0.980985150236
0.905890537366
0.937338803261
0.937338803261
1.08118403659
1.08118403659
1.27044396969
1.32282427984
1.16176998728
1.15552280569
1.35477674723
1.24019257633
1.21047042022
1.21486243237
1.09345746386
1.11765142625
1.01088446569
1.00313999567
1.03088773881
1.03088773881
1.03088773881
0.847036499904
0.806925587047
0.806925587047
Repetition end
1
0
0
Repetition start
0.825913560223
0.728218329878
0.697189262761
0.643061858721
0.956505337063
0.956505337063
1.02677438464
1.05170686009
1.05470258384
1.13288071032
1.15112497081
1.14790823477
1.15326141575
1.15326141575
1.20490972866
1.23288989664
1.24904405877
1.20440397464
0.970416439251
1.04718162544
0.941231380936
0.941231380936
0.941231380936
0.985959076532
0.957418579429
0.957418579429
0.957418579429
0.944417247802
0.866759770387
0.866759770387
0.866759770387
0.818404216949
Repetition end
1
0
0
Repetition start
0.942709556819
0.812276153724
0.743666545409
0.596778577361
0.685560617554
0.989685359723
0.989685359723
1.04733541314
1.04733541314
1.22906038884
1.22906038884
1.22906038884
1.26328454575
1.23999705109
1.07611838829
1.15648642584
1.14017477197
1.14017477197
1.20452579163
1.31121939247
1.23915156908
1.1241075582
0.99147136255
0.99147136255
1.01923852862
0.992531795539
0.943397509355
0.925250392125
0.845547428291
0.876542037497
0.807606024705
0.807606024705
Repetition end
1
0
0
Repetition start
0.674443000329
0.674443000329
0.624270412661
0.649121050593
0.838657468398
0.980025901939
0.980025901939
1.04306772741
1.08890048434
1.25654139324
1.25654139324
1.18801938325
1.0490536616
1.0490536616
1.0490536616
1.12549049725
1.04188626617
1.19503972581
1.20638450561
1.23539109148
1.23539109148
1.17280820406
1.17280820406
1.03490435936
0.968877633977
0.968877633977
0.912713589966
0.983919229278
0.911937724019
0.942371716212
0.84839708722
0.822900536033
Repetition end
1
0
0
Repetition start
0.843741882691
0.706130842795
0.706130842795
0.712152660873
0.710407583583
0.710407583583
0.710407583583
0.77996760499
0.77996760499
1.01386455403
1.06638138256
1.03574172863
1.03574172863
1.1143989273
1.20462002231
1.1011585178
1.1011585178
1.09056552961
1.16185212213
1.24453164189
1.25843491319
1.19721626784
1.19721626784
1.03667797484
0.997822667299
0.947645260746
0.895115424231
0.876125448496
0.922080485832
0.827495319812
0.827495319812
0.879097976965
Repetition end
1
0
0
Repetition start
0.924423032274
0.887733043209
0.887733043209
0.816904953766
0.685425840056
0.642967561209
0.683491448513
0.874975685225
1.02512988999
1.06874294648
1.17622174759
1.18233402494
1.18233402494
1.19257599986
1.19257599986
1.1400337091
1.1400337091
1.16741028642
1.14964844478
1.14964844478
1.15367502803
1.18548366372
1.14158264386
1.14158264386
1.00226185413
1.05220207069
0.986611153814
0.937840896457
0.924966532111
0.886524536273
0.916296155468
0.846215333067
Repetition end
1
0
0
Repetition start
0.832518817532
0.714462347894
0.66414766607
0.747309640185
0.863180305655
0.929317541001
1.04835914271
1.09451693656
1.03471641553
1.23053351641
1.17988627224
1.17988627224
1.12027202956
1.14052448581
1.13117798911
1.13117798911
1.13117798911
1.20200448216
1.20200448216
1.20589535236
1.11007865565
1.11007865565
0.967188932898
0.967188932898
0.954465552626
0.96900908405
0.920796604129
0.920796604129
0.888011137592
0.946656888841
0.887798217332
0.85319903807
Repetition end
1
0
0
Repetition start
0.825513311205
0.79984312233
0.680622958854
0.680622958854
0.728208556415
0.844917110495
0.97059287821
1.02180789106
1.04783549656
1.19942014631
1.17199087365
1.24547128766
1.24547128766
1.15532180865
1.15532180865
1.13188417807
1.1965117547
1.13484748046
1.17581226302
1.12114356924
1.0808246061
1.0808246061
0.926898433118
0.926898433118
0.899392238522
0.971865777067
0.931393408614
0.908375493992
0.908375493992
0.952832548425
0.859691407737
0.859691407737
Repetition end
1
0
0
Repetition start
0.879935118023
0.799022765102
0.746097407407
0.727112587479
0.727112587479
0.729636439777
0.825546084007
0.929295385038
1.10592906319
1.17157401034
1.16376849596
1.18407392833
1.13912048303
1.11222710812
1.08356333795
0.991862435294
1.16035912567
1.2327613076
1.2327613076
1.19057234206
0.993338019216
1.02193117308
0.983862715208
0.983862715208
1.00063590417
0.929496212522
0.929496212522
0.996385729762
0.911288782653
0.837148059462
0.816740663383
0.816740663383
Repetition end
1
0
0
Repetition start
0.930259092109
0.944103638442
0.843333030915
0.843333030915
0.632786061476
0.682730333832
0.639082764792
0.893635968123
1.10009197567
0.995754702217
1.07725633996
1.15023729342
1.20276419382
1.07318594441
1.068427931
1.10390303234
1.09717927357
1.12061760923
1.14347750487
1.14347750487
1.15060639099
1.15060639099
1.13097138748
0.963740296983
0.909414465939
1.01312125141
0.925869502919
0.874238928544
0.921228305236
0.879382815963
0.847878394046
0.894731145288
Repetition end
1
0
0
