4495 -7074 17543
 5251 -4712 21479
 3700 -7104 20302
 2322 -4181 21980
 -381 -2549 25677
 601 -5587 20750
 -1359 -2721 22678
 -6363 -4807 26769
 -9762 -6887 26645
 -4316 -6185 25952
 -12708 -5928 27025
 -7209 -8279 24335
 -11703 -5975 24468
 -10025 -5136 24294
 -9456 -5093 24679
 -6703 -5308 25070
 -3247 -7489 25161
 -4895 -4769 25473
 -3819 -5888 25298
 -5696 -6897 24197
 -5261 -8920 27167
 -6837 -6734 24807
 -5575 -6310 23934
 -6186 -5507 25501
 -4369 -8163 25993
 -5590 -5780 24720
 -2628 -4737 24120
 -2064 -4629 24461
 -2709 -4860 24645
 -3054 -5022 23855
 -4841 -5000 24869
 -3607 -5829 24234
 -5152 -6170 26032
 -5201 -6495 26280
 -5742 -6878 25906
 -5169 -5429 24506
 -7092 -3632 23523
 -9173 -3993 24118
 -9038 -3621 24096
 -8141 -4466 25542
 -6580 -6595 25298
 -2728 -5734 24822
 -4370 -5135 24985
 -3745 -4069 24905
 -3506 -4591 24657
 -3320 -3625 24586
 -3064 -2682 25368
 -4249 -2002 27101
 -4257 -7006 22495
 -2987 -1762 27444
 -2337 -3906 23724
 -3697 -9413 23206
 -3772 -10137 23552
 -4082 -9097 24482
 -4753 -10798 24074
 -3044 -6317 25689
 -1718 -2853 23745
 -6 -6879 24219
 200 -4822 24438
 -2689 -5570 24041
 -1543 -6230 25921
 -184 -6183 26367
 -6185 -8746 23413
 -10655 -4737 22599
 -9834 -849 24149
 -5359 -2700 27532
 -6507 -6521 25184
 -4952 -7134 26432
 -3079 -7889 25987
 3344 -5548 23489
 3245 -7743 22929
 2913 -6125 21488
 -3689 -4886 28286
 475 -4056 24055
 -2494 -5306 23773
 -3117 -4962 24380
 -1892 -5282 24764
 -804 -5220 24529
 -172 -6546 24679
 539 -6400 22343
 -5867 -5097 25279
 -783 -5752 24172
 -1053 -5100 24392
 -1965 -4797 24376
 -1976 -5584 24006
 -2644 -5886 24301
 -206 -5684 22756
 -46 -4700 23697
 -1062 -4702 23862
 -1329 -4872 24035
 -1686 -5512 24086
 -967 -5423 23663
 -2795 -4379 24507
 -1751 -4765 24655
 -3419 -4639 24682
 -3126 -5235 25799
 -4210 -4385 24564
 -3155 -5354 24833
 -1255 -4092 21239
 -403 -4322 21584
 2179 -4766 21683
 -179 -4435 23768
 -2673 -6283 23689
 -842 -6108 23713
 -1324 -4256 24182
 -866 -4299 23925
 -2006 -4232 23748
 -1542 -4070 24101
 -1089 -4773 23615
 -1592 -4223 23520
 -1962 -3705 24102
 -2280 -4111 23447
 -1270 -4056 23893
 -1509 -4821 22493
 -2400 -3448 21806
 -2115 -3779 21245
 -2635 -3861 20568
Repetition Start
 -2340 -3204 19523
 -478 -3989 24050
 -3514 -3289 23429
 -3109 -236 25471
 -3722 -2143 23528
 -6508 -1305 28703
 -2127 -1278 26221
 -2889 -597 26950
 -3502 1510 25916
 -3515 -223 27025
 -4021 -1030 28619
 -2439 -2134 27824
 -4118 -3316 26227
 -3821 -2657 23608
 -5957 -1059 23290
 -5164 -1952 21876
 -5105 -1202 21880
 -2368 -2402 20761
 -3612 -451 18904
 -2620 361 17502
 -2042 -430 20631
Repetition End
1
 -3465 -690 21850
 -2745 -1563 21498
 -3275 -1376 18590
 -2334 -1009 18823
 -2587 -2932 19887
 -2859 -889 21785
Repetition Start
 -3533 -514 24945
 -1533 -2176 21161
 -3713 -1963 25282
 -5746 586 26695
 -3872 -1443 26927
 -3293 -681 27132
 -5624 -75 25542
 -3454 -1329 26663
 -3836 -1276 27312
 -2579 -1553 28569
 -3207 -2240 27247
 -4855 -2630 25167
 -2926 -3892 24233
 -2306 -2664 23881
 -3615 -2198 23182
 -1981 -1453 20334
Repetition End
1
 -2427 -1551 20257
 -2826 -776 20320
 -3364 -1030 16879
 -1018 -2301 20759
 -2139 -1175 22195
 -2443 -1178 20641
 -3174 -1118 19273
Repetition Start
 -2817 -1371 18899
 -4563 -1375 19213
 -1532 -1210 20435
 -1267 -219 23658
 -1690 828 21424
 -2129 -1689 22340
 -2750 -659 25106
 -3099 -348 25918
 -4709 -474 26336
 -4940 -2317 25741
 -3362 600 26257
 -2664 277 25874
 -1939 -1209 27562
 -2308 -1396 27344
 -2583 -2120 26688
 -2313 -3302 24353
 -4979 -251 23832
 -1283 -2941 23035
 -2587 -1009 22980
 -2105 -885 20479
 -3135 -1773 19874
 -3718 74 16411
Repetition End
1
 -1509 -3783 17597
 -2396 -1027 19215
 -2844 -809 18840
 -3514 135 18156
 -2545 -1446 18213
 -2991 203 19162
Repetition Start
 -2447 -25 23205
 608 -680 22228
 -2808 -729 23986
 -3535 -197 25570
 -3184 -3467 24692
 -4488 -907 26338
 -3785 -685 25530
 -2513 -1288 27225
 -1376 -830 26734
 -2453 -1580 27070
 -3134 -1765 27429
 -4202 -1512 26363
 -2854 -2428 25378
 -2547 -1820 23925
 -3559 -427 23397
 -3088 -632 21572
 -975 -331 19864
Repetition End
1
 -1757 -1923 20966
 -1575 1099 15805
 -1516 -2274 18588
 -1145 -1264 18589
 -1372 -334 20302
 -1716 -886 18859
 -936 -954 17484
Repetition Start
 -2586 -495 16024
 -4910 539 19778
 -2633 -1587 22292
 -2954 -367 24549
 -2894 -16 24598
 -5883 -1422 24800
 -4681 -578 26663
 -4711 -1075 26346
 -2367 -121 25242
 -2103 152 26502
 -2669 -1499 28972
 -2118 -970 27452
 -2331 -1626 25637
 -4808 -790 24174
 -602 -2938 24148
 -2362 -1395 22428
 -2230 -1670 22664
 -2753 -131 20623
 -3592 311 19518
 -1968 -1017 17468
Repetition End
1
 -1484 16 17871
 -4700 -28 18521
 -1661 -523 18617
 -995 -1456 17157
 -1360 -536 22199
Repetition Start
 -2235 -2087 21018
 -5614 1205 20815
 466 -2405 22300
 -2474 -874 25539
 -1047 -863 27096
 -1352 -1491 27619
 -3112 -997 27178
 -2931 -2350 26296
 -3470 -820 25541
 -2923 -744 26537
 -2062 -284 28638
 -3037 -1222 26839
 -4240 -890 24998
 -3066 -2159 25055
 -3584 -1548 24531
 -3190 -768 22634
 -1704 31 22492
 -2137 -86 19715
 -834 -944 19252
Repetition End
1
 -5186 -590 17594
 -610 -517 18519
 -1540 -509 18730
 -2201 -454 19138
 -2826 180 18392
 -1000 -668 18635
 -2369 939 17347
Repetition Start
 -1862 -764 22518
 -3170 1688 21970
 -1726 232 20933
 -3232 3014 19816
 -3054 565 21259
 -1748 907 24776
 -1931 -627 25660
 -3627 796 26308
 -1791 1219 25357
 -1889 2694 26372
 -1929 512 27504
 -986 99 25945
 -2931 108 24369
 -1573 -1319 23781
 -2970 -1623 23998
 -2226 -1768 22952
Repetition End
1
 -1962 -1468 22377
 -4224 1050 19445
 -1018 -1387 17130
 -1917 -373 17591
 -990 -384 16846
 -3022 -189 20299
 -2269 -800 18936
 -1701 13 18397
 -2137 -626 17644
Repetition Start
 -2073 571 18152
 -1165 533 19133
 -5208 1389 20371
 -923 -353 23105
 -626 421 23365
 -2695 -870 25646
 -3681 209 24737
 -1452 -1106 26258
 -309 -948 24446
 -305 1919 24538
 -3475 -1143 26694
 -1240 -939 27804
 -3657 -653 26344
 -1367 -1207 24875
 -4198 -894 23305
 -2092 -1618 22779
 -2660 -702 23233
 -3633 316 22889
 -462 -429 20406
 -2375 -617 19922
Repetition End
1
 -3453 217 18796
 28 -903 17166
 -336 -2977 17502
 -1527 -351 19541
 -2711 -60 18225
 -1087 514 17761
 -2556 -226 18088
Repetition Start
 -5104 497 19204
 45 -154 21033
 267 -104 20493
 -885 -624 23348
 -3326 -185 24516
 -2362 -462 26270
 -274 -1966 24447
 -1145 -1016 27196
 -2356 -2944 26585
 552 -2674 26211
 -2276 -1408 26846
 -1589 604 25672
 -3098 -1542 23246
 -1801 -1360 22846
 -923 -2187 23108
 -3328 -2073 23454
 -5518 -1191 21864
 -2613 -1559 21847
 -2880 789 20407
 -4296 318 18834
 -2869 23 18493
Repetition End
1
 -2358 -1292 18269
 -4441 -980 21267
 -4300 -1091 18946
 -3090 729 19136
 -4154 -1155 19489
 -3788 406 21599
Repetition Start
 -3543 -1316 21022
 -3505 -16 21751
 -3236 -598 23009
 -3930 -162 24951
 -3089 -2533 24997
 -2520 -206 25759
 -2777 -1757 26399
 -3925 -1924 26159
 -2619 -1698 25022
 -3115 -1786 25309
 -1643 -1474 26997
 -4100 -2831 26779
 -1680 -2311 26164
 -2198 -3100 26007
 -3797 -3223 24902
 -3446 -3225 24205
 -2731 -4624 22385
 -2360 -1446 22492
 -4358 5 23601
 -2960 -1261 22193
 -1770 -299 20102
Repetition End
1
 -2230 -368 18762
 -1906 -2710 21270
 -2431 -3421 21979
 -4044 -4310 20158
 -1958 -2773 21653
 -3029 -2037 21711
 -3716 -2011 24504
 -2312 -5694 22999
 -3811 -3309 23407
 -1579 -2029 23827
 -3809 -2666 21132
 -203 -2746 19820
 4047 9322 28291
 -4899 -4 24337
 -1707 -4215 25336
