Repetition start
0.691749770286
0.573614262926
0.61166341563
0.62457125084
0.896387770274
0.896387770274
1.09101971381
1.07898335737
1.14038544909
1.38847975066
1.15797009142
1.06000092717
1.00822412417
1.16040922708
1.22406481997
1.24091089075
1.24091089075
1.10127638422
1.04146048254
1.00916283359
0.960071198427
0.935484854249
0.87301900465
0.878900797085
0.74624937242
0.74624937242
0.765342957259
0.721936612472
0.721936612472
0.867258526497
0.918659631995
0.924497128254
Repetition end
1
0
0
Repetition start
0.979161087698
0.989945006366
0.935927777407
0.905196788469
0.87635840192
0.682799561878
0.625373284804
0.746156604975
0.827460107555
0.871964239951
0.923656070567
1.18702617089
1.15872425751
1.20770780651
1.22565395121
1.0713185521
1.24221495832
1.08782456607
1.06129387985
1.10368997496
1.09719371553
1.07410217346
1.05503474277
0.963110525312
1.01517959145
0.964679777444
0.902863835651
0.801351937026
0.828092401241
0.842265476605
0.842265476605
0.819699889725
Repetition end
1
0
0
Repetition start
0.709810007416
0.920110332923
0.936793168161
0.947566468356
0.947566468356
1.06299387624
1.06299387624
1.11033848106
1.11033848106
1.11033848106
1.22409056057
1.22409056057
1.17850726184
1.17850726184
1.07894473943
1.0703270765
1.10257218297
1.12231928932
1.12231928932
1.13948859146
1.13497970879
1.11289841779
1.11289841779
1.09224778283
1.05823077246
0.983338902555
0.955321206907
0.955321206907
0.957888946781
1.0247709509
0.968191341472
0.841720440397
Repetition end
1
0
0
Repetition start
0.900638376603
0.907517523041
0.89782130008
0.792253288946
0.616337123955
0.698528900502
0.747455779218
0.874127440418
0.996667218154
0.988459503171
1.13500933566
1.13500933566
0.987888933047
1.06871861097
1.06871861097
1.1717341863
1.09152241773
1.07916488462
1.14919181626
1.05952805114
1.12769076141
1.17211862734
1.12624847986
1.0821848805
1.0673560325
0.99662779909
0.966730338996
0.899007411236
0.899007411236
0.833625776664
0.842441026943
0.699192971015
Repetition end
1
0
0
Repetition start
0.774260268749
0.774260268749
0.730698378572
0.748488368135
0.813171789863
0.838997634231
1.05327691304
1.02285329328
1.16217388327
1.33913509796
1.33913509796
1.3262595666
1.3262595666
1.16629637241
1.30260348485
1.08570734165
1.11102757806
1.11389312326
1.11220157705
1.11220157705
1.07026465337
1.04616124816
1.03573080168
1.0757717022
1.06364858828
1.00596338308
1.00445447232
0.981343857185
0.882492484265
0.814232869634
0.833715134071
0.830587152472
Repetition end
1
0
0
Repetition start
0.940628500152
0.940628500152
0.853416526593
0.719645069845
0.557120270457
0.81879301122
0.888856711396
0.929100307987
0.929100307987
1.00111485898
0.980938813955
1.11189776003
1.15338244097
1.15338244097
1.07351127216
1.05686196179
1.2603668981
1.15755801544
1.17582020267
1.17856867105
1.14548188332
1.09165006411
1.02964811829
1.03627294731
0.987317229511
0.999832977562
1.02978983372
0.930961509317
0.807871521338
0.754030471905
0.74548297368
0.82094004333
Repetition end
1
0
0
Repetition start
0.79124608156
0.806124390384
0.906365588643
1.03278847831
1.15029603411
1.15029603411
1.16373590394
1.10508837575
1.1235643306
1.06390223991
1.06390223991
1.17692913217
1.12088214559
1.12088214559
1.06341091721
1.11931162921
1.21746006125
1.13269511141
1.05598283625
1.06903178449
1.0300937966
0.965557471479
0.965557471479
0.97478780279
0.97478780279
1.09495056372
0.928257308947
0.880435841782
0.85102609924
0.821803280109
0.784383474167
0.785659066795
Repetition end
1
0
0
Repetition start
0.887453079746
0.978795080197
0.997550772003
1.02333466363
1.22725947283
1.16269701357
1.20701494175
1.20701494175
1.00016252307
1.12145568574
1.1865475766
1.1865475766
1.1865475766
1.17879782375
1.13627662286
1.13627662286
1.08017845792
1.07261917491
1.07261917491
1.02338031252
0.993766063959
0.967991435791
0.967991435791
0.967991435791
0.911604392293
0.911604392293
0.929273501147
0.929273501147
0.861027682491
0.872399111167
0.872399111167
0.858359182977
Repetition end
1
0
0
Repetition start
0.911859347364
0.911859347364
0.995404552937
1.21066140904
1.28292352716
1.1751367412
1.22868622685
1.22868622685
1.13574424901
0.964978754969
1.1020359449
1.13218267954
1.11634113857
1.11634113857
1.13451526854
1.06994160435
1.06994160435
1.1105389265
1.06484875457
1.06484875457
0.974735219395
1.00672555868
0.965472238688
0.879426160262
0.879426160262
0.879426160262
0.95111828561
0.851907312507
0.806621731405
0.783495432276
0.783495432276
0.827814019041
Repetition end
1
0
0
Repetition start
0.73490242838
0.846477561416
1.0231278457
1.0231278457
1.05035658767
1.05035658767
1.01523349442
1.0852938089
1.15870282778
1.16785739763
1.15885132796
1.01575847079
1.065769318
1.065769318
1.03186401598
1.03186401598
1.11349125605
1.11349125605
1.21663020632
1.14728730045
1.04222201822
1.02391846654
0.991295526212
0.991295526212
1.02617218386
1.02617218386
1.01883647711
0.936047597214
0.936047597214
0.913392100284
0.910458837808
0.91336778177
Repetition end
1
0
0
