Repetition start
0.952098350186
0.918554494535
0.900657885144
0.643043155583
0.638084906001
0.731033420585
0.713946822039
0.910667018255
0.910667018255
0.934031750871
0.980273803009
0.980273803009
1.23822256304
1.23822256304
1.23822256304
1.16856377573
1.36907438861
1.1468773352
1.17061606177
1.26005528099
1.19578269518
1.06693360107
1.04420061442
0.948309103415
0.954727182484
0.949835151327
0.921029151386
0.843090492805
0.815182816374
0.75512282145
0.75512282145
0.75512282145
Repetition end
1
0
0
Repetition start
0.855977088097
0.87063929545
0.963406424654
0.963406424654
0.963406424654
1.05546120592
1.05546120592
1.16233284669
1.28040843895
1.04256357402
1.04256357402
1.17594869663
1.17594869663
1.17594869663
1.25997953447
1.29943279733
1.29943279733
1.19149590139
1.19149590139
1.19149590139
1.14808149399
1.14808149399
0.985165804394
0.901276328652
0.938373200741
0.938373200741
0.852450769316
0.852450769316
0.852450769316
0.85572790549
0.85572790549
0.805252143288
Repetition end
1
0
0
Repetition start
0.589372070508
0.663303294675
0.791956713784
0.791956713784
0.982567008581
0.982567008581
1.00248701992
1.07387325279
1.07387325279
1.29273975137
1.29273975137
1.30492114214
1.18204046531
1.18204046531
1.22574073452
1.25489661361
1.25489661361
1.25489661361
1.25489661361
1.21488439394
1.21488439394
1.08037502699
1.09316267525
1.01466083611
1.01466083611
0.95857794981
1.01541489115
0.93043668397
0.93043668397
0.795922319955
0.824048255172
0.732077087628
Repetition end
1
0
0
Repetition start
0.839282111956
0.839282111956
1.04379380735
1.04379380735
1.04379380735
1.08954761782
1.25667027921
1.25667027921
1.27702982279
1.19727396534
1.19727396534
1.24604814021
1.24604814021
1.24604814021
1.21719404385
1.21719404385
1.05007061983
1.05007061983
1.14887393392
1.14887393392
1.14887393392
1.14887393392
1.07072051478
1.07072051478
1.07072051478
1.07072051478
0.943336701762
0.904184383868
0.818314953966
0.685621007623
0.685621007623
0.685621007623
Repetition end
1
0
0
Repetition start
0.885934850817
0.747435725983
0.919208803011
0.919208803011
0.919208803011
0.919208803011
0.928238866063
1.16785722698
1.32825230802
1.20024616733
1.1872997319
1.08103201618
1.08103201618
1.08103201618
1.27626231404
1.27626231404
1.27626231404
1.17653495926
1.17653495926
1.18517398312
1.18517398312
1.06742770318
1.03849316896
0.964998709633
0.990106803908
0.990106803908
0.990106803908
1.02093485426
0.833670568278
0.763879915959
0.763879915959
0.81770665124
Repetition end
1
0
0
Repetition start
0.65597937885
0.65597937885
0.660865879124
0.660865879124
0.81464900033
1.05244162351
1.05244162351
1.24746744528
1.24010603534
1.24010603534
1.26768572252
1.23598150393
1.18757282053
1.18757282053
1.18757282053
1.28552077147
1.28552077147
1.28552077147
1.18436663167
1.09956754466
1.11061071359
1.11061071359
0.98853089832
0.909949469509
0.909415356897
0.895630515042
0.858235479343
0.790460695658
0.813691471466
0.813691471466
0.813691471466
0.676022379088
Repetition end
1
0
0
Repetition start
0.792752527721
0.94334069425
1.18542481726
1.21020923065
1.21020923065
1.28757270931
1.24942149992
1.24942149992
1.1999931103
1.1999931103
1.1999931103
1.13860584545
1.13860584545
1.20695799386
1.23010346122
1.23010346122
1.17586232853
1.17586232853
1.02451892131
0.994976256464
0.994976256464
0.92757131047
0.92757131047
0.92757131047
0.885145911959
0.885145911959
0.885145911959
0.922634706803
0.90190252647
0.932630994205
0.936987389054
0.936987389054
Repetition end
1
0
0
Repetition start
0.783271432214
0.783271432214
0.783271432214
0.975897350765
1.07865950907
1.25049293753
1.28723651565
1.28723651565
1.32267439087
1.33555359511
1.14496622999
1.12180266911
1.11411785848
1.11411785848
1.11411785848
0.983867590176
0.992869369987
0.992869369987
0.970305681896
0.970305681896
0.970305681896
0.970305681896
0.970305681896
0.970305681896
0.989274969075
0.989274969075
0.92785928588
0.92785928588
0.939673578326
0.939673578326
0.939673578326
0.834665029638
Repetition end
1
0
0
Repetition start
0.902239659321
0.957487705914
0.957487705914
0.957487705914
1.13670382375
1.13670382375
1.13670382375
1.18327577965
1.28628049537
1.18880090856
1.18880090856
1.15986005618
1.20898715745
1.23939041649
1.23939041649
1.07313965611
1.07313965611
1.07784174571
1.07784174571
1.07784174571
0.92630063147
0.953656980311
0.953656980311
0.938649349204
0.938649349204
0.938649349204
0.938649349204
0.894788642567
0.950355988627
0.912379586264
0.912379586264
0.765770513953
Repetition end
1
0
0
Repetition start
0.727281880846
0.727281880846
0.727281880846
0.719690516073
0.960713372028
1.05618704581
1.17057122979
1.42803711428
1.23610445533
1.23610445533
1.23610445533
1.23610445533
1.13439826633
1.08859116344
1.21327403822
1.21327403822
1.15600714517
1.15600714517
1.15600714517
1.15600714517
1.14718000828
1.06672806827
1.06672806827
1.05350805668
1.05350805668
1.05350805668
0.974988850123
0.979116213628
0.922544004265
0.922544004265
0.926009045514
0.856475657727
Repetition end
1
0
0
