7734 17056 8640
 7689 17128 8696
 7569 17046 8775
 7838 16871 8825
 7732 17144 8697
 7548 17043 8728
 7456 16937 8731
 7648 16936 8798
 7671 16925 8791
 7642 16907 8896
 7660 16816 8892
 7542 16820 8999
 7744 16907 8718
 7459 16790 9009
 7694 16837 9035
 7535 16808 9010
 7587 16870 9054
 7513 16675 9081
 7155 16780 9583
 7346 16563 9526
 7408 16458 9504
 7088 16491 9831
 6680 16246 9970
 7312 16520 9707
 7650 16715 8977
 6845 17370 8352
 8650 17821 6995
 7840 17753 6555
 8793 17604 6253
 8277 17611 7029
 9163 16706 8166
 6385 17288 8948
 8972 16861 8403
 7724 17349 8578
 7624 17514 7801
 6872 17204 8218
 6431 16774 10144
 9200 16520 9208
 6557 16885 8749
 6950 17011 8881
 6961 16974 9153
 6687 17096 9050
 7255 17178 9010
 7121 17490 8434
 7122 17289 8259
 7213 17099 8848
 7088 17205 8810
 7458 17042 8822
 7227 17551 8707
 7225 17280 8553
 7076 17391 8624
 7277 17297 8473
 7098 17384 8532
 7104 17415 8517
 7065 17350 8540
 7105 17237 8318
 7225 17333 8453
 7121 17605 8331
 7131 17390 8404
 7260 17415 8432
 7331 17385 8177
 7197 17365 8361
 7086 17391 8297
 7109 17534 8286
 7138 17466 8382
 7140 17414 8353
 7469 17116 8768
 7076 17055 8839
 6713 17213 8833
 6912 17110 8716
 7096 16970 8764
 6882 16960 9856
 6384 17017 10690
 7426 15863 11422
 8375 15677 10699
 7936 16133 8701
 7842 16133 7809
 8692 16072 7723
 6974 17764 6845
 6278 18153 6262
 7534 18519 6671
 8864 17830 7198
 5393 17612 6949
 4649 18289 8204
 2627 18022 9865
 2345 17295 9543
 -1993 16847 10756
 1065 17354 11684
 967 16901 12015
 2649 15231 12179
 -741 16980 13756
 2161 10934 15976
 2778 11220 16583
 4211 9128 16611
 3553 9187 16679
 4770 8415 15413
 8357 5652 17403
 3099 6621 18745
 6140 6988 15438
 5998 8099 15447
 4388 9111 14831
 6053 8617 15207
 5314 6837 16875
 6122 6860 17052
 6544 6893 16496
 9762 8102 14932
 3471 9231 15352
 1685 11301 13859
 9284 6989 16512
 3661 9563 16393
 7325 7694 15398
 5008 8014 15637
 7823 8830 14923
 2789 10549 17113
 3206 9905 15757
 2006 8186 19128
 2987 7520 15528
 73 9209 15615
 609 8272 15775
 5570 6916 16846
 1692 8729 16686
 4407 8818 16780
 932 9409 15283
 4189 8763 16516
 1200 8984 17144
 2618 8836 16103
 1896 8561 16967
 1539 7793 16805
 2299 7018 16686
 2492 8268 17012
 1863 7780 18266
 8391 8182 16314
 -1343 6362 15342
 4123 6624 17824
 3161 6847 16436
 1080 5584 15829
 2226 3728 15952
 2276 2430 15631
 3753 1820 16865
 2898 2780 17367
 1471 2612 16568
 2056 6285 17425
 2272 4960 18954
 5018 4849 16554
 4130 4860 17043
 5119 3266 16192
 7317 3171 15109
 7467 3053 14829
 975 3284 18875
 4502 4204 16967
 4868 3420 16585
 3960 2990 16789
 4880 3575 16231
 2820 5236 17266
 2357 3766 16943
 2973 4783 16901
 6062 6591 15889
 4447 6097 17105
 3752 4382 16675
 3742 4028 16836
 3846 4352 17156
 4336 5181 16824
 3835 4433 16361
 4665 4783 16949
 4405 5325 17072
 6513 5771 15402
 8008 4965 14605
 7792 4592 15237
 5466 5983 17789
 8175 4091 16889
 5213 4308 16929
 6284 5500 16764
 -786 8115 14878
 1737 6722 14720
 -1480 9069 14040
 10704 -712 18297
 1829 3458 18770
 5747 5292 16591
 4112 4741 17679
 8144 7580 14700
 7378 7484 13848
 9234 6049 16286
 5253 5437 15964
 4842 6331 17236
 3947 5928 16704
 5186 6728 17467
 5496 6497 14597
 7861 6579 16830
 7925 7204 13855
 7800 6313 17127
 6830 5644 18409
 6100 6026 14967
 5378 5299 17272
 5111 6330 16315
Repetition Start
 4164 6838 16923
 4961 6635 16565
 4500 6767 16564
 4894 6385 16021
 4734 6727 15380
 5000 7590 14196
 5108 7081 12135
 4084 10066 14256
 5169 9776 12222
 5168 9402 17583
 1420 11352 15516
 1826 9835 17245
 707 10122 17259
 1192 10616 17144
 2171 8846 18911
 2664 5590 19006
 -424 6333 21451
 -410 8461 21012
 1342 6861 19699
 407 8406 19969
 268 5750 18428
 1245 8257 19289
 2277 9640 19040
 1654 9959 16725
 1905 10716 15438
 929 13168 14621
 1065 12053 12610
 1754 12033 13729
 5703 10955 11927
 6102 10352 10354
 5768 8826 9446
 5594 8662 10917
Repetition End
1
 3839 10064 10026
 3550 10963 8948
 4531 17582 13339
 4228 10290 12827
 8225 13964 16035
Repetition Start
 -39 10057 15354
 4608 11361 16968
 4445 9436 18587
 2136 9152 20606
 1729 10233 19787
 4626 9964 18800
 4123 11668 18749
 2944 8861 21454
 3547 7456 19119
 1668 9348 17706
 5315 9933 16425
 4380 9983 16373
 5132 9706 15000
 5089 9772 14510
 5215 11050 12489
 2997 11331 11771
Repetition End
1
 6636 13197 11414
 7143 10211 10684
 4472 10804 12226
 6496 11504 12717
Repetition Start
 5478 10842 11659
 5525 11842 10290
 4711 12779 9991
 3603 12951 10014
 5124 12041 15782
 3977 10114 15658
 2867 11138 15405
 4380 7162 17523
 3968 8603 20123
 918 8313 19199
 2415 8558 19441
 2916 10406 17119
 2775 7338 21095
 3456 8267 20714
 3472 7334 19103
 3437 9623 18007
 2431 10278 17803
 5124 9871 15811
 4232 10171 15560
 4509 10576 13943
Repetition End
1
 3261 11013 13141
 7057 10956 11489
 3602 13135 11088
 3420 11252 11226
 8771 12227 11095
 5809 13074 9468
Repetition Start
 7329 13142 7680
 6010 11196 9749
 4642 11113 12687
 2297 11662 14388
 2825 14312 14798
 -546 12039 14423
 1812 12052 18356
 1753 9712 20642
 1209 9472 19157
 2824 9743 18526
 3163 7522 22384
 4361 8102 21159
 4183 9322 19066
 3708 11001 17533
 4235 10860 16845
 4086 11073 15952
 3871 11235 14570
 5508 11372 12455
 5428 10041 11246
 6060 12222 9428
Repetition End
1
 5488 10675 10222
 2470 11354 11602
 5694 11981 9882
Repetition Start
 5695 11692 7906
 5994 11830 12961
 2726 13166 13267
 3312 13788 15447
 3046 11508 17111
 4862 9451 16695
 5172 8657 19069
 4381 8813 20857
 4833 11463 17506
 3758 10352 19657
 3569 9804 19917
 4254 9094 20615
 3992 8053 18829
 4769 11707 18245
 4413 11084 16540
 6128 11039 15150
 6948 12077 14236
 3248 12305 12958
Repetition End
1
 3958 13112 10126
 2621 12076 10544
 4567 11635 8955
 6417 11945 9894
Repetition Start
 5457 12154 11084
 3678 12985 8738
 3332 12521 8737
 218 16136 12956
 4787 11175 15773
 3354 16105 14016
 6124 13694 15351
 5522 13275 16818
 5154 12861 17636
 3151 12183 18643
 3638 12125 19635
 3558 9064 20771
 2769 11369 21965
 4965 9999 19402
 3226 10442 18813
 4346 11291 16816
 1549 11159 15225
 4738 11667 14925
 6467 12757 13136
 4943 13560 12948
 4081 13055 10937
 2438 13777 9082
Repetition End
1
 6473 12604 9061
 4593 13710 11259
 4007 13244 9644
Repetition Start
 3088 12387 8646
 5053 12811 7667
 4572 13537 12401
 2423 13057 14019
 6050 12293 14228
 1789 14828 13122
 3130 11511 17358
 2197 11776 19752
 2680 10798 19511
 681 12470 17426
 2807 11053 20024
 1971 10923 21528
 2867 10018 18654
 2610 10618 18506
 2649 11836 17456
 2284 11691 16259
 3904 10943 15865
 2953 11376 14968
 4503 13591 12730
 5236 11701 11256
 5253 14063 12862
Repetition End
1
 4749 12930 7603
 4502 13708 9350
 4890 12999 10714
 5519 12340 10247
 4769 12341 8275
Repetition Start
 4753 12281 9391
 4795 13107 11773
 4838 14506 11880
 4829 14180 13874
 829 14647 14188
 3517 12917 15940
 3722 13266 17492
 4628 12093 18939
 3328 11455 18631
 2477 15717 18208
 1286 11002 19276
 1870 11397 19627
 2705 11856 18526
 3737 10689 17863
 5182 11436 15116
 3575 11617 16663
 3425 11074 13998
 5278 12813 14255
 4839 11534 12747
 7125 12114 11731
 4212 11266 9432
Repetition End
1
 5715 11113 9333
 4847 12828 11210
 5734 12097 10644
 6211 13083 9320
Repetition Start
 6782 12965 7278
 5219 14879 11209
 1652 13727 12689
 5225 13192 12793
 2155 13949 17326
 4194 13318 16948
 4266 14864 18478
 4633 12805 18027
 4400 11985 18343
 4454 12035 19088
 2822 13355 17215
 3673 11332 19912
 2758 11401 17835
 4257 13227 16408
 3210 9162 17337
 2801 11424 17333
 3155 11503 16542
 4363 10336 14585
 5732 11893 12622
 5195 14668 11993
 4369 10325 11813
 5370 11153 11230
Repetition End
1
 6691 10371 13705
 5999 10866 13866
 5228 9230 16975
 3042 9095 15484
 3445 10461 15998
 5508 9713 16070
 2828 12220 15364
 4903 8326 15316
 2859 5812 14694
 3186 10766 17748
 6652 13213 15266
 3876 12430 14714
 4520 10117 15638
 8170 14471 15923
 6754 8903 17170
 5744 9360 15961
 5395 6048 16815
 6324 6213 15337
 5450 8321 15598
 6009 9755 16264
 5316 9002 15584
 3880 8541 14355
 2798 9214 16327
 3095 8575 16683
 3428 8992 17111
 3266 7647 16537
 2725 8436 16538
 2797 8175 18431
 365 9823 18475
 5805 11419 16431
 1877 14364 14007
 3733 15727 12735
 1861 16284 11110
 1006 17102 11080
 1495 16962 10247
 962 17043 9603
 1895 17328 9863
 2712 16791 9668
 2156 18011 8183
 1972 18394 7811
 5775 19177 7554
 4258 19221 7776
 5269 18970 7070
 5985 18905 6726
 6501 18579 6524
 7064 18636 5500
 6788 19155 5279
