6253 13247 -3671
 6463 13611 -3556
 5978 13520 -3439
 6009 13403 -3246
 6018 13557 -3192
 6099 13691 -3175
 5919 13896 -3037
 6119 13943 -2748
 6984 14064 -2382
 6558 12259 -1326
 5495 11252 -928
 3836 11881 3919
 -367 9274 9087
 429 6500 11488
 -973 2279 13045
 632 1718 15270
 14 1853 17026
 -395 0 17339
 -49 -1702 17312
 1078 -3019 18104
 1788 -4218 18776
 2034 -4490 18640
 1153 -3358 19510
 1983 -2895 18418
 1219 -1924 18392
 1942 -2001 18914
 1546 -2335 19040
 -916 -3357 18345
 3318 -3823 15656
 2256 -123 14227
 1200 1647 13561
 -539 850 14627
 46 -1788 13332
 4451 125 15079
 3632 -941 16333
 3468 -554 15546
 2311 75 16016
 3414 -224 15705
 2170 -120 15589
 2301 -20 15947
 2528 -184 16067
 2746 -391 16012
 2425 -464 16206
 2055 -578 16272
 1910 -639 16160
 1688 -534 16203
 2126 -783 16419
 1973 -825 16262
 2120 -680 16153
 1914 -212 16147
 2321 -677 15464
 2270 638 14739
 2033 266 13834
 -703 222 14308
 -2335 202 13824
 -1413 294 14511
 -504 -1572 14718
 -1767 -3137 15143
 133 -3855 15923
 3727 -4980 15632
 4857 -5589 15956
 6309 -1960 15938
 6107 -10672 25628
 5116 1368 19955
 6707 1038 16160
 6397 1558 10920
 11417 -1860 14245
 4471 -6550 14489
 5360 -3232 15297
 7753 -2711 16679
 6483 406 15161
 9955 685 14065
 10501 1156 12196
 9186 959 13729
 7550 -416 13084
 7005 -891 13590
 9251 -1107 11936
 3437 -1422 13813
 -461 -3262 19161
 4461 361 18875
 747 -552 15741
 6137 921 15492
 -6881 4378 14049
 -170 6176 14270
 712 3177 16999
 -3074 4349 20265
 351 615 17227
 5730 -1319 13776
 5417 3791 14184
 11065 2940 11424
 8029 2820 12129
 763 1356 17396
 5112 2120 15105
 5285 3646 15377
 4117 3582 16203
 4904 2117 15901
 3994 2247 15450
 6549 2454 14284
 5965 2918 14127
 8335 2045 12985
 8871 1977 12082
 4918 3507 15337
 6485 2883 15402
 5503 3756 15893
 5285 3440 14596
 2085 4621 15138
 2519 5008 14429
 6509 3747 15965
 4500 5066 15511
 6093 4853 14171
 6037 4039 14414
 5274 3303 14038
 5657 3604 14860
 4191 4425 14068
 4740 3579 15521
 5340 5107 14779
 5690 4241 14492
 4495 5104 14043
 5479 4646 13931
 5082 4880 14579
Repetition Start
 4872 5077 13922
 4731 4960 13398
 5091 4453 13115
 3900 4263 8810
 4746 6489 6683
 2055 5661 10353
 4347 3727 10200
 3776 6947 12653
 2568 5653 13987
 3697 5672 14564
 5661 3820 19103
 1936 3962 18631
 3087 4412 21775
 3156 4385 17997
 3444 5797 17955
 4181 4171 19782
 3225 4842 18708
 3303 3423 16821
 5131 4394 15718
 3455 5347 14173
 6502 4395 13531
 5160 6823 13000
 4182 5785 13295
 4489 5760 11725
 4496 5375 11370
 6098 4744 9663
Repetition End
1
 6252 5626 11332
 5111 4748 11041
 4835 4750 11088
 4940 5164 9511
 4452 5049 7537
 3642 5096 8802
Repetition Start
 4848 5608 11905
 2319 5245 13061
 3078 4153 14914
 3569 4164 16400
 5677 2022 18065
 3648 4162 20235
 1741 3752 16573
 4139 5141 18101
 3782 4621 19761
 3803 3380 20673
 3164 2879 19047
 3249 3817 18130
 3991 5301 14714
 2927 2545 14248
 2944 4871 14282
 2338 4061 13157
 3171 3964 13069
 4091 6605 10663
Repetition End
1
 5800 5798 8008
 3279 5735 9741
 4565 5940 14191
 4806 6057 10834
 4242 6537 11822
 4106 5658 9704
Repetition Start
 3543 4596 7718
 1374 6279 8763
 4575 4622 11228
 1705 5772 14931
 2946 4497 15520
 3040 4303 16787
 3419 2888 20702
 2193 1414 21220
 2404 2255 19084
 2616 4352 19430
 1941 2651 20296
 3044 2245 19542
 2829 2900 17231
 355 2975 17658
 5715 2848 15349
 2798 4750 14706
 3590 4362 15648
 3504 4847 14022
 4050 4923 11376
 4880 6196 10958
 1736 6858 9686
Repetition End
1
 5716 6283 9576
 5987 5841 12172
 4354 7718 12553
 4765 6722 12577
 4669 7219 13338
 4221 7473 12969
 4915 6920 13103
 4842 6819 13145
 5216 6992 12962
 5769 7319 13107
 4940 6993 12765
 4523 6914 13092
 4730 6598 13011
 5261 7405 13452
 5196 6890 12882
 4786 7277 12935
 4599 7437 12981
 4726 7949 12926
 4558 7727 12763
 4183 7654 13003
 4448 7284 12685
 4107 7341 12745
 4005 7491 12744
 4224 7774 12667
 4763 7775 12824
 4697 7637 12640
 4745 7910 12978
 4052 7360 12493
 4497 7492 12772
 3963 7753 12699
 3845 7825 12569
 3926 7949 12792
 3793 7483 12608
 3862 7687 12544
 4078 7683 12535
 4208 7562 12441
 4124 7940 12451
 4221 8227 12620
 4212 8230 12410
 4537 8238 12656
 4515 8123 12510
 4383 8130 12495
 4298 8094 12555
 4198 8253 12053
 3939 8181 11936
 4099 8124 11705
 4230 8409 12373
 3999 8258 11810
 4672 8556 12208
 5169 9291 11877
 3571 8280 11978
 4299 8061 12857
 5087 8801 11712
 4664 9401 12263
 4394 9196 11694
 4104 9055 12277
 4113 8199 11292
 4367 7930 11787
 4207 8397 12232
 5010 8686 11738
 4429 8704 11686
 3826 7585 7981
 5931 7209 7119
 2083 9681 8485
 5054 5379 6451
 -119 8416 9002
Repetition Start
 842 7301 11622
 4423 7142 14896
 5295 5665 16079
 3752 5152 19578
 6465 7098 18590
 5112 7023 17588
 3372 4744 19568
 2676 2503 19603
 4893 5166 15664
 2142 7284 17224
 6183 5856 15337
 3966 5624 13839
 3985 6950 12461
 4256 6734 10784
 4369 5082 9015
Repetition End
1
 5720 6225 8727
 4890 6760 10202
 3981 4072 11473
 3714 6252 10887
 4126 6320 10842
 3111 6420 7915
 3403 5648 8195
Repetition Start
 3877 7541 11781
 4026 3944 10872
 2252 6022 13619
 1850 4891 14281
 4686 6602 17337
 489 4833 21213
 4356 2420 19023
 4314 4928 18317
 4889 3308 16699
 5177 6075 19327
 4761 3615 18326
 6402 3130 18063
 2720 4830 16587
 4203 3289 16156
 3311 3303 15103
 5194 4540 14682
 3962 5243 15382
 4793 3465 12312
 1359 6669 10503
 5439 6884 10125
Repetition End
1
 5433 5111 10609
 5738 5839 10284
 4468 5080 12332
 5314 5372 11585
 5899 6362 10606
 4535 4650 10389
Repetition Start
 4063 5672 8175
 2554 7334 7545
 4667 5764 11097
 4260 6630 15337
 2364 6549 19216
 1413 3630 19941
 3196 1997 20425
 4631 3007 19483
 4317 3957 18555
 2741 3774 20539
 3378 3867 18713
 2668 3907 17383
 3013 4106 17469
 2417 3651 15593
 4847 4459 13375
 4528 6006 12862
 3500 5978 12936
 4498 6294 11742
 5999 5897 9847
 5007 6803 10314
 4147 6243 8155
Repetition End
1
 4905 5571 12477
 4465 6319 10856
 5856 5549 11030
 5679 5182 8731
 3122 5382 8759
 4453 6006 9643
Repetition Start
 3391 6709 10592
 6701 4743 13095
 2234 5706 18430
 5380 5281 18339
 3929 5093 20091
 4168 4645 19496
 4351 4251 18696
 5060 4206 17456
 3841 5847 18496
 4225 4574 19168
 3569 4574 18371
 2772 5792 15509
 2932 5157 15184
 1898 5912 13871
 4655 5718 12488
 3863 7389 12609
 2951 6528 12924
 4059 7066 12926
 5713 8040 11764
Repetition End
1
 4912 6147 9183
 3532 6439 10994
 3795 7086 7562
 4767 7345 12522
 4480 6297 8689
 3331 6221 6751
 5404 5670 8054
 2662 8119 8958
Repetition Start
 1941 7445 10271
 5093 5472 14134
 3499 6728 15963
 5634 7455 18233
 3748 6112 19834
 4125 6177 20358
 3919 4826 20980
 3997 4365 17801
 4255 6482 16664
 2991 3533 17657
 4974 3602 14904
 2888 4163 15458
 3497 4639 14798
 5196 6854 13738
 3883 5341 13693
 4161 5632 13711
 3704 5541 11941
Repetition End
1
 4531 6976 10846
 5982 6701 11053
 7403 5327 6949
 5242 5548 12843
 6043 5682 11059
 4604 4406 9667
 4286 5560 6306
 4453 6699 9274
 2052 6512 8677
Repetition Start
 5736 7176 11581
 4658 5986 13732
 2733 5623 17543
 2762 4594 18631
 737 2885 20863
 2840 5458 18480
 4169 6871 17220
 3219 4990 18897
 3596 3895 19602
 4299 5138 16256
 4654 3503 16671
 4199 4204 13965
 3748 5462 14151
 2599 5122 14266
 2490 5079 13525
 4926 6940 13039
 4707 6285 12720
 2893 6508 10329
Repetition End
1
 4842 8717 9936
 4643 6397 9577
 4475 5447 11099
 6075 6356 10609
 4378 6056 11280
 5497 5714 8352
 2938 5806 6965
Repetition Start
 4502 7574 8022
 3906 5516 9662
 3932 6223 13913
 1867 5648 16250
 4027 5271 17995
 -699 7146 22268
 3680 4892 19305
 2702 6378 17247
 2290 4811 17021
 2702 4378 19201
 978 4655 18333
 3906 5081 17669
 3518 5940 16056
 1156 6326 16018
 501 5533 14977
 1508 5018 15162
 2195 4822 14156
 3287 6508 13305
 3678 5573 12342
Repetition End
1
 4353 6900 11172
 4083 7287 12120
 5260 7670 11737
 5357 6854 9938
 2504 5131 12091
 3664 4245 13602
 3645 5551 14230
 4032 6388 14864
 3737 5634 14104
 4355 7381 14804
 4831 8021 15743
 279 2210 16192
 2853 755 11853
 3004 7663 11196
 3571 6999 12231
 3037 6241 11065
 2197 7274 14303
 4659 6169 16256
 752 6744 15052
 3238 4983 15845
 3126 -1041 15581
 4452 1210 13699
 5034 2983 15057
 4935 4937 15740
 3774 2841 14007
 3487 3894 13890
 3405 3719 15151
 2271 4131 17067
 997 1493 15874
 1736 3896 16903
 788 5193 17684
 2736 4686 15794
 -276 8615 12473
 -1264 9924 12242
 501 10670 10449
 892 11437 9303
 365 12265 8316
 760 12159 7971
 1573 12027 7388
 1850 13188 7713
 3034 12799 6468
 5206 12792 5821
 5718 12329 4823
 5890 12231 4705
 7800 12351 3560
 6948 12193 3394
 7892 12376 3253
 9926 11961 2799
 8125 11775 2566
 8969 10889 2384
 9793 10638 689
 9796 11931 645
 9099 11651 228
 8522 16230 316
 7177 12725 -104
 6129 13855 51
 6044 13253 -783
 4914 14503 -1015
 5157 14141 13
 4194 14746 -988
 3297 15134 -454
 4404 14388 -1307
 2939 14472 -1082
 3802 14364 -581
 3503 14199 -750
 3014 14883 -708
 3643 14825 -676
 3345 14446 -977
 3638 14476 -818
 3881 14565 -747
 3492 14424 -908
