Repetition start
0.734695237929
1.01904476917
1.01904476917
1.06659433083
1.18405302346
1.24116650494
1.24116650494
1.24116650494
1.24433627454
1.24433627454
1.19665949633
1.19665949633
1.19665949633
1.19665949633
1.19062249247
1.13469112926
1.16280763469
1.16280763469
1.20927358259
1.20927358259
1.02246914799
1.05124248783
1.05124248783
0.845332643794
0.929564804508
0.929564804508
0.930511642255
0.877897043438
0.877897043438
0.877897043438
0.754612026528
0.769282811624
Repetition end
1
0
0
Repetition start
0.810369474462
0.810369474462
0.810369474462
0.810369474462
1.09413035625
1.16905834413
1.20032959537
1.20032959537
1.18463654109
1.24628092368
1.24628092368
1.24628092368
1.2398652406
1.2398652406
1.2398652406
1.17984621136
1.17984621136
1.26255062599
1.26255062599
1.21947718133
1.21947718133
1.03994214856
0.990999702909
0.959602089031
0.959602089031
0.969027573674
0.892036962586
0.892036962586
0.892036962586
0.97632466281
0.843838834943
0.605869148515
Repetition end
1
0
0
Repetition start
0.736865515365
0.736865515365
0.736865515365
0.901045964163
0.973923960077
0.973923960077
0.973923960077
1.21012920044
1.21012920044
1.21735015279
1.18524186894
1.22053645865
1.22053645865
1.22053645865
1.22053645865
1.22053645865
1.3550486477
1.34427950789
1.18490382199
1.18490382199
1.18490382199
1.13289689868
1.04782887316
1.04782887316
0.993208243739
0.993208243739
0.937403755413
0.937403755413
0.862652271157
0.810987297727
0.796303502079
0.926028610936
Repetition end
1
0
0
Repetition start
0.841638246977
1.01825122391
1.01825122391
1.06819493634
1.14645590576
1.14645590576
1.19680132116
1.15649343357
1.15649343357
1.35344504988
1.35344504988
1.35344504988
1.21554575198
1.21554575198
1.14144964978
1.14144964978
1.13632117361
1.13632117361
1.12415010251
1.03378532066
1.01455700915
0.928363963874
0.928363963874
0.928363963874
0.928363963874
0.852676732242
0.852676732242
0.903945543578
0.903945543578
0.940624816948
0.801538588444
0.801538588444
Repetition end
1
0
0
Repetition start
0.840121132488
0.840121132488
1.05298593272
1.05298593272
0.961571941435
1.14693148471
1.14693148471
1.13976240201
1.13683262481
1.13683262481
1.13683262481
1.22628144671
1.22628144671
1.22628144671
1.19528805483
1.23811041168
1.23811041168
1.14064023419
1.05467247246
0.999296943313
0.999296943313
0.900206460137
0.997546800421
0.997546800421
0.997546800421
1.00606611405
0.867182123752
0.867182123752
0.716348455837
0.845093860044
0.845093860044
0.845093860044
Repetition end
1
0
0
Repetition start
0.713879581245
0.696764629759
0.847025742259
0.842919583429
0.959072481913
0.959072481913
0.867954106469
0.867954106469
0.867954106469
1.04735020271
1.07460945654
1.07038093613
1.15273382568
1.16018459979
1.20884544795
1.20884544795
1.15437514948
1.09595280793
1.0588488764
1.0588488764
1.0588488764
0.95446388799
0.974112919364
0.974112919364
1.00178238788
0.931360602531
0.92876186893
0.92876186893
0.908122563635
1.07621696156
0.936504769562
0.898656575818
Repetition end
1
0
0
Repetition start
0.712257341737
0.939224522668
0.915223201841
0.897057896251
1.146198224
1.146198224
1.13294956595
1.16194788668
1.16194788668
1.12766663923
1.05785716743
1.05785716743
1.05785716743
1.13511927145
1.1312858917
1.10846116145
1.10846116145
1.02410372678
1.08731217818
1.08731217818
0.985832197321
0.979738900404
0.979738900404
0.935132494364
0.935132494364
1.00223597314
0.907641565362
0.895790317615
0.895790317615
0.895790317615
0.934401011504
0.924433022229
Repetition end
0
0
0
Repetition start
0.96967941354
0.93213320252
0.93213320252
0.93213320252
0.982430920645
1.24356717738
1.10512285752
1.14952858846
1.08643474789
0.999285720373
1.0634395621
1.20171287728
1.04941170723
1.06236729775
0.950835673781
0.974882687639
0.974882687639
0.974882687639
0.944608731795
1.06002283585
0.926260574611
0.934575299097
0.989724731591
0.885920146069
0.997837658731
0.944114199447
1.07801126834
1.0413853649
0.964662500106
0.858007124847
0.791404856768
1.00332481342
Repetition end
0
0
0
Repetition start
0.979597183031
1.08309784284
0.970582708953
0.955054959599
0.9585004992
0.960933037879
0.971555642496
0.955918706667
0.945153356981
0.958972186926
0.958444746511
0.95278633464
0.966907544978
0.977314918575
0.95839269297
0.98290013717
0.978062465759
0.961046565465
0.955319810879
0.948135089032
0.969056642361
0.980335274004
0.967162217363
0.956260265501
0.950486790252
0.941891932743
0.964639997397
0.967780154577
0.974286842108
0.935493447803
1.11939343332
0.709333160612
Repetition end
0
0
0
