Repetition start
0.697289006993
0.794926303598
0.794926303598
0.687009181036
0.805943171388
0.703608574411
1.05696774107
1.05696774107
1.24361935749
1.24361935749
1.3591394467
1.27366849203
1.17727254318
1.39247831198
1.39247831198
1.37949638868
1.37949638868
1.27833133544
1.0678570855
1.0678570855
0.970832234706
1.04050631706
1.01062833172
1.01062833172
1.01062833172
0.886803864499
0.84971488429
0.84971488429
0.84971488429
0.928982052305
0.928982052305
0.770466362209
Repetition end
1
0
0
Repetition start
0.633180220047
0.752879602471
0.752879602471
0.986900052353
0.986900052353
1.19655570192
1.19655570192
1.19782116775
1.17398683043
1.17398683043
1.27837206049
1.23076226049
1.23076226049
1.25007299717
1.25007299717
1.25007299717
1.25007299717
1.3149893037
1.3149893037
1.33611932292
1.33611932292
1.3179019742
1.3179019742
1.02851455209
1.09257224739
1.09257224739
0.959572848459
0.959572848459
0.877936444877
0.877936444877
0.923597540921
0.923597540921
Repetition end
1
0
0
Repetition start
0.735729948468
0.735729948468
0.735729948468
0.874122287978
0.874122287978
0.874122287978
0.978746704791
0.978746704791
1.13979059067
1.38180516886
1.38180516886
1.54284499553
1.22564592253
1.22091138055
1.22214969983
1.22214969983
1.22214969983
1.22214969983
1.23689086816
1.23689086816
1.28744334923
1.28744334923
1.23369798927
1.23369798927
1.23369798927
1.10305352959
1.01809203667
0.920063578875
0.920063578875
0.920063578875
0.819417467483
0.783341250523
Repetition end
1
0
0
Repetition start
0.705353968229
0.999994480967
0.897334966857
0.897334966857
0.897334966857
0.976335888319
1.03919081147
1.03919081147
1.13056779967
1.13056779967
1.23422817522
1.3010998499
1.3010998499
1.3010998499
1.34144132532
1.34144132532
1.3791496208
1.3791496208
1.3791496208
1.28741363784
1.28741363784
1.10029585535
1.10029585535
1.10029585535
1.10029585535
1.12743327954
1.12743327954
1.02929092492
0.847226024914
0.847226024914
0.882857256151
0.882857256151
Repetition end
1
0
0
Repetition start
0.933283724444
1.20318427652
1.20318427652
1.20318427652
1.12543975163
1.12543975163
1.12543975163
1.17545751379
1.17545751379
1.24241863506
1.39558258017
1.20772511251
1.20772511251
1.24928889313
1.24928889313
1.24928889313
1.19560597594
1.19560597594
1.14787845402
1.14787845402
1.0267308677
1.0267308677
1.0267308677
1.06449679714
0.98611475459
0.905165788326
0.905165788326
0.947444208753
0.804905827079
0.804905827079
0.804905827079
0.693680092687
Repetition end
1
0
0
Repetition start
0.70264439847
0.848713077573
0.848713077573
0.857890142426
0.857890142426
0.857890142426
1.10748053703
1.22450007174
1.22450007174
1.34256777766
1.35066334909
1.15724464435
1.15724464435
1.15724464435
1.15724464435
1.21537349871
1.18102765697
1.19522557691
1.19522557691
1.15980052311
0.982807068742
0.982807068742
0.960041888715
0.960041888715
0.958377175866
0.958377175866
0.958377175866
0.916830718964
0.934058787829
0.900944682049
0.729986105294
0.729986105294
Repetition end
1
0
0
Repetition start
0.905182779375
0.905182779375
1.0863253652
1.0863253652
1.06197372369
1.06197372369
1.36970298145
1.36970298145
1.36970298145
1.24213321885
1.19932186199
1.19932186199
1.19932186199
1.33044889019
1.33044889019
1.33044889019
1.33044889019
1.25394230045
1.06539796315
1.06539796315
1.05906196916
1.05337766268
1.05337766268
1.02000768352
0.982244428152
0.982244428152
0.982244428152
0.969192882407
0.969192882407
0.949726834127
0.878637842944
0.878637842944
Repetition end
1
0
0
Repetition start
0.873665289784
0.873665289784
0.873665289784
1.00809883146
1.00809883146
1.14471002393
1.14471002393
1.14471002393
1.26091795715
1.26091795715
1.26667739094
1.26667739094
1.26667739094
1.26667739094
1.26667739094
1.43305987102
1.30989219527
1.25884606711
1.05324304532
1.05324304532
1.04736451013
1.12547906802
0.909543717438
1.03175505459
1.03175505459
1.03175505459
1.01142176942
1.01142176942
0.894765200694
0.894765200694
0.91476539949
0.91476539949
Repetition end
1
0
0
Repetition start
1.02832603272
1.02832603272
1.02832603272
1.13522143574
1.31636173218
1.31636173218
1.31636173218
1.43571261792
1.43571261792
1.23700481204
1.23700481204
1.35727564758
1.35727564758
1.35727564758
1.27955742578
1.27955742578
1.16624846602
1.16624846602
1.16624846602
1.04516854271
1.04516854271
1.04516854271
0.991612186867
0.916888177273
0.924192765919
0.934225698491
0.934225698491
0.934225698491
0.921118381323
0.921118381323
0.921118381323
0.968183976985
Repetition end
1
0
0
Repetition start
1.11343425904
1.11343425904
1.11343425904
1.23103269642
1.18416943414
1.18416943414
1.18416943414
1.22630968647
1.22630968647
1.3984341981
1.3984341981
1.16486350765
1.16486350765
1.276655277
1.276655277
1.276655277
1.19708912312
1.07758314054
1.07758314054
1.11934178061
1.11934178061
1.11934178061
1.11483149425
1.01892153643
1.01892153643
0.997790335365
0.997790335365
0.874794373874
0.874794373874
0.919217273144
0.919217273144
0.826403179661
Repetition end
1
0
0
