Repetition start
0.978263628371
1.0086478682
1.0086478682
1.02553410934
0.849853463024
0.781812169945
0.869500574306
0.785811283867
0.860287082607
0.994853354417
0.976143896031
1.0544359066
1.0544359066
1.28678192494
1.26936881273
1.25743970766
1.25743970766
1.25359125726
1.51479519171
1.36003228992
1.36003228992
1.38385257023
1.38385257023
1.22019994665
1.04953238393
0.970069188942
1.0142104899
0.873257867548
0.911356110517
0.911356110517
0.911356110517
0.857307554631
Repetition end
1
0
0
Repetition start
0.806041876319
0.990209075033
0.990209075033
1.02856152306
1.02856152306
1.02856152306
0.963966658232
1.32791763258
1.39241401647
1.39241401647
1.35343150088
1.35343150088
1.32876971388
1.32876971388
1.32876971388
1.32651604778
1.31701918971
1.31701918971
1.22809119542
1.1132655243
1.1132655243
1.06588983084
1.06588983084
1.00539044681
1.00539044681
0.900336044627
0.900336044627
0.982370490897
0.982370490897
0.762335393191
0.762335393191
0.762335393191
Repetition end
1
0
0
Repetition start
0.650192829218
0.650192829218
0.770622699329
0.770622699329
0.92608041195
0.92608041195
0.922980901949
0.922980901949
0.992316789539
0.992316789539
0.992316789539
1.10062909655
1.46957130372
1.31637579008
1.50345532234
1.47940448715
1.47940448715
1.33596576973
1.33596576973
1.14141026012
1.14141026012
1.14141026012
1.06297887851
1.06297887851
1.06297887851
0.951064624654
0.951064624654
0.98699391999
0.98699391999
0.970118853385
0.838125889434
0.838125889434
Repetition end
1
0
0
Repetition start
0.656464490579
0.704493026268
0.6884898083
0.6884898083
0.6884898083
0.805353317444
0.895620700872
0.895620700872
1.09495301674
1.12747952284
1.12747952284
1.5158451181
1.5158451181
1.41563037367
1.45789203452
1.45789203452
1.33724302364
1.33724302364
1.32606887136
1.28030241985
1.28030241985
1.21878930022
1.12546559805
1.12008867336
1.12008867336
0.893856720872
0.893856720872
1.0437677641
1.0437677641
0.907418198974
0.722207383634
0.722207383634
Repetition end
1
0
0
Repetition start
0.653191164535
0.653191164535
0.653191164535
0.741042410749
0.741042410749
0.632106513763
0.632106513763
0.632106513763
0.820621872647
1.04012018702
1.21071968888
1.21071968888
1.18503166108
1.18503166108
1.43211723971
1.31800519495
1.4806541362
1.4806541362
1.4806541362
1.38614897507
1.38614897507
1.42889947749
1.42889947749
1.2174787203
1.15480711354
1.15480711354
1.10522379031
1.10522379031
0.961883918174
0.961883918174
0.974150704529
0.909766330612
Repetition end
1
0
0
Repetition start
0.675860083397
0.675860083397
0.675860083397
0.741773301544
0.741773301544
0.753143980155
0.753143980155
0.684960881046
0.684960881046
1.00869852123
1.00869852123
1.04726838791
1.04726838791
1.25986700611
1.25986700611
1.39406530092
1.37252656403
1.37252656403
1.31400189441
1.31407059918
1.39101821451
1.32590690685
1.32590690685
1.19811693017
1.19811693017
1.12140454826
1.12140454826
1.07227413334
1.03709407659
1.03709407659
1.04847951064
0.929839566561
Repetition end
1
0
0
Repetition start
0.695033054775
0.640899209907
0.720706309076
0.918351304714
0.918351304714
0.918351304714
1.11984587712
1.24328261212
1.24328261212
1.24328261212
1.24328261212
1.31309624452
1.31309624452
1.38960314561
1.38960314561
1.29680314784
1.39604646579
1.39604646579
1.40151501584
1.35038494758
1.29943179249
0.983274027693
1.0167033871
1.0167033871
1.07037111108
1.07037111108
1.07037111108
1.07329210368
1.07329210368
1.07329210368
0.977096386884
0.927577282505
Repetition end
1
0
0
Repetition start
0.644158793252
0.644158793252
0.611656475551
0.697632687652
0.952409923545
0.974022118839
0.974022118839
1.16575253137
1.22603910814
1.22603910814
1.3718816675
1.3718816675
1.35451964369
1.35451964369
1.49816399829
1.27683881818
1.27683881818
1.31454068157
1.31454068157
1.31454068157
1.31454068157
1.07382471314
1.03467253954
0.934652920762
1.02177660064
1.02177660064
1.02177660064
1.0098382363
1.0098382363
1.0098382363
1.0611882773
1.11569518341
Repetition end
1
0
0
Repetition start
0.758132186295
0.758132186295
0.717361074835
0.717361074835
0.673523505089
0.742067997497
0.742067997497
0.82311567735
1.0211280161
1.34410817479
1.34410817479
1.15767496974
1.15767496974
1.15767496974
1.26021799053
1.26021799053
1.29208027286
1.29208027286
1.27700592088
1.27700592088
1.33609420292
1.33609420292
1.34219927772
1.26401092043
1.26401092043
1.15503735037
1.05796073448
1.04027191027
1.0503161422
0.974454812081
0.974454812081
0.954653198793
Repetition end
1
0
0
Repetition start
0.648721176166
0.648721176166
0.732435694246
0.663634204188
0.663634204188
0.75613863663
0.75613863663
0.75613863663
0.75613863663
0.756853511975
1.16456348244
1.16936381855
1.35538873519
1.44373984091
1.44373984091
1.28237988208
1.28237988208
1.34230264213
1.35166896831
1.30940382352
1.05217660555
1.16373500762
1.07453418262
1.04999423955
0.975916664189
0.99845506678
0.957279612953
0.996797847602
0.943273451547
0.943273451547
0.63442476364
0.63442476364
Repetition end
1
0
0
Repetition start
0.696251955154
0.696251955154
0.895196280168
0.996104262801
1.15851540239
1.15851540239
1.15851540239
1.16621798767
1.25703804093
1.25703804093
1.32006999898
1.32006999898
1.32006999898
1.1797331318
1.51854318326
1.51854318326
1.2583171013
1.2583171013
1.49766333941
1.24025258028
1.10764711602
1.09211091966
1.01549414379
1.01549414379
0.91631105779
0.977446691777
0.977446691777
0.977446691777
1.03836101322
1.03836101322
0.885487508277
0.885487508277
Repetition end
1
0
0
Repetition start
0.812141724603
0.73271921353
0.748396293864
0.748396293864
0.855446466826
1.03952045853
1.0925576591
1.24750121371
1.24750121371
1.08036171879
1.30010043046
1.22904205869
1.22904205869
1.16648429289
1.16648429289
1.3522867718
1.3522867718
1.25619470323
1.18932064459
1.13136120271
1.1203716192
1.1203716192
1.06407323585
1.0004489271
1.0004489271
1.11577258009
1.11577258009
1.08927810511
1.03252310089
0.878674201002
0.878674201002
0.878674201002
Repetition end
1
0
0
