1376 4643 15100
 -2754 2685 18244
 1675 1905 16135
 -707 3029 17329
 398 2622 16165
 -836 3453 14838
 -3296 6039 14131
 -2016 5978 15631
 765 4572 16352
 -978 5112 16527
 -958 4875 16880
 189 5676 17755
 4445 3047 10256
 -464 7118 17926
 2758 5877 15945
 1931 3604 15426
 1628 1883 15605
 1899 749 15383
 1213 -28 15933
 730 -497 15510
 2451 938 16349
 1759 1238 17043
 584 1804 14747
 4893 1058 16184
 -3208 2962 13448
 -1344 -502 15648
 -2375 1710 19422
 -1551 685 16751
 -2831 -1566 18240
 6683 2158 15647
 8856 2585 10318
 5042 2361 13995
 -1585 692 18051
 3211 1046 15748
 3423 2250 16222
 2639 2629 16144
 3935 2475 15974
 3885 2436 15283
 3916 2057 15432
 4944 2391 15694
 4905 2395 15895
 5091 2624 15796
 2249 2744 16124
 85 3910 15167
 1842 3653 14660
 -1608 5134 15832
 -2687 6587 15157
 2934 2630 17946
 1084 1720 16044
 5268 3378 15584
 3027 4018 14868
 4300 3311 16003
 3475 4412 15614
 2475 4619 14956
 3184 5226 15196
 2638 5148 15502
 2596 5063 14911
 2246 4060 14483
 267 5396 16277
 416 5603 16622
 4373 4265 13777
 6514 2957 13581
 5894 3989 12624
 2373 5487 16730
 5651 4926 14439
 2711 6054 11587
 2947 5756 10342
Repetition Start
 6840 6893 11667
 -4276 6606 10989
 -3169 10191 10959
 299 5183 13096
 -1465 8149 17494
 524 9012 15970
 943 8635 20293
 -539 6955 21497
 -517 9651 17894
 2794 11562 16635
 2793 9517 17602
 2327 7693 18434
 1633 8647 17569
 3459 8118 15306
 3402 8927 14290
 5100 7855 14038
 3631 8281 12599
 869 7114 10837
 5139 6283 8936
Repetition End
1
 3653 7108 5362
 2022 4765 7267
 3493 7525 6658
Repetition Start
 1000 5750 6992
 3634 9222 9832
 3062 7077 13888
 1716 5802 14252
 1011 6584 18305
 2710 7184 18773
 618 8545 17759
 1204 9394 18537
 3001 9106 18153
 3184 5758 19189
 1914 5327 18986
 4436 5803 16280
 2347 4581 17026
 4387 6900 15643
 3861 6632 15290
 3311 7334 14648
 1732 7405 11964
Repetition End
1
 2483 8150 8293
 2056 8255 4371
 3103 4137 5167
Repetition Start
 3249 7832 6915
 3984 4974 8200
 3099 7232 10326
 739 7647 15413
 4258 7544 15981
 3618 7531 17733
 1850 5608 18746
 616 8842 18961
 2058 6866 18506
 1662 8388 18659
 1943 6896 19088
 2249 6440 18443
 546 8626 16785
 5391 4549 15907
 3008 6030 14665
 5065 6130 13261
 3266 7355 13815
 5201 5476 12530
Repetition End
1
 5585 7527 8885
 675 8158 6176
 2929 5659 7772
Repetition Start
 2729 7697 7066
 2156 6969 9154
 2820 7502 11257
 -553 7242 12353
 3957 4596 19839
 1371 6602 25978
 1226 5864 22436
 1984 7602 18674
 2417 7951 17730
 1464 7680 17917
 2045 6018 19987
 2418 6273 16713
 1620 5524 14976
 1618 7705 16315
 2987 5131 14391
 2472 6467 14097
 3913 6065 14078
 2789 6736 11437
Repetition End
1
 5359 6377 10367
 3074 8220 7073
Repetition Start
 2415 6011 5878
 3071 7789 7451
 4030 7213 7902
 3111 8556 11011
 3477 8043 14901
 5811 8414 17525
 315 7310 16600
 1557 8207 18998
 2882 9372 17838
 2179 11022 17847
 2483 10881 18914
 1751 9313 17528
 1914 7857 16578
 2099 9307 15765
 2808 9317 16331
 2397 6882 16059
 1891 6574 14901
 3421 7849 13439
 4085 8612 12819
Repetition End
1
 4661 7770 11420
 3772 6491 4714
 2357 6065 6127
Repetition Start
 1875 7368 8951
 2395 7552 6830
 2371 6932 9146
 3920 9872 12020
 1929 7333 11359
 -1519 5705 18112
 -542 7739 18444
 149 5180 18857
 1599 6882 17819
 2873 9421 17750
 832 6800 20197
 3589 7134 19227
 3593 5749 17821
 2529 8329 15897
 2565 7299 16071
 676 4960 14783
 2320 5548 14224
 979 8026 14779
 351 6110 13184
Repetition End
1
 3463 7877 6906
 4667 4385 5094
 4081 6506 9005
Repetition Start
 1733 7311 7659
 2578 6265 10366
 1236 8586 13080
 1870 7100 13374
 4911 6239 14418
 -2129 7987 16574
 269 6961 18072
 976 6896 20719
 1254 4884 19524
 3087 8297 19873
 3682 9875 17126
 2453 7486 17668
 2103 7141 16777
 4621 7983 18106
 1108 6680 16209
 1362 3990 15748
 3195 4762 14870
 1597 4724 12101
 3405 7426 12815
 3790 6759 11954
Repetition End
1
 5118 7529 7976
 1977 4085 5754
 3716 7780 8322
 3036 6594 6946
Repetition Start
 131 9209 11177
 4995 8364 12032
 1217 6294 13119
 1318 10596 16682
 2957 7589 16302
 4011 6074 20314
 4517 7290 17804
 3445 7594 18073
 3187 6182 18535
 2896 5342 18068
 4901 6858 18027
 4034 5922 18098
 5205 6443 15542
 2855 6397 15989
 2569 6974 14453
 1852 7249 12275
 1278 6479 11286
Repetition End
1
 1567 9010 10809
 2530 6315 4860
 3296 6654 9273
Repetition Start
 3160 6971 8670
 4185 7601 7068
 2973 8300 10987
 448 8621 14731
 4462 7728 14696
 5239 7210 14344
 4183 6190 16473
 2035 4968 21800
 4038 5872 20721
 3045 7064 17190
 3189 9054 20856
 2406 7182 18220
 3097 9988 18404
 1171 6864 16606
 2101 7020 15277
 698 8212 17897
 3622 7872 13929
 514 6694 11974
 2281 7840 10574
 1119 8406 11853
Repetition End
1
 3273 8287 11134
 -378 7413 8158
 4647 7640 13098
 2399 7431 12663
 6649 9007 14990
 1389 5195 17692
 1722 3338 14705
 2121 6250 14346
 1502 6129 12939
 4228 4981 12483
 1609 6027 14221
 4551 10265 15619
 1376 5999 15469
 2989 3496 15917
 3248 1655 16596
 4434 2630 15637
 3278 5076 15677
 3866 4841 15130
 5366 4630 14272
 911 5079 14717
 204 5350 16987
