3722 5595 14997
 3976 5696 14745
 3718 5583 14700
 3944 5641 14932
 3702 5423 14717
 3767 5644 14672
 3868 5648 15020
 4240 5713 14594
 3812 5842 14712
 4288 5917 14603
 3992 5677 14450
 3662 5551 14532
 4605 5973 14924
 3382 5954 14701
 4326 5901 14535
 3943 5591 14555
 3771 5927 14512
 3761 5711 14274
 4246 6153 14710
 3624 5744 14476
 4049 6187 14643
 3812 5906 14458
 4235 6218 14260
 3360 5680 15034
 4053 6514 14545
 3754 5675 14619
 3496 6291 14850
 3647 5918 14604
 3816 5858 14472
 4405 5547 14179
 3615 5468 12580
 3991 5270 8581
 3251 8600 10365
Repetition Start
 2569 6448 8419
 4458 8060 11609
 -1155 8528 12751
 1610 8716 10332
 -373 13833 15724
 -410 7715 20130
 5329 9451 20672
 894 6663 17769
 3320 10245 18065
 1300 4878 21432
 2750 3973 20234
 3336 6501 17792
 4878 6883 15766
 3494 6813 13607
 3971 6597 15356
 3859 7523 14092
 4378 6041 10822
Repetition End
1
 1586 8882 5688
 4238 7161 7418
 1452 7315 7382
 4243 6932 6400
 4722 6359 10618
 6342 9021 8457
 2362 7296 11898
 4539 5467 16157
Repetition Start
 782 8345 16964
 2737 5091 21476
 5555 3360 19952
 1820 6597 16705
 3169 7138 18055
 1885 5049 21832
 2230 4769 20698
 1294 3828 20803
 3904 6019 17457
 5154 5930 15990
 1484 7001 15279
 4692 5991 14175
 2412 7492 12664
Repetition End
1
 3383 7131 7786
 5283 5590 5786
 3773 6560 5061
Repetition Start
 6395 6136 5399
 5110 5547 13192
 5940 7559 11775
 2754 7142 13716
 1625 8182 15787
 -2181 6014 13409
 1679 5918 16999
 1064 5134 19940
 3515 6966 19756
 3925 7488 19111
 1383 7258 20793
 2730 6642 18823
 4895 7575 15994
 1048 1132 16316
 3587 7375 14045
 2731 7731 14605
 2838 7187 15940
 2595 7754 12104
Repetition End
1
 3591 5549 7384
 2827 10828 4094
Repetition Start
 -2054 3655 5577
 5747 9780 6631
 7520 6922 9739
 837 8720 14193
 4240 8988 11933
 1290 7074 15805
 -1233 8452 15231
 487 8864 22206
 1350 2769 18285
 3375 4815 21125
 2542 6558 20110
 1647 5078 21986
 1587 6295 18745
 1706 6345 18410
 3923 5141 15663
 4582 6812 12752
 2819 8978 13375
 3833 9309 12359
 5924 8415 10008
 5437 8970 10034
Repetition End
1
 6050 7175 11974
 1618 8954 4059
Repetition Start
 1961 13463 10158
 -8238 14478 9040
 14971 7160 11211
 -1250 -3113 3688
 12113 10700 9101
 6949 6718 12313
 6731 5922 13926
 -3182 5346 14495
 1960 8911 16209
 6376 4352 15816
 5365 3454 18686
 4081 888 16929
 2260 7118 19633
 2405 4532 19556
 3953 3553 19236
 4227 5246 16489
 4012 9009 15576
 5340 7568 15725
 4263 9134 13451
 5377 7950 13006
 4434 9536 12504
 5725 8107 9378
 5689 7361 4351
 5383 4426 3824
Repetition End
1
 1328 8550 8445
 6604 6139 6629
Repetition Start
 3360 8965 10339
 2747 8212 11491
 4249 7964 11346
 3699 7402 12341
 2765 12251 15654
 3954 6864 15832
 3349 7862 17471
 2907 6083 19475
 1967 7197 19626
 5865 5354 20514
 1375 7182 19094
 1645 7347 18366
 4082 7340 15833
 5572 9382 14116
 4990 9553 12234
 6354 9013 12330
 2601 10183 11996
 7064 8099 10235
 1685 9703 6168
Repetition End
1
 3315 5843 2770
 3055 6721 7901
 6214 6596 5482
Repetition Start
 4441 9050 7957
 1508 8982 13004
 6327 7231 16577
 2602 7439 13522
 4658 6819 17100
 3289 4872 18599
 1596 3791 19081
 3988 5937 18312
 1442 2149 20146
 3731 5743 22185
 1085 4558 16894
 2676 7322 15587
 3332 8290 13071
 4184 6505 15384
 3467 6786 14100
 1924 6792 13899
 1492 8934 11853
 6215 7549 7371
Repetition End
1
 1710 7655 4362
 5506 4339 5665
 3367 8374 7490
Repetition Start
 4341 8604 10954
 4321 7330 11935
 4107 7404 14031
 784 9237 15500
 2813 6730 17386
 2703 5068 22431
 2952 2140 18884
 4701 2857 22523
 3197 3815 18567
 1834 6186 19061
 3612 6094 17271
 3708 6304 12783
 3805 7757 15655
 3854 7148 12829
 5871 9175 12751
 5306 10519 10013
 6787 8131 11742
 6271 8926 10465
Repetition End
1
 5696 7804 5535
 1079 8248 4523
 4562 6729 5486
 4135 9715 5325
Repetition Start
 7130 7403 10904
 1540 10557 13197
 3384 10373 14084
 4049 8071 17316
 2803 7865 16999
 3820 5945 19248
 4282 6749 18232
 1177 7228 17869
 2380 6307 18634
 1935 8144 18890
 3833 7999 15463
 3158 9690 14923
 3167 8399 14768
 3420 8596 11420
 3345 8571 11724
 5055 8638 12506
 3077 8785 10913
Repetition End
1
 3910 8537 8778
 7289 9242 4885
 1565 6243 5412
 3252 5751 7441
 513 8268 8254
 3976 8997 9867
 5892 10781 13613
Repetition Start
 4545 8775 13901
 5340 8681 15843
 3681 8626 15889
 4410 6499 20199
 4997 6650 21835
 4077 3117 17782
 3412 4404 20227
 3801 6332 18925
 3690 4496 16707
 3261 6279 17161
 5036 6266 15590
 4844 6683 13589
 1671 6882 14055
 4127 8223 12274
 3246 6866 11717
 6977 8380 12763
 5414 7962 12586
Repetition End
1
 3769 6403 12066
 4414 7780 10948
 4725 7494 10464
 3496 7209 14422
 1686 5870 16224
 1156 5436 14257
 2505 4719 14031
 1977 5373 14155
 1832 4506 14166
 4610 6408 13023
 4047 6072 13140
 3659 7293 15288
 6710 6877 14824
 263 5603 12459
 5906 6333 16444
