2377 10995 283
 1350 11308 -164
 2418 11236 352
 2366 11126 818
 2519 10946 1434
 1456 9964 2058
 -716 10278 4368
 1384 9748 6038
 1327 9009 9249
 230 9243 11007
 256 7318 11330
 -475 5984 11874
 -11087 3922 19751
 932 -677 16121
 116 2985 17374
 6671 -4884 18668
 2854 -6329 13804
 2639 -2032 17838
 9224 2911 12723
 6782 -1575 10049
 11047 -2829 9468
 8657 -3957 10079
 6976 -18 14929
 2639 -2171 12976
 22 -2856 15764
 1498 -1162 22091
 -5008 -158 14598
 -4924 553 12472
 -4856 1294 13779
 5429 -10113 18562
 -2171 -4258 18543
 162 -435 18822
 3426 -1061 13994
 4346 736 13462
 7974 -442 12705
 -5484 3001 22962
 5543 1411 14391
 3203 1282 15699
 2127 1111 15391
 1067 1334 15537
 1704 1115 15903
 1481 825 15311
 2081 804 15311
 2468 1348 15137
 2861 1775 14922
 2818 1241 15020
 2273 1529 15045
 1986 1797 13262
 1491 2394 11476
 341 2072 10927
 -56 654 13008
 3030 145 16694
Repetition Start
 -2415 3489 17134
 -1410 2721 18682
 1950 928 20636
 2071 1247 20344
 1054 369 20657
 1438 -349 19514
 1857 -1370 16683
 1644 -1079 17248
 1575 -307 14394
 2283 205 14388
 -120 1783 13621
 2915 2231 11089
 1508 1442 12465
 -161 2624 14951
Repetition End
1
 1570 2633 13440
 -267 2836 12273
 -252 1661 10325
 1016 1393 13043
Repetition Start
 938 2390 15562
 2522 937 17236
 1339 1405 18999
 -826 -251 20272
 -224 2609 18507
 -85 1051 19959
 343 1964 20127
 -269 846 19718
 509 -341 17611
 459 72 16029
 -146 512 14213
 1826 54 14019
 608 800 11810
 -359 2728 11194
Repetition End
1
 3412 2232 13528
 1867 2806 14091
 1033 2513 12070
 1040 1917 10134
 201 2429 10565
Repetition Start
 1695 1857 15099
 680 970 16922
 2812 2646 16878
 1925 1293 17477
 821 174 20620
 2168 2337 18054
 594 784 18738
 -598 245 20799
 1936 -1207 17861
 -372 873 16683
 -42 771 16116
 -967 1726 13934
 1102 1830 14441
 1035 2174 11063
 1038 3795 11495
 705 3084 12554
Repetition End
1
 1625 3441 10851
 599 2596 10746
 -140 2718 12328
Repetition Start
 1626 2237 14922
 2671 4141 14948
 -497 5459 17846
 1967 2241 17251
 -240 2594 17204
 -45 1670 17906
 2054 2178 17870
 73 1931 18625
 3279 168 19667
 2304 634 16337
 1999 1124 15950
 2271 336 16361
 7 3431 14723
 451 3905 12664
 -331 4076 11704
 1995 2699 9180
Repetition End
1
 1915 1972 13857
 2145 2949 10456
 -1007 3938 10444
 -665 3531 12935
Repetition Start
 -199 4092 16342
 4885 1845 18094
 497 1574 17629
 1164 1420 18895
 3220 959 17768
 1918 -424 19388
 415 57 19574
 -529 861 17767
 652 542 16529
 1328 499 16741
 984 790 15261
 374 2013 14958
 447 3497 13380
 1429 4040 10198
 1660 2038 11934
Repetition End
1
 1417 1884 12409
 1477 2565 11040
 885 3941 10764
 1264 3026 14236
Repetition Start
 -2595 6274 14260
 1082 4829 16965
 2839 1885 17951
 1100 2950 18433
 -167 1858 18647
 -716 2601 17722
 -910 1403 17660
 -181 652 20214
 1379 350 18667
 326 660 16025
 662 2703 14946
 -323 1820 14048
 -991 2756 13896
 -2002 3478 13378
 988 3485 12635
Repetition End
1
 497 3621 10285
 1415 2866 11770
 400 2302 11893
 29 2660 10633
Repetition Start
 449 2830 14275
 883 2068 13412
 689 2114 17353
 1789 914 18224
 -997 2190 18725
 703 3549 17687
 2404 1762 17248
 -166 1529 18562
 962 114 18471
 865 603 18954
 1793 -1822 15463
 2285 -690 17952
 2373 1291 15204
 1736 462 14729
 810 1315 14538
Repetition End
1
 -166 5367 8521
 -907 1428 11745
 -1554 2069 11123
 -625 2583 10502
 29 2991 15270
Repetition Start
 -2164 2908 15558
 1664 2950 16513
 -170 2577 18136
 -217 452 18718
 666 796 18323
 -399 2097 19719
 -37 408 19427
 -400 113 16539
 -610 1816 17871
 61 111 16344
 -858 1494 14955
 -742 336 13695
 777 967 15038
 1953 2398 11666
 479 154 10863
Repetition End
1
 1445 1687 12431
 1063 2776 13009
 1293 3502 12651
 512 3517 14156
 -797 2599 15670
Repetition Start
 759 3380 17246
 -158 1806 16843
 950 2132 18935
 1308 2276 17641
 727 647 19142
 -1607 121 19051
 -672 520 17855
 1355 1560 16417
 -2212 1556 14397
 -111 2227 15690
 -1309 2651 14340
 782 1244 14578
 1458 1682 11094
 338 2041 8977
Repetition End
1
 620 2016 10983
 1206 960 11000
 -2471 4757 12255
 2568 2094 14084
Repetition Start
 2313 1976 16199
 632 202 17326
 2128 -297 19909
 -1817 2908 19573
 213 1794 18399
 -280 859 19268
 -2538 -660 18197
 -94 -1667 17167
 1413 -267 15999
 568 -794 15720
 460 291 15110
 1581 1204 15390
 -170 3344 9157
 2914 536 14002
Repetition End
1
 -440 3317 15940
 1698 2669 16712
 691 3229 16776
 2343 1610 15906
 -833 1562 16037
 941 1855 15017
 1436 3395 15477
 1981 2179 17140
 3632 4315 18701
 611 2549 15615
 1304 423 17119
 903 -2169 15655
 2774 1289 15570
 3188 728 14218
 2485 -583 15372
 1240 -6 16713
 2427 -1058 17414
 609 -1395 16522
 -2250 2277 17245
