Repetition start
1.05165538448
1.19146958011
1.19146958011
1.3023781082
1.42293718639
1.42293718639
1.42293718639
1.42293718639
1.42293718639
1.42293718639
1.10114036412
1.22450050983
1.22450050983
1.22450050983
1.22450050983
1.07740733718
1.07886748558
1.07886748558
1.07886748558
1.07886748558
1.00503378754
1.00503378754
0.926169587627
0.926169587627
0.881045863083
0.881045863083
0.652523781153
0.594465354972
0.594465354972
0.594465354972
0.594465354972
0.594465354972
Repetition end
1
0
0
Repetition start
1.04131167462
1.09165932398
1.09165932398
1.09165932398
1.13098372631
1.20258596966
1.20258596966
1.20258596966
1.20258596966
1.19393883885
1.19393883885
1.19393883885
1.21221890946
1.21221890946
1.21221890946
1.15610642766
1.15610642766
1.15610642766
0.943993152154
0.943993152154
0.943993152154
1.04302836366
1.04302836366
0.856058113671
0.856058113671
0.856058113671
0.856058113671
0.77895593236
0.77895593236
0.605825137801
0.654545628532
0.654545628532
Repetition end
1
0
0
Repetition start
1.04387144786
1.04387144786
1.04387144786
1.04387144786
1.05712059317
1.05712059317
1.05712059317
1.05712059317
1.11002214623
1.12690796092
1.37953196288
1.37953196288
1.37953196288
1.15014994683
1.09282363081
1.09282363081
1.09282363081
0.978812125203
0.978812125203
0.902930589065
0.902930589065
0.902930589065
0.902930589065
0.975156918837
0.975156918837
0.975156918837
0.975156918837
0.975156918837
0.789211289853
0.789211289853
0.789211289853
0.789211289853
Repetition end
1
0
0
Repetition start
0.89147036779
0.89147036779
0.89147036779
1.05281992973
1.05281992973
1.11520267782
1.12586151687
1.1428422427
1.26588750107
1.26588750107
1.20861160035
1.20861160035
1.20861160035
1.11607695949
1.11607695949
1.11607695949
1.07289279947
1.07289279947
1.06577411018
1.06577411018
0.854091251589
0.854091251589
0.988018064926
0.988018064926
0.988018064926
0.912587053004
0.912587053004
0.781939266847
0.781939266847
0.752100677381
0.752100677381
0.752100677381
Repetition end
1
0
0
Repetition start
1.00630285061
1.00630285061
1.00630285061
1.07249459009
1.19170885777
1.27353988716
1.27353988716
1.27353988716
1.27353988716
1.23475568219
1.23475568219
1.1588169517
1.1588169517
1.1588169517
1.19578936826
1.07387746938
1.07387746938
1.07387746938
1.07387746938
1.08408576732
1.08408576732
0.967098707228
0.967098707228
0.811102628341
0.811102628341
0.828936494137
0.828936494137
0.828936494137
0.665968196892
0.665968196892
0.665968196892
0.665968196892
Repetition end
1
0
0
Repetition start
0.939061854643
0.939061854643
1.04519583061
1.04519583061
1.0358257306
1.24428652562
1.13415553949
1.13415553949
1.13415553949
1.22765201726
1.22765201726
1.22765201726
1.18100906708
1.18100906708
1.18100906708
1.12006028487
1.12006028487
1.07390009575
1.07390009575
1.07390009575
0.937830219127
0.937830219127
0.917058863059
0.917058863059
0.859306460595
0.882306945834
0.882306945834
0.882306945834
0.882306945834
0.723511643246
0.723511643246
0.723511643246
Repetition end
1
0
0
Repetition start
0.876447557369
0.876447557369
1.07922383647
1.07922383647
1.07922383647
1.05851467126
0.948895428777
0.948895428777
1.2316376024
1.2316376024
1.19743551633
1.20848363542
1.20848363542
1.19629496826
1.19629496826
1.09394970331
1.09394970331
1.09394970331
1.09394970331
1.03336562626
1.03336562626
0.991383530948
0.928456328717
0.911770304241
0.926611200359
0.926611200359
0.732875208114
0.732875208114
0.732875208114
0.732875208114
0.624282753185
0.624282753185
Repetition end
1
0
0
Repetition start
0.970044874211
0.970044874211
1.03476182513
1.03476182513
1.03476182513
1.06350236131
1.06350236131
1.06350236131
1.06350236131
1.10914772856
1.10914772856
1.16922986799
1.16922986799
1.14871736931
1.25067084312
1.25067084312
1.25067084312
1.27583770306
1.27583770306
1.19744905402
1.19744905402
1.12750964415
1.04421984539
1.04421984539
0.930473928653
0.930473928653
0.882493377075
0.840868440108
0.840868440108
0.714085228598
0.714085228598
0.632707999278
Repetition end
1
0
0
Repetition start
1.02802326299
1.02802326299
1.02802326299
1.09827499666
1.11318307578
1.1540173
1.1540173
1.1540173
1.14078001053
1.12751027191
1.12751027191
1.12751027191
1.25812221203
1.25812221203
1.25812221203
1.25812221203
1.14572396479
1.14572396479
1.05555746615
0.993860563165
1.00264087668
1.00264087668
1.00264087668
1.00264087668
0.918533583619
0.930138466555
0.930138466555
0.930138466555
0.910064535063
0.910064535063
0.600455618885
0.600455618885
Repetition end
1
0
0
Repetition start
0.962735784589
1.07725737739
1.07725737739
1.05574648462
1.05574648462
1.11466514337
1.11466514337
1.1467178812
1.1467178812
1.1467178812
1.1467178812
1.1467178812
1.05299275365
1.05299275365
1.05299275365
1.09855213802
1.15496966801
1.15496966801
1.02883069957
1.05239150067
1.05239150067
1.06409610921
1.06409610921
0.992285517109
0.976237759956
0.976237759956
0.895099484399
0.895099484399
0.895099484399
0.846064681895
0.726545049089
0.726545049089
Repetition end
1
0
0
