Repetition start
0.877676228141
0.877676228141
0.767782713049
0.894467364033
0.894467364033
0.728582696154
0.728582696154
0.809850004817
0.809850004817
1.00527492877
1.00527492877
1.18464894046
1.16781938835
1.28213788443
1.16691122692
1.16691122692
1.29585743964
1.29585743964
1.31874506642
1.31874506642
1.19581440442
1.12888567487
1.12888567487
1.01907787437
1.01907787437
1.01907787437
0.828441192884
0.828441192884
0.692195576476
0.692195576476
0.820100788771
0.820100788771
Repetition end
1
0
0
Repetition start
0.850236985359
1.02132483635
1.02132483635
1.15836815197
1.15836815197
1.15836815197
1.15836815197
1.17622347687
1.17622347687
1.13784631865
1.13784631865
1.13784631865
1.13784631865
1.19151959115
1.19151959115
1.36441726818
1.19443192958
1.19443192958
1.28407183582
1.28407183582
1.28407183582
1.28407183582
1.07891677552
1.05216362048
1.05216362048
1.05216362048
1.05216362048
0.928326159009
0.928326159009
0.753173704472
0.753173704472
0.677894773933
Repetition end
1
0
0
Repetition start
1.03090058534
1.03090058534
1.03090058534
1.03090058534
0.98363154394
1.20207893115
1.29568512461
1.29568512461
1.25257714709
1.17556799574
1.38294125755
1.24635242002
1.24635242002
1.24635242002
1.07397989739
1.089349238
1.089349238
1.089349238
0.831464191408
0.831464191408
0.831464191408
0.786401570032
0.786401570032
0.786401570032
0.747805927605
0.747805927605
0.759573210939
0.759573210939
0.759573210939
0.759573210939
0.919712368784
0.919712368784
Repetition end
1
0
0
Repetition start
0.740964549531
0.740964549531
0.960502700597
1.16846064987
1.16846064987
1.18001942354
1.18001942354
1.27375260357
1.36704496458
1.36704496458
1.36704496458
1.26950232986
1.26950232986
1.24591894478
1.24591894478
1.20236112137
1.20236112137
1.20236112137
1.20236112137
1.20236112137
1.20236112137
1.08640915247
1.08640915247
1.08640915247
1.08640915247
0.912353395172
0.912353395172
0.702622923142
0.702622923142
0.619602918268
0.619602918268
0.896516550023
Repetition end
1
0
0
Repetition start
0.899157515478
0.899157515478
0.899157515478
0.899157515478
0.933082829814
0.933082829814
1.12152507008
1.32242658895
1.32242658895
1.28212744772
1.251960921
1.251960921
1.251960921
1.251960921
1.251960921
1.3249697539
1.3249697539
1.3249697539
1.23762423477
1.08737040397
1.08737040397
1.08737040397
1.09366739165
1.09366739165
1.09366739165
0.92326044985
0.637066386402
0.637066386402
0.637066386402
0.665578069174
0.665578069174
0.665578069174
Repetition end
1
0
0
Repetition start
1.03192361412
1.0149714935
1.28186253409
1.28186253409
1.28186253409
1.15826820622
1.41163692512
1.41163692512
1.41163692512
1.41163692512
1.41163692512
1.32412002274
1.19928660651
1.19928660651
1.09883877159
1.09883877159
1.03248319079
1.03248319079
0.847541313466
0.847541313466
0.847541313466
0.847541313466
0.819842860343
0.819842860343
0.703833943166
0.703833943166
0.703833943166
0.703833943166
0.887384360211
0.887384360211
0.887384360211
0.850780449491
Repetition end
1
0
0
Repetition start
0.877398655975
0.877398655975
0.877398655975
1.06883468028
1.06883468028
1.06883468028
1.06883468028
1.18212719822
1.18212719822
1.18212719822
1.18212719822
1.2385803803
1.2385803803
1.2385803803
1.41031431332
1.23438538475
1.23438538475
1.23438538475
1.13806720271
1.13806720271
1.13806720271
1.11013441219
0.915926308741
0.915926308741
0.915926308741
0.942668088911
0.942668088911
0.942668088911
0.73853184973
0.73853184973
0.73853184973
0.6631467311
Repetition end
1
0
0
Repetition start
0.955947289362
0.955947289362
0.955947289362
0.970825989621
1.10971186117
1.10971186117
1.10971186117
1.10971186117
1.31570368988
1.32038422395
1.32038422395
1.32038422395
1.27381508004
1.27381508004
1.27381508004
1.27381508004
1.27381508004
1.16456694682
1.03828215158
1.06633073763
1.06633073763
0.96046926558
0.96046926558
0.96046926558
0.96046926558
0.880034000816
0.880034000816
0.880034000816
0.880034000816
0.696734685735
0.696734685735
0.696734685735
Repetition end
1
0
0
Repetition start
0.883220567746
0.883220567746
0.883220567746
0.883220567746
1.11793807132
1.11793807132
1.11793807132
1.15519039149
1.15519039149
1.15519039149
1.15519039149
1.15519039149
1.176978495
1.176978495
1.176978495
1.176978495
1.32174627481
1.32174627481
1.21388435812
1.21388435812
1.21541476706
1.10391882054
1.10391882054
1.10391882054
1.0647350078
1.00392982997
0.737320236648
0.737320236648
0.737320236648
0.873973437962
0.873973437962
0.598478605437
Repetition end
1
0
0
Repetition start
1.14468619857
1.14468619857
1.24052646381
1.24052646381
1.20575388196
1.20575388196
1.23339381183
1.23339381183
1.23339381183
1.23339381183
1.23339381183
1.31985959913
1.31261392791
1.31261392791
1.31261392791
1.0869912534
1.0869912534
1.0869912534
1.0869912534
1.07490544305
1.07490544305
1.07490544305
1.07490544305
1.07490544305
1.07690235623
1.07690235623
0.951653213828
0.951653213828
0.951653213828
0.667525398065
0.848365271815
0.848365271815
Repetition end
1
0
0
