Repetition start
0.637898977801
0.666786178789
0.735585554162
0.735585554162
0.735585554162
1.27136654608
1.16219373926
1.257842724
1.257842724
1.257842724
1.2545848656
1.2545848656
1.02091296061
1.02091296061
1.35227282551
1.35227282551
1.21379530303
1.21379530303
1.21379530303
1.15286308483
1.15286308483
1.0992239485
1.0992239485
1.0992239485
1.0992239485
0.961633038982
0.72852645283
0.72852645283
0.695689372463
0.695689372463
0.6930075841
0.6930075841
Repetition end
1
0
0
Repetition start
0.855230853564
1.10194597266
1.10194597266
1.10194597266
1.10194597266
1.1590385335
1.17972136127
1.17972136127
1.07209148452
1.07209148452
1.07209148452
1.07209148452
1.27546590901
1.27546590901
1.27546590901
1.30437942968
1.30437942968
1.30437942968
1.26927290122
1.26927290122
1.26927290122
1.18423422553
1.07679839166
0.969896030888
0.969896030888
0.969896030888
0.969896030888
0.969896030888
0.773862981806
0.773862981806
0.70476853556
0.70476853556
Repetition end
1
0
0
Repetition start
0.941801904106
0.941801904106
0.941801904106
1.06356713931
1.06356713931
1.06356713931
1.06356713931
1.06356713931
1.09693942642
1.16440736699
1.16440736699
1.16440736699
1.27330548386
1.27330548386
1.27330548386
1.16378851521
1.16378851521
1.16378851521
1.16378851521
1.30102207343
1.10301080483
1.10301080483
1.10301080483
0.99915399006
0.996998589128
0.996998589128
0.912838670838
0.912838670838
0.911499207352
0.911499207352
0.569224659169
0.569224659169
Repetition end
1
0
0
Repetition start
1.08867796721
1.08867796721
1.08867796721
1.08867796721
1.13782705764
1.17067578468
1.17067578468
1.24429137875
1.24429137875
1.24429137875
1.27803019939
1.27803019939
1.25693658131
1.25693658131
1.1558910615
1.1558910615
1.1558910615
0.993637650965
0.993637650965
0.977125381375
0.977125381375
0.864790968589
0.864790968589
0.864790968589
0.864790968589
0.876820634974
0.876820634974
0.638247745736
0.638247745736
0.638247745736
0.823732207635
0.823732207635
Repetition end
1
0
0
Repetition start
0.954917591934
0.954917591934
0.954917591934
0.954917591934
1.20798147168
1.20798147168
1.21436107804
1.21436107804
1.21436107804
1.22991861579
1.22991861579
1.21786399878
1.21786399878
1.124081374
1.124081374
1.14378148476
1.08288210422
1.08288210422
1.08288210422
1.08081937226
1.08081937226
1.08398436469
0.790369872254
0.790369872254
0.790369872254
0.778045988859
0.57404653406
0.57404653406
0.57404653406
0.809089531688
0.809089531688
0.809089531688
Repetition end
1
0
0
Repetition start
1.10151383448
1.16807557259
1.1447365824
1.1447365824
1.18423093508
1.18423093508
1.30784302001
1.30658512112
1.30658512112
1.13009405675
1.13009405675
1.13009405675
1.13009405675
1.14368380169
1.11607971488
1.11607971488
1.11607971488
1.11607971488
0.938825842001
0.938825842001
0.938825842001
0.938825842001
0.938825842001
0.938825842001
0.945977800511
0.945977800511
0.945977800511
0.945977800511
0.945977800511
0.68116564994
0.68116564994
0.663027647038
Repetition end
1
0
0
Repetition start
0.847953219186
0.847953219186
0.963857807241
0.963857807241
0.963857807241
1.0052201564
1.17892028953
1.07788463518
1.07788463518
1.07788463518
1.23674989048
1.23674989048
1.16038093896
1.11020992486
1.11020992486
1.08003280296
1.08003280296
1.08003280296
1.08003280296
0.954775028852
1.03257364701
1.03257364701
1.03257364701
0.814588663546
0.691937956056
0.691937956056
0.691937956056
0.740381981015
0.740381981015
0.740381981015
0.740381981015
0.740381981015
Repetition end
1
0
0
Repetition start
1.13235679701
1.13235679701
1.13235679701
1.1561842091
1.1561842091
1.22526813201
1.22526813201
1.17965669465
1.16839122946
1.27555004076
1.27555004076
1.27555004076
1.27555004076
1.16208714215
1.16208714215
1.00147203604
1.00147203604
1.00147203604
1.00174153568
1.00174153568
0.969290480661
0.969290480661
0.969290480661
0.902795930164
0.902795930164
0.902795930164
0.902795930164
0.839433920469
0.839433920469
0.811539818499
0.811539818499
0.811539818499
Repetition end
1
0
0
Repetition start
1.13167432795
1.13167432795
1.13167432795
1.13167432795
1.10040876999
1.10040876999
1.10040876999
1.10040876999
1.21470760613
1.17058048274
1.18789427417
1.22961042834
1.22961042834
1.22961042834
1.22961042834
1.22647721
1.18373666662
1.18373666662
1.18373666662
1.03339512741
1.03339512741
1.00960529722
1.00960529722
1.00960529722
1.00960529722
1.00960529722
1.00960529722
1.00960529722
0.846320433556
0.846320433556
0.935125030866
0.813026088259
Repetition end
1
0
0
Repetition start
1.08266953981
1.08266953981
1.08266953981
1.19641737581
1.19641737581
1.19641737581
1.14359408799
1.17129415422
1.17129415422
1.13484180313
1.13484180313
1.24034836914
1.24034836914
1.24034836914
1.18117224813
1.18117224813
1.18117224813
1.18117224813
1.04333673372
1.04333673372
1.04135664638
1.04135664638
1.08207393555
1.08207393555
0.871077759771
0.871077759771
0.871077759771
0.871077759771
0.739124709408
0.739124709408
0.739124709408
0.885711856562
Repetition end
1
0
0
