1670 11870 957
 1980 11851 971
 1872 11842 863
 2302 11746 800
 2023 11754 543
 2032 11770 285
 2219 11779 403
 2255 11577 -37
 2435 12061 -806
 2214 11629 -215
 1184 12087 -374
 1867 11778 237
 2640 11837 99
 2808 11435 239
 2819 11398 378
 2701 11663 314
 3223 11665 463
 2767 11639 570
 2688 11554 642
 2465 11806 692
 2471 11699 685
 2316 11800 637
 1957 11746 589
 1974 11806 636
 2101 11749 706
 2250 11854 605
 2082 11849 585
 2104 11852 542
 2089 11817 513
 2161 12070 563
 2194 11721 520
 2098 11833 541
 2182 11877 464
 2185 11806 524
 2143 11779 462
 2143 11847 487
 2153 11861 539
 2175 11818 605
 2138 11881 543
 2090 11769 565
 2122 11798 554
 2113 11812 530
 2011 11761 467
 2050 11776 436
 2163 11793 516
 2199 11782 438
 2104 11803 437
 2189 11819 389
 2271 11876 443
 2159 11771 420
 2238 11724 477
 2285 11791 506
 2177 11817 590
 2259 11775 601
 2197 11812 581
 2249 11704 732
 2318 11788 806
 2137 11806 743
 2119 11765 871
 2281 11779 879
 2237 11743 905
 2128 11755 822
 2152 11678 942
 2210 11882 745
 2194 11813 781
 2596 11646 834
 2120 11902 811
 2328 11801 712
 2177 11702 594
 2214 11843 753
 2146 11940 689
 2193 11699 791
 2280 11775 758
 2366 11756 804
 2202 11712 876
 2144 11688 1012
 2294 11773 938
 2183 11762 923
 2279 11760 810
 2298 11771 789
 2595 11666 613
 2226 12100 252
 2370 11864 350
 1855 11660 1158
 2226 11751 1758
 2058 11597 2265
 2075 11620 2410
 1979 11640 2356
 1960 11502 2398
 2043 11574 2330
 2078 11614 2115
 2066 11843 1730
 2120 11802 1299
 2035 11850 1006
 1981 11879 828
 2032 11823 715
 2268 11967 602
 2281 11712 563
 2342 11695 602
 2390 11749 615
 2281 11745 765
 2342 11739 772
 2332 11786 769
 2326 11650 910
 2403 11718 875
 2358 11668 977
 2276 11706 1060
 2282 11718 1098
 2281 11686 954
 2363 11756 1055
 2358 11603 1095
 2314 11720 974
 2366 11718 832
 2434 11802 874
 2410 11653 864
 2319 11762 770
 2334 11748 801
 2476 11768 795
 2315 11689 764
 2409 11728 767
 2341 11730 768
 2283 11731 787
 2250 11804 684
 2414 11705 696
 2320 11774 681
 2270 11708 765
 2318 11664 747
 2454 11709 606
 2338 11730 485
 2094 11848 565
 2251 11776 661
 2349 11336 1191
 2078 11837 919
 1666 12140 865
 1741 12015 485
 998 12260 669
 710 12331 664
 716 12348 735
 439 12330 880
 224 12322 1035
 152 12284 1155
 -4 12323 1219
 -4 12331 1205
 -87 12363 1312
 101 12422 1170
 85 12356 1044
 86 12321 1144
 369 12262 1073
 151 12287 1069
 397 12320 966
 402 12366 944
 357 12142 884
 415 12293 935
 555 12221 835
 541 12203 922
 521 12382 837
 642 12261 844
 730 12189 813
 636 12177 772
 826 12250 802
 723 12232 852
 615 12182 891
 832 12074 962
 824 12286 849
 716 12164 803
 767 12191 768
 727 12238 855
 703 12221 836
 788 12270 733
 845 12137 768
 812 12168 829
 758 12186 933
 840 12183 860
 891 12121 838
 693 12220 781
 945 12170 787
 713 12281 969
 831 11930 912
 906 12033 714
 703 11933 472
 347 11871 123
 1444 12509 -2211
 986 11996 -2700
 1411 13078 -3630
 1500 12559 -3713
 -1366 13345 -3278
 -805 13440 -2374
 -33 12961 485
 -2224 10956 3283
 -4287 10451 8220
 -2415 4552 11853
 248 -392 14070
 1466 297 15846
 2660 -780 15543
 2838 -2116 14892
 3832 -4792 15793
 3942 -1122 15963
 6863 2694 12828
 3644 2211 10000
 1343 4975 14484
 -4402 2092 16452
 5871 -3864 17955
 -80 -2136 17185
 -1453 1855 16360
 -1790 2039 14846
 -615 -861 16682
 -4835 3610 16148
 963 1398 15081
 -2920 2421 15481
 -1776 1326 15551
 502 720 16476
 4046 -2979 16844
 -1422 -1687 15623
 3281 -264 17589
 1596 -2056 15774
 917 -2673 16774
 1345 -1476 15862
 2070 -808 15869
 2139 -991 15237
 1316 -165 16068
 907 664 16276
 802 -254 16714
 654 -246 15977
 -507 -1113 16442
 -2152 -1495 17272
 -392 -459 16881
 609 -723 16156
 42 -670 16700
 -9 -779 15936
 -308 -491 16005
 143 -589 16432
 754 -483 15936
 1304 247 15735
 -570 -168 16533
 1005 -766 16626
 45 -656 16118
 -227 -327 16333
 258 -663 16343
 952 -609 16297
 -1131 -467 16882
 -507 757 16262
 635 -1076 16240
 -940 -579 16932
 -584 -583 16274
 -101 -696 16370
 -23 -859 16713
 -294 -909 16288
 -165 -862 16574
 -281 -610 16806
 -59 -435 16373
 -317 -571 16471
 -63 -731 16298
 -474 -859 16862
 -593 -1272 16833
 -409 -275 16198
 95 -64 15812
 -1140 -737 17146
 -837 -788 16857
 -895 -644 16775
 310 -624 15860
 -539 -654 16447
 -849 -763 16270
 -589 -581 16656
 -1033 -557 17023
 -76 -1480 16806
 261 -1093 16735
 -199 -878 15881
 -1490 -172 16499
 167 -872 16940
 -751 -762 16987
 -1025 286 16796
 296 225 15875
 88 238 16658
 -1746 -732 16776
 -952 -1589 16855
 -1649 -1765 16999
 -940 -1261 16459
 -610 -1135 17017
 -1754 423 17963
 -656 1299 15757
 -1484 -637 16357
 -1735 1319 19037
 -1927 -1938 16634
 1502 -1350 15759
 388 -4179 15858
 907 -1934 16103
 1468 -2745 16222
 -319 -3243 16967
 1071 -3631 17313
 2818 -2651 15559
 4338 -2500 14526
 5097 -2546 14096
 3079 -3372 16144
 4350 -3372 15083
 1465 -2385 15616
 1217 -1664 17892
 -862 -2061 14901
 2037 -776 17901
 388 -513 17170
 1431 -2417 15704
 2788 -623 15748
 3195 -1349 14312
 3219 -1325 15607
 1711 -1697 15716
 -1401 -579 17926
 2084 -443 15723
 133 -917 16367
 1858 -2160 15605
 3941 -1099 14839
 4136 -759 14264
 3534 -1949 16091
 4586 -2315 14688
 3511 -1735 14585
 3062 -843 15813
 4906 -1950 15670
 3155 -526 15498
 539 1062 16208
 3331 199 14693
 3095 283 15948
 2860 684 15218
 2840 495 14948
 2307 397 13843
 3367 569 11387
 1816 1696 11815
 2328 447 12239
 2382 971 14472
Repetition Start
 -695 873 15480
 3166 -1073 18975
 4046 -1821 21519
 2769 -1007 20522
 2221 -1037 22562
 2810 -2101 16036
 1054 -1908 20175
 -2619 -756 17212
 -1702 1008 16110
 -448 572 12021
 767 915 11673
Repetition End
1
 1027 1743 10326
 2533 3140 12698
 2508 1606 11951
 2423 2211 12738
 276 960 12754
Repetition Start
 -927 -145 13972
 98 -1576 16985
 1219 184 18644
 -133 -1468 22076
 2221 -2119 20088
 410 -2012 21671
 739 -2791 20481
 736 -805 18435
 -809 -846 17502
 -636 -107 13899
 159 1063 14070
 3000 876 11170
Repetition End
1
 -479 1448 10535
 563 2465 13092
 1785 1968 11150
 692 3114 9348
 -615 1266 13332
 640 1136 14154
Repetition Start
 1730 1104 18571
 3094 -917 18866
 1591 -138 19117
 1775 -1312 20268
 1855 -1396 20987
 1850 -2132 20844
 1700 -1873 19346
 410 -1686 16972
 -238 -1100 15191
 -490 149 14388
 2334 498 12873
 1164 2987 10441
Repetition End
1
 5563 -439 12939
 2192 714 13565
 719 1870 11653
 61 1626 13683
 2542 166 15757
Repetition Start
 -731 670 14822
 1411 -1068 16219
 214 -1299 18103
 -572 -1229 21414
 -231 113 20727
 -118 -2785 21547
 834 -3265 18919
 -285 -961 16896
 882 -697 16482
 2157 831 17043
 -1172 609 14017
 167 1524 13923
 1203 4745 6324
 -236 2271 13731
Repetition End
1
 863 1480 11250
 1970 2155 9677
 -1792 3019 12872
Repetition Start
 2917 840 17401
 705 1098 17782
 -56 1721 18859
 1336 668 19399
 2331 1603 19573
 163 830 17585
 1869 -767 19379
 682 1373 19737
 -977 724 18200
 -788 367 15672
 -654 2480 14499
 604 2662 14514
 2464 1130 9577
 -560 1421 10801
 2539 1924 12888
Repetition End
1
 19 3820 9906
 -940 2981 10688
 1677 1519 12868
 467 732 16177
Repetition Start
 -176 699 17850
 41 -961 19151
 1295 -751 20944
 2554 2212 18493
 3046 -147 21680
 2020 -612 18557
 -417 -2293 19039
 -917 -61 17831
 492 686 15987
 739 187 14077
 697 1655 13433
 2003 4138 8682
 3497 1215 12517
Repetition End
1
 83 2975 12115
 2618 3307 10165
 2266 1598 10474
 329 1101 14751
Repetition Start
 1765 -654 16594
 1829 -206 19151
 1572 616 19615
 2938 285 22153
 2803 -1118 19964
 685 331 17418
 129 -575 15218
 409 911 15681
 -362 637 16883
 2776 1016 13694
 533 2435 14866
 214 5262 8301
 4877 -727 13875
 208 2419 11645
Repetition End
1
 1091 4376 9372
 1516 2775 11847
 1840 231 15893
 1107 271 16568
 -409 2074 18220
Repetition Start
 1785 1146 17619
 428 1062 17003
 1002 1157 20145
 -948 -3163 18295
 199 -1413 19371
 1015 -1569 17468
 1368 673 15391
 643 -933 15812
 2819 127 15479
 938 2528 13130
 1789 2847 12444
 -296 1417 13055
Repetition End
1
 1662 638 13941
 775 2426 12389
 276 1510 10682
 2174 2153 10949
 2967 357 14135
Repetition Start
 1681 909 14218
 -17 -301 19172
 1036 -147 20849
 -878 -1555 19726
 2734 -417 18352
 1308 -425 20281
 586 -596 18265
 -3199 1154 18073
 1250 -1048 16494
 177 -1449 16520
 -178 2099 14209
 3937 2562 13051
 -111 3912 12687
 1391 3347 9878
Repetition End
1
 2375 1852 12725
 26 2555 10947
 1637 1884 11927
 -910 3201 12641
 1895 511 15236
Repetition Start
 -1665 2285 18037
 676 58 17480
 768 21 19361
 1481 549 19637
 1598 -1421 20612
 1006 1182 20031
 1471 -1217 19762
 -444 -2276 14566
 2907 -1399 17890
 140 -1058 16864
 1058 278 12064
 -2011 886 14714
 -2960 3027 15286
Repetition End
1
 2299 1002 12362
 -131 454 12516
 723 1591 15829
 -1665 -1822 14082
 -2446 1551 17105
 -1028 6135 14830
 75 3594 16893
 2292 2839 22062
 -3764 -3359 16802
 491 -1454 15211
 2743 488 15239
 4006 -1689 14320
 625 -963 16055
 -1079 -2327 15466
 -2090 980 21116
 1546 2269 15941
 3419 5500 11081
 758 7990 9583
