Repetition start
0.947275759456
0.947275759456
0.947275759456
1.17597737688
1.17597737688
1.17597737688
1.17597737688
1.34104324955
1.34104324955
1.34104324955
1.34104324955
1.2654074582
1.2654074582
1.2654074582
1.2654074582
1.3851781185
1.00191323162
1.00191323162
1.00191323162
1.23855056752
1.23855056752
1.23855056752
1.23855056752
1.23855056752
1.0636304441
1.0636304441
0.990660882174
0.735042534951
0.735042534951
0.735042534951
0.716180507803
0.716180507803
Repetition end
1
0
0
Repetition start
0.854703905307
0.854703905307
0.854703905307
0.854703905307
1.04115243875
1.04115243875
1.04115243875
1.14042446418
1.14042446418
1.14042446418
1.35041229969
1.35041229969
1.24030698128
1.24030698128
1.24030698128
1.24030698128
1.32861701183
1.32861701183
1.32861701183
1.32861701183
1.26242064065
1.26242064065
1.12715086698
1.12715086698
1.12715086698
1.12715086698
1.07062379981
1.07062379981
0.849240422433
0.861266720025
0.70794539604
0.70794539604
Repetition end
1
0
0
Repetition start
1.14038396438
1.14038396438
1.14038396438
1.14038396438
1.14038396438
1.16821301977
1.16821301977
1.16821301977
1.16821301977
1.17087323605
1.24437466042
1.24437466042
1.28875845878
1.28382958691
1.28382958691
1.28382958691
1.28382958691
1.28382958691
1.19083616813
1.04128817199
1.04128817199
1.04128817199
1.04128817199
0.929726169087
0.929726169087
0.878730003911
0.878730003911
0.878730003911
0.7990937689
0.7990937689
0.66663006158
0.66663006158
Repetition end
1
0
0
Repetition start
0.906685299165
0.906685299165
0.906685299165
0.995804063897
1.10783736022
1.10783736022
1.10783736022
1.30962305866
1.30962305866
1.30962305866
1.26517304693
1.26517304693
1.32608391213
1.17289870689
1.17289870689
1.03306317959
1.03306317959
1.00831862057
1.00831862057
1.00831862057
1.00831862057
1.04974623939
0.859319411994
0.859319411994
0.854928900156
0.854928900156
0.488110359805
0.488110359805
0.849581088768
0.849581088768
0.849581088768
0.849581088768
Repetition end
1
0
0
Repetition start
1.07811185926
1.07811185926
1.07811185926
1.08824528781
1.08824528781
1.15584997075
1.1875257003
1.20705489564
1.20705489564
1.07454415335
1.18921029223
1.18921029223
1.18921029223
1.18921029223
1.2082794026
1.2082794026
1.2082794026
1.2082794026
1.11331656049
1.11331656049
1.11331656049
0.958013258441
0.958013258441
0.898687736244
0.898687736244
0.901394943851
0.901394943851
0.607497983255
0.665799399484
0.665799399484
0.810295068165
0.810295068165
Repetition end
1
0
0
Repetition start
1.09036548151
1.09036548151
1.09036548151
1.17035768031
1.28158155955
1.28158155955
1.28158155955
1.28158155955
1.14740722044
1.14740722044
1.33626870879
1.33626870879
1.13993214931
1.13993214931
1.13993214931
1.13993214931
1.17072248847
1.08976245392
1.08976245392
1.08976245392
0.977128492369
0.977128492369
0.977128492369
0.86045071943
0.827179105386
0.827179105386
0.827179105386
0.599613105812
0.599613105812
0.599613105812
0.79669122587
0.79669122587
Repetition end
1
0
0
Repetition start
1.01931228515
1.01931228515
1.1742702134
1.20163151235
1.20163151235
1.36406197641
1.23234806505
1.06412394272
1.06412394272
0.929529140513
0.929529140513
0.929529140513
0.959031026214
0.959031026214
0.959031026214
1.03142642549
1.03142642549
1.03142642549
1.03142642549
1.03142642549
0.855067616307
0.855067616307
0.855067616307
0.920015184566
0.920015184566
0.600013276912
0.898750256958
0.898750256958
0.898750256958
0.726038389983
0.726038389983
0.726038389983
Repetition end
1
0
0
Repetition start
1.08314396008
1.08314396008
1.08314396008
1.04013117888
1.04013117888
1.04013117888
1.23309699125
1.23309699125
1.23309699125
1.13467999462
1.18551550703
1.18551550703
1.07224545
1.07224545
1.07224545
0.943989612306
0.967562751663
0.967562751663
0.967562751663
0.960334082462
0.960334082462
0.960334082462
0.960334082462
0.818115944721
0.818115944721
0.786759656167
0.786759656167
0.786759656167
0.801697485974
0.801697485974
0.801697485974
0.801697485974
Repetition end
1
0
0
Repetition start
0.875601523416
1.17031068343
1.17031068343
1.27412362425
1.27412362425
1.27412362425
1.2089029032
1.2089029032
1.2089029032
1.13276473142
1.13276473142
1.13276473142
1.13276473142
1.24069693342
1.24069693342
1.24069693342
1.1159737753
1.1159737753
1.12244738625
1.12244738625
1.01162496891
1.01222961739
1.01222961739
0.876727404357
0.846591751302
0.846591751302
0.846591751302
0.81035757497
0.81035757497
0.81035757497
0.642211014951
0.642211014951
Repetition end
1
0
0
Repetition start
1.1143335071
1.1143335071
1.1143335071
1.06769791652
1.18263169334
1.18263169334
1.20241818628
1.20241818628
1.26480895243
1.26480895243
1.26480895243
1.22626011912
1.21179238876
1.21179238876
0.900233728802
0.900233728802
1.10953109274
1.10953109274
1.10953109274
1.03135591743
1.03135591743
1.03135591743
1.03135591743
0.739349016941
0.739349016941
0.908031884324
0.908031884324
0.968107096705
0.968107096705
0.968107096705
0.968107096705
0.968107096705
Repetition end
1
0
0
