0
16459
16377
16485
16624
16608
16888
16678
16622
19981
18603
16821
19702
19557
19064
19426
19181
19351
19778
20865
20698
21849
20979
21458
21354
21367
22204
20892
21650
21756
21365
21381
21067
21327
20903
21257
21185
21088
20954
22012
21589
22135
20760
20913
21444
21146
21238
21147
21054
20504
20712
20682
20619
20592
20609
20417
20095
21015
22317
23065
21039
20853
21563
18283
22152
19501
19429
20102
20514
19771
19762
19960
19992
19084
19158
19354
19322
19550
19283
18933
18572
16211
16742
13650
Repetition Start
17856
19210
23980
18254
20516
19658
19577
21764
24207
21557
22389
22684
20564
20428
21548
21239
Repetition End
1
17014
17774
18523
17193
17160
17302
17662
18165
18374
17636
17462
17818
18520
18767
17194
17136
17536
18131
Repetition Start
19822
20767
25544
17305
24387
22057
18280
20606
22266
23575
24897
24137
19378
20569
20456
23830
21620
20926
21708
23326
21309
Repetition End
1
20399
19288
21356
21605
21054
20021
19583
21175
21099
18468
21816
13361
24766
18634
22188
Repetition Start
29755
22710
23311
21072
23669
20652
23557
22886
27049
26364
24431
19142
19996
14491
18655
Repetition End
0
18765
23421
20414
20953
21750
21902
22065
21842
22104
20529
20265
20295
18950
Repetition Start
17105
23079
26946
23046
24318
21272
22113
25533
22914
24388
23901
24341
22855
23286
22886
22490
21732
18807
22841
21487
Repetition End
1
19512
21874
20719
20911
21783
22006
20650
21123
21228
Repetition Start
23643
18170
22318
22818
27685
23869
24506
23330
23701
25439
26078
24510
21228
21697
21177
17194
20737
18554
Repetition End
1
23590
22966
22830
21172
20652
Repetition Start
21933
21188
18658
20811
23493
21420
27179
21809
24495
25972
22279
21476
21015
27578
23834
23836
24145
21356
20072
19006
22702
20985
23310
Repetition End
1
22002
20758
20703
21218
20111
19529
23712
23100
Repetition Start
23662
27008
21476
25264
25833
25896
24401
23802
23621
23495
26636
23700
20432
23142
21657
Repetition End
0
20846
23212
23298
23803
23342
21058
Repetition Start
21670
20628
19844
25917
20817
24300
26655
27783
26061
22663
22857
23916
25075
27457
24813
20443
18419
22049
21459
23657
23581
Repetition End
1
22856
22148
19673
19141
22653
Repetition Start
25319
20534
26623
27696
25830
26688
22120
24913
22985
22006
24996
23795
23929
20411
22782
18799
20695
20902
Repetition End
1
21461
20110
Repetition Start
20378
23561
21610
21421
26399
23925
26286
26969
30132
24834
22921
23076
20529
26850
24381
24198
21029
21593
19887
20924
21524
22006
Repetition End
1
20907
23457
21309
19382
15552
23407
16798
24245
22445
26792
23549
24878
25891
25463
32324
26776
24047
22472
19245
16675
20530
19478
20891
19369
