Repetition start
17856
19210
23980
18254
20516
19658
19577
21764
24207
24207
24207
21557
22389
22684
20564
20564
20428
21548
21239
21239
Repetition end
1
Repetition start
19822
20767
25544
24387
22057
18280
20606
22266
23575
24897
24137
19378
20569
20456
23830
21620
20926
21708
23326
21309
Repetition end
1
Repetition start
29755
22710
23311
23311
21072
23669
20652
23557
22886
22886
27049
26364
24431
24431
19142
19142
19996
14491
14491
18655
Repetition end
0
Repetition start
17105
23079
26946
23046
24318
21272
22113
25533
22914
24388
23901
24341
22855
23286
22886
22490
21732
18807
22841
21487
Repetition end
1
Repetition start
23643
18170
22318
22818
27685
27685
23869
24506
23330
23701
25439
26078
24510
21228
21228
21697
21177
17194
20737
18554
Repetition end
1
Repetition start
21933
18658
23493
21420
27179
21809
24495
25972
22279
21476
21015
23834
23836
24145
21356
20072
19006
22702
20985
23310
Repetition end
1
Repetition start
23662
23662
27008
21476
25264
25833
25896
25896
25896
25896
24401
23802
23621
23495
23495
26636
23700
20432
23142
21657
Repetition end
0
Repetition start
21670
20628
19844
25917
20817
24300
26655
27783
22663
22857
23916
25075
27457
24813
20443
18419
22049
21459
23657
23581
Repetition end
1
Repetition start
25319
20534
26623
26623
27696
25830
26688
22120
24913
22985
22006
22006
24996
23795
23929
20411
22782
18799
20695
20902
Repetition end
1
Repetition start
20378
23561
21610
21421
26399
23925
26286
26969
24834
22921
23076
20529
26850
24381
24198
21029
21593
19887
20924
22006
Repetition end
1
