Repetition start
1.08984375
1.17248535156
1.46362304688
1.11413574219
1.25219726562
1.25219726562
1.25219726562
1.19982910156
1.19488525391
1.32836914062
1.47747802734
1.31573486328
1.36651611328
1.36651611328
1.38452148438
1.38452148438
1.25512695312
1.24682617188
1.31518554688
1.29632568359
Repetition end
1
Repetition start
1.20983886719
1.26751708984
1.55908203125
1.05621337891
1.48846435547
1.34625244141
1.11572265625
1.25769042969
1.35900878906
1.43890380859
1.51959228516
1.47320556641
1.18273925781
1.25543212891
1.24853515625
1.45446777344
1.31958007812
1.27722167969
1.42370605469
1.30059814453
Repetition end
1
Repetition start
1.81610107422
1.38610839844
1.42279052734
1.42279052734
1.2861328125
1.2861328125
1.44464111328
1.26049804688
1.43780517578
1.39685058594
1.65093994141
1.65093994141
1.60913085938
1.49114990234
1.49114990234
1.49114990234
1.16833496094
1.22045898438
0.884460449219
1.13861083984
Repetition end
0
Repetition start
1.04400634766
1.40863037109
1.64465332031
1.40661621094
1.48425292969
1.29833984375
1.34967041016
1.55841064453
1.39855957031
1.48852539062
1.45880126953
1.48565673828
1.39495849609
1.42126464844
1.39685058594
1.37268066406
1.32641601562
1.14788818359
1.39410400391
1.31146240234
Repetition end
1
Repetition start
1.44305419922
1.44305419922
1.10900878906
1.36218261719
1.39270019531
1.68975830078
1.45684814453
1.49572753906
1.42395019531
1.44659423828
1.55267333984
1.59167480469
1.49597167969
1.29565429688
1.29565429688
1.32427978516
1.29254150391
1.04943847656
1.26568603516
1.13244628906
Repetition end
1
Repetition start
1.33868408203
1.29321289062
1.13879394531
1.27020263672
1.43389892578
1.30737304688
1.33111572266
1.49505615234
1.35980224609
1.31079101562
1.28265380859
1.68322753906
1.45471191406
1.45483398438
1.47369384766
1.30346679688
1.16003417969
1.38562011719
1.28082275391
1.42272949219
Repetition end
1
Repetition start
1.44421386719
1.6484375
1.31079101562
1.31079101562
1.5419921875
1.57672119141
1.58056640625
1.58056640625
1.48931884766
1.45275878906
1.44171142578
1.43402099609
1.43402099609
1.62573242188
1.62573242188
1.44653320312
1.44653320312
1.2470703125
1.41247558594
1.32183837891
Repetition end
0
Repetition start
1.32263183594
1.25903320312
1.21118164062
1.58184814453
1.27056884766
1.48315429688
1.62689208984
1.69573974609
1.59063720703
1.39508056641
1.45971679688
1.53045654297
1.67584228516
1.51446533203
1.24774169922
1.12420654297
1.34576416016
1.30975341797
1.44390869141
1.43927001953
Repetition end
1
Repetition start
1.54534912109
1.25329589844
1.62493896484
1.6904296875
1.57653808594
1.62890625
1.35009765625
1.52056884766
1.40289306641
1.34313964844
1.52563476562
1.52563476562
1.45233154297
1.46051025391
1.24578857422
1.39050292969
1.14739990234
1.26312255859
1.26312255859
1.27575683594
Repetition end
1
Repetition start
1.24377441406
1.43804931641
1.31896972656
1.30743408203
1.61126708984
1.46026611328
1.60437011719
1.83911132812
1.51574707031
1.39898681641
1.40844726562
1.25299072266
1.48809814453
1.47692871094
1.28350830078
1.31793212891
1.21380615234
1.27709960938
1.31372070312
1.34313964844
Repetition end
1
