20
10
1
0.300000
0.900000
0.500000
-0.213789
0.112852
0.070934
-0.093540
-0.072420
-0.262779
-0.251405
0.493117
0.485071
0.091248
-0.233065
0.054470
0.239303
-0.456988
-0.356101
0.161636
-0.075082
-0.354134
-0.491048
0.383873
0.006765
-0.018168
-0.491721
0.166596
-0.279707
-0.344732
-0.182915
-0.063743
0.418461
-0.031491
0.132763
0.079720
0.030100
0.284753
-0.124715
-0.150940
0.469588
-0.340531
-0.427210
0.183332
-0.031081
-0.303073
0.448977
-0.215577
0.017637
0.050524
-0.115607
-0.229176
0.331075
-0.287624
0.457873
-0.381798
0.478343
-0.469338
-0.123575
-0.349244
0.001166
-0.255551
-0.336755
0.445295
-0.043346
-0.484916
0.496414
-0.025218
-0.063659
-0.384484
0.456393
0.443237
0.038079
-0.292040
0.054623
-0.190875
-0.104612
0.043012
0.266832
0.377951
0.170787
-0.499059
-0.088384
-0.267897
-0.343657
0.436049
-0.273226
0.371722
-0.033552
-0.265516
0.123941
0.436232
-0.047249
0.462866
0.208287
0.000643
0.410611
0.368898
-0.240281
0.293632
-0.394273
-0.061507
-0.090278
0.364667
-0.376187
0.106269
0.472276
0.201674
0.081092
0.069684
0.397498
-0.063635
-0.452353
-0.110476
0.162964
-0.272700
-0.158412
0.470763
-0.352005
-0.346413
0.239188
-0.185937
0.348770
0.225641
0.038982
-0.191337
-0.345184
-0.292280
-0.490092
0.090598
0.025141
-0.087876
-0.114240
0.485244
-0.177446
0.345754
0.485435
0.494346
0.398245
-0.210909
-0.004277
-0.288116
0.178683
-0.078567
-0.208792
0.040869
-0.193625
0.035113
0.011616
0.172944
-0.215923
0.306508
0.338497
-0.241266
0.358590
-0.222969
-0.154020
0.164568
-0.061162
0.458238
-0.163964
0.368997
0.356635
-0.388278
-0.287869
0.004126
0.409101
-0.484076
-0.172067
0.414543
-0.142252
0.436459
-0.465165
-0.373029
-0.004881
0.464908
-0.004993
0.242607
0.180740
-0.011658
-0.400296
0.238866
0.134935
-0.393596
0.237168
0.484797
-0.310500
-0.341385
-0.112349
-0.089577
-0.442743
0.235673
0.465638
-0.175261
-0.291424
-0.296040
0.168407
-0.201309
-0.419408
-0.358858
-0.231177
0.111222
0.068607
-0.107601
0.026764
-0.413326
0.094773
0.199020
0.194693
0.011213
-0.437447
0.150153
0.184017
-0.011585
0.443302
0.331690
0.745652
0.477281
0.430902
-0.233395
0.190997
0.838583
0.090047
0.274129
0.603569
