8
7
4
0.300000
0.900000
0.500000
-0.213789
-0.058692
0.070934
-0.093540
-0.072420
-0.262779
-0.251405
0.493117
0.485071
0.091248
-0.233065
-0.105451
0.239303
-0.456988
-0.356101
0.161636
-0.075082
-0.354134
-0.491048
0.383873
0.006765
-0.194066
-0.491721
0.166596
-0.279707
-0.344732
-0.182915
-0.063743
0.418461
-0.031491
0.132763
-0.103748
0.030100
0.284753
-0.124715
-0.150940
0.469588
-0.340531
-0.427210
0.183332
-0.031081
-0.443269
0.448977
-0.215577
0.017637
0.050524
-0.115607
-0.229176
0.331075
-0.287624
0.457873
-0.538992
0.478343
-0.469338
-0.123575
-0.349244
0.001166
-0.255551
-0.336755
0.445295
-0.043346
-0.655380
0.496414
-0.025218
-0.063659
-0.384484
0.456393
0.443237
0.038079
-0.292040
0.054623
-0.358705
-0.104612
0.043012
0.266832
0.377951
0.170787
-0.499059
-0.088384
-0.267897
-0.343657
0.244952
-0.273226
0.371722
-0.033552
-0.265516
0.123941
0.436232
-0.047249
0.462866
0.208287
-0.157522
0.410611
0.368898
-0.240281