Repetition start
1.03369140625
1.11407470703
0.504333496094
0.373962402344
0.323425292969
0.61279296875
0.662536621094
0.980712890625
0.842895507812
0.77685546875
0.790893554688
0.804870605469
0.789978027344
0.861877441406
0.744262695312
0.804321289062
0.869445800781
0.855285644531
0.869995117188
0.821166992188
Repetition end
 0
Repetition start
0.584045410156
0.764526367188
0.718139648438
1.07983398438
1.02838134766
1.15051269531
1.09027099609
0.892578125
0.870788574219
0.807495117188
0.815063476562
0.920349121094
0.887573242188
0.864074707031
0.801086425781
0.911926269531
1.08081054688
1.05853271484
1.06896972656
0.990783691406
Repetition end
 1
Repetition start
1.06219482422
1.23571777344
1.19610595703
1.11688232422
1.28216552734
1.30267333984
1.23803710938
1.39685058594
1.05816650391
1.06701660156
0.955688476562
1.03601074219
0.926940917969
0.671203613281
0.598266601562
1.04266357422
1.11376953125
1.08135986328
1.07232666016
1.05462646484
Repetition end
 1
Repetition start
1.19409179688
0.956237792969
1.44409179688
1.35589599609
1.04663085938
1.37573242188
0.858764648438
1.13824462891
1.06372070312
1.01544189453
1.00274658203
0.998413085938
0.941650390625
1.02020263672
0.920288085938
0.632751464844
0.949340820312
0.970031738281
0.939208984375
1.19903564453
Repetition end
 1
Repetition start
1.11120605469
1.35076904297
1.18096923828
1.0595703125
0.957763671875
1.06317138672
1.18957519531
1.09094238281
1.18615722656
1.00054931641
0.927734375
0.85400390625
1.07067871094
0.785888671875
0.908142089844
0.755187988281
0.799560546875
1.2314453125
1.10778808594
1.06805419922
Repetition end
 1
Repetition start
0.898376464844
0.975158691406
0.9892578125
1.14373779297
1.16851806641
1.01727294922
0.897399902344
1.24493408203
0.804565429688
0.982177734375
0.969665527344
0.94873046875
0.960021972656
1.0693359375
0.957763671875
0.769653320312
0.902526855469
0.809997558594
1.04376220703
1.07775878906
Repetition end
1
Repetition start
0.620300292969
1.11828613281
0.612976074219
0.966186523438
1.14660644531
1.3310546875
1.03424072266
1.29779052734
0.878601074219
0.99267578125
1.10614013672
1.03326416016
0.905578613281
0.941711425781
0.96630859375
0.913330078125
0.962463378906
0.85498046875
1.03955078125
0.859069824219
Repetition end
 1
Repetition start
0.67919921875
0.716979980469
0.716674804688
1.31048583984
1.32708740234
0.914489746094
1.44342041016
1.12878417969
0.944641113281
1.13598632812
1.02368164062
0.913635253906
1.05749511719
0.864440917969
1.01873779297
0.929870605469
0.802673339844
1.08093261719
0.79296875
0.892883300781
Repetition end
 1
Repetition start
0.920776367188
0.924133300781
1.07653808594
1.45843505859
1.51947021484
1.31927490234
1.00579833984
0.9326171875
0.950622558594
0.8798828125
0.989379882812
0.663879394531
0.810424804688
0.929565429688
0.957153320312
0.980346679688
0.932678222656
0.93408203125
0.911804199219
0.951904296875
Repetition end
 1
Repetition start
0.916870117188
1.19952392578
1.015625
1.06994628906
1.10736083984
1.17193603516
0.973815917969
0.842346191406
0.912475585938
0.806762695312
0.829345703125
0.824279785156
1.00677490234
1.17633056641
1.0146484375
0.864807128906
0.746887207031
1.06799316406
0.898498535156
1.16247558594
Repetition end
 1
Repetition start
0.967407226562
1.06774902344
1.20184326172
1.21270751953
1.02020263672
0.973205566406
0.993774414062
1.12292480469
0.952087402344
1.19653320312
1.09436035156
0.91064453125
0.953552246094
0.91748046875
0.983642578125
1.11749267578
0.852294921875
1.08270263672
1.06091308594
1.15631103516
Repetition end
 1