Repetition start
0.440368652344
0.196411132812
0.510314941406
0.408996582031
0.334899902344
0.370361328125
0.468444824219
0.58447265625
0.645751953125
0.742126464844
0.639404296875
0.648376464844
0.624084472656
0.517578125
0.498718261719
0.610473632812
0.728271484375
0.64306640625
0.683410644531
0.668518066406
Repetition end
 0
Repetition start
0.582763671875
0.580383300781
0.511413574219
0.661926269531
0.557739257812
0.730773925781
0.708862304688
0.618530273438
0.735412597656
0.809875488281
0.709533691406
0.68017578125
0.722473144531
0.860046386719
0.9189453125
0.916076660156
0.926574707031
0.924194335938
0.944396972656
0.931945800781
Repetition end
 1
Repetition start
0.862548828125
0.813720703125
0.767761230469
0.9013671875
0.783142089844
1.04528808594
0.804992675781
0.799194335938
0.833068847656
0.887023925781
0.845520019531
0.830017089844
1.02862548828
0.99462890625
0.989624023438
1.00964355469
0.946960449219
1.01690673828
1.03424072266
1.0205078125
Repetition end
 1
Repetition start
0.907043457031
0.90478515625
0.834716796875
1.24133300781
0.94091796875
0.867858886719
1.03869628906
0.976196289062
0.807250976562
0.873474121094
0.9501953125
0.816589355469
0.7080078125
0.983276367188
0.969482421875
1.12329101562
1.14447021484
1.00958251953
1.02716064453
1.0390625
Repetition end
 1
Repetition start
1.11676025391
1.01916503906
0.947143554688
1.02447509766
1.02886962891
1.22094726562
0.88623046875
0.993896484375
1.05401611328
1.10095214844
1.02819824219
0.978942871094
1.02172851562
0.972961425781
0.958068847656
0.736694335938
0.868286132812
0.997314453125
0.876159667969
0.989929199219
Repetition end
 1
Repetition start
0.736145019531
0.826354980469
0.934997558594
1.01446533203
1.01446533203
1.15209960938
1.16662597656
1.16662597656
1.19940185547
1.04064941406
0.945983886719
0.757995605469
0.964416503906
0.787963867188
0.787963867188
0.884216308594
1.02380371094
1.046875
0.973693847656
0.973693847656
Repetition end
 1
Repetition start
0.950866699219
0.805297851562
0.879638671875
1.00866699219
0.956176757812
1.03186035156
1.13891601562
1.09521484375
1.10723876953
1.03039550781
1.05541992188
1.06909179688
1.06115722656
1.103515625
1.0380859375
1.07586669922
1.095703125
1.02355957031
1.08648681641
1.05438232422
Repetition end
 1
Repetition start
0.832092285156
1.02868652344
1.02990722656
0.855163574219
0.947265625
0.941955566406
1.00799560547
1.03143310547
1.04083251953
1.03771972656
0.965759277344
0.899047851562
0.924194335938
0.856506347656
1.04693603516
0.998596191406
1.10620117188
1.04907226562
1.14367675781
1.10437011719
Repetition end
 1
Repetition start
1.04766845703
0.902465820312
0.993286132812
0.954833984375
1.04931640625
0.9248046875
0.809204101562
1.18078613281
1.13116455078
1.14691162109
1.025390625
1.01593017578
1.10906982422
1.05236816406
1.05786132812
1.0927734375
1.07208251953
1.07562255859
1.06823730469
1.10772705078
Repetition end
 0
Repetition start
0.836486816406
1.09515380859
0.969665527344
1.34167480469
1.04547119141
0.950744628906
0.966430664062
0.867980957031
0.889953613281
0.989685058594
0.900024414062
0.856994628906
0.716796875
0.842834472656
0.903259277344
0.794616699219
0.811401367188
1.03015136719
0.942016601562
0.935913085938
Repetition end
 1
Repetition start
0.745422363281
1.02160644531
1.03387451172
1.14025878906
1.08685302734
0.948364257812
1.01123046875
0.952880859375
1.04370117188
1.07110595703
0.926025390625
1.02160644531
0.938598632812
1.02233886719
0.856750488281
0.859741210938
1.05853271484
1.04296875
1.02294921875
0.921630859375
Repetition end
 1
Repetition start
1.21112060547
1.21112060547
1.07702636719
1.15533447266
1.07739257812
1.16302490234
1.00079345703
1.02130126953
1.07440185547
1.07440185547
1.07440185547
1.07440185547
1.07769775391
1.23132324219
1.09191894531
1.04302978516
1.04302978516
1.09295654297
1.05493164062
1.05493164062
Repetition end
 1
Repetition start
1.05780029297
1.09539794922
1.09539794922
1.01806640625
1.01806640625
0.981811523438
1.03454589844
1.07196044922
1.09729003906
1.12091064453
1.02563476562
1.02563476562
1.08721923828
1.00805664062
1.04382324219
1.09436035156
1.07867431641
1.03497314453
1.06134033203
1.02783203125
Repetition end
 1
Repetition start
1.08422851562
1.12872314453
1.31164550781
1.01275634766
0.845764160156
1.00036621094
1.09100341797
1.06610107422
0.978149414062
0.79052734375
0.650939941406
1.07891845703
1.03979492188
0.935424804688
0.562194824219
0.894714355469
0.833923339844
0.790100097656
0.927917480469
0.780639648438
Repetition end
0