Motion detected after  2025  milliseconds. Logging...
-3667 -2222 16048
 -1963 -5265 18273
 -4118 -2295 21145
 -3440 -2540 19296
 -4861 -1717 20389
 -5773 -2413 19497
 -2479 -5180 21532
 -7027 -5067 23343
 -2588 -4898 26371
 -6179 -3811 23746
 -5841 -1814 25049
 -4752 -2257 24331
 -3663 -3434 26565
 -4183 -5188 26159
 -3811 -5853 24212
 -4298 -5074 22113
 -2842 -5740 21109
 -2593 -4414 20986
 -2212 -4006 20789
 -3205 -2767 19324
 -886 -3385 18905
 -4999 -1955 17970
 -1517 -1703 16094
 -3498 -1506 17261
 Motion ended after  1787  milliseconds. Logging...
 1
Motion detected after  794  milliseconds. Logging...
-1935 -3128 15391
 -4231 -1377 16096
 -1763 -49 15713
 -3893 -882 16858
 -1520 -2264 19553
 -1855 -1409 18723
 -2550 -1355 21318
 -4008 -2126 23096
 -4098 -3512 26291
 -2577 -3991 24247
 -1920 -4696 24065
 -5453 -4747 24794
 -4771 -4370 26099
 -2763 -5399 24455
 -3107 -5581 21938
 -2505 -5459 23601
 -1520 -4643 21501
 -2797 -3609 21130
 -1465 -3389 19467
 -1029 -2683 18905
 -3341 -2033 17778
 -1223 -1815 17786
 515 -2201 16959
 Motion ended after  1747  milliseconds. Logging...
 1
Motion detected after  794  milliseconds. Logging...
-2918 -1241 18503
 -3672 -2872 21293
 -1966 -3859 21617
 -504 -2143 21951
 -2909 -1704 23358
 -3531 -2903 21881
 -3309 -3930 24367
 -3783 -4376 24053
 -2008 -3970 24716
 -2791 -4894 24613
 -3547 -4672 25427
 -3406 -4507 24434
 -1757 -4608 24841
 -3710 -4667 22045
 -3596 -4220 21795
 -3135 -5113 21725
 -3765 -3283 19044
 -1479 -3237 17854
 -2325 -1758 18917
 -2886 -952 17547
 -3705 -1134 18078
 -3459 -892 15582
 -1966 -1438 16949
 601 -1068 16972
 -914 -1275 18538
 -2358 -269 18554
 -1214 -428 19404
 -314 -666 19610
 -1409 -948 18700
 -218 -1282 18757
 -374 -843 18879
 Motion ended after  3018  milliseconds. Logging...
 1
Motion detected after  793  milliseconds. Logging...
-3326 -603 16417
 -5469 1585 18912
 -3871 981 19671
 -2745 1148 22131
 -5228 -190 22577
 -3908 -1647 22582
 -2517 -1169 24290
 -2252 -3475 22581
 -1265 -4342 24311
 -2578 -4931 26677
 -3519 -3940 25529
 -2869 -3833 23844
 -1078 -3785 23082
 -3132 -2822 19389
 -1310 -2378 20268
 -3632 -1235 18963
 -3716 -1953 18519
 -2955 -2120 18155
 -4795 -1104 17243
 -1043 -1403 14918
 457 -1034 15357
 -2760 513 16416
 -2100 424 16615
 Motion ended after  1748  milliseconds. Logging...
 1
Motion detected after  843  milliseconds. Logging...
-3513 1751 19451
 -4153 2036 20376
 -2362 1148 20704
 -3123 1077 21234
 -5256 102 20221
 -3818 -1377 21142
 -4350 -2040 22116
 -4113 -2547 21802
 -1941 -853 22203
 -3808 -2376 24076
 -1548 -2181 22878
 -2536 -2098 22090
 -2493 -1529 21136
 -3272 -2354 20185
 -4024 -732 22050
 -4347 -940 19693
 -3368 -1625 19561
 -2169 -884 18105
 -3739 421 17090
 -2447 319 17283
 -245 -1102 16663
 -1878 -139 15970
 -1847 498 16665
 -1572 361 16760
 -2307 1405 17157
 -891 -176 18342
 509 509 18125
 -1777 391 18353
 -1421 281 18495
 -763 73 18410
 -862 134 18195
 -993 76 18392
 -276 -281 18002
 -587 395 17861
 -1206 327 18086
 -695 133 18076
 -1423 588 18263
 -1213 161 18235
 -1666 517 18141
 Motion ended after  2968  milliseconds. Logging...
 1
Motion detected after  804  milliseconds. Logging...
-1939 -904 16231
 -3289 322 16566
 -1879 -951 18144
 -2832 1678 22084
 -1239 1304 18303
 -3555 212 20821
 -3166 -1819 22742
 -4198 -3449 23530
 -2084 -3090 22461
 -1553 -3518 24154
 -2487 -4950 24438
 -2362 -4091 25699
 -3076 -3291 24412
 -2943 -3255 23088
 -2770 -3077 20820
 -1439 -4118 20637
 -2000 -3659 19832
 -1276 -3393 22070
 331 -2668 18777
 -2139 549 17500
 -844 -328 15851
 -1183 -773 15353
 -4618 604 15693
 -277 247 16467
 -2117 1109 17128
 1022 721 17188
 276 1362 17631
 -701 858 18402
 -65 -65 17355
 -633 316 17990
 -1452 619 17741
 -1169 741 18254
 -1703 573 18054
 -822 727 18835
 -1024 255 18287
 -25 339 17115
 -997 970 18129
 -726 316 17790
 -698 812 18398
 -549 460 17582
 Motion ended after  3008  milliseconds. Logging...
 1
Motion detected after  794  milliseconds. Logging...
214 -625 14262
 -3450 -1825 14224
 -2165 -98 14466
 -3358 -854 17016
 -2493 854 18189
 -5176 137 19052
 -3504 -1016 23151
 -5174 -3091 24175
 -4759 -2023 23545
 -3080 -3927 24277
 -1564 -4484 22736
 -1086 -2619 25438
 -1743 -2616 22768
 -2306 -1852 24129
 -1536 -2476 23072
 -1256 -2005 20284
 -1691 -3087 20791
 -3560 -3342 21363
 -1796 -2561 21650
 -219 -2623 18918
 -941 -817 17725
 -1156 -783 17791
 -1760 -27 17542
 -783 229 15891
 -65 -493 15550
 1435 -752 15460
 -2232 928 16280
 -1754 773 17482
 -2632 1350 17758
 -1809 1683 18011
 -864 1068 18256
 -1336 1134 17837
 -610 741 17479
 -164 631 17644
 -708 404 17996
 -1279 1041 18057
 Motion ended after  3018  milliseconds. Logging...
 1
Motion detected after  883  milliseconds. Logging...
-1282 -494 16073
 -4626 1915 18409
 -2605 534 20095
 -3924 1424 18888
 -4119 1106 21081
 -4494 -127 23804
 535 -1318 21082
 -3550 -4318 25079
 -1567 -4153 24320
 -2577 -4948 21739
 -4327 -5569 24043
 -3118 -5606 24668
 -2976 -5240 23959
 -2292 -4187 22267
 -2261 -5214 21977
 -2558 -4281 20710
 -814 -4617 19621
 -2650 -3080 20928
 -3226 -2787 20398
 -2956 -929 18623
 -223 -1195 16403
 334 -672 16940
 -1011 -1062 15822
 -1559 -227 14678
 -332 -728 17171
 -142 170 17751
 -1618 -128 17631
 407 552 17635
 -736 970 18495
 -929 396 18312
 -1708 704 18173
 -1404 -680 18280
 -1183 -257 18252
 -1373 445 18325
 112 -176 17894
 -878 165 17818
 -1381 718 18522
 -1101 394 18096
 -440 -175 18466
 Motion ended after  2928  milliseconds. Logging...
 1
Motion detected after  824  milliseconds. Logging...
-2652 -515 18131
 -5049 1259 18697
 -3331 1869 19903
 -5457 149 21261
 -4589 -1535 22219
 -1042 -2429 21814
 -359 -987 22089
 -2758 -4953 22253
 -2380 -3697 22418
 -2293 -3011 22912
 -1954 -2726 23352
 -3151 -3383 23836
 -3574 -2510 22251
 -1272 -1950 20759
 -2850 -1907 19437
 -2660 -1384 21032
 -2885 -506 17772
 -141 658 18655
 -1689 -739 17932
 -1988 -1642 17400
 -879 361 16821
 -2214 936 16623
 1027 104 15313
 Motion ended after  1717  milliseconds. Logging...
 1
Motion detected after  814  milliseconds. Logging...
-1296 1472 17178
 -1936 1517 17451
 -1616 -985 14937
 -1157 -1173 13793
 -3474 598 12674
 -1278 230 14112
 -1340 2367 17143
 -4356 2026 20617
 -3209 899 20705
 -4421 -3716 21569
 -3721 -1401 21857
 -2612 -2138 24196
 -3049 -1964 24312
 -1068 -1276 24150
 -3175 -2686 24068
 -2065 -2631 23252
 -2421 -3504 22844
 -2285 -2942 21441
 -2007 -3467 20580
 -3545 -1197 19007
 -2130 -1976 17620
 -1986 -346 18004
 -1312 545 18365
 -958 881 16966
 -1785 236 16488
 -348 676 15400
 -864 282 14251
 -2583 2028 17223
 -611 1658 17098
 -2348 1035 16902
 -197 675 17798
 -746 106 17146
 -1376 1158 17604
 -1012 1378 17888
 -1499 1232 17558
 -1171 1271 17933
 -1125 1209 18071
 -1729 795 18219
 -1026 154 17315
 -716 686 17954
 Motion ended after  2998  milliseconds. Logging...
 1
Motion detected after  794  milliseconds. Logging...
-3594 1390 17909
 -1219 118 19256
 -3194 -426 19630
 -2865 -754 21009
 -1579 -1795 25428
 -3604 -2354 23044
 -2578 -2699 21900
 -3378 -2215 23174
 -2086 -3184 22389
 -1395 -1676 24524
 -1644 -3944 21715
 -4033 -3786 22608
 -3668 -3163 21706
 -1584 -4104 22121
 -2636 -1891 20067
 -2127 -1997 18710
 -2525 -1194 18503
 -2452 -487 18446
 -2394 420 18630
 -2468 -1664 17466
 -2046 -663 17121
 -3414 -248 17940
 -1091 -822 16874
 -3017 341 18028
 -1974 -352 17790
 -1085 -1514 19031
 -1820 -1457 19411
 -2746 -387 20575
 -2903 -1329 21038
 -1999 -3710 21174
 -3630 -6587 19323
 -2724 -2967 18453
 -1428 1108 19231
 -1218 1239 23274
 -5330 -5058 21578
 -3802 -4237 19602
 -977 -1733 18988
 -3947 -3482 22089
 -1638 -3894 21851
 -2895 -7425 19619
 660 -3941 19830
 1916 -3332 20545
 2367 -3464 18942
 -1863 -1682 18535
 -4413 2437 23237
 -3358 966 18402
 -4219 2248 17488
 -3304 2420 17455
 -3877 2598 17131
 -5022 2319 16151
 -2131 2737 16139
 -2605 2930 15690
 -651 2687 15498
 -1535 3620 15241
 -1149 3086 14973
 -234 2609 15203
 -487 3252 15316
 Motion ended after  4288  milliseconds. Logging...
0