Repetition start
0.620056152344
0.674133300781
0.899169921875
0.812744140625
0.842956542969
0.690368652344
0.846740722656
1.15264892578
0.839599609375
1.06164550781
1.05725097656
1.18823242188
1.02465820312
0.887939453125
0.777648925781
0.853210449219
0.893188476562
0.67236328125
0.785766601562
0.748107910156
Repetition end
 1
Repetition start
0.63037109375
0.848449707031
0.737487792969
0.962463378906
0.943542480469
1.06280517578
1.03527832031
1.14019775391
1.07904052734
1.06500244141
1.03503417969
0.994445800781
0.808715820312
0.954406738281
0.936157226562
0.898681640625
0.891906738281
0.927307128906
0.757080078125
0.900146484375
Repetition end
 1
Repetition start
0.900207519531
0.9638671875
1.17822265625
1.14410400391
0.942810058594
1.04541015625
0.970092773438
1.033203125
1.12768554688
0.834228515625
0.732177734375
0.801879882812
0.905395507812
0.808044433594
0.826721191406
1.00738525391
0.972106933594
1.08410644531
0.997497558594
1.05328369141
Repetition end
 1
Repetition start
0.76220703125
0.917236328125
1.02423095703
1.04730224609
1.03924560547
1.25756835938
1.02868652344
1.1416015625
1.169921875
1.10290527344
1.11199951172
0.820007324219
1.01196289062
0.8603515625
0.784301757812
0.79833984375
0.6923828125
0.902099609375
0.864807128906
0.911804199219
Repetition end
 1
Repetition start
1.07965087891
1.11444091797
1.18957519531
0.959838867188
0.924194335938
1.09204101562
1.16876220703
1.0654296875
1.04455566406
1.05554199219
0.879272460938
0.918701171875
0.924987792969
0.934814453125
0.992126464844
1.16839599609
1.05926513672
1.06610107422
1.06475830078
1.06896972656
Repetition end
 1
Repetition start
0.817138671875
1.27746582031
1.06677246094
1.16473388672
1.17468261719
1.10137939453
1.00341796875
0.971069335938
0.895935058594
0.817687988281
0.712829589844
0.98388671875
1.15545654297
1.17608642578
1.05133056641
1.03198242188
1.03295898438
1.06378173828
1.1298828125
1.06768798828
Repetition end
 1
Repetition start
0.845397949219
0.744812011719
0.855285644531
1.13714599609
1.02313232422
1.05407714844
1.32647705078
1.12359619141
1.21893310547
1.16333007812
1.05548095703
0.981201171875
0.967529296875
0.961608886719
0.9150390625
1.00714111328
1.00561523438
1.12670898438
1.07983398438
1.08758544922
Repetition end
 1
Repetition start
0.872619628906
0.958129882812
1.10009765625
1.10278320312
1.05047607422
0.863464355469
0.97314453125
0.963623046875
0.885131835938
0.846618652344
0.877990722656
0.914611816406
0.839172363281
0.786865234375
1.08514404297
1.14312744141
1.02612304688
1.06182861328
1.08825683594
1.09002685547
Repetition end
 1
Repetition start
0.913330078125
0.909851074219
1.12554931641
0.973693847656
0.982360839844
1.26605224609
0.887573242188
0.997375488281
1.07470703125
1.1396484375
1.05603027344
0.986755371094
1.07037353516
0.89599609375
1.03686523438
0.877746582031
0.9462890625
0.840454101562
0.995056152344
0.936584472656
Repetition end
 1
Repetition start
1.05920410156
0.7529296875
0.598022460938
0.79736328125
1.10900878906
1.12274169922
0.81982421875
1.02142333984
1.33093261719
1.03265380859
0.921997070312
0.870666503906
1.03082275391
0.9599609375
1.10748291016
1.11547851562
1.00744628906
1.11413574219
1.05535888672
1.09399414062
Repetition end
 1
Repetition start
0.958557128906
1.06140136719
0.902648925781
0.907897949219
0.890258789062
0.90234375
0.946472167969
0.879638671875
0.94384765625
1.0029296875
1.06457519531
0.778930664062
0.705749511719
0.993530273438
1.29766845703
0.947082519531
0.967529296875
1.07019042969
1.05749511719
1.07287597656
Repetition end
0