Repetition start
1.22945838045
1.30749195174
1.24243713815
1.29106936148
1.5352442937
1.22220807042
1.26373081866
1.27864895932
1.69248813823
1.59321089116
1.41024984171
1.36770086323
1.25236870032
1.41813906784
1.41813906784
1.23603598441
1.61925582683
1.4008422892
1.40928510323
1.39841998345
1.39841998345
1.3754043716
1.39922905076
1.39922905076
1.41042833266
1.37024356561
1.37434057793
1.39676967588
1.39143347679
1.38360564605
1.39037268203
1.39037268203
Repetition end
0
0
0
Repetition start
1.15565128226
1.16330676701
1.06380404535
0.938899745658
1.25875057904
1.54489011527
1.42712211136
1.26525439323
1.4975470128
1.57995001152
1.64070860445
1.76431798348
1.69075713135
1.57826688336
1.45944445989
1.33447217331
1.43084525305
1.38232624131
1.25107248461
1.20013740003
1.23426971862
1.17424224017
1.0791477694
1.09681024904
1.14652977517
1.1987447361
1.20848549116
1.19841710052
1.23490280323
1.20791286536
1.24015601804
1.23037234489
Repetition end
1
0
0
Repetition start
1.03277479679
1.03277479679
1.03277479679
0.867388212328
0.935880328822
0.935880328822
1.04513102248
1.16171291545
1.25378948333
1.25378948333
1.43127813733
1.43127813733
1.43127813733
1.43127813733
1.50355685002
1.59751267709
1.59751267709
1.53435335809
1.53435335809
1.53435335809
1.55642200524
1.55642200524
1.54127375057
1.49618345993
1.63994309241
1.52924602249
1.46155478191
1.46155478191
1.46155478191
1.42641327058
1.39305286688
1.39305286688
Repetition end
1
0
0
Repetition start
1.14610871362
1.14786588787
1.1614030214
1.14970317015
1.14484789442
1.1796528309
1.1840766592
1.1702638311
1.16011786157
1.14741555956
1.1433414697
1.1433414697
1.1433414697
1.16303447158
1.16303447158
1.14342918652
1.15662469141
1.16216187399
1.16574683997
1.16388805254
1.16919921724
1.16919921724
1.14670977416
1.14670977416
1.14670977416
1.13871952664
1.13871952664
1.1316960473
1.1316960473
1.15583593133
1.15583593133
1.1418197022
Repetition end
1
0
0
Repetition start
0.979247023535
0.904741326314
0.895010767601
0.844192558802
1.10211953661
1.11362415019
1.19500085408
1.55364399543
1.47109805399
1.47109805399
1.55429138955
1.55429138955
1.76556064902
1.69375078502
1.66489520864
1.46569016226
1.45582072747
1.43455438235
1.28666888154
1.21885542077
1.22198847277
1.1593048523
1.09946930977
1.1762953835
1.1762953835
0.982716294418
0.979894867158
0.979894867158
0.979894867158
0.970004158202
1.07184642143
1.11627880901
Repetition end
1
0
0
Repetition start
1.10169223603
1.30996814832
1.36393042195
1.48573516216
1.30151375488
1.45956510709
1.64617578662
1.45702346846
1.50236542404
1.42023185747
1.3021871527
1.25870529322
1.23453174272
1.23316566313
1.16708076492
1.13201579326
1.09944976272
1.01173967355
0.993061412957
0.96994878253
1.05585110725
1.07014343221
1.06727360291
1.09026134175
1.0992144914
1.07653519647
1.11146728234
1.13762838306
1.15220185716
1.08206297384
1.08986858798
1.07505397578
Repetition end
0
0
0
Repetition start
1.07714986758
1.42576446262
1.27755401059
1.30625626623
1.42354223471
1.40921536755
1.32096177282
1.35799867464
1.29891255757
1.33769688143
1.27692630929
1.25716913989
1.21379618387
1.13359682127
1.12307696924
1.12765634701
1.06395298293
1.00013696396
1.03872955158
1.11174892913
1.061467407
1.17152525928
1.07717695916
1.07424715005
1.09825912054
1.14057861031
1.10003211194
1.09370504355
1.12328693312
1.13892156798
1.07306829576
1.09963045219
Repetition end
0
0
0
Repetition start
1.16068722555
1.26619236939
1.34202375396
1.2572600502
1.43995628466
1.31793152401
1.4515092183
1.45913288019
1.37812241626
1.4264511429
1.38790567402
1.33650816892
1.2979294285
1.22338116578
1.165774338
1.15494656715
1.07472827792
0.976811266685
1.00058980402
0.912552617627
1.01734340435
0.993862321117
1.07935922921
1.13288355309
1.07021369095
1.14497320899
1.04631887617
1.09758160633
1.08489487874
1.08028586116
1.04645965116
1.09710696415
Repetition end
1
0
0
Repetition start
1.05220235747
1.37473937567
1.35880956318
1.41519171982
1.3019061766
1.20334208066
1.3651533171
1.47530191088
1.48428661058
1.39604535171
1.32182314751
1.26669549116
1.14172339625
1.1373747116
1.10764576063
0.965242126014
0.999636263558
0.974700810686
1.0235929735
1.07095244865
1.09502706563
1.08069350766
1.11905829142
1.12326060708
1.13616572033
1.08378678488
1.08850714372
1.10401087594
1.10185506162
1.08995061952
1.0629837008
1.08234744324
Repetition end
0
0
0
Repetition start
1.16031846444
1.32128658985
1.32128658985
1.36869916179
1.36869916179
1.37500073287
1.37500073287
1.37500073287
1.27196630085
1.47319201253
1.47636368336
1.47636368336
1.42239883488
1.42239883488
1.345799743
1.345799743
1.34350352189
1.40261427254
1.42573625023
1.34940921966
1.31149906355
1.25005504517
1.14443825647
1.06649083721
1.0547411905
1.04887827784
1.10927768233
1.07999211843
1.07999211843
0.978001147113
0.935528004402
0.935528004402
Repetition end
1
0
0
Repetition start
1.14837565872
1.20600538423
1.29551039853
1.24656563228
1.40905027
1.43094472638
1.34670360176
1.17209005608
1.14125550167
1.05760611672
0.928268379317
1.11348937582
1.13978057298
1.08327575238
1.05058094158
1.07200039257
1.07458146127
1.10887731383
1.08280201428
1.07654776473
1.05564943528
1.12690237086
1.07805813534
1.06791659704
1.05683329195
1.04192224963
1.06189045005
1.02096298325
1.05479610555
1.05803959584
1.07151736363
1.06214446017
Repetition end
0
0
0
