Motion detected after  0  milliseconds. Logging...
-2810 -1361 19900
 -551 -945 21394
 -5053 1587 19655
 -7302 1511 19795
 -9225 1054 23377
 -4074 -4262 19137
 -9411 -6893 17106
 -3242 -5382 19985
 -6633 -9650 25136
 -4662 -12590 22386
 -1228 -10987 20289
 -1832 -8724 20559
 -528 -7771 18983
 1168 -9319 21252
 859 -6903 19019
 -5491 -9682 24082
 -2069 -8170 21348
 -4223 -8593 21011
 -1851 -7826 21454
 -2297 -7990 20945
 -2377 -7280 21608
 -2245 -7646 21691
 -2378 -7396 21063
 -1767 -7122 21288
 -2376 -6928 21681
 -1792 -7598 21419
 -2052 -7485 21299
 -2156 -7578 21374
 Motion ended after  3008  milliseconds. Logging...
0
Motion detected after  873  milliseconds. Logging...
-1037 -7149 17502
 -1542 -6621 17806
 -1619 -4546 16748
 -4246 -3795 14290
 -3894 -6582 19153
 -4227 -4247 24592
 -4503 -5035 22385
 -5248 -5579 19263
 -7062 -6554 22565
 -4670 -5691 24817
 -4070 -6254 25825
 -6634 -7628 29745
 -4538 -6190 27869
 -5835 -7065 26142
 -4710 -5924 24726
 -4849 -5977 22639
 -1795 -6510 20795
 -3673 -6643 22180
 -2336 -6795 21478
 -1922 -4774 19841
 -3112 -4331 18926
 -3652 -4261 19428
 -2663 -2825 18843
 460 -3459 17333
 -398 -2330 17814
 -2220 -2051 18540
 -1519 -2555 19414
 500 -2761 19600
 -632 -3371 19333
 -952 -3239 19949
 -612 -3251 19512
 -422 -2860 20112
 -501 -2778 19562
 -870 -3104 19899
Motion ended after  2938  milliseconds. Logging...
 1
Motion detected after  1181  milliseconds. Logging...
-954 -3431 16542
 -1792 -2684 13840
 -3383 -2542 14738
 -2981 -2288 16706
 -2777 -2040 18719
 -4143 -3386 19833
 -5906 -4174 22307
 -6195 -6005 23074
 -3857 -5317 25336
 -2998 -4464 24557
 -2085 -4350 25040
 -3844 -5894 24252
 -2716 -4405 23961
 -4427 -6320 25737
 -4390 -7286 23567
 -1892 -6831 22873
 -3443 -5619 22422
 -2093 -5300 22101
 Motion ended after  1361  milliseconds. Logging...
 1
Motion detected after  783  milliseconds. Logging...
211 -962 18752
 1 -1718 18728
 -210 -403 19023
 -737 -1769 18739
 -896 -1141 18701
 -1197 -717 19277
 -1285 -908 19336
 -1846 -885 19064
 -1028 -883 18959
 -451 -543 18786
 -1228 -911 18670
 -644 -1142 19010
 -885 -1128 18679
 -639 -878 18919
 -841 -1055 18993
 -1324 -464 19048
 -1707 -1129 18959
 -1210 -1461 19062
 -490 -915 18759
 -551 -1015 18621
 -1332 -632 18483
 -500 -461 18925
 -644 -710 18683
 Motion ended after  1758  milliseconds. Logging...
 1
Motion detected after  1379  milliseconds. Logging...
-297 -1342 15985
 -1370 -1635 14669
 -1088 -1971 14490
 -3629 -1536 13258
 -2573 -1208 17832
 -1461 -33 18187
 -240 -1091 19547
 -5251 -904 24891
 -2260 -3702 23709
 -2874 -2857 25141
 -1059 -3208 28729
 -4345 -6233 26690
 -4057 -4430 26608
 -2081 -3581 23654
 -3014 -3737 23364
 -3827 -4823 22683
 -3400 -4099 20397
 -2409 -3832 19450
 -2507 -3592 19536
 -4461 -1521 18400
 -1302 -2419 17803
 -2283 -2190 19011
 -1482 -2049 15901
 2934 -892 15759
 -281 45 15890
 -692 -439 17542
 1505 -1193 18188
 Motion ended after  2432  milliseconds. Logging...
 1
Motion detected after  774  milliseconds. Logging...
282 -1099 18826
 73 343 22448
 -3437 -1356 14655
 -2543 -2883 17636
 -5745 -982 20656
 -4971 -274 21785
 -5799 -1622 21690
 -6328 -3555 23235
 -4205 -1560 20847
 -2696 -439 23757
 -1010 -3626 26707
 -1626 -3305 23586
 -1758 -5218 23991
 -2296 -4582 23679
 -2487 -4131 22764
 -3861 -3948 20608
 -705 -3621 20290
 -2366 -3232 19826
 -1609 -2502 19984
 -356 -2131 18999
 -2329 -1087 18368
 -3724 -1032 17594
 1561 -1482 16436
 577 -1210 16215
 336 53 15888
 -517 108 17291
 1624 173 17457
 466 -3 17480
 895 -293 17838
 -123 63 18009
 93 702 17970
 -573 -446 17623
 -1198 734 18156
 -254 339 18324
 -208 1121 18604
 -116 205 18658
 -314 49 18875
 -891 -64 17706
 -112 465 17850
 -856 414 17588
 Motion ended after  3038  milliseconds. Logging...
 0
Motion detected after  764  milliseconds. Logging...
-2835 585 17409
 -3750 -285 23055
 -5688 -439 20139
 -4432 -525 22564
 -1564 -1510 21291
 -3702 -2790 22858
 -4057 -2495 22592
 -3570 -3833 22256
 -2749 -2114 21363
 -4003 -2835 21702
 -3677 -2138 20852
 -2545 -1824 21781
 -3352 -1818 20626
 -1543 -3576 21568
 -3683 -1807 20515
 -3028 -2205 20254
 -2332 -1657 19680
 -3663 -44 18208
 -1450 536 18831
 -2320 412 18249
 -2625 767 18272
 -1856 -18 18763
 -2340 -375 16703
 -1588 284 17357
 -3482 738 15995
 -1920 253 16908
 -2190 166 18082
 -473 -402 17380
 -1443 1311 19095
 418 135 17643
 197 113 17599
 -445 -116 17988
 -1208 888 18627
 129 584 18013
 -735 81 17904
 -1257 268 18359
 538 296 18133
 -795 283 18641
 204 263 17578
 -1453 409 17953
 Motion ended after  3048  milliseconds. Logging...
 0
Motion detected after  823  milliseconds. Logging...
210 -242 19014
 -1883 262 20658
 75 -1081 21961
 -3069 -42 20369
 -2177 166 23491
 -1791 -2624 21358
 -2159 -1204 22823
 -1952 -2510 23568
 -3688 -3290 23390
 -1106 -2090 22455
 -2476 -2440 23111
 -3385 -3331 22238
 -3085 -3289 21428
 -3160 -2873 20832
 -2641 -2470 19715
 -2124 313 18979
 -2067 528 18802
 -2177 537 17465
 -1732 -737 15893
 -782 7 16375
 -1191 539 14894
 196 707 16652
 3 583 16273
 -154 930 17630
 866 13 17663
 -771 282 18543
 39 390 17530
 -1444 1305 18658
 -599 -120 17132
 -45 161 17982
 -511 -403 17763
 881 985 17650
 -779 1102 17092
 -669 1221 17921
Motion ended after  2989  milliseconds. Logging...
1
Motion detected after  793  milliseconds. Logging...
-1125 602 17192
 -1804 1910 19511
 -2839 1100 22317
 -2533 -86 22118
 -2675 -1149 23003
 -3850 -847 20963
 49 -1642 19647
 -451 -4127 21978
 -2710 -4114 23664
 -885 -4083 23957
 -2103 -3789 23433
 -1306 -3871 22505
 -2650 -3614 21188
 -1708 -4467 20195
 -449 -2297 18559
 241 -2304 19790
 -626 -889 18603
 -2153 -771 18003
 705 -879 17429
 840 -80 15792
 -1710 -384 16284
 -1592 -306 15887
 -1448 102 17256
 -90 380 16766
 685 757 17697
 -776 -341 17526
 -98 921 17917
 275 323 17701
 -388 238 18329
 -626 261 18391
 -530 892 18586
 444 602 17741
 60 2 17834
 -155 483 18081
 457 -17 18047
 -321 132 18081
 312 -30 17855
 848 797 17377
 107 352 18053
 -311 -227 17729
 Motion ended after  3018  milliseconds. Logging...
 0
Motion detected after  784  milliseconds. Logging...
-2839 919 18775
 -3230 -165 21405
 -2704 309 22259
 992 85 22506
 -1902 1334 20710
 -4156 -1052 23753
 -3050 -3928 23672
 -3541 -3943 22694
 -2051 -1825 21878
 -3043 -1440 21753
 -3311 -896 22723
 -2053 -2455 23139
 -2848 -2128 21821
 -2953 -2273 21162
 -1754 -1648 20339
 480 -2094 18627
 -314 -1233 17427
 -947 317 17252
 -2925 -46 16934
 -3360 64 17861
 -160 -415 17689
 -1095 60 15986
 -756 -33 15309
 Motion ended after  1758  milliseconds. Logging...
 1
Motion detected after  813  milliseconds. Logging...
136 73 15352
 -331 -1513 18806
 -1780 -312 18728
 -44 666 19442
 -3920 1251 19326
 -2429 1977 20490
 -1725 -1037 21130
 -3385 -1416 23586
 -3174 -3170 19925
 -2502 -2662 22514
 -2290 -2487 22837
 -3453 -3646 22286
 -3446 -3907 21647
 -1490 -3675 22358
 -2723 -2999 23092
 -2786 -3252 24238
 -1915 -3620 21681
 -2074 -3418 19037
 -2127 -4088 19138
 -1097 -3180 19771
 -1022 -1295 18588
 -700 -2338 19818
 -283 -928 19179
 -660 -1687 18608
 -1958 -735 18581
 -1307 -736 17668
 764 -261 17309
 -444 -563 16020
 -853 -420 15179
 -1287 -702 17279
 133 934 18219
 -769 1198 18198
 -165 -407 18669
 -315 -573 17836
 -260 297 17744
 -16 383 17581
 689 666 18162
 -1491 -474 17582
 -1004 -119 17183
 -1013 377 17249
 1224 1041 17490
 385 412 17302
 224 135 17604
 909 814 17944
 885 1618 18074
 45 984 17943
 -652 151 17728
 -203 663 17318
 273 1770 17547
 -205 1348 17223
 -1162 781 17239
 -336 1453 17642
 -778 1756 18363
 1002 861 17045
 -853 981 17615
 -855 936 17682
 -142 704 17482
 -291 1772 17913
 -580 1421 17247
 -954 1007 17514
 -528 989 17034
 203 1673 17671
 -365 80 17394
 -147 2245 17661
 -531 1343 16665
 368 2514 16996
 1093 2301 17093
 946 2913 17154
 90 444 17329
 -452 569 17555
 470 1668 17470
 -1570 111 17103
 -1842 -289 17302
 Motion ended after  5539  milliseconds. Logging...
 0