Motion detected after  774  milliseconds. Logging...
-12772 -2756 18700
 -1459 -8761 17865
 -4061 -10675 25925
 -1439 -8962 20957
 587 -7626 21908
 -3417 -5966 20295
 937 -2112 21515
 323 -5274 20284
 945 -6109 20909
 -1092 -5826 20382
 2479 -4327 21415
 -1872 -6349 20646
 -287 -7069 20084
 -844 -6264 20833
 -937 -5652 20667
 -366 -4664 21291
 -818 -5148 21123
 -1122 -5254 20598
 -1157 -5497 21110
 -667 -5171 20755
 659 -4947 19736
 -447 -4635 21041
 1593 -5604 19949
 -249 -5059 20403
 Motion ended after  1767  milliseconds. Logging...
 0
Motion detected after  774  milliseconds. Logging...
214 -4509 15652
 -2819 -3240 20068
 -4518 -2777 19622
 -3846 -2878 23312
 -3317 409 23033
 -2680 -1570 20687
 -2958 -2490 20291
 -3821 -769 22490
 -1011 228 24056
 -362 -2697 24890
 -2476 -3835 28894
 -3067 -4359 25704
 -2204 -3409 24494
 -561 -4751 19783
 -1750 -4540 20335
 -3292 -3723 18695
 -2271 -4436 18197
 -1729 -2508 17273
 -2324 -3349 19748
 -1011 -1493 17080
 -672 -908 17282
 -1853 -988 17549
 -560 -2142 17031
 -965 -1994 18895
 Motion ended after  1767  milliseconds. Logging...
 1
Motion detected after  774  milliseconds. Logging...
385 -2998 18882
 -3085 -1547 20053
 -2791 -2345 21220
 -2607 -712 21714
 -2709 1030 22358
 -4316 -2164 22914
 -5618 -3530 23209
 -2659 -566 25159
 -2569 -5137 22340
 -1643 -3526 23765
 -2294 -5851 24457
 -1742 -4151 23660
 -1541 -6093 23313
 -2497 -5600 22645
 -305 -5320 22251
 -1136 -5348 22114
 -1579 -4965 20259
 -1800 -4174 19542
 -1651 -3707 20209
 -389 -3566 19622
 -95 -2118 19601
 -1649 -2563 18258
 -3825 -948 17700
 -778 -1453 17009
 936 -1874 16955
 5 -2312 17309
 -329 -2533 19124
 -430 -992 18657
 -276 -962 19507
 -1318 -1295 19540
 -149 -1654 18885
 -548 -1682 19390
 -467 -1667 19231
 -648 -1726 19186
 -269 -1640 19166
 -69 -1539 19141
 36 -1387 18918
 -676 -1380 19349
 -613 -1177 19501
 -1041 -1290 18980
 -1544 -1222 19579
 -518 -1402 19059
 -495 -1327 19160
 -1159 -1367 19175
 -563 -1260 19385
 -845 -1393 19726
 -672 -1218 19363
 -801 -1329 19206
 -562 -1279 19197
 -1106 -1394 19102
 -946 -1355 19155
 -763 -1450 19208
 -263 -1397 19217
 -417 -1024 19162
 -742 -1566 19371
 -738 -1397 19111
 -575 -1469 19262
 Motion ended after  4309  milliseconds. Logging...
 0
Motion detected after  783  milliseconds. Logging...
-2779 -856 20343
 -5003 -410 19079
 -5198 963 20306
 -7271 -1384 20454
 -4361 -1533 23701
 -7796 -2845 22091
 -2247 -1692 23284
 -2059 -3714 21131
 -2946 -3323 24540
 -2719 -5359 22805
 -2341 -4283 24030
 -1081 -4847 23794
 -2481 -4907 22596
 -2663 -4133 21847
 -2574 -5024 21608
 -1895 -4950 21834
 -1131 -4848 21353
 -2417 -2151 19467
 -3247 -1701 18879
 -196 -1812 17352
 -2468 -909 16998
 -1176 -900 17655
 -2670 -1044 16615
 -1776 -240 16740
 -1717 38 17456
 -2720 -17 17724
 232 -229 18892
 680 -157 18109
 276 -767 17969
 556 -922 17930
 -814 -440 17943
 -787 271 18369
 -390 680 18013
 -892 359 18403
 -499 327 18040
 -146 -21 17857
 -235 122 17973
 -172 -362 18386
 605 -183 18346
 -569 9 18177
 Motion ended after  3028  milliseconds. Logging...
 0
Motion detected after  764  milliseconds. Logging...
-1028 -545 19621
 -2936 2023 18259
 -2887 3506 20110
 -5456 -1553 19113
 -3885 -1496 22734
 -3826 -2973 22195
 -2555 -3304 22193
 -3546 -4217 23490
 -3126 -4489 23045
 -1963 -4159 23130
 -1582 -3145 22816
 -1591 -3727 24203
 -1809 -4602 24377
 -2171 -4091 21937
 -644 -4555 19830
 -193 -4945 20231
 -2063 -4139 20872
 626 -4431 19732
 353 -2492 18455
 -4186 -803 18240
 -215 -4024 19086
 -25 -659 17417
 -732 -1162 16567
 -2397 597 16260
 928 -988 16742
 -515 61 16571
 489 -1562 16828
 1014 -80 17797
 420 127 17048
 447 408 17924
 1100 501 18080
 36 281 17668
 585 -520 17795
 -598 -252 18139
 -241 233 17757
 -102 915 18451
 -160 314 18018
 -583 -299 17955
 -62 -157 17650
 -236 438 18057
 Motion ended after  3048  milliseconds. Logging...
 0
Motion detected after  764  milliseconds. Logging...
-3457 -2584 17374
 -1600 -846 19315
 533 1434 19154
 -1117 1418 20735
 -3229 -196 23179
 -2310 -3484 22343
 -3592 -4725 21380
 -3660 -4639 21780
 -3445 -3622 22468
 -1700 -3243 22110
 -2395 -3631 21672
 -2277 -4333 22746
 -2677 -4587 22411
 -874 -4673 22868
 -1154 -4629 22169
 -1868 -5254 21918
 -2164 -4690 22955
 -190 -4412 20827
 -1341 -2025 20373
 -1093 -3428 19627
 -857 -3030 18908
 -2087 -759 19522
 -856 -1979 18127
 2420 -985 17749
 -4084 -929 18622
 447 -1902 20684
 -8574 -4325 10897
 -7743 -300 13354
 -7516 -625 18824
 Motion ended after  3048  milliseconds. Logging...
 1
Motion detected after  774  milliseconds. Logging...
-1949 521 17120
 -1602 919 19834
 -4983 3745 20174
 -1117 1231 19463
 -1996 -259 19736
 -2840 -1921 21097
 -2114 -2493 21195
 -1361 -460 21928
 -969 -1185 21685
 -2837 -2034 23262
 -3178 -3744 26533
 -2527 -3471 25425
 -1386 -2560 22144
 -1610 -3041 21818
 -3453 -2950 19521
 -3509 -2607 20414
 -1826 -1531 19555
 -1593 -1717 18694
 -3287 -2077 18927
 -1160 -704 18068
 -2278 -661 16289
 -1819 452 16686
 -228 385 15641
 914 -453 15642
 1241 -594 16646
 -1082 410 16903
 -798 142 17185
 823 -1208 18378
 1402 -898 17576
 -117 -665 17427
 497 -493 19406
 -1141 31 18824
 -90 -126 18400
 -1033 -166 18125
 454 -940 17593
 -540 -364 17810
 206 -66 18555
 -457 -380 17976
 -797 -526 18191
 -893 -647 18156
 -1195 -608 18004
 -631 528 19060
 8 521 18197
 142 600 18835
 -995 457 18187
 499 1104 18567
 -57 -38 18369
 -190 119 18365
 662 -245 17920
 -175 -701 18259
 -104 -180 17987
 107 -358 18035
 -459 -131 17903
 -238 51 18024
 -510 21 17696
 -121 297 17702
 176 1112 18073
 Motion ended after  4308  milliseconds. Logging...
 0
Motion detected after  784  milliseconds. Logging...
-4209 -922 19405
 -1452 1267 18505
 -971 1373 21095
 -605 928 19377
 -479 2020 19978
 -3024 -480 19506
 -1806 -2580 22376
 -2540 -4001 21522
 -3058 -2376 21598
 -1915 -3437 22421
 -2146 -2582 21308
 -2221 -3279 20848
 -1568 -3610 22451
 -2145 -3628 22732
 -2373 -3323 22166
 -2802 -1368 20715
 -839 -1350 19141
 -1739 -2277 18839
 -2642 -544 19132
 -1198 -2186 19623
 -2853 -1684 17905
 -79 445 17251
 -252 1101 17576
 Motion ended after  1757  milliseconds. Logging...
 1
Motion detected after  1648  milliseconds. Logging...
-890 187 17242
 -790 376 16999
 -634 863 16986
 -1238 -787 11821
 -2623 -456 15753
 1504 -2106 17245
 -2077 869 17942
 -2165 -1284 21174
 -1212 -1288 17452
 -438 -1179 20628
 -1047 -2148 20167
 -1264 -1789 22392
 -1603 -1534 22371
 -282 -822 22604
 -456 -1212 24572
 -1191 -2767 22889
 -865 -2814 23973
 -1443 -3990 22375
 141 -3500 22133
 -2666 -3139 20039
 -1284 -1011 19533
 -1363 -2523 18829
 -2228 -662 18740
 -564 -1719 18083
 -1034 -123 17358
 -1285 138 17242
 -406 401 16782
 -114 1493 15486
 1261 -356 14318
 -1466 -624 15796
 -19 -125 17258
 373 -629 16804
 146 605 18138
 484 806 17577
 293 1452 18184
 -185 1291 17294
 1679 77 17306
Motion ended after  3435  milliseconds. Logging...
 1
Motion detected after  803  milliseconds. Logging...
-3223 1054 17537
 -3245 2736 17357
 -248 2621 17897
 -1890 2473 17774
 -2749 1688 19712
 -2104 67 20234
 -986 280 22692
 -1390 -545 21223
 -1113 -1592 20720
 -1703 -2068 23543
 -730 -1493 22786
 -1660 -2297 22651
 -898 -3466 22051
 -608 -2304 21023
 -433 -2366 19800
 -1568 -3181 19134
 -2707 1434 16976
 1919 -1448 17226
 -320 481 18678
 409 -1089 18424
 -978 -476 17240
 1363 26 16833
 -375 1673 16738
 Motion ended after  1738  milliseconds. Logging...
 1
Motion detected after  784  milliseconds. Logging...
-1562 -1140 17245
 -930 -353 17175
 -337 1200 17568
 -90 746 17279
 533 647 17042
 1089 1258 17074
 1234 2098 18193
 811 1005 18125
 -173 586 18959
 -1104 -607 17481
 -1383 -603 17526
 -1352 210 17076
 -582 823 17128
 76 1176 16992
 1511 1292 17374
 1260 1710 17709
 1075 1441 17735
 2194 1783 19418
 -601 1592 19073
 -1658 -793 22544
 -6056 -7404 19943
 -2822 -3820 16889
 -3067 -121 14617
 Motion ended after  1757  milliseconds. Logging...
0