Repetition start
1.39236365081
1.21771183026
1.72908727277
1.72908727277
1.39393395367
1.41630618173
1.41630618173
1.41630618173
1.30785689318
1.32072200011
1.32072200011
1.27935287266
1.33078923171
1.29555751338
1.34203886574
1.3233113021
1.29966219458
1.32877883665
1.30898421711
1.33050135602
1.32792100602
1.29926201593
1.333290263
1.333290263
1.30614400843
1.24250667298
1.24250667298
1.31531358616
1.31531358616
1.26845250294
1.28310051744
1.28310051744
Repetition end
0
0
0
Repetition start
0.994258725584
1.25258801441
1.25258801441
1.24060157837
1.45274435206
1.45274435206
1.42054505427
1.27678671336
1.26074840594
1.39314198414
1.46962370275
1.46962370275
1.52821714522
1.7854228551
1.60221991886
1.51538743414
1.51538743414
1.24226233269
1.27618414625
1.18068091457
1.15155459069
1.07052955724
1.23073314823
1.23073314823
1.23073314823
1.04827338027
1.05706048969
1.07874722769
1.04823634077
1.04823634077
1.16115801361
1.16115801361
Repetition end
1
0
0
Repetition start
1.24193156953
1.42926841076
1.4733139626
1.54452223739
1.40786836801
1.46980380492
1.46999846443
1.43191004582
1.39649508012
1.25808149476
1.2174801217
1.20332811239
1.12979805842
1.04300952146
1.04271914499
1.14064340217
1.19217873998
1.19794730496
1.15709705191
1.17641455998
1.17418937551
1.15776434044
1.16285697708
1.17544995041
1.18616105499
1.20807917946
1.18486968438
1.17479040212
1.17662093922
1.17611731831
1.170422248
1.17959535946
Repetition end
0
0
0
Repetition start
1.2542586886
1.20412069152
1.28069184084
1.32763602989
1.47385155993
1.43147485171
1.31551993159
1.52213021577
1.43942053019
1.4966254298
1.4835641629
1.4193964436
1.36678508149
1.37134611763
1.33823372834
1.2044709019
1.17380150909
1.06490810365
1.04982120412
1.0813597117
1.02756700882
1.0944521983
1.0978686341
1.09633161502
1.12230520388
1.10046686139
1.12476210264
1.10167616738
1.08994196719
1.09710389966
1.12041534939
1.10997960412
Repetition end
0
0
0
Repetition start
1.19967460356
1.21686180578
1.41064644982
1.38657989613
1.37833234012
1.47262705893
1.4393787106
1.4977970375
1.51815551958
1.36844235598
1.24246900746
1.27120807388
1.30482211818
1.23492910075
1.13683069799
1.14327337028
1.19059894444
1.06381107355
1.00381888295
1.02519422558
1.01190875085
1.03194647628
1.08801531291
1.04087193233
1.09461758298
1.10597892723
1.078507758
1.08717072054
1.08399437393
1.09661563914
1.07731977226
1.10253009674
Repetition end
0
0
0
Repetition start
1.09265507832
1.18405834214
1.1727904257
1.27035061438
1.42844551891
1.38737086289
1.3542826311
1.37740042841
1.40486693318
1.3678673675
1.34913345591
1.42008772594
1.40574422191
1.42559393737
1.42559393737
1.38406407834
1.38038351879
1.43609253381
1.29944087468
1.25227428459
1.21789986047
1.16994669415
1.19921289436
1.11418387312
1.11418387312
1.09498775813
1.16498987809
1.26807094951
1.26807094951
0.886510610309
0.942342816626
1.23771088909
Repetition end
1
0
0
Repetition start
1.05215199132
1.28876074236
1.30455311351
1.30893314287
1.32684086119
1.43569733876
1.36319166725
1.1499116966
1.17933699314
1.10588871827
1.02483763724
0.956739982735
1.01945564202
1.03409160531
1.05005517322
1.07755625277
1.12308664003
1.10810375918
1.13258428083
1.09776751032
1.11181927104
1.10191990249
1.16441345205
1.11205626402
1.12116258191
1.09459821815
1.11531307624
1.09791267529
1.0931007144
1.10019796315
1.0805273467
1.10522660646
Repetition end
0
0
0
Repetition start
1.21323366274
1.13556333529
1.29162129119
1.29162129119
1.29162129119
1.18460942429
1.22592621141
1.20512986652
1.37918306873
1.37918306873
1.34506873499
1.33925979612
1.33925979612
1.38937981583
1.31658208788
1.29521690506
1.29521690506
1.39119744707
1.41109695257
1.41109695257
1.37566934625
1.37566934625
1.27858652238
1.17229502144
1.16306293218
1.17927365275
1.17927365275
1.207317863
1.11138381215
1.11138381215
1.05327877166
1.07496665755
Repetition end
1
0
0
Repetition start
1.03890993855
1.03880136299
0.727031079827
0.975121529812
1.06433706263
1.10368111981
1.07064118177
1.26137131227
1.2395066687
1.3732230357
1.37211647635
1.38065789896
1.40908100816
1.4741873611
1.38999843144
1.36770452533
1.24864623852
1.19636514539
1.16248267293
1.15256263464
1.10920871576
1.0553203256
1.02488398252
0.949598450325
0.96900331354
1.05337299446
1.02660549675
1.10770718198
1.07434847829
1.11353956371
1.0585392132
1.06124430323
Repetition end
1
0
0
Repetition start
1.09019965852
1.09060306486
1.09060306486
1.1041017748
1.1041017748
1.10134705845
1.21912937037
1.2416508028
1.2416508028
1.38642195091
1.29855053165
1.27019370915
1.27019370915
1.44622372178
1.44622372178
1.39444127714
1.39328651815
1.36351249641
1.29135824583
1.29135824583
1.29135824583
1.21738049547
1.18773746155
1.05286755719
1.06158077397
1.14055984291
1.12675093782
1.05433822076
1.05433822076
1.05433822076
1.03076856747
1.02695200526
Repetition end
1
0
0
Repetition start
1.05914809609
1.05003555598
1.07496096026
1.07496096026
1.05562319928
1.05562319928
1.04141871323
1.04705087586
1.04705087586
1.12030625182
1.10906668361
1.15776629838
1.06972295647
1.0736584919
1.0736584919
1.04557655004
1.04721892992
1.04721892992
1.03960057718
1.03960057718
1.06734462471
1.08861874368
1.08861874368
1.08800594157
1.1976762615
1.1976762615
1.16874753383
1.38054150048
1.34999169732
1.07080507604
0.911608268349
0.911608268349
Repetition end
0
0
0
