Repetition start
0.869140625
0.970031738281
1.45208740234
0.4306640625
0.483825683594
0.681213378906
0.731628417969
0.978637695312
0.792907714844
0.716979980469
0.581359863281
0.571838378906
0.768005371094
0.851806640625
0.720825195312
0.733276367188
0.735900878906
0.73486328125
0.724060058594
0.73046875
Repetition end
0
Repetition start
0.525268554688
0.636108398438
0.728149414062
0.844970703125
0.718139648438
0.684936523438
0.917846679688
0.609558105469
0.701477050781
0.814392089844
0.67822265625
0.821350097656
0.830749511719
0.764831542969
0.652221679688
0.814270019531
0.617614746094
0.589172363281
0.714721679688
0.865173339844
Repetition end
 1
Repetition start
0.418395996094
0.597412109375
0.805480957031
0.844848632812
1.10467529297
0.747619628906
0.900146484375
0.729309082031
0.566467285156
0.783874511719
0.89111328125
0.973937988281
0.917846679688
0.736572265625
0.746337890625
0.828918457031
0.694213867188
0.732482910156
0.778259277344
0.721496582031
Repetition end
 1
Repetition start
0.857788085938
0.917114257812
0.909301757812
1.21838378906
1.01165771484
1.09381103516
0.411743164062
0.532531738281
0.618896484375
0.698669433594
0.78369140625
0.653137207031
0.616638183594
0.708190917969
0.646484375
0.901306152344
0.771057128906
0.732666015625
0.763061523438
0.715393066406
Repetition end
1
Repetition start
0.584289550781
0.756774902344
0.773071289062
0.927978515625
0.723693847656
0.900390625
0.689758300781
0.8779296875
0.697204589844
0.708068847656
0.820129394531
0.875122070312
0.90478515625
0.843566894531
0.834289550781
0.903137207031
0.684326171875
0.855346679688
1.07592773438
1.09979248047
Repetition end
1
Repetition start
0.592224121094
0.995056152344
0.830810546875
0.764404296875
0.8134765625
0.813720703125
0.718322753906
1.03149414062
0.816284179688
0.826538085938
0.929809570312
0.876281738281
0.91552734375
1.01794433594
1.01159667969
0.984741210938
1.05358886719
1.01818847656
1.02679443359
1.01739501953
Repetition end
 1
Repetition start
0.726196289062
0.875793457031
0.767822265625
0.794921875
1.13269042969
0.806762695312
0.907043457031
0.890197753906
0.851623535156
0.810668945312
0.872009277344
0.643005371094
0.797424316406
0.821960449219
0.831481933594
0.797973632812
0.886291503906
0.870178222656
0.966064453125
0.762145996094
Repetition end
1
Repetition start
0.547180175781
0.701477050781
0.68603515625
1.02075195312
0.923706054688
0.90478515625
0.854675292969
0.630615234375
0.657592773438
0.966918945312
0.767639160156
0.895812988281
0.693481445312
0.829223632812
0.8134765625
0.87646484375
0.999572753906
0.9912109375
0.917541503906
0.944274902344
Repetition end
 1
Repetition start
0.573181152344
0.974731445312
0.915283203125
1.04095458984
0.944763183594
1.18280029297
0.904663085938
0.592651367188
0.851257324219
0.877990722656
0.788635253906
0.91015625
0.986022949219
0.807495117188
0.900634765625
0.874328613281
0.951232910156
0.819519042969
0.820251464844
0.939636230469
Repetition end
 1
Repetition start
0.794921875
0.611755371094
0.658386230469
0.773132324219
0.868896484375
1.06683349609
0.869262695312
0.6787109375
0.903686523438
0.793823242188
0.752990722656
0.814331054688
1.19097900391
0.970153808594
0.987609863281
0.974060058594
1.1064453125
0.822937011719
0.808471679688
0.830322265625
Repetition end
 1
Repetition start
1.01556396484
1.07000732422
1.00317382812
1.09014892578
1.03436279297
1.03033447266
1.05859375
1.09686279297
1.11785888672
1.02886962891
1.01873779297
1.01007080078
1.00115966797
0.992614746094
1.02624511719
1.00512695312
1.06768798828
1.06262207031
1.07806396484
1.00469970703
Repetition end
 0
Repetition start
0.959716796875
1.17816162109
0.846923828125
0.923645019531
0.869445800781
0.7626953125
1.00219726562
0.736145019531
0.912780761719
0.830200195312
0.929016113281
0.9775390625
0.99169921875
0.903747558594
1.01116943359
0.833679199219
0.936096191406
0.93603515625
1.05975341797
1.04296875
Repetition end
1
