Motion detected after  1667  milliseconds. Logging...
-5932 -1441 21613
 -3177 -2200 21270
 -8247 1806 15105
 6081 -10093 27803
 -9850 -6067 22973
 -3847 -8293 20067
 -2204 -8877 22242
 1826 -8162 18323
 -7280 -6049 29363
 -2685 -5897 21573
 -3408 -7261 22416
 -4471 -8113 22109
 -5831 -7251 22451
 -3617 -7100 21374
 -3395 -5858 21836
 -3348 -5712 23016
 -3731 -7129 21481
 -2855 -7125 21790
 -3998 -6623 22262
 -3375 -6666 22055
 -3649 -6531 22237
 -4020 -6373 22433
 -3929 -6562 22261
 -3629 -6488 22158
 -3686 -6596 22145
 -3432 -6464 22156
 -3561 -6372 22115
 -3823 -6281 22072
 -3483 -6304 22102
 Motion ended after  2145  milliseconds. Logging...
0
 Motion detected after  783  milliseconds. Logging...
-6151 -5780 20537
 -6859 -5926 23207
 -6749 -3596 22275
 -7167 -3194 24205
 -8097 -3923 23786
 -6751 -4810 22783
 -8264 -5963 29265
 -6618 -8239 24844
 -5807 -8986 26286
 -5073 -9085 27501
 -7111 -8805 27028
 -4496 -7926 25879
 -4131 -7157 24899
 -3163 -7445 23139
 -5148 -7455 23289
 2107 -8025 20563
 -565 -8304 22210
 184 -6678 20505
 -3710 -3786 17615
 -2399 -4008 16060
 -4711 -3415 18027
 -3158 -4235 19103
 -2385 -3874 20434
 Motion ended after  1758  milliseconds. Logging...
 1
Motion detected after  793  milliseconds. Logging...
-2583 -4758 14196
 -9039 -4133 22960
 -3939 -5759 22895
 -4386 -4781 23009
 -3253 -3029 24381
 -6375 -5127 23751
 -3375 -6635 24758
 -5879 -6863 24990
 -6582 -6580 26113
 -6614 -6734 25297
 -5899 -8350 23530
 -3808 -8589 25240
 -3509 -8782 26891
 -3683 -6742 26382
 -2966 -6779 24783
 -3150 -6764 21982
 -3095 -6146 21469
 -1457 -6686 21724
 -3323 -6477 21174
 -2876 -5297 20174
 -3328 -4308 20387
 -2144 -3735 17700
 Motion ended after  3018  milliseconds. Logging...
 1
Motion detected after  843  milliseconds. Logging...
-5816 -4843 21457
 -5090 -3335 22479
 -2733 -4142 21901
 -5494 -2801 23193
 -3420 -610 23992
 -2492 -4526 23593
 -1771 -5221 24913
 -1923 -8376 25420
 -6106 -11124 23976
 -5192 -10099 22027
 -8330 -8374 25429
 -5353 -8942 24435
 -5475 -8075 24997
 -5297 -7629 25766
 -4848 -7576 23125
 -6010 -6832 22945
 -5456 -5837 22896
 -5729 -4766 22224
 -5835 -3884 20311
 -2192 -4549 21508
 -3606 -4462 20701
 -4079 -3543 19626
 -3525 -3134 19161
 -3703 -3082 18506
 -603 -2728 17046
 Motion ended after  2969  milliseconds. Logging...
1
Motion detected after  764  milliseconds. Logging...
-1028 -2916 16704
 -1706 -2706 14599
 -4048 -1841 15462
 -5448 -2248 20095
 -2244 -3389 18299
 -5865 -2607 24419
 -3193 -4391 22788
 -6892 -3052 21801
 -4479 -5236 24467
 -5281 -5353 25244
 -6800 -6513 24614
 -6316 -8973 25892
 -5319 -5522 25225
 -6140 -8650 26213
 -4889 -7855 26411
 -3010 -7670 24874
 -3410 -6363 24191
 -3524 -6075 22366
 -3661 -6459 21721
 -2610 -5622 21669
 -308 -5913 20559
 -2907 -4548 22279
 -2407 -4026 21170
 -2055 -3982 19858
 -1165 -3059 17893
 -1136 -1934 17867
 -4212 -1766 17190
 -2120 -2180 18314
 -2035 -1422 19043
 -833 -1818 20279
 -757 -1308 20084
 Motion ended after  4318  milliseconds. Logging...
1
Motion detected after  813  milliseconds. Logging...
-5977 -1108 16788
 -302 -2886 19432
 -1774 -2514 20915
 -2403 -1016 22219
 -3306 -3441 23050
 -4775 -3148 21535
 -6418 -3260 23596
 -5689 -4727 22940
 -5267 -3189 23147
 -5206 -6506 25414
 -5315 -7491 26134
 -4574 -6863 24769
 -5495 -7291 24555
 -3581 -5392 25873
 -3478 -4909 23237
 -4233 -3726 23636
 -3994 -4698 22066
 -3611 -4365 21518
 -3532 -4485 21280
 -2836 -3766 20768
 -3787 -2297 19706
 -1753 -2232 19219
 -3649 -1984 18495
 -2788 -1301 18446
 -781 -1411 17192
 -1065 -502 18768
 -1196 -2028 16952
 -1726 -992 19309
 -2589 -1160 19718
 -2651 -1293 20622
 -2632 -797 19838
 -2096 -1407 20077
 -2919 -537 19590
 -2293 -1236 20791
 -1391 -1520 19593
 -1605 -1334 19762
 -1198 -852 19907
 -1625 -1067 20205
 -1989 -1034 19892
 -2061 -1286 20016
 Motion ended after  2998  milliseconds. Logging...
 1
Motion detected after  774  milliseconds. Logging...
-1517 -2701 16116
 -2467 -2040 18856
 -3736 -3581 19897
 -4650 -2741 20415
 -3176 -1571 23305
 -5293 -2678 21309
 -4567 -3152 22105
 -2874 -6907 22999
 -3983 -3700 22544
 -3829 -4815 23229
 -5636 -5706 23135
 -5351 -6387 25691
 -5485 -6821 25588
 -3880 -6746 24913
 -4734 -8706 23975
 -4818 -6641 24524
 -3688 -6068 23223
 -2174 -4623 20420
 -3088 -4553 21677
 -4554 -4500 20871
 -2684 -4019 19777
 -2725 -2492 19738
 -4441 -2572 21270
 -2640 -1549 20017
 -5279 -2024 19790
 Motion ended after  4308  milliseconds. Logging...
1
Motion detected after  754  milliseconds. Logging...
-1832 -2700 13497
 -4073 369 15197
 -4373 -2403 18016
 -4366 -385 20839
 -2697 -85 20945
 -4917 140 21501
 -2690 -3316 21140
 -4796 -4762 24382
 -6508 -5138 25649
 -6353 -6819 23504
 -6546 -10024 27344
 -4765 -6225 26832
 -4924 -7417 24918
 -3484 -6838 24999
 -5911 -7289 24562
 -3201 -6967 23754
 -3604 -5265 22197
 -3542 -5389 22380
 -3298 -4572 22230
 -1519 -4097 21993
 -2110 -2727 21077
 -1272 -3708 20013
 -1646 -2553 19670
 -2148 -2770 19688
 Motion ended after  3058  milliseconds. Logging...
 1
Motion detected after  863  milliseconds. Logging...
-3709 -2738 15838
 -1915 -1797 19682
 -4619 -1298 21456
 -5158 -1258 21412
 -5078 -394 22527
 -2733 -2741 20953
 -2585 -753 22717
 -5107 -5962 25891
 -5170 -6690 21570
 -5767 -4267 23981
 -5169 -5556 25110
 -5090 -6622 24633
 -4101 -5716 24729
 -3345 -5009 24509
 -4413 -4924 22567
 -2067 -3882 20705
 -3687 -3469 21481
 -2998 -3731 22314
 -3510 -4772 21709
 -2992 -4306 21680
 -2886 -3802 20127
 -2298 -3167 20860
 Motion ended after  1678  milliseconds. Logging...
 1
Motion detected after  2273  milliseconds. Logging...
-1823 -1184 16031
 -2060 -2370 14453
 -2693 -2373 15853
 -4348 -750 17765
 -4420 -2538 21194
 -6969 2544 21904
 -7398 -1022 22662
 -8627 -3431 23178
 -3582 -5215 23603
 -6740 -4060 23806
 -4729 -5425 22491
 -3733 -5377 22452
 -1889 -3576 24978
 -3844 -5631 25370
 -3432 -5655 25268
 -2649 -5598 24206
 -2198 -2568 22975
 -3325 -1912 23365
 -3733 -4850 22066
 -4838 -3428 21512
 -3588 -3085 20277
 Motion ended after  1538  milliseconds. Logging...
 1
Motion detected after  844  milliseconds. Logging...
-2552 -327 20121
 -2326 -654 19619
 -1907 -536 19974
 -2038 -1127 19601
 -1535 -626 20022
 -2133 -404 19484
 -1831 -724 19436
 -1733 -733 19810
 -1362 -313 19646
 -1638 24 19929
 -1920 -948 19725
 -2704 -789 20184
 -2572 -667 19788
 -2958 -729 20090
 -2594 -1117 19974
 -2177 -884 19875
 -2493 -584 19545
 -2490 -641 19831
 -2147 -390 20030
 -2076 -253 19739
 -1960 -251 19874
 -2232 -890 19689
 -2532 -1017 20010
 Motion ended after  1698  milliseconds. Logging...
 0
Motion detected after  763  milliseconds. Logging...
-2935 -3130 21789
 -2781 147 21937
 -6209 -2042 22127
 -2443 -2611 23310
 -5957 -5362 23946
 -4838 -4272 24243
 -4459 -5900 24604
 -5114 -6200 23810
 -2405 -4465 23290
 -4002 -4569 22963
 -4804 -6377 23242
 -2222 -6429 23333
 -2714 -5267 22936
 -2702 -5158 23517
 -3040 -4336 20978
 -642 -5476 21339
 -2188 -4343 22547
 -3727 -4461 22208
 -893 -3686 20827
 -613 -4616 20036
 -1572 -2117 20256
 -2668 -997 19724
 -1256 -3310 18225
 -2082 -2313 19732
 -541 -1884 17761
 394 -1189 18158
 280 -1377 18185
 Motion ended after  3048  milliseconds. Logging...
1
