Motion detected after  2422  milliseconds. Logging...
-1961 -1324 20066
 -8565 643 21259
 -13779 -1072 27250
 -10754 -1804 20408
 -12070 -2073 14979
 -6317 -4766 20584
 -5030 -14399 24264
 -6437 -12129 22824
 -3068 -13080 21240
 -4473 -11748 22156
 -5726 -11061 23757
 -4016 -6937 22161
 -3243 -7528 22519
 -3381 -7350 21080
 -1967 -6850 21029
 -4708 -6815 23272
 -3542 -8035 22384
 -4382 -9585 21864
 -4187 -8421 22838
 -4259 -6496 23398
 -1859 -7833 18478
 -1717 -7873 22785
 -911 -6476 20299
 -3827 -7926 23137
 -2932 -8078 22111
 -4336 -6570 22351
 -4164 -7050 22319
 -4307 -7183 22431
 -4042 -6980 21979
 -3963 -6942 22322
 -3492 -6812 22081
 -3527 -6913 22206
 -3774 -6825 22345
 -3183 -6780 22093
 -3481 -6732 22336
 Motion ended after  2660  milliseconds. Logging...
 0
Motion detected after  814  milliseconds. Logging...
-4723 -5146 21115
 -1951 -4429 23539
 -4447 -5724 24272
 -5815 -731 21804
 -4407 -3820 21824
 -6252 -6637 30645
 -2935 -6862 25678
 -4685 -7389 26179
 -6244 -7377 27881
 -5563 -7664 27364
 -3237 -7107 26080
 -1957 -5805 23973
 -1453 -7681 23282
 -1989 -6355 21100
 -706 -7079 20693
 -1787 -5110 19706
 -3632 -3706 19029
 -685 -4624 18196
 723 -3819 17282
 -1553 -3142 18402
 -2778 -3039 19747
 -1351 -4381 20670
 -1637 -3992 21365
 Motion ended after  1727  milliseconds. Logging...
 1
Motion detected after  794  milliseconds. Logging...
-4735 -3039 21883
 -7007 -6320 23728
 -5683 -5105 23832
 -813 -5617 25043
 -3040 -3010 24086
 -2898 -7060 23784
 -5724 -6102 26396
 -4533 -8080 24375
 -4294 -5803 23141
 -3310 -5647 24408
 -2996 -7799 25904
 -2393 -7691 25415
 -3189 -7335 25404
 -2656 -7466 24194
 -929 -6937 23277
 -652 -7590 22757
 -1862 -6333 22539
 -906 -4802 21285
 -2510 -4209 19045
 -4044 -2601 18902
 -1157 -3585 16946
 -1951 -3428 16354
 -886 -2756 18133
 Motion ended after  1748  milliseconds. Logging...
 1
Motion detected after  754  milliseconds. Logging...
-3505 -2833 22398
 -2741 -3067 23830
 -2019 -2695 22477
 -4775 -1761 21263
 -2692 -591 22837
 -5361 -3054 23191
 -3471 -4555 24659
 -645 -3974 23756
 -4598 -6540 22560
 -3875 -7507 24226
 -6033 -8227 26109
 -3996 -7406 24361
 -3071 -7310 24795
 -2602 -7162 24326
 -2834 -6017 23923
 -1858 -6676 22925
 -1684 -5945 22168
 -967 -5076 20209
 -1808 -5237 21457
 -3800 -3157 19582
 -4312 -4043 19332
 -3804 -3573 18388
 -3572 -2913 16738
 -226 -2526 18509
 Motion ended after  1787  milliseconds. Logging...
 1
Motion detected after  793  milliseconds. Logging...
-5896 -3155 20451
 -522 -2925 21785
 -3366 -1756 23156
 -4387 -3760 25465
 -3984 -1490 24267
 -4847 -3051 26694
 -3528 -5526 21752
 -3452 -6106 23879
 -6080 -7582 25750
 -4810 -7014 26633
 -4980 -7099 25697
 -3295 -5806 24860
 -4309 -6185 24248
 -2302 -5966 21794
 -1855 -4949 21555
 -2145 -4724 21852
 -1501 -4546 21028
 -484 -4480 18091
 -649 -2977 17283
 -920 -3086 17119
 431 -3159 16870
 170 -1730 19103
 Motion ended after  3018  milliseconds. Logging...
1
Motion detected after  754  milliseconds. Logging...
-2433 -2102 22127
 608 -2110 19284
 -5942 -3211 22774
 -2975 -3126 26497
 -2037 -6201 29659
 -7138 -9531 26020
 -3618 -6761 24236
 -5017 -6423 26784
 -3849 -4797 24671
 -4275 -4788 24620
 -3926 -6238 24991
 -1719 -5198 24313
 -3246 -6192 22059
 -1437 -5168 22305
 -1612 -4864 21304
 -2937 -3726 20862
 -2854 -3549 19694
 -1048 -2881 18702
 -420 -2539 19207
 -511 -2871 18956
 -2116 -916 17561
 -2851 -1408 17884
 -2936 -1853 18138
 Motion ended after  3058  milliseconds. Logging...
 1
Motion detected after  784  milliseconds. Logging...
-1345 -2707 19283
 -4609 -1249 21511
 -1092 1057 19264
 -2984 1330 22751
 -2653 -672 22402
 -3793 -3927 22119
 -4491 -6586 25048
 -5426 -4159 24143
 -4379 -4602 22836
 -3356 -6033 23681
 -4819 -7116 24965
 -4122 -6668 25257
 -4467 -6145 25922
 -4409 -5565 24144
 -2738 -4571 22134
 -4467 -5238 21552
 -2544 -3659 22739
 -1793 -3117 21462
 -1858 -3567 20623
 -1715 -4022 19545
 381 -3072 18937
 1059 -2609 16601
 4746 -1891 14697
 -2233 -1568 18209
 -1044 -1545 19897
 Motion ended after  3028  milliseconds. Logging...
1
Motion detected after  783  milliseconds. Logging...
-2845 -1104 19528
 -4300 -1177 19980
 1391 -1138 22472
 -2258 -661 26622
 -3586 -2535 24618
 -2640 -3933 23245
 -1833 -5018 23870
 -4478 -5583 24521
 -4550 -4646 25302
 -5952 -7663 25232
 -3239 -5775 25798
 -3476 -4368 23351
 -3646 -5133 23667
 -4379 -4424 22282
 -3066 -3903 21812
 -3071 -3778 21402
 -3817 -4061 21620
 -1010 -3157 19266
 -2906 -1828 19082
 487 -1898 19031
 -2328 -2209 16342
 746 -1314 15832
 -1923 -3125 17761
 Motion ended after  1758  milliseconds. Logging...
 1
Motion detected after  813  milliseconds. Logging...
-2439 -3825 16018
 -2524 -3186 18501
 -2859 -1807 18755
 -3777 -3295 22177
 -3010 -3683 25104
 -5787 -3047 25187
 -3921 -3128 22845
 -6257 -5388 27366
 -1295 -3933 26319
 -4626 -6938 24734
 -4151 -6511 26327
 -4026 -6226 26648
 -2464 -7495 24633
 -1661 -6950 23281
 -2606 -6045 22432
 -2355 -4627 22564
 -2188 -4673 22022
 -2361 -4582 21279
 -1474 -4980 20994
 -134 -2097 19196
 -3162 -2475 20533
 -3422 -2981 18453
 -3944 -1468 15922
 Motion ended after  2998  milliseconds. Logging...
1
Motion detected after  784  milliseconds. Logging...
-3155 -1879 19896
 722 -3307 21812
 -2182 -1076 20655
 -4704 -1386 24180
 -3834 -1805 25810
 -4087 -6619 25210
 -1845 -4345 24998
 -4207 -7352 25893
 -3834 -5956 25818
 -4279 -6148 25390
 -4071 -7767 25597
 -2235 -6113 24310
 -2866 -5141 23255
 -2373 -5204 22192
 -2256 -6143 20735
 -1297 -3476 20632
 -1109 -3454 19512
 -956 -2102 19151
 -1481 -2957 17817
 -2170 -2990 19437
 -489 -3323 17709
 -1353 -2523 18545
 -1621 -3050 18673
 -331 -1932 20236
 -1235 -1872 20167
 Motion ended after  4299  milliseconds. Logging...
1