Repetition start
1.23321658264
1.39944676656
1.86489374236
1.4122609259
1.18092013691
1.34598822404
1.74924436182
1.5339588611
1.55479386819
1.63720802105
1.43835940017
1.46267182378
1.35521473277
1.50769866874
1.46757563478
1.48141848239
1.50747995959
1.50474067056
1.23020025987
1.47509288187
1.30166382103
1.51089835516
1.44633102227
1.45101910065
1.4614007529
1.42897184236
1.44714911117
1.42640605588
1.43573543582
1.44451367495
1.42383460578
1.43962007302
Repetition end
0
0
0
Repetition start
1.35744063275
1.46675870086
1.54609408198
1.54609408198
1.54609408198
1.37804759202
1.3787746218
1.9514585042
1.9514585042
1.63211814248
1.68471027512
1.8010623758
1.76735761858
1.66162988446
1.66162988446
1.51021328837
1.49898230033
1.49898230033
1.35045320544
1.33555595069
1.33555595069
1.24731715455
1.20384585627
1.14665716224
1.08115818248
1.14335901849
1.14335901849
1.2311818524
1.2311818524
1.29225604361
1.29225604361
1.33034108625
Repetition end
1
0
0
Repetition start
1.37907235088
1.37907235088
1.55855925601
1.55855925601
1.52749150383
1.56726528571
1.56726528571
1.49310143928
1.52456078321
1.69007592601
1.69007592601
1.59157302546
1.59157302546
1.47954446681
1.54238529642
1.66125276257
1.62724826673
1.62557048366
1.55387539955
1.48354825914
1.46473471299
1.43345642212
1.33293188668
1.20028052714
1.20028052714
1.19042769253
1.19042769253
1.0595495512
1.0595495512
1.0267900291
1.0267900291
1.12076605849
Repetition end
1
0
0
Repetition start
1.39446475033
1.4759765628
1.38719753946
1.33444811662
1.33444811662
1.40397406092
1.40397406092
1.46470351247
1.54512055804
1.54512055804
1.47062589308
1.46085425257
1.46085425257
1.56596485064
1.56596485064
1.71090209066
1.5730918147
1.58886032009
1.55588050098
1.51552366872
1.51552366872
1.46175919976
1.40460329201
1.40460329201
1.27314207535
1.35258351883
1.23264026218
1.23385465646
1.16664241034
1.16664241034
1.05963323907
1.14025504664
Repetition end
1
0
0
Repetition start
1.31326360572
1.31326360572
1.31326360572
1.31326360572
1.34196077759
1.43219982951
1.5937652517
1.50372051355
1.66635103192
1.38663085337
1.38663085337
1.51903516644
1.51903516644
1.51903516644
1.67987071081
1.67987071081
1.70642004812
1.70642004812
1.65531575872
1.57109075804
1.5498450045
1.5498450045
1.3862786414
1.3862786414
1.35458402728
1.37081632633
1.31628919613
1.13792341344
1.07113798531
1.06318609616
1.04789016738
1.17077204775
Repetition end
1
0
0
Repetition start
1.36470845397
1.36470845397
1.18460798086
1.44985536772
1.63855639109
1.63855639109
1.85355846147
1.85355846147
1.74653505236
1.5515236855
1.70877496145
1.70877496145
1.55188321351
1.55291594517
1.55291594517
1.59028642874
1.52110598
1.52110598
1.41237627966
1.41237627966
1.40020317887
1.3373768732
1.30582728967
1.23374737254
1.15671407079
1.18277844905
1.17059271594
1.08103795543
1.08103795543
1.1086715177
1.1086715177
1.12715384648
Repetition end
1
0
0
Repetition start
1.19131332254
1.34488858595
1.17943456761
1.40285447179
1.37747517558
1.39055492326
1.60436197288
1.53151207014
1.44672240102
1.50554021528
1.61150317773
1.61411063302
1.64870090776
1.53602733844
1.38954497976
1.38954497976
1.38090531922
1.38090531922
1.41428129337
1.32819565697
1.32819565697
1.28244112926
1.22241812816
1.22241812816
1.1711632061
1.1711632061
1.1711632061
1.02771597635
0.949684684118
0.949684684118
1.12379728042
1.21973773166
Repetition end
1
0
0
Repetition start
1.20636048089
1.20636048089
1.24947138725
1.37596136454
1.37596136454
1.63121107615
1.52628357061
1.52628357061
1.52628357061
1.44792078353
1.44792078353
1.49295175289
1.55908905372
1.55908905372
1.5945006968
1.64998438536
1.62562019865
1.46539194785
1.46539194785
1.49476068882
1.49476068882
1.41205719895
1.36532944579
1.36532944579
1.33964858705
1.36271919589
1.19317955404
1.1833725902
1.167700858
1.01648776199
0.970699517533
1.10693726036
Repetition end
1
0
0
Repetition start
1.0161128523
1.0161128523
1.0161128523
1.15614212184
1.16317884937
1.38771730791
1.55948754427
1.58827332839
1.58827332839
1.58827332839
1.42756083226
1.74466466453
1.62614343262
1.59313037926
1.59313037926
1.67456138668
1.68824572334
1.68824572334
1.57871299828
1.57871299828
1.48638636942
1.42687596792
1.41318366893
1.38051857446
1.33632831267
1.33632831267
1.31999883368
1.17862945281
1.276974438
1.15984408035
1.15984408035
1.00517368833
Repetition end
1
0
0
Repetition start
1.23486578214
1.23486578214
1.34723390927
1.26939615118
1.50587598443
1.50587598443
1.59640911388
1.61028606358
1.55272172407
1.66279997638
1.63403620336
1.61571465678
1.61571465678
1.61571465678
1.65145584469
1.65145584469
1.53602594633
1.46413005227
1.39875428778
1.32709885674
1.27947538019
1.27947538019
1.27947538019
1.21132589234
1.17735082634
1.1060383731
1.20758017154
1.10014092419
1.14530509039
1.15904310558
1.24088822949
1.23848363203
Repetition end
1
0
0
