Repetition start
1.27654884552
1.31470811958
1.31470811958
1.31470811958
1.2631897869
1.27018172106
1.40337796182
1.60641730612
1.23274721485
1.23274721485
1.12480125228
1.60062149246
1.60062149246
1.33381128515
1.33381128515
1.31732913135
1.47090480632
1.44393338828
1.42770140175
1.57401905852
1.57401905852
1.61564586131
1.34295843619
1.34295843619
1.19117486614
1.25767720425
1.25767720425
1.25767720425
1.25767720425
1.34975230679
1.43441970325
1.43441970325
Repetition end
0
0
0
Repetition start
1.28200079128
1.27264670672
1.32737715086
1.4895104316
1.47738325176
1.72404585474
1.78470024466
1.80982757732
1.73296959636
1.51000682858
1.31980413746
1.29443873948
1.21639270407
1.42870055199
1.25782468298
1.18556151782
1.43216948219
1.44035497698
1.24826113782
1.16119172386
0.937753225937
1.42702569216
1.23821698061
1.41428015546
1.21514389188
1.28511119172
1.29634439288
1.27347190641
1.29388867668
1.2813826658
1.27870706401
1.27554088338
Repetition end
0
0
0
Repetition start
1.26352025675
1.26352025675
1.44667167162
1.44667167162
1.44667167162
1.54247382954
1.4445573187
1.9069790599
1.62559212158
1.67253594725
1.60760911104
1.80473574661
1.63526247534
1.59822286757
1.42602068445
1.26647213412
1.26647213412
1.25218645442
1.17154926859
1.17154926859
1.14244142839
1.18061961366
1.03964094503
1.03964094503
1.02069438525
1.20394641839
1.20528687967
1.20528687967
1.18385161999
1.19535355248
1.19535355248
1.22794991585
Repetition end
1
0
0
Repetition start
1.29912074672
1.29912074672
1.36328099587
1.18500618962
1.40941229742
1.50497407779
1.50497407779
1.44126144705
1.82073928062
1.56037430292
1.69569484293
1.72892561969
1.69886566199
1.61278028885
1.61278028885
1.55285612145
1.32783348727
1.24915121885
1.17337644554
1.17337644554
1.0977017607
1.14858277531
0.992993112216
1.00965246898
0.970793456973
0.970793456973
1.12624153533
1.12624153533
1.21837003758
1.18921265732
1.21483634137
1.21983104988
Repetition end
1
0
0
Repetition start
1.08769904116
1.31908055254
1.31908055254
1.46302985482
1.54112075645
1.54112075645
1.54112075645
1.40640764942
1.72829148407
1.61641875945
1.58873175294
1.64543274841
1.69827453095
1.58858710495
1.56846424598
1.37165290076
1.3086902839
1.38450691567
1.31390277939
1.15785629103
1.00961116037
1.00961116037
1.00961116037
0.861876321931
0.861876321931
1.19082486241
1.19082486241
1.14787481433
1.1596135723
1.36368838218
1.36368838218
1.3530347625
Repetition end
1
0
0
Repetition start
1.29923830654
1.25051927212
1.41776006124
1.41776006124
1.39726170333
1.39726170333
1.5016109104
1.65410413486
1.48989923641
1.59762464669
1.57630217083
1.53360092202
1.607202931
1.59791419808
1.59791419808
1.44770178999
1.40198536972
1.32339802208
1.32339802208
1.26344732739
1.26344732739
1.2996144804
1.2996144804
1.2996144804
1.11165477498
1.19658773003
1.04484097711
0.956234308189
1.19888186616
1.12486088244
1.12486088244
1.16317318542
Repetition end
1
0
0
Repetition start
1.23225857277
1.31274970552
1.20655409168
1.20655409168
1.28046400542
1.28046400542
1.43528791155
1.43528791155
1.34691723035
1.49925612467
1.49925612467
1.50829110925
1.49458478297
1.49458478297
1.49458478297
1.77281971182
1.65588576207
1.65588576207
1.44597715869
1.44597715869
1.27956411468
1.28941851526
1.34230512741
1.25482040577
1.22137252916
1.11081088689
0.980105203503
0.936168826274
1.06081177896
1.03386791958
1.15548196782
1.22210523267
Repetition end
1
0
0
Repetition start
1.20654957768
1.22752966987
1.35757589358
1.47032551015
1.50018406399
1.50018406399
1.66728824273
1.66728824273
1.47910417561
1.54367190527
1.54367190527
1.59992388776
1.60745966231
1.71118186921
1.71118186921
1.45932940344
1.45932940344
1.35546613495
1.34573542081
1.41277119124
1.41277119124
1.27633966564
1.27633966564
1.24963258022
1.17454661851
1.06488743068
0.879963091068
0.998348293215
1.09149875904
1.1452912356
1.1452912356
1.21614939514
Repetition end
1
0
0
Repetition start
1.21392358571
1.21392358571
1.21392358571
1.21392358571
1.38706424466
1.32807377688
1.44577594363
1.57998912193
1.57998912193
1.5754619238
1.53610030356
1.62624595404
1.62624595404
1.67586354963
1.67586354963
1.69773962384
1.62658858251
1.62658858251
1.52085278297
1.50424634506
1.50424634506
1.4882712051
1.4882712051
1.37013809204
1.37013809204
1.33409302661
1.27929389749
1.21236327896
1.21236327896
1.10370499497
1.00321285815
1.00321285815
Repetition end
1
0
0
Repetition start
1.22616638329
1.22616638329
1.36281654559
1.36281654559
1.44867513723
1.41955715464
1.41621874832
1.56043452359
1.56043452359
1.70440132871
1.68724994772
1.68724994772
1.65956762088
1.65956762088
1.60072404034
1.72658800844
1.49990109401
1.28476415903
1.28476415903
1.30189145741
1.30189145741
1.22428792023
1.22428792023
1.22428792023
1.29123527026
1.18450364305
1.18450364305
1.18450364305
1.22922884974
1.22922884974
1.22922884974
1.25191538511
Repetition end
1
0
0
Repetition start
1.02103982592
1.10991661189
1.49026280997
1.5486816515
1.5486816515
1.31032575314
1.31032575314
1.51036009121
1.65288788266
1.68461170754
1.5519639413
1.61557646223
1.61557646223
1.48853699297
1.49444449956
1.49444449956
1.51120064849
1.51120064849
1.51120064849
1.2747811209
1.37231927833
1.33789798289
1.30992273201
1.30992273201
1.21626735267
1.34137442101
1.22991174019
1.14898423072
1.14898423072
1.12694837315
1.12780603499
1.11710813047
Repetition end
1
0
0
Repetition start
1.33901692895
1.33901692895
1.33816905918
1.33816905918
1.33816905918
1.35867370679
1.35867370679
1.35867370679
1.35867370679
1.34120998708
1.34120998708
1.00668545661
1.12035389322
1.12035389322
1.44868816446
1.44868816446
1.44868816446
1.36566676577
1.36566676577
1.3058319854
1.2623140714
1.2623140714
1.21057890689
1.21057890689
1.22406145246
1.21106232492
1.26048739701
1.26048739701
1.22217900282
1.22217900282
1.18058553991
1.18058553991
Repetition end
0
0
0
