Repetition start
0.877075195312
0.751037597656
0.900939941406
0.119567871094
0.871459960938
0.399047851562
0.523193359375
0.584289550781
0.806030273438
0.703002929688
0.689758300781
0.601013183594
0.672485351562
0.801330566406
0.8642578125
0.768981933594
0.626098632812
0.835632324219
0.83544921875
0.78466796875
Repetition end
 0
Repetition start
0.949035644531
0.825012207031
0.691833496094
0.688049316406
1.01043701172
0.799865722656
1.07720947266
1.01971435547
0.799621582031
0.58544921875
0.906188964844
0.619567871094
0.798278808594
0.795959472656
0.726623535156
0.83154296875
0.790771484375
0.995544433594
1.08190917969
0.950134277344
Repetition end
 1
Repetition start
0.907043457031
0.882995605469
0.587829589844
0.692321777344
0.822509765625
0.718322753906
0.895935058594
0.889770507812
0.766357421875
0.87744140625
0.90234375
0.974792480469
0.898681640625
0.878295898438
0.827453613281
0.830322265625
0.997863769531
1.02264404297
0.859558105469
1.02581787109
Repetition end
 1
Repetition start
1.11950683594
0.754272460938
0.968444824219
0.873962402344
0.679016113281
0.780944824219
0.802612304688
1.12341308594
0.943969726562
0.982543945312
0.752319335938
0.857055664062
0.946533203125
0.937805175781
0.845336914062
0.866638183594
0.889526367188
1.05163574219
1.09869384766
0.96533203125
Repetition end
 1
Repetition start
0.907653808594
1.34338378906
0.915283203125
1.13824462891
1.21862792969
1.12542724609
0.738220214844
0.737976074219
1.05010986328
0.754821777344
1.12933349609
0.863159179688
0.823547363281
0.907897949219
1.00189208984
0.967346191406
0.955627441406
0.853820800781
0.889404296875
0.934387207031
Repetition end
 1
Repetition start
0.546936035156
1.03521728516
1.13391113281
0.986389160156
1.19055175781
0.844421386719
0.907836914062
0.822875976562
0.898864746094
1.00146484375
0.936401367188
0.958862304688
0.96142578125
0.795104980469
0.922973632812
0.963623046875
0.882446289062
0.893981933594
0.947692871094
0.913269042969
Repetition end
 1
Repetition start
0.787902832031
0.789428710938
1.23754882812
0.949951171875
0.812438964844
1.02709960938
0.82666015625
1.05181884766
1.04205322266
0.834289550781
1.01141357422
0.953552246094
0.92822265625
0.957763671875
0.897216796875
0.809997558594
1.1083984375
1.03332519531
0.962280273438
0.949401855469
Repetition end
1
Repetition start
1.23016357422
1.10052490234
1.15905761719
1.13159179688
1.31286621094
1.30578613281
0.908569335938
1.16510009766
1.24298095703
1.02447509766
1.14050292969
1.03485107422
1.19104003906
1.12890625
1.15576171875
1.14929199219
0.912292480469
0.745910644531
1.13342285156
1.16638183594
Repetition end
 1
Repetition start
1.04113769531
1.17095947266
1.21649169922
1.15716552734
0.879211425781
1.28424072266
0.955017089844
0.9755859375
1.08374023438
1.10015869141
0.996765136719
0.751953125
1.01892089844
0.662902832031
0.969848632812
0.926635742188
0.900817871094
1.02038574219
1.12603759766
0.94091796875
Repetition end
 1
Repetition start
0.569641113281
0.746459960938
1.21063232422
1.16143798828
1.03430175781
0.966247558594
1.11553955078
1.26739501953
1.09313964844
0.953918457031
0.94091796875
1.00628662109
0.98193359375
1.01129150391
0.860656738281
1.10986328125
0.959899902344
0.854187011719
1.10205078125
1.01000976562
Repetition end
 1
Repetition start
1.19561767578
1.15435791016
1.05401611328
1.16943359375
1.61450195312
1.314453125
1.07958984375
0.852172851562
1.04412841797
1.10992431641
0.90966796875
1.14739990234
0.969482421875
0.948547363281
1.00848388672
1.02526855469
1.01055908203
0.948913574219
0.999938964844
1.02685546875
Repetition end
 1