-7837 -7972 27240
 -5288 -5633 25502
 -6983 -6830 26438
 -3659 -8599 25610
 -2259 -7641 24531
 1764 -5749 23288
 1224 -6112 21849
 2616 -4802 22352
 3062 -6733 22085
 3576 -5291 21883
 2817 -5473 21840
 2685 -5786 22244
 313 -5294 24019
 -495 -6670 24641
 -2315 -6893 26217
 -5713 -7655 23916
 -449 -5028 24738
 -12300 -1327 21898
 -8122 -1451 21946
 -948 -9188 25511
 -7908 -7700 27062
 -2741 -5654 26097
 -4175 -6863 23761
 -177 -4399 23240
 2325 -4291 20524
 -4122 -4807 28573
 -85 -5327 25171
 -1523 -4190 23755
 -2585 -5159 24581
 -2016 -5110 24726
 -4405 -3345 27197
 -3710 -5007 24831
 -3202 -5954 24104
 -1706 -5699 22760
 -2260 -2555 24160
 -976 -4962 23011
 -2543 -4480 26100
 -2682 -4779 23600
 -1449 -4269 22535
 -2462 -2884 24522
 -2150 -3915 24654
 -3479 -3914 24458
 -3362 -3835 24341
 -3089 -3961 23767
 -3688 -3767 24167
 -1923 -3980 23909
 -1948 -3887 23771
 -2436 -3416 23949
 -3427 -3281 24339
 -3524 -3173 24378
 -3000 -3602 24360
 -3417 -3854 24863
 -2525 -3707 24686
 -2147 -3727 24141
 -197 -3356 22385
 1325 -3794 21581
 1094 -4264 22629
 -484 -4469 24035
 -157 -3877 22264
 -1319 -3403 24941
 -2362 -2796 23278
 -3776 -2560 23578
 -3363 -2933 23913
 -3609 -3089 23947
 -3448 -3089 23994
 -3071 -3226 23745
 -2769 -3344 23648
 -2441 -2959 23224
 -2337 -2791 22253
 -2233 -3402 20543
 -3249 -2491 20504
 -4104 -2676 18185
 -1431 -3028 20127
 -4330 -957 21751
Repetition Start
 -4523 -553 23100
 -6073 87 23672
 -5568 -3135 26286
 -6459 -2485 28140
 -6997 -1237 26540
 -4803 -2210 24528
 -4757 -3018 26811
 -3424 -2870 26364
 -4484 -3001 27696
 -8180 -5090 29662
 -5207 -3395 27891
 -4806 -3463 25582
 -4370 -2103 24635
 -3163 -1792 23454
 -3181 -1577 20860
 -3549 -1454 21906
 -2614 -1872 20590
 -1304 -1457 19336
Repetition End
1
 -4598 -295 18834
 -1921 -477 19440
 -2788 -1340 19270
 -2553 -1210 20861
 -3072 -644 19207
 -2941 -833 19123
 -5049 -1470 19939
Repetition Start
 -2254 -299 21048
 -6214 188 22942
 -3472 -141 22903
 -3079 -989 24209
 -4449 -1389 25112
 -3730 -2313 27670
 -3773 -3609 27706
 -4923 -2805 25799
 -5828 -2810 25996
 -4299 -3070 26778
 -4279 -3190 29705
 -5357 -1462 27888
 -3745 -2018 25620
 -6227 -1548 23377
 -3976 -2956 24399
 -4621 -2365 23319
 -4750 -1178 21700
 -1855 -968 19712
 -4123 -1926 21867
 -6105 -193 19492
Repetition End
1
 -5983 1178 17061
 -2967 -264 21440
 -2296 -627 20358
 -3314 -181 19832
 -3134 34 18231
 -1955 -1739 19229
Repetition Start
 -4296 -283 19405
 -5878 -736 21626
 -3237 620 24752
 -3199 -1272 24078
 -4798 -8 24552
 -2183 -3175 25837
 -2350 -4656 27501
 -2638 -3880 25219
 -4142 -4229 26332
 -4908 -2044 26203
 -3178 -1744 28457
 -4210 -5142 29345
 -4310 -2189 27505
 -4625 -2871 25093
 -4794 -3229 24384
 -2142 -1982 23170
 -4523 -2174 23747
 -4285 -519 22281
 -2231 -2191 21180
 -3477 -1822 20013
 -4231 20 18654
Repetition End
1
 -3667 -360 18637
 -2213 -1008 20161
 -3112 -775 20223
 -2790 -370 20069
 -2458 -882 18380
 -1781 -1139 18480
Repetition Start
 -3798 -898 19391
 -3808 576 21230
 -3676 205 22257
 -5184 -2782 24741
 -2871 -797 25944
 -6683 -768 26289
 -4140 -2896 26807
 -6079 -2394 26254
 -3724 -2343 26164
 -4027 -2129 27522
 -3244 -1198 26943
 -4633 -2888 28129
 -3948 -2612 26273
 -5700 -1269 25126
 -3188 -1511 22214
 -2154 -2644 22462
 -2603 -1260 22859
 -2613 -349 21100
 -2643 -942 20423
 -1642 -2045 20433
 -3162 -713 20909
Repetition End
1
 -1102 -396 19258
 -1715 -277 17573
 -2469 -924 18758
 -2481 -416 18524
 -953 -1828 16678
 -4995 445 17064
Repetition Start
 -2988 -315 19872
 -3321 199 22219
 -4896 152 24068
 -3920 749 24346
 -2555 -277 25530
 -4220 -2708 25919
 -4007 -2189 24069
 -4096 -1448 26231
 -2434 -903 28525
 -4133 -2371 28132
 -5271 267 27735
 -4101 -2270 25519
 -3775 -2053 23646
 -3748 -1177 22498
 -3083 -1055 22902
 -4400 -985 22012
 -5487 -1763 21777
 -3616 -1205 21140
Repetition End
1
 -614 -217 20157
 -2145 -296 19438
 -3137 931 17913
 -2869 459 19304
 -2730 136 20250
 -2724 -178 20457
 -2784 931 18748
Repetition Start
 -2850 -6 18005
 -3593 -582 17750
 -5346 1253 18512
 -2924 -1379 23708
 -4093 -194 22531
 -4057 -620 24699
 -3384 -159 24805
 -4414 -2262 25905
 -4830 -674 26296
 -5335 -1925 26953
 -2899 -1369 27166
 -4686 -1992 25359
 -5516 -1787 27676
 -4471 -2794 26352
 -5009 -1655 25724
 -5438 -905 25802
 -3770 -1801 23593
 -3925 -1899 22922
 -2466 -1559 23578
 -3998 -1217 22229
 -3436 -642 21163
 -4024 415 20217
Repetition End
1
 -1279 -657 19108
 -2754 297 18076
 -2546 -708 20650
 -2386 -37 19781
 -2827 -939 18665
 -3899 -525 18143
 -2884 -803 18483
Repetition Start
 -4949 683 20321
 -1906 601 21626
 -3849 -316 23306
 -3231 691 24204
 -3906 -2256 24894
 -2973 -561 25778
 -2761 -2778 26063
 -2999 -2016 26087
 -3404 -2372 26743
 -3868 -1217 27363
 -2740 -2200 26465
 -3773 -3444 26815
 -3165 -1309 26876
 -5811 -3407 25372
 -4253 -1934 24337
 -4009 -1980 22994
 -3182 -2671 22621
 -3380 -1742 22070
 -5502 -480 21548
 -3915 400 21608
 -5050 375 20569
Repetition End
1
 -3715 550 17828
 -1419 -998 18248
 -3537 -225 20094
 -2799 -1083 18758
 -4174 -826 19416
 -3792 -1470 18751
Repetition Start
 -4815 983 20630
 -3501 591 20839
 -1450 -25 22926
 -1469 -37 23566
 -4588 917 25395
 -3555 -32 25415
 -2009 -310 25846
 -3118 -2044 25142
 -3032 -1938 25608
 -2748 -1141 25082
 -4608 -1239 26379
 -4244 -2326 27560
 -3786 -2403 27249
 -2301 -2008 23934
 -3441 -938 23274
 -4685 -1168 24157
 -4594 -398 22966
 -2290 -1066 22004
 -3432 -1201 21862
 -2820 -689 22115
 -2344 -500 20995
 -2886 546 19299
 -1576 416 17719
 -1149 -374 19603
Repetition End
1
 -2688 1100 20519
 -3347 -194 19492
 -2960 361 19371
 -4277 -905 18222
 -2970 -414 17892
 -5235 548 18803
Repetition Start
 -3432 2016 21054
 -2583 219 23653
 -4544 -566 24838
 -1838 -2765 26209
 -2403 -2061 27315
 -2764 -2904 26084
 -3745 -2647 25930
 -2814 -3423 27054
 -2797 -2357 27354
 -2604 -2708 27513
 -3671 -1716 26570
 -3851 -1324 25295
 -3921 -2761 23809
 -3167 -4560 23104
 -4866 -853 23824
 -5277 -2899 22576
 -3772 -2017 22507
 -3978 444 20310
 -3570 104 21062
Repetition End
1
 -4044 -104 20337
 -4206 -201 19175
 -2375 -284 16392
 -3585 -439 21073
 -3848 -1153 19904
 -3404 -1546 18059
 -2948 -1075 18791
 -3427 -40 19262
 -3403 1566 20737
Repetition Start
 -4341 -612 22657
 -2615 -2076 23662
 -3286 -98 25378
 -5500 -147 24723
 -3922 -167 26058
 -4139 -1695 24673
 -4230 -1184 24944
 -3609 -2066 26249
 -3351 -1927 23701
 -3815 -2953 26244
 -4105 -2256 27019
 -4320 -2801 27217
 -2822 -2857 25834
 -3270 -3091 25417
 -3986 -2693 24192
 -3282 -2265 23897
 -2604 -3593 22116
 -1675 -1063 22418
 -3977 -74 23035
 -4117 240 20427
 -4910 -234 21513
 -3057 -1139 21787
Repetition End
1
 -3325 -2601 20340
 -2609 -499 20420
 -3335 -1431 22027
 -3965 -211 24101
 -5373 -4364 24480
 -7689 -4692 23540
 -2909 -230 23324
 -2349 -2441 20726
 -6445 -4793 20017
 -5533 -4378 20173
 -6400 -1212 23916
 -2782 -3255 24974
 -3821 -4470 26739
 -4937 -6072 23258
 -2389 -4644 24343
 -912 -3822 25103
 -2192 -4761 22505
 -3441 -5624 23390
 -3719 -5549 25058
 -3278 -7252 25840
