Repetition start
17786
13415
18971
17982
19997
19218
18661
18271
19086
18155
19453
16741
15443
16003
16877
15578
15442
13555
15865
19032
Repetition end
1
Repetition start
10927
13664
19672
18114
19749
19805
20123
21415
16271
20154
20079
21863
19342
19465
19019
18470
16907
16762
12596
15190
Repetition end
1
Repetition start
12067
16213
19138
18425
20279
19198
18896
18621
19950
17314
17050
18838
18212
17880
17902
15476
17315
14293
13951
15368
Repetition end
1
Repetition start
12968
13759
19146
19159
20815
17587
18494
17302
16741
16856
18346
20991
20044
19149
17119
17045
17544
13093
13837
14012
Repetition end
1
Repetition start
14758
18618
21062
20266
23171
23303
21771
18495
21150
19221
21994
21680
17160
17993
18867
16663
13421
15051
13748
15255
Repetition end
1
Repetition start
22932
23064
21940
18234
19254
19566
22759
21813
21489
21024
18052
20632
17994
17972
15343
15632
12338
16542
16627
18287
Repetition end
1
Repetition start
20397
20954
22995
22787
21982
20249
19963
20463
23055
21255
20630
20538
18151
17547
19394
15975
16181
14629
13759
14195
Repetition end
1
Repetition start
18607
16929
19239
18818
20561
20516
20797
23391
19364
18791
20599
18015
17443
18239
19891
17913
17293
16438
17246
15398
Repetition end
1
Repetition start
14806
14215
18096
17407
19826
18037
22678
20260
22022
19992
21563
21630
18446
16769
19861
15817
19085
16616
14316
13489
Repetition end
1
Repetition start
18787
18417
22660
20053
22499
19995
19063
16579
21235
21027
20626
17379
18870
17243
16027
16168
18323
15163
10714
14569
Repetition end
1
