Repetition start
1.57550048828
1.51208496094
1.42346191406
1.22668457031
1.26971435547
1.27478027344
1.52844238281
1.55981445312
1.46270751953
1.43035888672
1.17065429688
1.10498046875
1.12005615234
1.00024414062
1.13348388672
1.06268310547
1.14538574219
0.934631347656
1.13897705078
1.35113525391
Repetition end
1
Repetition start
1.31970214844
1.64282226562
1.41461181641
1.46948242188
1.36590576172
1.48675537109
1.24530029297
1.27770996094
1.27770996094
1.30346679688
1.38385009766
1.06951904297
1.158203125
1.24597167969
1.208984375
1.19580078125
1.19635009766
1.24212646484
1.1884765625
1.14886474609
Repetition end
1
Repetition start
1.80749511719
1.55523681641
1.55523681641
1.20593261719
1.21759033203
1.37738037109
1.37738037109
1.39215087891
1.41473388672
1.31683349609
1.31683349609
1.29425048828
1.18341064453
1.34783935547
1.27453613281
1.09674072266
1.09674072266
1.16333007812
1.04479980469
0.966674804688
Repetition end
1
Repetition start
1.33831787109
1.57800292969
1.40057373047
1.31475830078
1.51055908203
1.31750488281
1.33319091797
1.20928955078
1.5341796875
1.49835205078
1.31433105469
1.38745117188
1.07086181641
1.20672607422
0.994018554688
1.13098144531
1.14819335938
1.1298828125
1.06048583984
1.06048583984
Repetition end
1
Repetition start
1.43304443359
1.29040527344
1.30773925781
1.35119628906
1.27911376953
1.17999267578
1.18377685547
1.51812744141
1.40686035156
1.6103515625
1.50915527344
1.25042724609
1.228515625
1.26892089844
1.13171386719
1.16918945312
1.22106933594
1.06396484375
1.17755126953
1.13586425781
Repetition end
1
Repetition start
1.30023193359
1.19274902344
1.58001708984
1.41802978516
1.20538330078
1.21435546875
1.28985595703
1.32745361328
1.16955566406
1.45916748047
1.41979980469
1.11700439453
1.37231445312
1.21337890625
1.28894042969
1.21380615234
1.03918457031
1.0048828125
1.12628173828
1.22961425781
Repetition end
1
Repetition start
1.09161376953
1.35272216797
1.31616210938
1.25537109375
1.35144042969
1.24462890625
1.36987304688
1.40686035156
1.30480957031
1.34332275391
1.29138183594
1.15203857422
1.17553710938
0.925048828125
1.33190917969
1.31372070312
1.33526611328
1.19421386719
1.11199951172
1.35205078125
Repetition end
1
Repetition start
1.56524658203
1.49475097656
1.40179443359
1.38458251953
1.51422119141
1.25109863281
1.21734619141
1.35510253906
1.43225097656
1.55981445312
1.51123046875
1.25988769531
1.06396484375
1.23236083984
1.18725585938
1.42468261719
1.24829101562
1.29504394531
1.25982666016
1.33508300781
Repetition end
1
