1230 -6157 22394
 2593 -5608 21983
 3961 -6824 22187
 2490 -5336 17190
 6358 -6141 20813
 5112 -5473 20005
 2897 -4007 21773
 2624 -5677 21234
 416 -3775 22423
 161 -2380 24187
 350 -3701 21352
 -5872 -3455 24908
 -6263 -4452 26170
 -5475 -4500 25526
 -9614 -5051 27694
 -6848 -4163 25449
 -7215 -5100 24098
 -9761 -4883 23215
 -8200 -4363 23773
 -7166 -2705 23175
 7564 -11572 27044
 -6547 -10158 26334
 -2076 -6331 24630
 -2972 -6788 25078
 -2076 -7342 24439
 -2393 -6902 24340
 -2491 -6709 25018
 -2999 -6643 25250
 -3452 -4836 23919
 -4960 -4528 24094
 -5061 -4850 24762
 -3366 -6430 25141
 -3657 -6495 25058
 -2742 -7701 25738
 -3919 -6816 24649
 -3450 -6402 24528
 -3739 -6850 25233
 -4835 -5998 25756
 -4432 -5533 24415
 -4125 -4794 24421
 -1637 -6080 24935
 -3494 -6482 25088
 -3789 -5165 25781
 -3680 -6989 25173
 -5165 -3947 24418
 -2874 -5098 25008
 -4250 -1609 26607
 2398 -5351 23605
 -1269 -5087 22274
 -1046 -1966 25230
 -2490 -2691 24873
 -2767 -5852 24599
 -2831 -8316 25294
 -1026 -10496 25149
 -5022 -8680 22300
 -3337 -1724 24481
 4391 -4365 22182
 1194 -6608 21533
 4556 -5644 21094
 5006 -5018 20149
 2700 -3912 21271
 2095 -6213 23532
 2432 -5705 23022
 3795 -5619 19956
 3554 -6562 22256
 1855 -4776 23241
 521 -7415 22204
 -2593 -6646 30387
 -1424 -6693 26082
 -3557 -6028 24731
 -4560 -5054 25156
 -3454 -6386 22737
 -11298 -4310 20803
 6535 -12210 28462
 -8273 -6121 28887
 -4671 -5798 25737
 -4137 -4534 26687
 -1776 -6453 23553
 1849 -4237 20507
 1560 -5046 21222
 2154 -4638 21878
 -7110 -8760 27086
 517 -6738 24525
 -2874 -7458 26556
 -5924 -4613 24925
 -5783 -4534 24094
 -7663 -3658 22035
 123 -12467 27598
 -11399 -6917 23875
 -3635 -5117 26547
 -6238 -2803 27076
 -1321 -5284 25013
 3187 -10415 21693
 3518 -5275 21402
 250 -5853 21825
 -2143 -6932 26197
 528 -6116 23368
 243 -6530 25184
 -1636 -6283 24748
 -5095 -5179 23784
 -3554 -5535 23818
 -10166 -1475 22155
 2649 -10359 25379
 -7320 -4978 25833
 -3145 -4888 24737
 -2982 -4198 24744
 -3109 -5216 24711
 -2959 -4384 25218
 -5176 -3988 24504
 -3653 -5641 24463
 -2201 -4500 24797
 -900 -5313 21767
 -929 -2463 22837
 1687 -3627 21665
 -1371 -5073 25039
 -2991 -4475 23943
 -2477 -5003 24462
 -2170 -4708 24355
 -3043 -4570 24635
 -2762 -4344 25118
 -2622 -4259 23863
 -2079 -4536 24578
 -2555 -4692 24196
 -1441 -4795 24355
 -2365 -4263 23631
 -1982 -4795 23946
 -2118 -4597 24492
 -2075 -4507 23978
 -2061 -4268 24793
 -2978 -4225 23955
 -2626 -3937 24378
 -2364 -3533 22975
 -3346 -3718 24905
 -2364 -4125 24637
 -3124 -4145 24967
 -3469 -4726 24362
 -2218 -3812 24330
 -2674 -3673 23666
 -3455 -4129 24248
 -2617 -4277 24494
 -2401 -3882 24260
 -4365 -2405 24799
 -1581 -3512 22945
 -2829 -3637 23615
 -2728 -3408 23599
 -2660 -2782 23558
 -2734 -2774 23819
 -2069 -3463 22118
 -2529 -2341 23241
 -2222 -2362 22763
 -2546 -1844 22524
 -2600 -2270 19271
 -3894 -2470 19313
 -3135 -1230 20223
Repetition Start
 -2972 -3524 19316
 -4512 -3998 21033
 -3567 -1884 22943
 -3202 -2139 26775
 -4279 -2663 26923
 -5006 -5447 25523
 -4538 -5296 28635
 -4305 -3795 26872
 -4256 -4464 26216
 -3885 -1664 27488
 -2964 -5046 26611
 -4653 -4873 28750
 -4871 -4034 28157
 -3655 -4395 26078
 -2866 -5348 25502
 -1580 -3732 25334
 -3892 -2348 22353
 -2225 -3696 22254
 -3215 -2206 21335
 866 -3373 21847
 -1933 -1876 19142
Repetition End
1
 -2196 -1001 20099
 -2773 -1782 20738
 -1642 -2618 21774
 -1693 -2489 21746
 -1889 -1941 20929
 -995 -1751 20530
 -4740 -548 18601
 -3720 -210 20748
Repetition Start
 -1183 -758 19805
 -3575 -621 20741
 -2640 -1830 22211
 -3649 -1102 23398
 -3516 -3151 25768
 -3305 -3848 27209
 -3527 -3257 27456
 -3683 -1951 27502
 -3633 -2293 25704
 -3185 -2459 29406
 -2934 -3468 29048
 -3977 -3313 27667
 -4111 -3497 26193
 -3468 -4630 24799
 -3535 -3645 25580
 -2096 -2872 23447
 -3378 -2038 22435
 -1213 -1468 21738
 -3972 -2389 20456
 -629 -1197 19296
 -3699 -839 19780
Repetition End
1
 -1585 -1469 20188
 -3074 -1240 21067
 -2371 -360 20254
 -1156 -1383 19823
 -2613 -799 19324
Repetition Start
 -3092 -859 19170
 -3360 305 21566
 -2359 385 22659
 -3422 392 22498
 -2301 -1095 25497
 -1518 -1522 24739
 -2188 -521 25672
 -4311 -948 26442
 -3580 -600 24694
 -3204 -2334 26938
 -3381 -1637 26172
 -3213 -957 25607
 -3037 -2703 26994
 -3027 -2904 26388
 -3700 -2966 26495
 -4993 -1557 23399
 -2799 -630 22536
 -2366 -792 22282
 -3093 380 22057
 -5574 -602 19811
 -4035 -1164 18516
 -3232 -991 19518
Repetition End
1
 -3685 -972 20007
 -4121 1242 21266
 -2355 -890 20474
 -1453 -478 20590
 -2761 -43 18724
 -1439 -1624 17636
Repetition Start
 -3405 -1493 20290
 -1236 -1227 20170
 -1590 -118 21823
 -3931 -359 24384
 -3293 -649 25763
 -6128 -3148 26427
 -4064 -2292 26298
 -4806 -2646 27355
 -3810 -305 25094
 -3604 -2451 25701
 -3691 -1006 26992
 -3738 -2888 28859
 -5144 -3455 27577
 -4483 -2202 26293
 -4384 -4190 25837
 -3319 -2058 23735
 -1908 -2621 23844
 -1815 -1441 22600
 -1121 -1759 21192
 -2635 -2611 20198
 -2601 -2259 18063
 -5253 944 18734
Repetition End
1
 -1751 -834 21790
 -1943 -1019 21069
 -1340 -649 21782
 -1973 -1496 19638
 -1189 -1377 18033
 -1999 -923 17966
 -4803 -608 19300
Repetition Start
 -3790 184 21579
 -2404 119 21267
 -3296 -290 22361
 -1960 -798 23733
 -863 -3846 26031
 -1007 -1664 26399
 -2703 -2295 27468
 -2211 -3799 24746
 -1528 -1426 25967
 -3770 -3326 27469
 -3311 -2791 27912
 -2959 -1834 27631
 -4588 -1384 26740
 -535 -109 24420
 -6719 -3450 22243
 -1655 -1475 23663
 -3645 -1829 22123
 -1538 -1332 20101
 -1190 -2148 20582
 -69 -1933 19932
Repetition End
1
 -1556 -2035 19117
 -1968 -941 19505
 -2108 -90 19688
 -1006 -410 21976
 -2433 -764 19878
 -2754 -453 19155
 -2701 -1930 17754
Repetition Start
 -2215 -2281 18716
 -1905 241 21365
 -4194 -1157 21343
 -3647 763 23490
 -4091 -874 24260
 -3518 -2816 25696
 -4328 -1829 27155
 -1715 -3307 26350
 -3699 -2215 26548
 -1802 -2844 27095
 -1564 -364 26875
 -4879 -3435 28147
 -3592 -1341 27382
 -2969 -3133 25344
 -3828 -1463 23581
 -4253 -995 20941
 -1321 -3406 21524
 -3463 -2233 24270
 -3377 -930 22444
Repetition End
1
 -3570 -1516 20696
 -1428 -808 18687
 -2454 525 19011
 -2877 -1478 21054
 -4010 -970 20688
 -3859 114 21079
 -1528 -522 19885
 -1763 -603 18899
 -3399 -773 19754
Repetition Start
 -4215 -1390 19725
 -2937 -740 20225
 -3883 -239 22909
 -3375 -3092 24375
 -3246 -2139 24260
 -1100 -1213 25128
 -1620 -2337 26741
 -2988 -2791 25975
 -1008 -2398 25423
 -3078 -2997 25753
 -578 110 24966
 -2418 -1980 27502
 -2494 -1852 27867
 -3383 -1603 26455
 -4099 -1858 25719
 -3104 -1889 22673
 -2780 -2107 23103
 -3218 -1265 21782
 -3311 -362 21014
 -1664 -430 21268
 -107 -1280 20543
Repetition End
1
 -663 -1538 18636
 -1998 -662 19498
 -1807 63 19438
 -2724 582 19610
 -2585 -453 20549
 -1861 400 19700
 -2834 27 18872
 -2246 -346 18212
 -3533 -300 19513
Repetition Start
 -2779 -17 20921
 -3103 -588 22503
 -1670 -1488 21277
 -1622 323 24290
 -4441 -1942 26376
 -5322 -851 25988
 -4806 -1969 27475
 -2943 -2481 26866
 -4191 -1950 26743
 -5180 -2046 25087
 -3243 -1569 28879
 -3195 -3294 27488
 -3756 -3592 26058
 -4212 -3094 23451
 -3448 -3261 24571
 -4731 -4939 23827
 -3279 -2564 23208
 -2195 -574 22781
 -2872 -568 21062
 -3675 -340 19846
 -2858 817 20118
Repetition End
1
 -2787 -684 16493
 -3664 96 21461
 -1068 -831 20756
 -2868 -249 21332
 -1537 170 21106
 -2242 -76 19341
 -1944 -1537 19124
 -2158 -927 18798
Repetition Start
 -2516 608 21053
 -3572 30 22940
 -3569 213 22335
 -3708 -885 23799
 -3981 -866 25825
 -2547 -2019 26510
 -4772 -1504 26015
 -2981 -2274 27132
 -3231 -2650 26897
 -3274 -3217 23666
 -3549 -3010 24679
 -3382 -2000 27294
 -3569 -2935 29407
 -3292 -1777 26119
 -4635 -2667 25401
 -3282 -3854 25077
 -3416 -1952 23889
 -4174 -4415 22640
 -4499 -2266 24351
 -1859 -2008 23325
 -2008 -1558 20210
 -2140 -1076 19346
 -2872 -1286 17368
 -2407 -340 19801
 -1241 -123 21898
 -1025 -1334 20670
 -2474 -1060 21086
 -2504 -668 19648
Repetition End
1
 -2637 -1819 19473
 -3125 -1691 20019
 -834 -916 19793
 382 -529 22117
Repetition Start
 -6680 266 22576
 -179 -2497 23531
 -2604 -1538 25372
 -3250 -542 25784
 -3791 -2219 25100
 -2288 339 25457
 -2436 -2950 26529
 -2490 -2236 25435
 -2327 -675 26497
 -3990 -1621 27064
 -3493 -2578 26323
 -2614 -1979 24820
 -3005 -1399 24224
 -4060 -747 24972
 -2216 -1768 22638
 -3142 -3923 22301
 -977 -1471 22160
 -3335 -1082 23693
 -3000 -960 21948
 -1725 -682 22061
 -1365 -158 20924
 -1926 -1322 20897
 -98 -2569 21701
 -5304 -636 23525
 -4300 -3946 22941
 -4112 -2207 25809
 -3568 -7589 24477
Repetition End
1
 -3203 -5110 22538
 -1858 -4165 22470
 -2458 -4128 20141
 -3314 -1991 23068
 -633 1502 24651
 -4797 -3724 24075
 2486 3338 26443
 -3967 -5044 24304
 -392 -5549 24962
 -2584 -5207 24028
 -404 -4080 23586
 -1317 -4494 23390
 -1479 -5890 22056
 -2820 -4212 25143
 -4859 -4718 26971
 -3710 -5429 26645
 -4534 -1199 26145
 -6108 914 23580
 -4768 1901 20391
 -6793 2835 18952
 -7545 3540 18531
 -7760 3085 18572
