 -170 -4014 18599
 -322 -4138 18497
 -173 -5234 18786
 -515 -4329 18312
 -164 -4210 18040
 -48 -3838 17562
 370 -3896 15559
 -550 -3637 15351
Repetition Start
 -3373 -1868 12777
 -156 -2897 14293
 -3946 -1959 16384
 -647 -4181 17967
 -1843 1520 17459
 106 -1217 17340
 -907 -1213 20106
 -3412 -1196 23157
 -533 -612 22454
 -2277 -620 21621
 -3101 -1785 19548
 -2888 -1815 19894
 -1980 -3717 22345
 -1972 -6531 23627
 -1995 -4828 23127
 -1982 -3371 21583
 -4047 -5188 19573
 -1338 -4863 17731
 -1166 -4675 18045
 2814 -3872 16802
 -1782 -3044 16739
 -830 -1921 16893
 -551 -3478 14308
Repetition End
1
 -1038 -3325 14038
 -1392 -2022 15555
 -1371 -1597 18043
 -106 -1432 17564
 -1842 -1882 17917
 -1362 -2740 17376
 -25 -2478 16053
 -1982 -1750 14538
 -1399 -2096 12797
Repetition Start
 -2988 -1303 14428
 444 -1818 15839
 -2084 -176 18325
 -1385 -1133 19117
 -239 -1810 21114
 -906 -1285 22618
 -1867 -1393 21365
 -2132 -2626 20531
 -2849 -3297 20236
 -2078 -3082 20634
 -1825 -3226 20121
 308 -5407 22785
 -2590 -4816 24060
 -1342 -5351 21971
 -1196 -3076 21450
 401 -4414 19298
 -367 -3572 18868
 2398 -4274 18450
 796 -3221 17534
 441 -1294 16167
 24 -3287 16398
Repetition End
1
 -2700 -555 14129
 -3500 -190 11874
 1588 -2270 14804
 -1617 -1728 16064
 87 -2250 16395
 455 -1459 17287
 829 -1126 16876
 695 -933 16536
 369 -1433 15634
 392 -2037 14839
 -1744 -2074 13844
 -1294 -1190 12417
 -719 104 16575
Repetition Start
 712 1262 15428
 142 -47 17385
 -767 -2881 19283
 -1192 -961 17799
 -415 -2312 18859
 -1282 -2315 21606
 -188 -1887 21938
 -260 -1507 20389
 -1785 -2417 19545
 -1039 -2781 22078
 42 -2738 24231
 -581 -2221 21846
 -966 -2815 20795
 -2020 -3729 19697
 -1313 -4527 18126
 -1996 -3209 17623
 -1168 -3080 15630
 -367 -1855 15706
 -867 -3161 15122
Repetition End
1
 -1448 -484 12150
 379 -2309 15218
 387 -1420 16052
 90 -310 16585
 680 -461 16334
 183 -355 14405
 391 -1177 14278
 -1192 -622 14317
 -819 -903 13036
 -704 -430 15103
Repetition Start
 -1463 -1582 17141
 11 -1249 18072
 278 -2264 18719
 462 -1671 19647
 -685 883 19138
 -2798 -1562 18072
 -1114 -3810 22061
 -2363 -3245 21628
 -1435 -2029 19194
 -1213 -3736 20824
 -1344 -3743 22710
 -681 -4649 23191
 -1156 -4407 20962
 -718 -3859 19825
 -2373 -3419 19307
 -2249 -2873 19065
 -2002 -2843 20341
 -840 -1549 17767
 -1992 -1043 15374
 -52 -1312 16126
 -2410 -2311 13635
Repetition End
1
 -767 -1324 12508
 -555 -1213 14074
 149 -1659 15927
 1185 -308 15777
 198 -1113 13426
 458 -2808 13720
Repetition Start
 -886 -1108 13471
 -2067 -1237 14065
 -1317 219 16805
 -394 -3357 19297
 1101 -1754 19253
 -179 -2731 21052
 -1436 -2812 22885
 1203 -3329 21008
 -628 -3521 20423
 -1012 -3544 21661
 -2326 -4258 19472
 -310 -3962 20348
 -1285 -4656 22367
 -824 -5251 23382
 -1455 -4394 22030
 -1125 -3259 20109
 529 -4568 18534
 -1335 -5420 18959
 -1105 -3518 18947
 -2192 -2671 18105
 -345 -882 16995
Repetition End
1
 -2831 -517 15106
 -3372 -993 15942
 -375 -901 13984
 -1523 -538 13071
 -1067 111 14244
 559 -195 13596
 710 -902 13206
 -453 -1971 13851
 -2687 -1700 15290
 -2221 -1512 16915
Repetition Start
 106 -1344 17515
 -30 -287 18853
 -466 -4 18449
 104 -3946 19416
 -2469 -2270 21366
 -39 -2180 21760
 -828 -3078 19617
 -1378 -2932 19507
 -1107 -3026 20759
 -146 -3038 22436
 -1873 -3949 23010
 -1198 -1609 20697
 -475 -1354 19195
 377 -1911 17862
 338 -1742 17388
 -1896 -2198 16514
 -455 -1016 17188
 -507 -605 15996
 -1899 -86 14368
Repetition End
1
 -1125 -315 14164
 326 -183 12793
 -1072 -427 14530
 -1146 -221 15462
 298 444 16063
 1140 -86 15770
 335 -569 13421
 -1311 -702 12711
 -1771 -987 13710
Repetition Start
 398 -737 13455
 -799 -559 18584
 597 -539 17286
 -59 -1354 17692
 -2063 -264 20722
 -1292 -2168 21518
 -1233 -1480 20353
 -767 -2655 20390
 -579 -2701 20234
 -1385 -2820 20661
 -1724 -3161 20172
 -2466 -1995 22016
 -707 -3502 20175
 1109 -2261 20538
 -1406 -1886 19546
 -1383 -2134 18006
 -157 -2269 18387
 -669 -2976 17974
 -557 -1773 17609
 -262 -1946 15771
Repetition End
1
 -550 55 14388
 -2286 -1287 13191
 -2007 -913 12323
 -1574 216 15724
 -53 1194 17146
 741 -1731 16307
Repetition Start
 500 -1616 16110
 -657 -579 15089
 -226 -1257 13709
 -251 -1414 14430
 -1375 -2096 12949
 859 -185 13915
 249 -1555 15840
 -623 387 17528
 -12 -72 18324
 -493 -738 20571
 -2968 -1925 20027
 -2462 -2643 22101
 223 -1420 20775
 -49 -2417 22668
 -366 -2514 23172
 -932 -3695 22965
 -4502 -2003 21697
 -930 -3080 19093
 -1137 -2334 19614
 -2332 -2973 17749
 -1058 -2424 17571
 -2153 -1067 15928
 -2418 162 14973
Repetition End
1
 -1251 -358 14549
 -1088 -1629 14114
 -882 -804 14103
 504 -830 15689
 37 398 16779
 362 90 16632
 567 -411 15765
 -807 -436 15968
Repetition Start
 1133 -558 15352
 -613 -974 13863
 503 -1444 13685
 -298 -1705 15594
 -1090 -522 16141
 -1699 161 18061
 -480 1343 19307
 1064 -2853 17302
 -572 -1244 19695
 -1390 -1662 20432
 -764 -3586 19967
 -358 -2530 20551
 -1019 -2720 20669
 -212 -2618 20400
 -372 -2107 20665
 -1203 -2578 22090
 97 -4993 21286
 -1055 -3642 20147
 -469 -2439 17871
 -458 -3157 18312
 -1726 -3977 18903
 -845 -3762 17037
 -1344 -2382 16474
 -1644 -2096 17452
Repetition End
1
 785 -1392 17750
 -2372 -638 14229
 636 -927 12597
 -1221 -748 13780
 -637 -491 14598
 -1457 -659 14813
 278 222 16172
 665 -848 14989
 -1331 -1197 14092
 78 -265 14871
 -415 -610 13281
Repetition Start
 -1021 -327 14213
 -1068 2342 15963
 -3020 242 18988
 190 -442 18186
 2690 -353 20736
 -2222 -974 20018
 -68 -1069 19153
 -2454 -2810 20313
 -1501 -1405 19903
 -2172 -2012 19763
 -990 -2947 20854
 -2184 -2416 21761
 -2148 -2825 21269
 -540 -3043 18849
 -21 -149 18359
 -1479 -1335 18126
 -1648 -2450 17321
 897 -1807 16325
 1614 -1182 16175
 187 -308 16840
 789 -2252 15974
 686 -534 16434
 1798 -338 14382
 958 -1438 14346
Repetition End
1
 114 -1778 15338
 438 -1355 15772
 980 -1642 13936
 984 -234 15771
 1316 -1402 15382
 1934 -910 18275
 -250 -1828 17860
Repetition Start
 -371 -2369 17521
 -826 -2240 15066
 1916 -932 17068
 -624 -2933 18628
 -1140 -7092 17953
 -671 -4917 16902
 2022 -3269 19422
 -931 -4616 15107
 5703 7808 26275
 -1309 -9292 20606
 565 -3098 16751
 -800 -4181 19658
 -138 -4822 19169
 -2477 -5952 20488
 -1842 -4952 18105
 -2993 -5727 22949
 -656 -11362 22322
 1256 -4756 18726
 5345 -5226 17899
 2963 -3300 18031
 -3445 -276 17333
 -3138 -503 17902
 1098 -954 16667
 -1594 -624 16774
 -766 66 15759
 -2421 2439 15313
 -6674 4734 13428
 -5126 3164 12079
 -4548 4101 11991
 -4918 5080 11653
 -4716 5695 11096
 -4643 5690 10114
 -5496 5850 9857
 -653 4790 10166
 722 5974 8189
 3122 3939 6958
 4119 5064 7368
 2878 3269 7187
 3687 3078 7092
 4811 3453 6555
 4511 3219 6971
 5248 3045 6189
 -10 5497 7757
 1560 5174 7441
 2497 4552 7706
 2192 5006 6557
 1105 5199 6790
 1305 5716 7031
 1640 5057 6494
 2670 4956 6645
 1870 5130 6446
 1180 5711 5648
 1995 5265 5936
 2777 4785 5780
 1150 5706 5351
 2586 5041 5445
 2481 5188 5546
 1406 5244 4900
 2538 5086 5407
 3105 4892 5487
 2472 5124 5511
 2126 5226 5587
 1935 5399 5154
 1871 5409 4949
 2229 5111 5379
 1817 5305 5389
 2013 5234 5474
 1838 5248 5734
 1710 5308 5414
 1996 5288 5912
 1805 5223 5813
 1983 5337 6155
 1869 5207 6020
 1981 5195 6011
 2069 5172 5639
 1914 5235 6194
 2069 5307 5817
 1873 5364 5793
 1920 5230 5690
 2013 5357 5763
 1929 5386 5810
 1769 5178 5893
 1939 5186 5922
 2167 5249 6095
 1966 5339 5123
 2213 5249 5682
 2492 5259 6094
 2196 5243 5498
 1817 5309 5371
 2145 5133 5123
 2111 5305 5581
 2316 5065 5842
 2291 5277 4933
