Repetition start
7833 -1618 11049
 5451 -908 13181
 2387 -456 14862
 5042 -1532 13455
 2004 -138 14271
 3415 -597 13426
 5728 -803 12154
 4968 -486 12618
 -451 1106 21302
 6611 -514 14054
 3284 -1507 13555
 2744 -1152 13065
 3346 -373 13622
 4085 -940 13853
 3632 -1098 13435
 4232 -628 12472
 3785 311 12536
 3807 734 13873
 2230 1534 14293
 3195 -80 13449
Repetition end
1
Repetition start
 4577 1136 10114
 1023 2063 8672
 -3068 1428 10545
 3532 6729 12920
 3842 4957 16398
 2222 6482 15173
 1731 2354 14068
 2229 1857 16705
 2257 2244 14967
 862 1527 13786
 2047 2178 11401
 1688 2134 10046
 4574 2163 9502
 1412 2362 12463
 3075 2989 12865
 2984 3022 12702
 2992 2451 12740
 3324 2559 13261
 3021 2686 12736
 2461 2620 12196
Repetition end
1
Repetition start
2853 4817 15797
 2354 1126 16343
 3077 531 13583
 3715 1314 15091
 4004 1890 17983
 4024 1893 13947
 1499 356 12926
 3335 -99 12186
 3998 783 12057
 3466 1651 11907
 5204 1578 10588
 2732 2326 12425
 2254 2073 12905
 2716 1894 12698
 3060 2309 12446
 3276 2507 12830
 3038 2335 12696
 2935 2442 11991
 3215 2582 12062
 2818 2073 10798
Repetition end
1
Repetition start
1388 883 15578
 1999 1446 14109
 2574 2729 15567
 4734 150 16130
 2481 -63 16073
 2375 -77 14070
 4595 2207 15221
 2896 -72 16155
 3257 -1101 13061
 4309 -635 13653
 2673 750 12752
 3507 1243 12141
 3303 1361 10981
 4625 2446 8417
 2647 3289 10240
 1981 3625 12671
 1768 1766 11268
 2767 2952 12870
 2786 2588 11852
 2100 2363 12638
Repetition end
1
Repetition start
2229 3821 13330
 3138 3359 15016
 2014 5243 15433
 2623 3525 14497
 3098 1908 13624
 811 1886 16112
 936 1930 15175
 1590 1011 14333
 416 3935 14704
 29 3771 12437
 4887 2442 11812
 2206 2491 13349
 2952 1812 10858
 2420 2810 13051
 1982 3411 10840
 1565 3879 10717
 5005 3102 8719
 3653 2618 9616
 2101 3657 12062
 3080 4023 12580
Repetition end
1
Repetition start
-2548 4218 11944
 6096 3082 11253
 1355 3029 13431
 3048 243 13918
 921 4732 14566
 2635 1879 15158
 1567 1717 14491
 3198 1266 13986
 3129 309 13723
 3402 -1586 17969
 3451 34 16834
 1948 3321 14894
 1656 1505 13891
 3239 2217 12305
 2944 1052 12229
 1747 2474 12322
 4001 480 11263
 1991 2585 13323
 3414 3364 12307
 3561 2990 10794
Repetition end
1
Repetition start
 4051 3299 11789
 835 2613 16078
 2618 589 13212
 3022 2229 14795
 1377 1820 14884
 3470 859 17001
 2740 1294 15133
 4633 1109 13722
 2017 2163 10903
 4195 3588 11205
 3338 3163 11407
 1045 3368 10471
 1745 4281 11063
 4367 3432 11923
 4724 4396 11249
 1586 4947 12001
 1943 4449 12432
 2676 4779 11960
 2329 3800 11706
 2087 4185 8808
Repetition end
1
Repetition start
1602 5530 14456
 1372 3112 14338
 1204 2637 15920
 1766 3091 16998
 604 4028 14405
 1270 3943 14801
 3681 3007 13074
 3394 3552 11936
 2531 2481 11976
 3376 3214 12711
 1012 2686 11583
 2406 3471 10919
 3316 4641 9372
 854 4254 8791
 3786 4165 8379
 2623 5067 9309
 4429 5611 11004
 3714 5019 10720
 3710 5275 11097
 3739 5200 11268
Repetition end
1