2976 5286 5036
 2928 5426 5247
 3016 5575 5049
 2982 5354 5052
 2857 5497 4983
 2733 5340 5027
 2827 5420 4972
 2865 5311 4950
 2959 5291 4958
 2495 5544 5004
 3287 5657 4341
 2469 5719 4879
 2602 6292 4996
 3369 5672 5330
 3538 5015 5853
 3694 4519 6285
 3798 4996 6685
 3284 5080 6735
 3489 5127 6640
 3183 5535 6303
 3148 5964 6347
 3563 4988 6488
 3661 6458 6174
 1693 6913 6367
 -461 4421 5255
 5 7332 5692
 -2216 6524 5928
 -2574 7227 5960
 -2890 6969 6026
 -2757 7252 5970
 -1861 7398 6163
 -2471 7014 6021
 -940 6827 6198
 1388 6017 7080
 -1012 6396 6866
 -238 7217 7159
 200 7673 7345
 1477 5989 7020
 1468 6492 7249
 1437 6002 6901
 1631 6184 6758
 2180 6362 6132
 1261 6096 6522
 745 6534 6733
 956 6534 6536
 621 6498 6119
 706 6769 5850
 863 6645 5634
 897 6592 5372
 601 6343 5340
 765 6198 5108
 1281 6367 5100
 1269 6195 4901
 966 6155 4912
 1001 6292 5081
 1367 6240 5367
 758 6343 5496
 1248 6042 5386
 1394 6266 5456
 1436 6240 5261
 1469 6050 5215
 1257 6129 5303
 1422 6048 4963
 1063 5961 4840
 1332 6030 4966
 1394 5932 4755
 1379 6009 4699
 1675 6161 4315
 1625 6096 4570
 1283 5890 4635
 1493 5901 4750
 1705 6693 4828
 911 6128 4021
 1507 6395 4361
 1913 6982 5521
 2066 6578 5728
 1912 5921 6162
 2219 6221 7152
 2457 6182 10859
 -2487 7102 11613
 -4175 4296 17264
 -5559 2377 19571
 -5996 1793 22469
 -5612 579 24396
 -5457 -1335 26003
 -5051 -3290 25147
 -5472 -3271 24555
 -6291 -2091 23957
 -6330 -2483 22541
 -3520 -1057 19617
 2519 1786 18039
 -1523 5882 17928
 1687 1873 16758
 -1758 -4076 23686
 -847 -6327 23695
 -5685 -7270 25258
 -3566 -4406 28479
 24 -6626 29475
 -1226 -9769 27269
 -1712 -8433 27393
 -2163 -6272 28835
 -900 -6267 27019
 -2423 -5267 24000
 -2780 -4622 22727
 -1730 -2664 21458
 -2339 -1051 21904
 -2279 -706 21827
 -3071 -103 22798
 -1942 -771 22276
 -2311 -1446 22678
 -2008 -548 22992
 -2799 -322 22312
 -2251 -975 22267
 -2084 -1146 22462
 -2794 -1219 22914
 -2490 -2205 21185
 -1941 -1631 24039
 -859 518 23038
 -2528 362 23943
 -1221 -592 23375
 -1795 -1161 22366
 -2702 -1015 22366
 -3053 -230 21963
 -967 -479 21762
 -849 -145 23013
 -663 199 22195
 -536 -464 22330
 -1889 -1062 22794
 127 -800 22665
 1465 599 24706
 1053 -376 24165
 48 -191 22402
 -921 -777 22458
 2064 30 22855
 909 1641 21713
 -671 1373 19769
 -337 532 19582
 -2279 1499 18984
 1408 1606 18682
 1012 2520 18082
 1138 3675 18212
 -978 4772 17604
 101 4632 16448
 -667 5479 16388
 -388 5977 16591
 329 5516 16127
 -230 4736 16100
 -755 4897 16069
 739 3948 16629
 296 4876 16621
 467 4669 16571
 -417 4799 17885
 -3 5065 17512
 -544 4445 17124
 -1871 3707 15766
 -43 1319 16696
 -1564 2483 17217
 1284 4143 16440
 -792 2426 16662
 -5076 863 20494
 -2116 -1482 20296
 -366 -2190 21506
 5021 -1595 22716
 3376 -330 22000
 20 -1143 23989
 -1304 -1135 24710
 -2047 -322 23920
 -876 -857 21483
 9588 -3472 22205
 6975 -8243 27035
 -552 2931 21835
 1692 -5837 23171
 1579 -4945 22739
 2356 -3756 24068
 2361 -6340 23062
 1683 -4553 23310
 -629 -2690 23588
 -913 -4273 24958
 -882 -2907 24082
 -182 -2000 23465
 2631 -329 21603
 -1956 -1265 16721
 28053 -19751 27883
 -1892 -810 24179
 3287 -7336 21274
 4691 -5878 22378
 6580 -3741 21359
 5833 -4289 20777
 4374 -4582 22350
 6114 -4475 20891
 4742 -3851 21576
 8270 -3884 20884
 -38 -4457 23406
 4465 -4989 22330
 5271 -5119 20909
 7562 -4500 20044
 7919 -4999 20210
 5952 -4965 19970
 5287 -3986 20186
 7944 -2942 21290
 2669 -4680 25787
 6017 -4870 20423
 9186 -1951 21758
 4013 -2765 21195
 3487 -6973 19413
 748 -5886 20831
 -6110 -11211 28244
 -1923 -10478 22005
 -186 -7205 24066
 -5185 -1249 28863
 -1773 -8954 23574
 -11065 -4694 23195
 -4038 -3855 21731
 -2059 -6340 29222
 -3157 -10330 25445
 431 -11423 24331
 -349 -8137 23048
 2195 -9553 22756
 3697 -4933 24537
 3738 -6047 22648
 4869 -7759 22389
 2019 -6640 22352
 462 -7548 28341
 3786 -5692 24493
 -3311 -7370 23329
 -6698 -4614 23626
 -5010 -6265 24718
 -849 -6304 25927
 -5351 -5302 25114
 1364 -4889 24537
 2107 -6565 25234
 -2008 -4798 25171
 1290 -6814 24144
 1305 -6267 23727
 1987 -6936 22442
 4231 -2706 21373
 3438 -4698 20871
 4567 -5922 22931
 -1265 -5525 25023
 4127 -4712 24558
 -1784 -4947 25470
 -2359 -3595 24110
 -5616 -230 24729
 -6883 -3626 22250
 3429 -7903 23844
 -3122 -5239 25385
 191 -5779 24731
 -1582 -3714 24929
 610 -3701 24284
 1216 -4531 22667
 1153 -3479 23651
 2419 -4322 21297
 -1014 -4127 24440
 -2738 -3796 25720
 -1682 -3674 24814
 -1439 -3937 25677
 322 -5498 23397
 -2009 -3219 24488
 2534 -4258 22838
 -1166 -2687 24579
 1466 -3726 24048
 3057 -3328 23223
 -82 -3950 24268
 503 -2050 25502
 2492 -4800 22626
 454 -4078 23462
 387 -4345 24309
 -466 -4046 22904
 1381 -3310 23432
 2099 -2929 23482
 1408 -3745 22731
 1411 -4019 21306
 1837 -3656 20673
 508 -3541 19831
 909 -2628 19607
 -1061 -3976 18430
 -3521 -2698 21395
Repetition Start
 4436 -1985 23362
 928 -2361 26207
 -2555 -1296 27173
 -2340 -1769 26007
 -5504 -1974 27576
 -2186 -5040 28029
 -4089 -3033 28008
 -1157 -1534 27733
 -862 -2475 28893
 -930 -3366 28261
 646 -4280 27069
 -328 -5051 24559
 -2448 -4250 24802
 -2510 -3769 24630
 -2470 -3854 22712
 376 -3350 21545
 -562 -3825 21798
 -1768 -2988 23522
 -1489 -2664 19466
 16 -2005 20650
 -509 -1370 24016
Repetition End
1
 -269 -1667 23659
 26 -1876 24027
 11 -2168 23274
 502 -2874 22713
 849 -2700 22570
 282 -2350 22808
 -360 -2214 23157
 449 -2373 22944
 323 -2098 23043
 398 -2703 21914
 277 -2339 21981
 -193 -2337 18477
 -1495 -1833 18415
 30 -3451 21992
 1381 -2425 24184
 -491 -2482 24187
 935 -2299 25225
Repetition Start
 -540 -2630 24792
 3979 -4140 27077
 -1333 -2894 27404
 -1306 -2747 28129
 -3020 -1433 26832
 307 -3149 27201
 -777 -3737 24917
 -2783 -5841 29558
 -3018 -5631 30005
 -1120 -4234 28027
 -3283 -4151 24957
 -1106 -5602 25684
 139 -2865 23140
 2041 -4144 21911
 1886 -3769 21475
 1077 -2740 21264
 2068 -3155 21438
 1595 -3050 20927
 -700 -2053 21576
Repetition End
1
 1532 -1220 20362
 465 -1658 22824
 1448 -2240 22765
 1346 -1983 23043
 1413 -1525 22965
 909 -1321 22597
 964 -1416 23321
 753 -1683 22474
 712 -1393 22653
 528 -1750 22046
 223 -1587 20618
 29 -1825 19084
 -1469 -2154 18858
 1065 -2537 21030
 -1982 -3199 25492
 -569 -3151 23130
 -442 -2578 21842
 3458 -4867 26925
 790 -5806 27049
Repetition Start
 4207 -3622 29029
 -71 -4023 29575
 -2085 -3592 25435
 -1466 -4114 25529
 -691 -4282 27540
 -651 -4464 27924
 53 -3761 26887
 10 -4607 26172
 445 -3597 24357
 120 -4575 23844
 544 -3151 24690
 2529 -3732 22085
 1348 -5363 21984
 -690 -2437 22187
 -458 -2664 20240
 -2393 -2449 20680
Repetition End
1
 -2963 -2449 20111
 2332 -1396 21112
 628 -1170 20640
 2007 -1325 21625
 490 -1173 22004
 757 -1731 22229
 780 -1041 22579
 1151 -1225 21614
 1101 -1117 21530
 1341 -1619 21901
 232 -953 22400
 -79 -900 22718
 583 -1076 21935
 561 -1134 21748
 120 -1049 22397
 174 -656 22038
 -1175 -1234 19844
 -302 -668 17889
 -2331 -896 18071
 -1606 -2668 20064
 641 -2060 22269
 -1565 -2515 24060
Repetition Start
 -1790 -2164 25881
 4093 -3398 25159
 -194 -1419 24560
 -1636 -4481 27658
 -18 -2794 27561
 -1496 -3414 26496
 -676 -2497 25016
 -1225 -3912 24950
 -1191 -2707 29034
 1591 -4709 27667
 -1114 -5468 28116
 -515 -3354 26601
 -2233 -3121 22899
 -464 -2714 22949
 -2773 -2092 21151
 -943 -2343 21816
 -377 -1725 20914
 -557 -1449 20518
 -2191 -669 20235
Repetition End
1
 -430 -1025 21765
 -40 -1908 21856
 1116 -1339 23814
 405 -1178 21724
 -303 -1299 22025
 747 -998 22277
 -511 -910 22532
 975 -523 22740
 464 -999 22127
 661 -926 22464
 405 -972 22194
 358 -930 21972
 -91 -596 21811
 6 -1284 21557
 -126 -1162 19798
 -606 -299 19676
 -401 -1083 18493
 -1923 -887 19881
 -308 -1269 21246
 -1042 -2662 24006
 1638 -974 24612
Repetition Start
 2170 -3788 25097
 -1105 -3703 25950
 -2351 -1985 26900
 -1545 -3275 26246
 -2505 -1801 26444
 -1153 -3645 25755
 -474 -4152 23959
 -2103 -3408 24906
 163 -3798 28508
 -3393 -1863 28306
 -4 875 25513
 1986 -1424 24164
 -1252 -2978 24717
 -2787 -2090 25005
 97 -3715 24408
 -1304 -1885 21731
 -36 -1357 20549
 -1172 -1229 22407
 -1443 -2361 21236
 -144 -908 20345
 -128 -1705 20443
Repetition End
1
 -1042 -1468 20953
 1726 -815 22912
 -622 -2429 21438
 1141 -1359 22965
 1140 -914 22304
 875 -617 21751
 -144 -184 22801
 -192 -1379 22394
 461 -1438 21699
 73 -1228 20943
 -301 -776 20065
 -671 -1316 19194
 -725 -1149 20750
 -1418 -1613 22546
 -1161 -3412 22307
 -1128 -1478 23006
 -1420 -2568 23557
Repetition Start
 -502 -2722 24052
 -372 -3403 25078
 -366 -7405 27313
 355 -2257 27789
 410 -3042 25865
 -1212 -3489 24450
 -44 -6229 26169
 -82 -6781 27996
 -1446 -5095 28290
 -665 -3404 23231
 1180 -2691 25418
 595 -3596 26263
 -451 -3771 22523
 2510 -1787 21761
 676 -3044 22248
 -611 -2477 24206
 -1183 -1881 22951
 -1656 -1882 20564
 -2421 -1217 20102
 -905 -1885 21243
 1126 -1075 20095
Repetition End
1
 266 -1984 21514
 -319 -2026 23105
 -645 -1987 23392
 -881 -1210 23536
 -559 -926 23474
 -547 -1533 23043
 -533 -1266 22428
 -32 -948 22694
 89 -871 21915
 -793 -1179 20349
 -737 -1846 20946
 -1588 -1695 20263
 -281 -2024 22111
 -930 -1498 21655
 -375 -2332 22531
 -934 -1614 25046
 690 -3177 25875
Repetition Start
 -3458 -2412 23755
 104 -2201 24260
 -1460 -2772 25796
 -1510 -3418 25496
 501 -4264 25905
 -1531 -3388 25311
 -135 -3349 25928
 -395 -4587 28032
 -2015 -4673 28066
 -1878 -4013 27900
 -1947 -1899 25004
 36 -4489 23328
 -2947 -1216 23423
 -3484 -3049 21689
 550 -2831 24103
 -37 -1363 22924
 2762 -2518 21633
 -701 -1713 22483
 1327 -2040 21120
 -1018 -2578 21708
 274 -1231 20523
 -2596 -1754 22569
 511 -985 22626
Repetition End
1
 421 -1913 21940
 391 -1691 22902
 39 -935 22497
 477 -1066 23011
 188 -1112 22677
 53 -725 22667
 -214 -1555 23356
 -228 -1810 21977
 509 -1452 22969
 -506 -421 22819
 838 -833 22349
 -41 -1389 22268
 398 -1699 21838
 -652 -1564 21416
 -101 -1773 19384
 250 -1822 19911
 -507 -2699 21551
 169 -1573 20899
 -3947 -1221 23453
 887 1308 24826
Repetition Start
 3237 -2357 24765
 -916 -1502 26908
 930 -3127 25164
 -985 -2863 26533
 704 -1830 25935
 -1580 -3622 25700
 -568 -3685 24198
 -881 -2277 25360
 -163 -3324 26953
 585 -2523 27494
 1566 -3097 26291
 -1585 -3367 25594
 -1022 -4402 22856
 722 -4319 23788
 1566 -3708 21594
 2164 -1944 23122
 1583 -2563 21432
 697 -2080 22601
 223 -2695 23113
 204 -1408 23078
Repetition End
1
 2029 -2473 20311
 310 -1518 21445
 -393 -3750 22541
 -346 -1599 23183
 1654 -3972 21787
 574 -1902 21793
 949 -1084 22911
 -3028 -676 23572
 329 -2540 24105
 -240 -1376 23159
 179 -3005 22358
 -190 -2603 24284
 -92 -2005 21964
 -48 -714 23801
 739 -1115 22700
 -74 -1117 23983
 -95 -1842 22312
 538 -1473 22948
 -142 -1250 22074
 1160 -488 22676
 -78 -1341 23077
 178 -1225 22732
 -119 -1837 21880
 1061 -1189 23205
 777 -1265 23303
 -724 -2041 22152
 1304 -2888 25302
 21 -2352 24296
 -49 -2526 22901
 -1245 763 24333
 -1173 -1048 20857
 -398 -605 17746
 3741 10224 31011
 -8297 -2856 21054
 1374 -1740 22725
 -1111 -6591 24547
 3 -4640 23152
 1983 -4253 23309
 3177 -3800 23812
 2145 -4972 23093
 -1343 -2409 22779
 -2456 -2858 31330
 -914 539 23591
 -1307 3794 22023
 -3310 3161 20181
 -2561 3866 18883
 -2126 3840 17429
 -2245 4847 17709
 -3816 5050 16486
 -3178 3647 18012
 -5031 6004 14838
 -2860 6741 12147
 1972 8628 12741
 -1234 8061 11010
 -1015 6840 9817
 -152 6657 7324
 277 6855 6369
 234 6834 5490
 851 6093 5119
 1149 5779 4312
 345 4026 3637
 1937 4020 3210
 2514 7737 -1726
 1836 2800 1785
 2455 4492 -249
 2033 3654 -719
 2042 3492 -998
 1299 3909 547
 1645 4523 1677
 1468 5347 -22
 2340 5765 1144
 976 4137 2484
 2153 4939 1774
 1228 5018 1526
 1183 4547 1813
 913 4579 1553
 1435 4530 993
 964 4451 1690
 2073 5759 2159
 537 3945 1337
 1375 6374 1485
 1102 4541 346
 2504 4795 1551
 1734 4908 2701
 1618 4678 1419
 2148 4168 425
 1635 4552 550
 1484 4504 802
 1675 4057 317
 1663 4311 -36
 1618 4230 1076
 1329 4122 981
 1633 4224 1582
 1178 4018 498
 1323 4667 298
 2284 4005 968
 3523 4626 1557
 3795 3589 1382
 3784 4155 1559
 3730 3387 1375
 4179 2062 328
 3950 2399 -303
 3026 3520 103
 3619 3204 -830
 2597 3643 -603
 1855 3302 290
 1269 4010 -867
 571 4819 2046
 648 4808 937
 -283 5634 1084
 455 5441 2436
 -251 5787 2098
 251 6239 2642
 -1571 5848 2850
 -845 5425 2459
 -3130 4469 1398
 -2661 5887 304
 -1010 6014 844
 -3024 4009 315
 6489 2476 -722
 5225 4507 -2310
 3359 1248 1693
 4117 2160 2082
 4232 1329 1505
 3199 1397 117
 3782 3250 720
 3146 8497 -5135
 -850 4814 763
 -1287 4911 -1234
 -2819 5188 1142
 -1964 5103 1422
 -2398 5759 1066
 -2765 5889 864
 -2611 5492 1376
 -2678 6070 737
 -911 6215 1562
 -336 6801 674
 -272 4746 2108
 1194 5007 2353
 1433 4882 1186
 1316 4937 2903
 1388 5463 1748
 1128 5172 2127
 1032 5551 2398
 1963 3760 2660
 577 5819 4134
 633 5527 2430
 -120 6012 2646
 925 5601 1425
 285 5288 2174
 372 5454 1865
 176 5355 1588
