Repetition start
1.03302001953
1.10174560547
1.20373535156
1.25555419922
1.11309814453
1.30529785156
1.02166748047
1.18267822266
1.24627685547
1.23425292969
1.36755371094
1.126953125
1.05474853516
1.00402832031
0.934509277344
0.992919921875
1.01666259766
0.957214355469
1.08477783203
0.957763671875
Repetition end
1
Repetition start
0.984252929688
1.20471191406
1.04052734375
1.04943847656
1.19262695312
1.34912109375
1.28265380859
1.08703613281
1.22540283203
1.25848388672
1.26800537109
1.25317382812
1.26184082031
1.08978271484
1.10577392578
1.04931640625
1.14068603516
1.14068603516
0.974243164062
0.919921875
Repetition end
1
Repetition start
1.04382324219
1.17639160156
1.15911865234
1.21911621094
1.56524658203
1.25732421875
1.18597412109
1.0947265625
1.18145751953
1.14001464844
1.46783447266
1.29040527344
1.14794921875
1.14660644531
0.982788085938
1.01507568359
1.07562255859
1.02075195312
1.02288818359
1.01831054688
Repetition end
1
Repetition start
0.935424804688
1.1181640625
1.33575439453
1.09674072266
1.25897216797
1.16223144531
1.22766113281
1.15197753906
1.13714599609
1.13684082031
1.27551269531
1.11785888672
1.10778808594
1.03173828125
1.123046875
1.14294433594
0.908630371094
1.083984375
0.9912109375
1.01409912109
Repetition end
1
Repetition start
1.23181152344
1.03173828125
1.35113525391
1.08544921875
1.33282470703
1.15704345703
1.20599365234
1.23937988281
1.20275878906
1.25866699219
1.37060546875
1.12554931641
1.04888916016
0.871765136719
1.11639404297
1.06585693359
1.05169677734
0.92919921875
0.844787597656
1.04241943359
Repetition end
1
Repetition start
1.23614501953
1.18249511719
1.43762207031
1.21594238281
1.21759033203
1.27319335938
1.12896728516
1.24853515625
1.15063476562
1.27288818359
1.26110839844
1.22412109375
1.14923095703
1.0732421875
1.06488037109
1.13415527344
1.00079345703
0.923522949219
1.02221679688
0.851501464844
Repetition end
1
Repetition start
1.12420654297
1.17498779297
1.09710693359
1.29876708984
1.24145507812
1.05932617188
1.24798583984
1.00903320312
1.02416992188
1.17364501953
1.20166015625
1.33551025391
1.15850830078
1.05688476562
0.916687011719
0.966125488281
0.971923828125
0.983337402344
0.8603515625
0.878967285156
Repetition end
1
Repetition start
1.03979492188
1.06231689453
1.11828613281
1.28570556641
1.03100585938
1.0634765625
1.17932128906
1.17816162109
1.20611572266
1.21716308594
1.2216796875
1.16540527344
1.01214599609
1.11895751953
1.0302734375
1.08032226562
1.10888671875
1.12524414062
0.827209472656
0.819702148438
Repetition end
1
Repetition start
1.06274414062
1.19818115234
1.15600585938
1.14080810547
1.185546875
1.3564453125
1.23284912109
1.12292480469
1.16979980469
1.3017578125
1.13568115234
1.1630859375
1.27142333984
1.01593017578
1.02294921875
1.05871582031
1.21636962891
0.970886230469
0.991149902344
0.710571289062
Repetition end
1
Repetition start
1.23883056641
1.15301513672
1.13488769531
1.25048828125
1.17010498047
1.30700683594
1.09881591797
1.21276855469
1.275390625
1.11517333984
1.35809326172
1.23736572266
1.05682373047
0.939880371094
1.07110595703
1.15533447266
1.06677246094
1.05401611328
0.869506835938
0.754638671875
Repetition end
1
