Repetition start
21962
21962
25103
25103
25059
25059
21951
21951
21951
21951
19399
19399
19399
19399
18148
16276
16276
16276
17664
15482
Repetition end
0
Repetition start
15701
15701
18384
16234
16234
16234
19944
19494
19494
21389
18990
20684
18724
19481
19481
17377
17377
17858
14651
15705
Repetition end
1
Repetition start
14650
18125
25279
19849
22080
22080
24110
22109
21826
19648
19648
18046
18046
16857
18574
18574
15193
15193
15819
13546
Repetition end
1
Repetition start
13071
13071
16021
16021
16488
19039
19039
19039
20560
20560
20560
20560
18550
18550
19144
19144
17521
20670
20988
20988
Repetition end
1
Repetition start
14111
14111
15792
17538
14897
21985
23528
25439
21625
18362
20539
19362
17768
18275
19967
17461
17461
14382
16149
11239
Repetition end
1
Repetition start
15386
16546
20816
18904
22144
19345
18995
20307
19227
18436
18041
18209
19016
17604
17662
16300
15028
15093
14895
17905
Repetition end
1
Repetition start
19758
21353
21353
14480
20208
21938
17303
17996
18438
19833
18858
18231
19148
19750
17870
15802
14636
16433
13760
17367
Repetition end
1
Repetition start
13805
19329
21673
22026
19710
19710
20956
21632
21787
21787
21105
18492
16356
16329
18504
16737
16013
15639
13739
16214
Repetition end
1
Repetition start
16170
19809
17250
20086
20446
18652
20988
20894
19423
18298
16853
18664
15301
17977
15129
16359
16359
14224
13786
18216
Repetition end
1
Repetition start
16780
18011
19899
20820
18087
21067
19615
20066
21359
21714
19161
16590
18375
17397
17214
18226
14373
15099
14314
17710
Repetition end
1
