Repetition start
1.10009765625
1.07946777344
1.07318115234
1.17163085938
1.11730957031
1.11730957031
1.06903076172
1.16186523438
1.22497558594
1.23358154297
1.00048828125
1.17730712891
1.05670166016
1.10852050781
1.12908935547
0.982788085938
0.982788085938
1.03167724609
0.98291015625
1.01165771484
Repetition end
1
Repetition start
1.12884521484
1.03247070312
1.17736816406
1.22930908203
1.17639160156
1.32000732422
1.24047851562
1.10296630859
1.05944824219
1.18463134766
1.35717773438
1.28594970703
1.21197509766
0.952270507812
1.06610107422
0.996887207031
0.962646484375
1.03082275391
0.965454101562
0.805297851562
Repetition end
1
Repetition start
0.904907226562
0.916259765625
1.35101318359
1.20520019531
1.24993896484
1.25091552734
1.14141845703
1.09625244141
1.17498779297
1.43646240234
1.22027587891
1.28210449219
1.07403564453
0.998596191406
1.16247558594
1.04064941406
1.06671142578
1.02282714844
0.898071289062
0.881530761719
Repetition end
1
Repetition start
0.896911621094
1.09851074219
1.14660644531
1.02386474609
1.35961914062
1.14978027344
1.20672607422
1.08526611328
1.22662353516
1.30407714844
1.37335205078
1.2578125
1.20318603516
1.10821533203
1.06903076172
1.078125
1.15942382812
1.02770996094
1.02209472656
1.03967285156
Repetition end
1
Repetition start
1.01129150391
1.16558837891
1.17944335938
1.29241943359
1.29241943359
1.38537597656
1.15911865234
1.09088134766
1.26263427734
1.53735351562
1.32006835938
1.38739013672
1.16870117188
1.08752441406
1.07257080078
1.14526367188
1.14526367188
1.01483154297
0.886657714844
0.996032714844
Repetition end
1
Repetition start
0.924621582031
0.828552246094
0.880065917969
1.18438720703
1.11352539062
1.29772949219
1.17364501953
1.26904296875
1.20196533203
1.39758300781
1.24346923828
1.16497802734
1.16333007812
1.18768310547
1.09997558594
1.04357910156
1.19342041016
1.03845214844
1.04278564453
1.013671875
Repetition end
1
Repetition start
0.979919433594
1.24029541016
1.16827392578
1.322265625
1.14331054688
1.35766601562
1.25268554688
1.2861328125
1.27972412109
1.35974121094
1.31378173828
1.19616699219
1.36730957031
1.10778808594
1.03790283203
1.0234375
1.03442382812
0.950073242188
1.10430908203
0.970092773438
Repetition end
1
Repetition start
1.02526855469
1.09429931641
1.30926513672
1.34643554688
1.32592773438
1.33227539062
1.21948242188
1.25964355469
1.29351806641
1.25317382812
1.28112792969
1.28540039062
1.19781494141
1.1171875
1.09704589844
1.13818359375
1.05157470703
1.13562011719
1.10784912109
1.01068115234
Repetition end
1
Repetition start
1.19860839844
1.29937744141
1.2041015625
1.31872558594
1.39471435547
1.24609375
1.19250488281
1.27056884766
1.35498046875
1.35504150391
1.29290771484
1.22802734375
1.04534912109
0.938537597656
1.10504150391
0.87890625
1.02038574219
1.02038574219
1.02392578125
1.07397460938
Repetition end
1
Repetition start
1.15789794922
1.34240722656
1.16430664062
1.34088134766
1.14984130859
1.19201660156
1.25573730469
1.18872070312
1.26086425781
1.2265625
1.23016357422
1.1630859375
1.06890869141
1.11999511719
0.971618652344
1.201171875
1.15869140625
1.01013183594
0.999084472656
1.07366943359
Repetition end
1
