Repetition start
24235
24097
24097
20437
20437
20437
21506
17742
21519
21519
19833
19111
19111
16886
16785
18812
18812
13658
13658
13658
Repetition end
1
Repetition start
21988
21988
17474
17474
22218
22824
22029
19729
22551
19333
19958
19958
16655
18749
18289
17519
17519
12094
12094
12094
Repetition end
1
Repetition start
21449
21449
21449
20703
20703
20935
23562
23562
20080
20080
21798
21798
21754
21727
18496
18496
19826
20756
19428
14215
Repetition end
1
Repetition start
20551
23641
18923
25150
24404
22872
22872
23642
23642
22944
22944
22944
20834
20834
19333
16708
16708
16708
17816
13712
Repetition end
1
Repetition start
19282
19282
19282
19172
25560
25560
28671
28801
24843
22306
22770
20805
20805
20805
20377
20377
18570
19683
17135
17135
Repetition end
1
Repetition start
15322
15322
20742
20742
20451
21484
21484
23102
22237
24711
22943
18032
17528
17528
16777
16777
17892
18875
14287
14287
Repetition end
1
Repetition start
17096
21179
23920
23920
23920
23920
22437
22437
21671
22660
22397
21495
20132
17846
19146
19149
20469
20469
18374
13744
Repetition end
1
Repetition start
19650
21561
21037
20591
20199
24045
22903
23545
23378
21404
21404
17652
17652
19536
20105
18101
15598
15598
13454
13454
Repetition end
1
