Repetition start
9138
11583
12495
17128
20184
17530
19369
17905
18343
17622
18135
16902
14821
15242
15440
14847
9340
14801
12687
13956
Repetition end
1
Repetition start
15062
20155
20155
14803
11537
11537
12701
12701
17144
17022
16471
17731
15599
16228
16228
12447
12447
13849
13524
13524
Repetition end
1
Repetition start
15790
12172
15993
17334
17319
13981
18243
16755
14874
16888
15950
17384
16324
15094
16293
13320
13653
12524
12836
12322
Repetition end
1
Repetition start
13962
13590
14298
16057
16078
18191
17322
15329
16665
16864
16238
18341
17130
16519
15853
15185
13545
13849
17050
14936
Repetition end
1
Repetition start
9360
11278
14643
20845
18316
16965
21290
16977
13887
14595
17630
17357
16047
16624
14052
13198
13774
14717
12851
12685
Repetition end
1
Repetition start
15135
14442
15401
17939
16673
17761
14865
18223
15629
16742
17174
17682
11433
16587
15840
14927
11860
13305
11452
14679
Repetition end
1
Repetition start
17347
17050
16005
17746
17469
16530
16443
17580
17081
14888
13647
14626
16298
14022
12209
14585
16370
14406
15302
18457
Repetition end
1
Repetition start
10794
14584
18175
16257
15941
17668
16527
15140
15117
14260
17032
15047
15938
14273
16432
14096
14370
15048
16564
13689
Repetition end
1
Repetition start
12236
15131
14974
19096
17272
15734
16385
19280
18852
16491
16123
15684
14244
11865
14247
17346
11080
14658
10246
10193
Repetition end
1
Repetition start
15436
17416
16405
14970
18785
16085
16295
13073
15808
17251
16239
14674
12455
17408
17700
16229
14895
13875
14006
17390
Repetition end
1
