Repetition start
7536
10479
13139
17136
16229
17986
18549
21309
18724
14662
16648
15124
16304
16230
11530
12204
15744
11913
14142
10279
Repetition end
1
Repetition start
10137
14465
16065
16599
19065
20427
18105
15773
14090
15474
15070
17686
16654
15278
17178
14929
16574
15109
15314
13135
Repetition end
1
Repetition start
17402
17480
15635
15646
16132
18009
19863
19863
18622
15343
18258
21535
19044
17014
13948
12286
12418
11382
13484
11094
Repetition end
1
Repetition start
14096
16834
16733
18438
19336
13712
17137
16020
15730
15875
17623
17861
15399
15248
13515
13943
15496
12339
14762
8914
Repetition end
1
Repetition start
11477
10761
15707
15546
18600
18142
18637
18882
16274
17105
12888
16076
16426
16181
15725
14495
12204
14324
13242
15768
Repetition end
1
Repetition start
16277
18536
17979
15574
16627
19541
15711
15197
16626
19252
17188
17890
17366
16328
15984
12420
15717
14884
12383
12383
Repetition end
1
Repetition start
13116
17226
17344
16279
18395
18058
17640
16968
16954
16456
15287
17555
15966
19386
16254
14489
15961
14329
15279
13563
Repetition end
1
Repetition start
14994
12765
9478
14589
14534
17292
18240
19340
15134
19578
20202
20292
18338
15192
15083
16143
12444
14089
12708
12717
Repetition end
1
Repetition start
15927
12744
13591
14529
16523
15513
17879
17380
15617
17663
17570
18186
18309
16390
15450
14963
14697
13200
12430
12748
Repetition end
1
Repetition start
12865
17237
16210
17934
23073
16822
18016
15049
16997
15579
16917
17161
15266
18189
13223
15415
16607
14511
16586
15842
Repetition end
1
