Repetition start
14283
14540
20109
19649
23303
19688
23756
20047
18030
18414
20775
22095
18329
16602
14560
18924
14203
13583
13356
15870
Repetition end
1
Repetition start
20163
15862
19792
16305
19145
15580
20394
20353
19310
19087
16914
17706
19602
17483
14003
16304
14007
15560
15571
14019
Repetition end
1
Repetition start
14348
14618
12994
15091
19807
15381
19618
19425
19176
20564
17880
17773
18631
18891
18450
18354
19496
16352
14797
15540
Repetition end
1
Repetition start
17511
19991
14681
22562
20747
18065
18516
15252
18266
17840
18606
19431
19325
16973
18419
17146
18589
16559
16199
15171
Repetition end
1
Repetition start
18345
14257
14857
14138
17063
21462
18214
19962
19764
22929
20222
22713
20679
20643
20322
16057
19195
20446
18169
17340
Repetition end
1
Repetition start
14126
18794
19575
20459
20871
23601
17351
19291
17746
17260
18514
18021
16964
16891
16075
15735
15244
17987
18150
12394
Repetition end
1
Repetition start
17493
19874
17740
18054
20301
20808
19059
15397
17615
15576
20025
18357
19052
16674
14156
15220
16288
15728
17769
15479
Repetition end
1
Repetition start
14251
15353
19205
20161
20245
21271
19777
19022
18429
16925
20275
20928
19218
20588
16684
15259
15739
16185
20364
13271
Repetition end
1
Repetition start
13972
18578
18825
16516
20030
19228
18023
18259
19089
19617
17483
20452
20216
15947
14922
17285
15265
11319
16604
15943
Repetition end
1
Repetition start
17297
21766
20388
18129
21353
17927
20240
18849
19663
21685
19261
19093
19926
15100
17952
15216
15790
16458
14791
14607
Repetition end
1
