Repetition start
0.782470703125
0.764343261719
1.06762695312
1.30822753906
1.21954345703
0.919799804688
1.14752197266
1.14575195312
1.06787109375
1.33905029297
1.13531494141
1.17333984375
1.17504882812
1.10034179688
1.05517578125
1.22204589844
0.983459472656
0.996887207031
0.971313476562
1.18041992188
Repetition end
1
Repetition start
1.09033203125
1.08282470703
1.13812255859
1.16583251953
1.22412109375
1.26171875
1.33471679688
1.20715332031
1.45031738281
1.38220214844
1.24371337891
1.13433837891
1.01934814453
1.123046875
1.12786865234
1.03875732422
1.16314697266
0.860290527344
1.06628417969
0.930297851562
Repetition end
1
Repetition start
0.928894042969
1.12982177734
1.26251220703
1.18823242188
1.32440185547
1.40155029297
1.29290771484
1.25207519531
1.30615234375
1.29113769531
1.30841064453
1.29724121094
1.24859619141
1.21026611328
1.16619873047
1.16723632812
1.1806640625
0.832214355469
0.812805175781
0.933532714844
Repetition end
1
Repetition start
0.939453125
1.08074951172
1.22772216797
1.22644042969
1.21716308594
1.21478271484
1.28045654297
1.19909667969
1.36077880859
1.35699462891
1.15832519531
1.19677734375
1.05364990234
1.12048339844
1.17889404297
1.1806640625
1.11767578125
0.91259765625
0.805847167969
0.880432128906
Repetition end
1
Repetition start
1.09698486328
1.15856933594
1.14593505859
1.28021240234
1.30139160156
1.4482421875
1.37145996094
1.1435546875
1.40460205078
1.24346923828
1.33117675781
1.39392089844
1.267578125
1.451171875
0.736938476562
1.25323486328
1.01617431641
1.05169677734
1.05249023438
1.09436035156
Repetition end
1
Repetition start
0.867919921875
1.20245361328
0.97607421875
1.25769042969
1.17767333984
1.18176269531
1.28161621094
1.3017578125
1.25939941406
1.25939941406
1.37017822266
1.52264404297
1.21051025391
1.37017822266
1.17443847656
1.11633300781
0.957824707031
1.02520751953
1.13366699219
1.10699462891
Repetition end
1
Repetition start
0.86181640625
1.01000976562
1.14666748047
1.09301757812
1.15203857422
1.39251708984
1.390625
1.34381103516
1.20104980469
1.49523925781
1.41015625
1.43560791016
1.31036376953
1.20617675781
1.0791015625
1.11181640625
1.05584716797
1.05841064453
1.17028808594
1.16918945312
Repetition end
1
Repetition start
1.10626220703
1.14819335938
1.10589599609
1.40325927734
1.22027587891
1.20941162109
1.26342773438
1.30871582031
1.09014892578
1.46893310547
1.28167724609
1.14196777344
0.985412597656
1.09020996094
0.864074707031
1.05987548828
1.22143554688
1.07556152344
0.966247558594
1.10333251953
Repetition end
1
Repetition start
1.16851806641
1.18395996094
1.17224121094
1.28039550781
1.33935546875
1.20477294922
1.33526611328
1.33740234375
1.39788818359
1.28479003906
1.10467529297
1.13043212891
0.857604980469
1.07336425781
1.01586914062
0.984497070312
0.806274414062
1.25329589844
1.11761474609
1.0712890625
Repetition end
1
Repetition start
0.986450195312
1.27288818359
1.29577636719
1.34228515625
1.16516113281
1.43481445312
1.29046630859
1.26397705078
1.43402099609
1.30938720703
1.23455810547
1.20971679688
1.13854980469
1.203125
1.09790039062
1.19958496094
1.18414306641
1.16174316406
1.18957519531
0.81298828125
Repetition end
1
