2632 12205 8236
 241 12536 8170
 -43 12557 8157
 638 12524 8189
 763 12546 8758
 1134 12218 8804
 112 11600 9297
 5649 9939 10673
 1387 9716 10777
 -1846 10518 11382
 -419 9781 11988
 1381 10971 11150
 361 8660 11594
 562 8537 13212
 -640 9015 11339
 -273 9328 12120
 -1253 9842 10491
 4963 6498 13065
 970 4763 15359
 -5773 2350 17979
 -1100 2206 15523
 -3054 4663 14226
 1471 5669 14634
 -1931 3771 15001
 1876 2816 16029
 -921 2638 16735
 1145 1968 17151
 -1457 1803 16521
 1512 1768 15485
 615 2214 16331
 1001 2617 15895
 -2061 4146 13997
 719 2625 14880
 784 2095 16009
 2813 3005 16987
 341 2105 17646
 523 1435 16108
 2071 1683 15780
 1559 3270 14925
 -302 4070 14418
 1434 2126 15429
 -848 1496 17813
 -1279 1391 17518
 -734 2791 16458
 2121 4084 16566
 731 5615 11358
 -3100 5131 13503
 -985 4424 17193
 2192 2895 15651
 852 1813 16168
 2220 497 14938
 1773 -1106 15347
 92 1805 15058
 363 1483 16147
 385 1205 16994
 198 -1090 16244
 1976 458 15525
 6926 2367 13932
 8074 2435 12482
 -3283 952 21140
 3550 1024 15511
 3100 798 15279
 2785 1040 16278
 1129 2093 16487
 2235 1377 15878
 2957 1726 16387
 -393 2141 17899
 5210 661 16621
 5387 2287 14639
 6648 1003 14051
 9637 1306 11083
 6012 1094 15077
 6183 714 15758
 6953 -576 13687
 5261 3013 14982
 5639 1577 18474
 3010 3165 14294
 581 4851 12936
 237 4899 16531
 76 5728 14689
 728 449 17504
 -1111 1111 16361
 6196 1358 15576
 2250 3167 15246
 1217 2965 17088
 1681 2679 17015
 1638 2943 15413
 6355 3216 13355
 5998 3737 12587
 7882 3427 10237
 8447 2424 14660
 2003 1549 18017
 5378 3317 14395
 4793 2562 15351
 5266 2388 14406
 4501 3513 14264
 5315 3337 13450
 4434 2680 11143
 5164 3545 10173
 2960 3948 11181
 4480 5935 9826
Repetition Start
 -174 5452 12003
 4948 6261 12270
 5370 2770 17044
 7299 5791 19297
 1370 3942 22906
 4737 4737 20349
 2226 5771 18807
 4680 6403 17766
 5351 4517 19222
 3845 3804 18268
 3973 4119 17373
 5082 5504 15174
 3475 4873 14073
 4729 5934 12183
 3882 4572 11041
 4083 5433 13133
 5109 6294 10393
 4069 6112 9317
Repetition End
1
 6907 5122 10912
 5473 4847 9806
 6572 5620 9897
 6039 5899 7643
Repetition Start
 4532 5927 7842
 4230 6262 8238
 3882 4544 10647
 4245 6020 15252
 5461 4426 17080
 3734 4499 18131
 4789 4289 19996
 4390 4510 20614
 3326 4313 18836
 5437 5879 16945
 3532 2949 18122
 3538 3388 19610
 3842 3773 17635
 4308 3759 16433
 5480 4683 14126
 3831 4954 12880
 5035 5168 12282
Repetition End
1
 6977 4089 10067
 3325 4380 10794
 4309 5751 9928
 4419 4736 8250
 6626 6528 7435
 6410 4663 9510
Repetition Start
 2990 5750 10505
 5832 6032 13280
 4443 5517 13763
 2449 6519 17037
 2212 4510 16523
 2384 4458 16082
 3011 5577 18237
 4925 5351 18630
 4522 5844 17858
 3941 5679 17589
 4638 4232 18163
 3350 5010 18078
 5075 5775 17454
 4482 4218 15812
 5129 5560 14913
 4089 4335 12266
 2924 5461 11466
 5509 5271 12651
 2786 6457 9837
 5354 8291 4725
Repetition End
1
 2821 4416 8918
 4486 6773 9705
 6025 5527 9568
 5776 8594 10752
Repetition Start
 1234 5094 13113
 5263 9225 12559
 6693 6811 14807
 2504 5256 17968
 927 7029 17555
 4893 7016 15200
 2440 6165 19407
 2952 6681 16615
 3357 5537 19516
 4764 6190 20094
 3599 5301 17973
 5162 3898 18391
 3601 4588 15611
 4244 4430 15623
 5738 5101 13948
 5460 5911 12469
 3682 6459 11877
 4606 6587 11355
 3762 6789 7107
 4040 6302 5984
Repetition End
1
 4012 5187 9436
 7385 4726 8581
 3911 5329 10261
 6658 5647 12263
Repetition Start
 3376 6419 13683
 2604 5893 13345
 1722 5217 13881
 3961 4919 19661
 2819 3179 18269
 3208 2546 17520
 4206 5747 19400
 3525 3640 17721
 2971 5530 19109
 3488 3544 19276
 3251 4073 17524
 3201 4860 16029
 3884 4471 14802
 7459 5232 13782
 4948 6075 13894
 4460 5752 11338
 4023 6033 10834
 5376 5104 12140
Repetition End
1
 5197 7184 6420
 4484 5966 7476
 5596 5698 8137
 6190 6776 7245
Repetition Start
 4609 7423 8909
 4861 6807 10095
 1281 9213 12033
 3260 4073 14701
 5238 5905 16355
 4630 6670 18632
 2325 4907 16171
 3380 7193 16580
 3452 5049 18488
 2598 4845 19488
 3029 3712 19411
 3431 3784 17892
 3172 4333 16883
 3609 5482 15821
 4070 4622 14994
 3152 5286 14831
 3217 6202 14343
 4945 6421 11862
 6713 5664 10487
Repetition End
1
 4719 4997 8876
 6859 5550 8590
 4030 6161 9096
 5473 5737 8757
 6225 6163 8247
 4274 6389 9713
Repetition Start
 4606 6630 11771
 3371 4309 13167
 5827 3942 13279
 6265 4060 15604
 2243 5318 16593
 2117 4048 17409
 4657 7236 20025
 3378 2866 20360
 4484 2684 17544
 3556 2821 17982
 3016 2897 19895
 3211 2983 20161
 3804 4747 18629
 3642 2552 16354
 3552 4798 14926
 4961 4254 14446
 5064 4634 13778
 5652 5016 13373
 5154 5839 11467
Repetition End
1
 4495 4806 7142
 4568 7511 6546
 5483 7389 10445
 5491 7135 7897
 5007 6835 6187
 4689 6721 6931
 2582 7964 10189
Repetition Start
 5093 6182 11669
 5179 7640 12456
 7872 9220 15380
 5541 7445 15568
 3749 5261 17884
 6339 5737 19478
 5617 4775 17899
 5438 6696 17271
 5134 5875 17761
 3545 5720 18496
 7203 3947 16271
 4195 4420 12722
 5864 6157 13244
 6076 5689 13680
 5632 5605 12576
 5559 6146 11626
 2609 6811 11763
Repetition End
1
 4635 7604 11755
 7047 7164 5965
 3189 6518 7958
 5951 6977 8519
 3727 5697 7466
 4994 9272 9515
Repetition Start
 4585 7459 12010
 378 6170 12653
 2809 4517 15658
 3809 4789 17556
 5115 6334 16443
 3934 4815 19179
 4113 5626 16781
 4800 5745 18602
 4213 5552 18017
 4122 5253 16071
 4108 5688 17282
 2153 6748 16301
 4764 4001 16223
 5422 5215 14341
 5120 5348 12986
 4942 6472 11395
 3713 6970 13449
 4453 7292 12103
Repetition End
1
 4411 6693 9660
 5448 6709 5220
 5392 5131 10641
 4596 4861 7412
 5468 6389 6839
 4352 7128 9156
 5041 7556 10743
Repetition Start
 5487 6072 12887
 3229 5558 15002
 4070 5886 14959
 3847 4676 16731
 4760 6007 16602
 4661 4754 17591
 3424 6066 17913
 4615 5433 18335
 5921 4981 17330
 3560 4558 17347
 4105 4063 15469
 3884 4835 16757
 6483 4293 15454
 3747 4351 15284
 5374 2977 13473
 6669 4756 13285
 4543 5421 13584
 7633 4383 11056
 6302 5000 9408
Repetition End
1
 5078 4567 9989
 5206 4861 12111
 3905 4154 12910
 4638 2783 13288
 5687 6414 14039
 10395 4437 14083
 8682 3986 13840
 8009 3907 14532
 6065 1237 15514
 2637 742 14603
 3117 3490 14048
 6003 4036 13713
 3649 5636 11629
 6029 8274 12332
 5077 5920 13457
 11724 6986 15645
 2857 2591 16222
 7281 -605 15784
 3108 1771 15213
 7814 2093 13871
 4444 2979 14444
 6396 2313 14783
 2333 2601 15480
 4590 2157 15667
 3843 1437 15647
 3612 1226 15420
 2680 1608 16201
 3452 1093 16927
 1439 3616 17156
 1944 2060 16803
 4212 4869 15789
 2563 7353 13926
 2309 8180 12664
