6682 18902 -4871
 6989 18845 -4951
 6718 19076 -4805
 6883 18919 -4858
 6804 18822 -4928
 6871 18887 -4882
 6924 18863 -4950
 6839 18805 -4917
 6819 18908 -5047
 6687 19158 -5082
 6739 18975 -5041
 6666 19246 -5065
 6682 19312 -4589
 6794 18978 -4640
 6639 19369 -3791
 6836 19330 -3130
 7175 19272 -2800
 7963 18766 -2373
 7558 18180 -1858
 7926 18080 -1422
 8319 19537 -1117
 7236 19828 -1308
 7382 20269 -1000
 7813 19846 -1491
 6910 21131 -1386
 1482 17429 854
 3001 19316 4844
 3672 17356 8442
 -639 16804 9477
 2891 13360 9978
 1199 12445 11895
 -677 9629 14752
 -844 8539 15885
 -197 7349 17020
 1059 6366 17076
 1614 4751 18082
 2035 3164 18464
 1718 2526 18314
 1220 2636 17652
 1464 4034 16872
 3432 2546 18057
 8571 3961 16145
 5803 5968 16518
 12886 -1528 17988
 5496 4481 17018
 8200 4324 15491
 10184 5470 12782
 12428 4894 13206
 11237 4337 13887
 9689 5326 14793
 8489 5959 14453
 9469 9573 13000
 10299 7593 13121
 11166 11345 13772
 9875 10595 14268
 9700 10899 13854
 12550 8107 12044
 6842 9462 13929
 5788 3592 16668
 1127 2227 18001
 1472 3263 17906
 4010 10225 18780
 1130 8474 18091
 4135 8687 14905
 4166 6880 16901
 3584 6398 16441
 4101 5638 17022
 5585 5089 17100
 4219 7882 14532
 -262 8937 14450
 -3991 10217 13631
 11066 1900 16265
 -2994 11870 20169
 8311 6905 15608
 4047 7167 15757
 9763 6310 14772
 7475 6208 12730
 10818 6414 16000
 6991 7181 17565
 4727 7379 15600
 4877 6973 17687
 5467 7356 16960
 7479 6385 14662
 8832 7309 14030
 8905 7952 13203
 9138 7930 13453
 4423 7702 20411
 10204 7880 15058
 7808 6387 15064
 6597 6861 17828
 7019 8230 16659
 2795 9617 13009
 1093 6961 15104
 -866 9901 13430
 598 7181 17604
 2128 8163 18948
 3374 7179 15626
 4022 6996 17451
 4369 9192 17448
 4494 9001 16060
 7101 9212 14124
 6895 9513 14047
 10565 9366 12331
 4763 6259 16255
 5775 9325 14975
 6779 8966 15018
 4775 8616 16332
 6770 9021 14959
 6827 9768 15915
 6451 9263 15577
 5390 9373 15731
 6018 9591 15614
 3865 9683 15969
 6058 9470 14430
 4940 10738 15684
 6752 10268 14786
 5804 10061 15558
 6507 10212 15283
 6812 10207 14774
 6804 10505 14975
 6453 10345 14304
 6960 10361 15008
 7025 11592 16005
 6038 9947 15877
 5533 10688 12939
 7909 13264 15816
 5758 9359 15773
 7530 7330 15308
 2699 7584 14717
 5547 12526 14175
 5228 12119 15220
 5723 11665 14098
 5073 11903 14922
 6271 11219 14143
 6187 10535 14439
 5278 11170 14627
 6886 11504 14750
 6053 11642 14206
 6163 11236 13754
Repetition Start
 5834 11436 13889
 5368 11241 11132
 7022 10999 12177
 5335 13187 9422
 7250 13890 8860
 6912 11380 11674
 5409 13305 10940
 6103 12423 16776
 4582 13687 19112
 2888 13873 18499
 954 12020 21417
 2399 12254 18139
 4941 11843 18470
 5982 11241 20825
 6190 13124 17908
 4956 12695 17726
 4246 10483 18436
 4810 12771 17542
 4106 9901 16176
 5092 12324 13381
 4254 11973 13546
 4145 13219 10609
 5064 12116 10088
Repetition End
1
 5640 12352 10665
 3799 15538 11450
 5028 12328 13195
 3479 14524 11650
 6560 12715 12459
Repetition Start
 7730 11767 11493
 4656 13487 9354
 5175 13873 8678
 3321 13618 9488
 6455 11490 13382
 5063 16094 12541
 2964 15506 15540
 4282 13681 16866
 7750 8800 20960
 4686 13109 17646
 3846 12157 17244
 5832 14583 17764
 5114 12042 18446
 4196 11692 19286
 4662 11414 18372
 5675 10671 18139
 7883 12909 15861
 5631 10441 15226
 5971 12545 13305
 4267 13200 11132
 5976 11191 8501
Repetition End
1
 7382 12715 7298
 6824 12268 10801
 2958 13339 9946
 5812 13380 11657
 5609 13068 9744
Repetition Start
 3717 13238 8404
 7926 13337 8566
 3534 13889 8996
 4152 11294 15528
 4849 15358 13861
 1552 14018 15733
 3737 12600 18007
 3531 13407 18378
 3069 12224 17466
 4195 11707 19056
 3770 10528 18448
 4513 9137 19813
 4498 10454 19413
 2278 12865 18512
 5806 9793 16339
 3586 12034 16309
 3687 11590 15999
 3179 13820 13964
 -1348 14452 11044
 2259 13058 8868
Repetition End
1
 7221 12354 9404
 3259 14771 10734
 7640 12822 10437
Repetition Start
 4986 12174 9712
 4711 14393 9206
 6381 13795 7652
 570 15050 11977
 4939 15158 7328
 5052 16109 12754
 2586 15090 14701
 2815 15767 18442
 1104 12426 17974
 2888 10584 18244
 4121 11242 18598
 4501 12358 18475
 4716 12077 19028
 4038 11566 17296
 3266 11105 17539
 4838 13190 15702
 3466 12859 15754
 4850 15103 14819
 5162 13691 14612
 4844 13158 10760
 3835 12687 11924
Repetition End
1
 8649 12383 6971
 5212 12582 11781
 6274 14034 12063
 7289 13528 12237
 7225 13758 9571
Repetition Start
 3572 13088 9887
 6535 14286 8175
 4309 13880 9680
 3764 13997 12247
 1656 13636 12794
 5954 10825 17105
 3705 10613 17318
 4095 12104 17960
 3007 13689 17672
 4744 13669 17792
 3658 13417 18001
 3750 11870 19032
 4441 10874 17940
 4486 11972 19208
 3822 11432 16962
 3433 11785 17116
 4248 11462 15353
 3277 11000 14887
 3836 12368 12993
 3264 12516 11027
Repetition End
1
 5617 12010 10103
 4602 14226 8116
 5749 11331 15373
 3425 14091 10815
 3379 12867 11201
Repetition Start
 3881 12998 12350
 7271 13025 9763
 3204 13113 10344
 6232 14968 10834
 4679 15061 11275
 3575 14313 16503
 5485 12926 15461
 3047 13085 17863
 5150 11051 17794
 3151 10031 19401
 4712 11290 17573
 3775 10848 17401
 3079 9921 19790
 2712 10546 19352
 2533 9521 18351
 4124 12108 15634
 4475 10959 13716
 3549 12962 13898
 5040 12141 12184
 3068 12811 11490
 3909 12897 7947
Repetition End
1
 4672 13602 10671
 6093 12789 9734
 6001 13472 11019
 3654 13029 9233
 3627 14611 9191
Repetition Start
 5159 14509 9764
 6352 13572 10185
 6803 14113 13348
 1952 14382 13491
 5710 12713 17469
 5347 9598 18797
 4759 11391 18324
 3707 12744 20943
 2072 9800 19204
 4947 12792 18448
 5157 12118 17194
 6237 12040 17455
 2525 10830 17640
 2912 10024 17516
 4581 10791 16126
 4555 11517 14781
 4557 13052 13593
 4430 13334 12266
Repetition End
1
 4140 13466 8968
 5197 11930 9507
 5760 12325 11533
 3745 13945 10809
 3695 14329 11352
 5572 13799 9430
 6923 12123 9701
Repetition Start
 6275 12975 8119
 2674 14615 11070
 4199 14336 11020
 3547 17431 14639
 6782 13160 16118
 7085 16645 18215
 2582 11606 16431
 3957 11102 16795
 4666 13459 17629
 4310 10761 20467
 4423 12949 18474
 4286 10842 17380
 4719 11833 17002
 3814 12978 16426
 4589 11818 14439
 5088 12644 13955
 6171 11869 13636
 1803 14112 10789
 7471 13507 11568
Repetition End
1
 6474 11880 9245
 6287 14075 9488
 3457 13731 11570
 5249 13558 10216
 4420 12469 9400
 6075 15220 10979
 10498 9963 9584
Repetition Start
 2507 12966 13201
 5701 14353 12603
 5563 15757 15708
 5562 11493 16483
 4938 13633 17329
 4902 12376 18037
 4491 9576 17428
 3328 12652 18589
 5502 13977 19201
 3778 12206 17620
 4599 12331 17160
 4141 11869 16739
 3860 12084 16059
 2552 9794 15441
 3190 11991 14107
 3897 12430 11763
 3173 14310 11905
 4754 13760 10056
Repetition End
1
 3793 13441 9058
 6439 13775 8461
 3083 13100 9862
 6233 13841 9396
 3982 10951 11068
Repetition Start
 5886 14525 10758
 3155 14535 12460
 2277 14264 11535
 7854 13415 13132
 5248 16145 17437
 5099 13496 19213
 4660 10074 19112
 4101 9116 16057
 3292 14549 19280
 3827 11773 17880
 5261 15013 17260
 3045 12259 19038
 2318 11882 18871
 3205 11880 16906
 1988 14056 16055
 3075 14068 14772
 6607 14709 13182
 5509 11863 13934
Repetition End
1
 4363 13054 11994
 5097 12675 9874
 4381 12771 9366
 5661 14195 11714
 4032 13196 11107
 5637 13877 12434
 8136 14330 12077
 7359 14474 13386
 5387 14675 15185
 5796 12931 14966
 1865 11825 14524
 4879 11048 13428
 4064 12675 13202
 4857 13971 13437
 5531 11369 13268
 5797 14166 14057
 4621 7627 13202
 8972 22477 13736
 2252 11650 14861
 6001 13673 14211
 2142 11862 15933
 5549 11296 17504
 5773 5912 19547
 3727 6980 17346
 8546 7553 16242
 11606 7465 15409
 11918 8469 10602
 15623 11756 9373
 11126 15096 8086
 9485 15404 6204
 9020 15477 6054
 8619 21985 9657
 -1331 18950 6362
 8280 23906 6597
 6110 24938 6421
 3761 22882 5201
 3814 21110 5946
 1520 17121 6848
 809 14139 5358
