Repetition start
13979
16626
22126
17663
20890
22816
23464
23924
23287
23568
23251
18793
17130
16274
14760
15573
15991
14841
15243
18159
Repetition end
1
Repetition start
20898
17452
19606
21535
21535
21612
23158
19843
21880
21880
22200
24437
21800
17682
17415
18911
17369
17369
16900
16900
Repetition end
1
Repetition start
14711
22172
20562
18522
21697
22471
21153
18484
23495
23487
24414
23640
21985
18738
18602
18811
19384
17489
14966
12767
Repetition end
1
Repetition start
20733
22156
22156
20449
21838
21838
18041
20943
21060
23424
24528
23037
22530
20649
20096
19558
19411
17852
18558
18558
Repetition end
1
Repetition start
12943
15407
18072
21228
21688
17495
21404
20560
22754
24551
24804
24364
21680
18576
20608
18671
18764
17739
16237
14483
Repetition end
1
Repetition start
16696
16406
20361
22191
25186
24776
23069
21015
21251
22870
26292
22580
19868
19830
19399
18676
20819
17492
17492
17474
Repetition end
1
Repetition start
19892
20488
20488
20488
19439
19598
18770
23935
23935
23102
23477
24785
27177
27177
26087
25058
21546
20889
19405
18958
Repetition end
1
Repetition start
16650
18501
16552
21829
23160
22081
21265
23700
23189
26152
22076
25625
22034
22301
18213
19069
19871
19572
19515
16930
Repetition end
1
Repetition start
14597
20924
20656
21839
21005
23446
22207
25035
21285
24089
23162
18606
19685
19998
18053
15155
17675
18316
14856
15647
Repetition end
1
Repetition start
16163
18230
19175
20859
19375
23033
21865
20310
20705
20408
23880
19848
22173
20709
17882
17534
15030
18686
19248
18033
Repetition end
1
