Repetition start
2.00421142578
1.82220458984
1.93627929688
1.88134765625
1.88494873047
1.71411132812
1.87457275391
1.80621337891
1.76574707031
2.10137939453
2.0361328125
2.17779541016
1.93530273438
2.09204101562
1.9189453125
1.80377197266
1.90014648438
1.8603515625
1.67572021484
1.71960449219
Repetition end
1
Repetition start
1.75891113281
1.73461914062
1.91766357422
2.14996337891
1.90783691406
2.11938476562
1.94006347656
2.06188964844
1.91381835938
2.26336669922
2.22619628906
2.21740722656
2.00952148438
2.04510498047
2.04510498047
2.04510498047
1.85180664062
1.80261230469
1.77789306641
1.80297851562
Repetition end
1
Repetition start
1.861328125
1.76623535156
1.66491699219
1.80859375
1.78875732422
1.85229492188
2.06701660156
2.15625
2.29187011719
1.93273925781
2.02355957031
2.06817626953
2.20861816406
2.00244140625
1.98181152344
1.93353271484
1.93365478516
1.80224609375
1.76177978516
1.74084472656
Repetition end
1
Repetition start
1.76245117188
1.94738769531
1.94445800781
1.79248046875
2.11071777344
2.21899414062
2.01647949219
1.84643554688
1.93859863281
2.11859130859
2.12780761719
2.01867675781
2.08197021484
1.98992919922
1.93023681641
1.89019775391
1.77557373047
1.78857421875
1.71276855469
1.57385253906
Repetition end
1
Repetition start
1.67260742188
1.81719970703
1.73358154297
2.28857421875
2.03540039062
1.86413574219
2.05590820312
2.06994628906
1.86346435547
1.990234375
2.14129638672
2.05065917969
2.15002441406
1.97192382812
2.00622558594
1.92681884766
1.77374267578
1.95135498047
1.61456298828
1.53887939453
Repetition end
1
Repetition start
1.78790283203
1.70642089844
1.74176025391
2.00573730469
1.97454833984
1.60174560547
2.22058105469
2.1025390625
2.16632080078
2.19677734375
2.06884765625
1.98040771484
2.23785400391
2.01416015625
1.97833251953
2.04443359375
1.87774658203
1.71948242188
1.88989257812
1.85815429688
Repetition end
1
Repetition start
1.65380859375
1.5400390625
1.61529541016
1.85388183594
1.70855712891
2.11987304688
2.07165527344
2.13690185547
2.03875732422
2.17260742188
2.24169921875
2.17907714844
2.08148193359
2.06597900391
1.94665527344
1.96154785156
1.85748291016
2.03936767578
2.09069824219
1.71630859375
Repetition end
1
Repetition start
1.92413330078
1.93756103516
2.26055908203
2.33441162109
2.22412109375
2.18896484375
2.09674072266
2.04681396484
2.12390136719
2.22106933594
2.16284179688
2.21636962891
2.126953125
2.09014892578
2.12408447266
1.8349609375
1.90863037109
2.08947753906
1.72180175781
1.71234130859
Repetition end
1
Repetition start
1.68817138672
1.84881591797
1.80657958984
2.02874755859
1.77453613281
2.04724121094
2.34362792969
2.31689453125
2.02581787109
2.19439697266
2.08728027344
2.19293212891
2.15478515625
2.04998779297
1.94067382812
2.04864501953
2.08630371094
2.13726806641
1.83868408203
1.86047363281
Repetition end
1
Repetition start
1.80535888672
1.88989257812
1.94854736328
2.11358642578
2.22540283203
2.32299804688
2.21838378906
2.10723876953
1.99230957031
2.08074951172
1.92761230469
1.93029785156
2.08343505859
2.18853759766
1.89398193359
1.94543457031
1.98760986328
1.97253417969
1.97015380859
1.74053955078
Repetition end
1
