Repetition start
22817
16727
21333
24822
24822
18097
21190
19625
17424
17424
17666
17666
16579
16579
10665
10665
11721
13124
13124
13830
Repetition end
1
Repetition start
17334
19653
19210
20367
21653
22269
22303
22303
21161
21161
15913
16348
16348
15132
13769
13769
12893
12893
13801
14508
Repetition end
1
Repetition start
19139
23085
18950
20092
20092
20070
21910
20077
19741
19196
18008
16930
13637
16103
12731
12731
14668
15664
16056
16056
Repetition end
1
Repetition start
17429
16474
18781
18781
20542
18994
19087
19332
19370
17019
16695
13667
13667
13482
13855
13855
14075
15531
15531
15531
Repetition end
1
Repetition start
15601
20468
22404
22356
22770
18516
20857
20857
19624
19409
16744
16744
17657
16486
15651
15448
13818
14391
14391
15536
Repetition end
1
Repetition start
18591
18591
18192
18192
18192
24271
23684
17873
19873
19873
21624
21852
20459
15578
15031
13471
13471
11957
14732
16490
Repetition end
1
Repetition start
16270
18683
18852
17789
19753
20490
21410
20048
17677
17677
16156
16156
18966
13675
14480
14480
15482
15482
11994
11994
Repetition end
1
Repetition start
18462
18462
18162
19860
19860
19673
20790
20790
20790
18592
18592
18615
15088
16603
15355
13446
12301
12382
13698
13698
Repetition end
1
Repetition start
17113
19044
19044
18902
17856
17947
21109
19791
17146
17146
16156
15619
15563
15867
15699
14230
14230
12199
14410
14410
Repetition end
1
