Repetition start
1.70440673828
1.69866943359
1.66625976562
1.48461914062
1.73376464844
1.7265625
1.76428222656
1.71435546875
1.76708984375
1.66381835938
1.669921875
1.75671386719
1.75726318359
1.88946533203
1.72961425781
1.71258544922
1.75280761719
1.74468994141
1.63623046875
1.53643798828
Repetition end
1
Repetition start
1.54858398438
1.54858398438
2.01031494141
1.98168945312
1.98168945312
1.94665527344
1.93780517578
1.93780517578
2.03796386719
2.10815429688
2.02996826172
1.83850097656
1.75305175781
1.93316650391
1.8759765625
1.8759765625
1.82116699219
1.79266357422
1.75500488281
1.59295654297
Repetition end
1
Repetition start
1.70770263672
1.68804931641
1.67730712891
1.62158203125
2.01092529297
1.81573486328
1.79504394531
1.77398681641
1.99548339844
1.73522949219
1.85632324219
1.85797119141
1.90478515625
1.97979736328
1.82550048828
1.89617919922
1.8623046875
1.88024902344
1.82879638672
1.77172851562
Repetition end
1
Repetition start
1.71820068359
1.64520263672
1.73596191406
1.73016357422
1.94915771484
1.58178710938
1.96655273438
1.95965576172
1.82116699219
1.89776611328
2.01837158203
2.05212402344
1.98797607422
1.96789550781
1.94946289062
1.89886474609
1.81127929688
1.79046630859
1.63055419922
1.69128417969
Repetition end
1
Repetition start
1.54376220703
1.87896728516
1.77972412109
1.98651123047
1.93267822266
1.892578125
2.00793457031
2.07830810547
2.06311035156
2.06097412109
2.03186035156
2.07293701172
1.88439941406
1.88439941406
2.11920166016
1.95538330078
1.97247314453
2.03009033203
2.03009033203
1.74017333984
Repetition end
1
Repetition start
1.75140380859
1.55035400391
1.50085449219
1.78894042969
1.93695068359
2.04315185547
2.14654541016
2.17376708984
2.17596435547
2.07379150391
2.16052246094
2.03814697266
2.20355224609
2.09753417969
1.98248291016
1.70489501953
1.91223144531
1.97509765625
1.91961669922
1.54400634766
Repetition end
1
Repetition start
1.47222900391
1.55828857422
1.80047607422
1.98797607422
1.81512451172
1.95306396484
2.05841064453
2.01348876953
1.86627197266
2.06811523438
2.10095214844
1.92498779297
1.93688964844
1.94952392578
1.84533691406
1.87451171875
1.78814697266
1.88134765625
1.72076416016
1.96398925781
Repetition end
1
Repetition start
1.61285400391
1.81121826172
1.90576171875
2.00701904297
1.810546875
1.97595214844
2.1044921875
2.17651367188
2.03942871094
1.92651367188
2.00769042969
2.01947021484
1.97076416016
1.93688964844
1.94427490234
1.73931884766
1.97424316406
1.77734375
1.89025878906
1.52038574219
Repetition end
1
Repetition start
1.64947509766
1.91082763672
1.71313476562
1.90490722656
2.04040527344
2.29541015625
2.16461181641
2.11962890625
2.17144775391
2.0380859375
2.13116455078
2.06860351562
1.81329345703
1.92614746094
1.904296875
1.78735351562
1.84613037109
1.9443359375
1.61785888672
1.69390869141
Repetition end
1
