929 13055 14491
 2064 12634 14533
 -78 12214 16003
 332 13440 14802
 2415 13528 13842
 3980 13166 13459
 4418 12465 14277
 3516 12876 14482
 3178 14389 14096
 3528 15867 13102
 3531 16186 12407
 4581 15812 11527
 4758 15707 11553
 5406 15706 11432
 5260 15857 11386
 6246 15250 11654
 6118 14386 11951
 6129 14010 12529
 6340 13114 13423
 6687 13840 13946
 2838 15963 13479
 6460 16186 11453
 3235 16967 11041
 2265 17939 11049
 2811 17984 10668
 2582 17416 10941
 1840 16629 11216
 2169 15738 11603
 3588 15092 12635
 5049 13688 12776
 3825 15404 12766
 6006 16069 12487
 5368 15753 12790
 5692 14614 12040
 5898 13329 11734
 6136 11373 10770
 3376 11226 10559
 4045 10070 13030
 3736 8428 15847
 1236 7755 16867
 1161 6366 18007
 631 4756 17851
 402 3763 17186
 1985 3023 16772
 1722 1608 16501
 3639 240 17049
 5584 718 17314
 8151 -1654 16536
 13565 -7576 20026
 3635 2356 16913
 10503 2332 16588
 7003 2818 15359
 7882 3115 15105
 8510 3873 14738
 8801 5919 16620
 6944 5132 14249
 3770 3190 12899
 -1010 -3531 19007
 3136 -1939 17680
 4472 1768 18549
 3874 4841 16600
 2715 7106 15375
 -4958 8180 13576
 676 5096 17967
 -1384 5609 18182
 -2503 3171 17939
 1732 7753 15871
 5736 7693 16659
 10605 10414 15060
 8533 5927 15382
 10381 4247 14962
 10630 4451 13234
 10517 5317 13020
 11003 5925 13078
 11459 6684 13867
 9647 6171 12547
 11143 6944 12828
 5472 5766 15407
 5321 5372 18145
 8043 8798 17887
 5963 14066 13385
 -2179 10881 14212
 -4541 8572 14650
 9420 2514 17290
 -376 5052 17933
 8342 7598 16206
 6833 7828 15305
 11103 7358 15065
 10268 5280 13286
 5666 5076 18747
 11535 5470 15339
 3359 8289 16004
 4190 9281 17567
 -10449 15997 13202
 16248 2860 21269
 -606 11007 17768
 3026 9942 17873
 8269 4034 16458
 6562 9227 13060
 11952 9060 13091
 3910 5222 21441
 9248 4773 16427
 2188 5328 16162
 3420 9497 18990
 5980 7901 17859
 6566 5965 13433
 6946 7609 15295
 8260 6191 15187
 6598 6094 16425
 8198 6835 14779
 4887 7386 17492
 -3268 12600 14641
 3137 9381 14010
 2352 8773 17171
 2362 6886 17554
 3134 6485 18988
 4448 8706 15950
 9541 7079 14457
 9438 8369 12383
Repetition Start
 6592 9403 16842
 2729 8694 18432
 6763 9029 15932
 4792 9586 17119
 5578 8945 16301
 6665 9432 13567
 9641 10174 13562
 9856 9112 11915
 4419 10518 13147
 6899 10491 13323
 3533 12812 12222
 3963 12794 12978
 4611 12684 12298
 3628 12993 12309
 6911 12683 14835
 2287 12888 18185
 -335 14553 21176
 1337 12995 21349
 3918 10844 17792
 2358 11368 17982
 2758 11145 18978
 3625 13273 20289
 5689 8803 19784
 2933 9659 18848
 2757 10192 16777
 3892 11808 13853
 2252 11176 15309
 4907 11817 14408
 5774 13592 11114
 4977 10852 11626
 3777 12314 12083
Repetition End
1
 7212 11753 11402
 6662 12054 11919
 6256 10759 13198
 4891 11305 13898
 4867 12208 13244
 5589 11920 12184
 6332 11305 10931
 5223 12229 9556
Repetition Start
 5742 12941 10135
 4073 12433 11914
 6305 12369 12745
 6833 12027 16365
 4134 12276 14848
 2999 14912 16813
 4188 11276 16322
 3115 11345 19322
 2225 10764 18367
 4289 13242 19552
 5223 11799 19452
 4838 12610 18882
 4248 11215 17461
 4181 12392 16934
 3885 12095 14360
 4448 12576 12510
 5695 12442 10992
 6028 12822 10690
Repetition End
1
 7938 12707 10366
 8531 14361 10472
 5323 12274 10813
 4238 12338 10794
 4766 13453 12597
 7190 12138 12020
Repetition Start
 6851 13273 10372
 6888 13560 8490
 4625 13891 8762
 7224 9704 12704
 2720 13438 13149
 4713 12900 12735
 5843 12358 15665
 7944 12549 14835
 4621 13393 19536
 3972 12648 19289
 3502 11150 17014
 2607 12687 17860
 5816 14677 17059
 4099 11430 18356
 3981 11743 20462
 3552 10859 18397
 269 11651 17090
 3917 11805 16748
 5136 13077 13466
 6512 12443 12726
 4292 13556 11680
 5163 14198 12603
 4284 14081 10500
 5373 12981 10168
Repetition End
1
 6185 13467 10085
 6877 12582 11717
 5453 12916 13020
 6436 14110 11388
 5599 13403 9532
 6240 13430 9434
Repetition Start
 5022 13676 10178
 4751 12205 10502
 5959 13855 12092
 4344 12500 15014
 3449 15390 17866
 4813 8473 16082
 4274 10264 20044
 5377 9744 21235
 3127 12827 17084
 2443 11305 16504
 3095 11222 17445
 5465 11492 17754
 5017 10959 18886
 5075 10323 17676
 5472 10152 18487
 2297 12176 18130
 5098 11435 15092
 5324 11494 14151
 4690 12018 12383
 5045 13575 10684
 3725 13572 10765
 1899 13344 10543
Repetition End
1
 6323 13967 8935
 2898 12391 11187
 5469 12709 13194
 4331 13020 12855
Repetition Start
 4424 14194 12295
 3948 13677 9779
 5364 14296 10113
 5401 14353 9919
 4632 12290 11481
 8943 14113 14440
 2968 15420 14960
 3368 13515 15997
 4386 11367 14789
 5115 12811 15758
 5979 12627 19744
 5975 12591 15348
 2481 11630 16420
 4432 11793 16383
 5318 13265 16500
 4323 11337 17938
 5154 11087 18985
 3731 11625 16952
 3649 12598 16623
 3588 12662 15319
 3084 10972 15005
 3117 13627 15227
 4006 12545 14346
 -751 14018 13326
 3680 12634 10139
 5599 9977 9637
Repetition End
1
 10074 12844 12033
 4370 12334 12750
 6125 12850 11159
 3836 14272 11741
Repetition Start
 4380 13206 11707
 4804 12611 10543
 5717 13104 9716
 5647 12807 10751
 6563 14501 11798
 8022 13141 11188
 1304 12344 12595
 7797 11127 17458
 4795 15153 14500
 4894 12657 15125
 4915 12404 17051
 3213 13629 18651
 6434 13352 16206
 5271 12355 17069
 4042 13061 16793
 3359 11196 17892
 5155 11619 19891
 4220 11299 17481
 5317 10598 16498
 5202 13564 13244
 5623 13018 14855
 5601 14867 13607
 5616 13900 13106
 7454 13486 12282
 5269 14533 10963
 5599 12947 9626
 8225 13042 9697
 3506 15878 11060
Repetition End
1
 3126 14703 11186
 4384 14159 11355
 5812 14474 12242
 4886 13895 11745
 5615 14758 11821
Repetition Start
 5177 12919 9000
 3451 13008 8773
 5130 13753 7582
 6656 14579 9139
 2435 14047 11511
 6731 14758 13490
 4189 14370 16173
 4351 14675 14916
 5638 14362 15011
 2452 15800 15151
 4363 14989 16244
 5463 14385 16880
 4462 12738 17970
 4532 12859 18311
 4026 12788 17289
 4816 12771 16262
 2076 13105 16713
 3261 11120 16374
 2714 12377 14766
 6223 12107 13808
 4241 14307 11885
 6535 15328 11550
 7581 13114 11184
 7189 16030 11035
 4587 14194 9339
Repetition End
1
 5769 12040 11268
 7471 13543 12217
 6872 13720 11969
 6190 14823 12661
 5167 12893 12192
 5057 13806 10739
 3427 13532 9181
 3629 13985 5529
 10943 12269 9023
Repetition Start
 6264 15110 10151
 5071 14942 11732
 6764 15322 14951
 6500 14994 16753
 5865 14118 16457
 6400 12912 16552
 6394 11641 16318
 5120 12688 15727
 5311 11815 17672
 5652 12310 18428
 5611 11566 18259
 5063 12888 18362
 4981 13152 16715
 6916 12418 14911
 6069 13454 15278
 5401 11332 13331
 7010 10692 13569
 6542 13590 14102
 7246 10845 10119
 5973 12226 9856
Repetition End
1
 6644 12818 9281
 6622 9738 12685
 6414 13860 11913
 6873 13673 12008
 6241 14569 12143
 5510 13248 10846
 6173 13773 10447
Repetition Start
 5424 12885 9350
 5348 13831 11112
 3819 14550 11230
 6986 12648 13605
 3578 12371 13125
 5833 12174 15535
 5565 13771 19062
 4704 13422 19834
 3575 12518 17098
 4259 11974 19720
 4519 11033 18646
 6030 13092 16807
 5648 13116 16540
 4509 12196 16882
 4623 10557 16616
 5213 13321 15031
 6696 13056 14430
 8424 13004 13589
 4963 12388 12774
 5999 12672 11811
Repetition End
1
 4418 13143 11699
 4569 13093 10982
 5439 14385 9757
 8187 13524 10659
 6923 14254 11028
 7179 14411 10841
 6197 13875 9964
 4720 14021 9901
 5954 12893 8991
Repetition Start
 4422 14332 10825
 6152 13517 11295
 3641 15280 13004
 6475 12415 15739
 7020 14076 15365
 6069 14247 17744
 6305 13523 16518
 4301 12033 18191
 4355 11614 16673
 4201 12857 17033
 4700 11093 15789
 4376 10892 16358
 5882 11461 16792
 7396 9824 18637
 3336 10434 17261
 4610 10397 16867
 5444 11267 15854
 6064 13617 12637
 5600 12861 13818
 2713 11948 13856
Repetition End
1
 7054 12625 13188
 3953 13225 12938
 5194 12265 11965
 5955 12992 10872
 6907 10508 9873
 8474 12836 11608
 6560 13681 12664
 6363 13578 10783
 7624 15106 12621
 6713 12987 13873
 6076 13963 14119
 6065 12526 13864
 3921 13561 12379
 2678 13977 13014
 4818 15454 13569
 8202 11557 12456
 7791 11625 14626
 3088 12040 14784
 7255 12634 15084
 7310 10535 14968
 5930 9002 14830
 6699 11132 16844
 5814 8493 15375
 6410 8548 13774
 6996 10030 14691
 7659 9379 15096
 6036 11038 16101
 7376 8658 15738
 3949 9047 14545
 5970 8492 16499
 5668 8247 15819
 4050 8871 16347
