-828 12122 16040
 -1290 11874 15863
 -557 11863 15739
 -1315 11983 16272
 -29 12142 16962
 552 12357 16994
 2399 11481 16735
 4194 9926 16346
 7062 8658 14208
 6017 9359 15190
 6650 9586 15546
 6728 9961 15601
 5293 9515 14947
 5099 9829 14565
 6646 9702 14334
 3729 12355 16355
 5325 11849 13798
 4501 15031 12341
 3302 17179 9817
 3951 18587 7797
 3792 19479 5556
 4086 19314 3627
 3935 19790 3011
 3728 20686 1949
 3773 21025 850
 4190 20504 490
 4246 20149 871
 6502 20435 567
 7652 18060 773
 7039 19584 688
 8489 18290 -573
 10260 18210 -1134
 9592 18666 -1004
 9472 17701 -1956
 9808 18216 -2205
 10496 18249 -1615
 9990 18084 -1514
 10435 17532 -1772
 10536 17714 -1772
 10321 17464 -1580
 10067 17627 -1589
 10010 18092 -1943
 9921 17899 -2137
 9989 18016 -2193
 9760 17842 -2577
 9698 18058 -2762
 9516 18100 -2821
 9263 17941 -3062
 9051 18194 -3222
 8914 18221 -3505
 8582 17814 -3446
 8585 18210 -3920
 8456 18204 -3906
 8457 18404 -4182
 8414 18288 -4313
 8482 18322 -4343
 8341 18310 -4551
 8326 18401 -4536
 8290 18349 -4378
 8111 18406 -4525
 7756 18777 -4525
 7941 18932 -4638
 7292 19355 -4258
 7094 19380 -3617
 7766 19070 -3564
 8121 18132 -3003
 8841 18886 -3218
 8684 18824 -2560
 8281 19017 -2538
 8249 19153 -2616
 7919 19133 -2639
 7613 20353 -2609
 6277 20653 -2205
 5826 20084 -1931
 5088 19903 -1705
 3994 20498 -1146
 3212 20366 -329
 2580 20461 -473
 2162 20427 -467
 2118 20798 -734
 2469 20996 -1173
 2633 21308 -1514
 3186 20784 -1125
 2685 20486 -357
 3435 21957 -596
 8057 24160 -2666
 5592 19624 73
 7015 20045 773
 7083 19271 130
 7906 19307 748
 7934 18393 1635
 7780 19523 1873
 7370 19004 2276
 7479 19750 2649
 6747 20078 3587
 7917 18138 4502
 9423 16171 4995
 3329 20076 5741
 2021 20520 8417
 4360 16465 8863
 2554 16466 9331
 -1867 17311 9867
 1144 13367 10990
 2046 10622 15084
 -188 6615 13342
 18 4612 14702
 1389 3671 14422
 -1831 3722 17586
 3863 4266 19406
 5509 6762 19045
 4850 5898 18767
 12128 602 20246
 3182 5217 20392
 2738 7578 18313
 3062 7098 18290
 6022 4702 17896
 452 5922 15956
 2418 7362 15429
 2471 6668 18029
 3145 7136 17703
 4061 5309 16877
 2365 5608 16534
 4985 5081 16459
 5344 5191 16941
 4054 4424 17134
 3335 4762 17444
 3543 6639 16456
 2639 7443 16449
 3437 7491 16556
 3158 8129 15847
 4214 6443 13192
 5468 4362 20378
 5159 2927 18794
 6568 3214 15954
 5633 4472 16740
 5912 4081 15564
 5279 4509 16111
 5893 5352 17076
 6012 4840 16759
 7640 6877 15108
 8442 6800 14862
 6522 7000 14732
 8766 6543 15305
 7805 6656 15597
 7283 7092 15727
 7109 7070 16087
 7572 6276 15604
 8959 7737 16055
 7223 6781 16755
 7312 6150 12564
 10120 6802 13571
 6902 5419 14178
 -2276 1685 21709
 4406 1705 17522
 1629 1040 16035
 3245 2455 18434
 510 2994 17917
 305 1885 16808
 -1303 6143 14105
 -2796 6133 14785
 5435 -3786 18300
 -1495 -89 17712
 3077 2776 16114
 1530 2539 17383
 3684 1918 16330
 7547 2951 14631
 7507 3231 15056
 7669 3988 14748
 -179 6465 23865
 8810 4215 16903
 3282 3130 17038
 3285 3758 17031
 2311 3980 17298
 3705 4066 17945
 5582 4831 17167
 5384 5816 15516
 7567 4829 15168
 6647 4877 14246
 1490 2601 18238
 4074 3957 16651
 3511 4701 16395
 3847 3723 17014
 3379 4165 16716
 3793 4602 17161
 3052 5003 16895
 3654 4975 17267
 3762 4481 16497
 2720 5116 16532
 2809 3244 17222
 4242 4741 15760
 3982 4260 17502
 2344 4869 17747
 4969 4350 17093
 3868 3170 15578
 2701 3293 18371
 2867 1185 15763
 2821 2960 16749
 1972 4676 16518
 1432 3369 16573
 1847 5175 16641
 2116 5865 17574
 2326 3874 18962
 1503 766 16817
 4009 3936 17638
 1566 2985 17576
 3039 1842 16263
 2533 5666 16846
 2929 3204 17672
 998 2098 16443
 359 1851 16964
 1709 -426 17941
 2225 261 17228
 23 4736 14055
 2591 4515 17757
 -4786 7134 17635
 4009 -4119 21713
 -4599 3337 17410
 991 3073 17580
 559 3509 16699
 2867 2272 12946
 3273 4602 18400
 5232 3427 16267
 4200 2508 16693
 6588 1616 15448
 2425 4616 17646
 4497 4713 17372
 6834 2278 17520
 1570 5917 14525
 417 5218 17159
 -5804 8351 14024
 11828 -2958 18532
 -3694 12420 18337
 3773 6893 16994
 3268 4588 17734
 2799 6168 16795
 4121 5183 17399
 6369 5795 15562
 7692 5664 14194
 7956 6414 14298
 -2519 3808 20436
 8897 6621 15145
 4233 6998 17407
 4788 5851 16374
 4481 5683 16166
 4420 6201 16612
 5466 6547 15974
 4757 6592 16929
 5504 7499 15751
 5178 6708 15737
 5603 6003 16880
 4314 6360 16303
 4150 7720 17899
 4206 6678 18179
 5831 6154 15715
 5979 5920 14907
 6928 6220 14423
 7275 7712 15466
 2702 6894 19187
 6207 6772 16598
 4718 6551 15159
 3197 8940 14497
 5325 7816 12291
Repetition Start
 4820 10832 12984
 4421 9866 12424
 2766 11002 13829
 5027 8206 17812
 4551 8773 15414
 5181 8622 15290
 2707 9780 19876
 1814 9707 21339
 2656 8394 17605
 4121 6582 19398
 1978 9887 19961
 2865 10813 17872
 1623 8972 19277
 2327 7627 18152
 2791 9267 19836
 2836 9387 18595
 2298 10041 17096
 2441 10183 14915
 3427 11446 15296
 2756 10913 15548
 5342 9801 14906
 5785 9679 11764
 6763 10130 12041
 6037 10987 11502
 3490 11582 12324
 4849 10801 14781
Repetition End
1
 5112 10772 13942
 4359 10747 15032
 4970 11055 14693
 5039 10926 14878
 5010 10751 13793
 5442 10954 11259
Repetition Start
 3655 11469 11073
 3301 11254 11683
 3176 10293 14716
 2999 9317 16500
 4503 10495 16226
 2897 10177 18180
 2330 9582 20241
 1770 9345 19740
 -477 9116 19745
 3310 10406 18176
 2331 10419 17375
 3194 7838 19091
 1575 7463 20895
 1259 8066 21160
 3233 7052 19734
 2462 9151 18835
 3493 6760 17222
 2244 9039 17806
 3558 8661 15207
 2765 9885 15021
 6033 10809 12764
 3857 10468 11046
 3146 11031 12758
Repetition End
1
 4714 9710 13180
 5601 10155 13432
 4192 10558 14607
 3805 10853 13994
 4258 11023 14701
Repetition Start
 3990 10766 14574
 3753 10544 11493
 2012 11588 12084
 5316 10110 15127
 2538 9284 16168
 375 9317 18132
 336 10977 17378
 1013 7673 20780
 1952 7778 19310
 2932 7460 18822
 927 7790 19541
 3036 10317 17628
 2047 8392 19905
 1445 6917 20310
 1744 7598 18836
 2514 8033 18709
 2064 8258 16983
 2984 9221 16669
 2350 9267 16738
 1357 10450 15984
 2571 10823 14114
 3701 11516 13018
 3264 12181 11198
Repetition End
1
 3938 11694 11853
 3192 11136 13431
 4595 10939 13092
 3154 11888 14333
 4295 11299 14223
 4130 11373 14011
 3620 12067 11757
Repetition Start
 3668 12334 9758
 3620 11883 11808
 3578 10829 14060
 2859 9840 14979
 2284 9552 18089
 3067 12375 17686
 2886 10841 16179
 2021 9540 18978
 888 9005 17901
 1474 8959 17940
 1213 9701 17830
 3331 9794 16866
 3158 9625 18298
 2957 9881 19931
 2227 9158 19666
 2625 8182 17709
 2972 9729 17751
 3280 9377 17237
 4891 9398 17911
 1779 9761 16267
 3449 9893 15683
 4226 11302 14796
 2384 11840 13222
 4811 11230 12532
 4545 11973 10142
 3690 11470 11836
Repetition End
1
 3697 11194 12867
 4189 12184 14187
 4861 12859 13438
 3864 12996 12933
 4314 12973 9879
 3767 12267 10119
Repetition Start
 3711 12797 11611
 3898 14724 13771
 3862 12960 14780
 1716 11466 16666
 2972 12332 16409
 4538 13067 17513
 3533 11720 19081
 2532 12266 18353
 3447 10653 17401
 4046 10084 17148
 2747 10724 18438
 2054 10787 18993
 2996 9235 18358
 3089 9736 17784
 4049 11126 17525
 3777 10894 17344
 3043 10849 17231
 1598 12284 14911
 2745 11131 13281
 3582 11213 14075
 4681 12396 12530
 4546 13179 10131
 5035 12166 10486
 5193 11481 12823
Repetition End
1
 5478 11319 13795
 5193 12245 14060
 4897 11794 13993
 5006 12276 13487
 4807 12191 12481
 3801 12000 11201
Repetition Start
 4433 11771 10568
 4950 12267 11303
 2399 12398 14416
 3150 11413 15542
 5358 12386 16238
 2876 10626 18503
 2382 12088 18296
 2716 9577 17868
 4683 10498 18574
 4300 7897 18709
 4272 9157 18386
 3093 8415 20357
 2768 8991 19848
 2887 8097 19109
 3995 9116 17816
 3391 8586 17157
 1992 9495 16207
 3120 9684 15166
 2813 11013 14736
 4424 9454 15075
 5331 9617 14141
 1411 12952 11450
 5360 11991 9732
 3727 12427 12442
 3128 11984 14065
Repetition End
1
 5402 11573 14163
 4791 11761 14347
 5060 12273 14543
 3716 12387 13547
 4075 11977 12082
 3510 11194 10425
Repetition Start
 4113 13331 10223
 5257 12137 11775
 3224 11496 14148
 4438 11773 16636
 4950 9437 15626
 4560 9897 18443
 945 9419 19649
 1845 10600 19203
 2368 9773 18069
 2129 9545 17944
 2446 9134 16907
 3201 9764 17985
 2629 8843 19719
 3120 8212 18760
 3813 7982 17710
 2738 7631 17533
 5669 10351 17246
 5147 9339 16405
 3171 10249 15779
 2014 9842 15466
 1839 10358 14541
 3144 11788 13234
 6585 10682 10397
 5619 11720 10643
Repetition End
1
 3348 11527 14469
 4232 12210 14061
 4497 11924 14404
 4072 11130 14198
 3881 10931 13153
 3432 11566 11720
 4518 11377 10357
 2830 12227 10985
Repetition Start
 4714 12187 13357
 4482 12264 13151
 6355 9574 15725
 4976 11732 19748
 5382 9990 17833
 3177 9467 18334
 4602 7214 17833
 3563 9014 18400
 3076 8051 18784
 4180 9002 18728
 4705 8343 19017
 3216 6537 16384
 4192 9747 18838
 4558 10202 18316
 3731 10302 17462
 3693 11911 17186
 4520 10177 16642
 4996 9915 15486
 1969 11173 15020
 2346 13071 13694
 2033 12088 12530
 2567 12404 9669
Repetition End
1
 7274 11511 9581
 4486 12389 12664
 5971 11250 12900
 5093 11641 13605
 4788 11829 12213
 4018 12192 11407
 4760 11969 10656
Repetition Start
 3757 12483 11142
 4755 11758 15603
 5218 10807 14815
 7855 9658 16841
 1938 13079 17426
 4555 10629 18155
 4653 12404 17891
 4131 11107 18410
 3987 11591 18684
 4897 11935 20090
 2502 8851 18785
 3767 10328 18033
 2963 10069 17271
 5093 11192 16299
 3048 11983 15565
 6507 10876 15200
 6325 11530 14164
 7587 11118 14122
 6244 10980 14453
 5457 12159 13082
 5357 12065 11976
 5484 12722 12068
 4656 10931 13418
Repetition End
1
 5149 12395 13138
 5165 12274 14345
 4798 11482 13920
 4484 12038 14274
 5569 11090 13476
 5178 10913 12689
 3720 11469 9700
Repetition Start
 7082 11795 12256
 5005 9917 10776
 4732 14612 11958
 3974 10911 13758
 -263 11881 18540
 1326 12670 18771
 2557 11490 18775
 2216 11425 18640
 2898 11780 17431
 2517 10422 17569
 3608 11210 18202
 3224 10319 18377
 4387 9415 18001
 1728 8655 18594
 5133 9067 18143
 3546 8033 16697
 1813 9102 16262
 3937 9112 17029
 3484 9457 16015
 4714 10101 15539
 3717 9009 14859
 3312 11745 14707
 3721 11284 12726
Repetition End
1
 5299 11034 9389
 4518 10972 14027
 4612 11629 14250
 4980 11858 13313
 5783 10962 14571
 5211 12243 13488
 5506 12265 13838
Repetition Start
 4914 10572 12410
 3914 10928 11738
 3879 12524 13241
 6503 7541 15169
 914 13636 15575
 4276 10270 14877
 3402 12354 15896
 4462 11389 18013
 2826 10684 18241
 2542 11684 18365
 3862 10523 18553
 1811 8784 18150
 3690 9227 17816
 2527 9322 18663
 3229 8024 20380
 3027 8949 19716
 2004 8755 17435
 4090 8628 15857
 1998 9344 16208
 2619 10603 16649
 5075 12469 15715
 3736 12527 14103
 2957 12096 13512
 3549 10406 12844
 4779 11244 7751
 5225 9765 14194
 5433 10170 14701
Repetition End
1
 4589 10189 14467
 4232 10999 15666
 3906 10996 15409
 3715 10162 16212
 1727 8414 16575
 3320 11679 15366
 593 6828 15474
 1902 8271 14645
Repetition Start
 7056 11401 15455
 3431 13474 12184
 3392 11343 14086
 6566 15222 18142
 754 8189 14899
 7131 9098 17508
 2234 6842 18133
 3907 4950 16586
 5307 6062 15541
 5500 7435 16530
 6542 7863 17043
 5009 8002 15849
 4422 8217 14569
 4327 7577 16938
 3396 6833 15700
 1151 7209 17629
 2572 7076 17922
 2465 8387 18477
 1519 9445 18060
 2929 10742 16724
 1035 12991 14910
 3442 14068 13268
 3107 14895 12768
 2692 15384 12381
 1676 16342 10906
 2550 16662 10751
