0 0 0
 170 -59 16529
 160 -5 16421
 145 39 16391
 301 -95 16478
 144 -88 16475
 118 -161 16482
 203 111 16459
 391 -19 16532
 2 -45 16363
 254 -113 16477
 83 30 16494
 240 -3 16422
 78 133 16520
 143 18 16462
 192 63 16549
 146 161 16489
 31 132 16467
 238 204 16457
 191 184 16517
 200 110 16486
 279 84 16349
 175 113 16492
 250 124 16506
 179 192 16623
 188 140 16504
 160 129 16487
 217 73 16471
 292 6 16442
 282 101 16526
 389 59 16636
 190 166 16544
 516 3 16285
 296 155 16564
 421 319 16448
 292 337 16508
 191 234 16545
 235 210 16588
 227 244 16521
 179 251 16531
 145 195 16535
 344 482 16584
 287 132 16421
 280 264 16654
 801 -142 16884
 998 -323 16305
 1055 -679 16183
 673 128 16495
 661 279 17014
 1816 -109 16496
 1044 641 16568
 697 892 16378
 888 196 16875
 12 1249 16527
 -146 937 16168
 670 766 16718
 388 1002 16834
 398 1284 16595
 775 914 16648
 995 775 16722
 917 691 16695
 1213 736 16501
 831 850 16962
 1507 784 16934
 1228 853 16855
 1187 1108 16875
 1339 847 17333
 1000 1967 17062
 1011 1127 16302
 1108 1378 16985
 1448 1233 16550
 1292 1094 16681
 1354 1240 16772
 1251 1175 16748
 1320 1187 16858
 1460 1177 16869
 1403 1177 16905
 1418 1234 16826
 1296 1237 16594
 1465 1147 16598
 2024 1208 16508
 2568 537 15664
 -1292 666 18339
 1409 -223 17304
 196 318 16519
 552 538 16360
 520 379 16555
 724 348 16642
 712 233 16511
 787 415 16479
 809 193 16576
 764 938 16844
 532 1381 16493
 518 -76 16895
 1411 20 16391
 899 358 16549
 1248 124 16435
 732 106 16522
 917 248 16722
 859 457 16771
 961 503 16463
 643 403 16532
 586 192 16592
 732 118 16448
 713 309 16586
 1049 388 16622
 817 492 16594
 1005 399 16583
 851 463 16609
 826 653 16610
 916 664 16711
 857 562 16488
 821 638 16507
 729 564 16640
 872 705 16618
 763 655 16604
 766 501 16595
 780 565 16628
 907 534 16629
 778 266 16668
 804 217 16774
 635 422 16739
 1391 404 16359
 1079 68 16239
 1627 976 17305
 1923 1065 16683
 788 -300 17418
 792 256 16624
 364 1681 16672
 -142 1780 16394
 -1419 2355 16831
 -1545 2776 16392
 -2360 3075 16552
 -2123 2039 17212
 -1206 2001 17917
 -2365 3366 17289
 -2535 3738 17532
 -4244 3276 18260
 -3196 5353 17597
 -2765 7035 16669
 -1176 6240 15960
 1395 7187 15939
 2142 6480 15329
 2036 5238 16431
 1281 4768 17395
 1446 5990 17106
 1625 6213 16218
 1662 6053 16359
 1624 6108 16722
 2300 4506 16716
 362 6343 17218
 755 6812 17911
 42 5800 17110
 2382 7255 16899
 -1657 4566 17961
 312 6678 17212
 1067 5260 16111
 1831 5804 16477
 2814 6331 17144
 2472 5387 17324
 2337 4978 17165
 4266 4986 16546
 1622 5659 17841
 2058 4910 16653
 2443 5202 16686
 2482 5204 16951
 2614 5155 16901
 2120 5660 17132
 2443 5688 16774
 4173 3142 17478
 1128 4931 18091
 2358 7030 14652
 251 6600 17146
 2088 6471 17153
 1399 3631 17313
 -878 4712 17853
 2232 4234 17144
 3607 3924 16399
 3408 4623 16571
 3037 5213 17034
 2298 4311 17082
 2984 5437 16460
 2310 5860 16149
 1192 5848 17970
 3496 5282 16759
 970 5909 17300
 2782 5492 17509
 2607 4549 16651
 1074 7653 17024
 1715 5719 16242
 768 6681 16875
 -398 6525 17324
 3388 3664 17132
 73 5516 17880
 2432 4963 17291
 1884 6702 16918
 2912 5756 16492
 2701 5716 16117
 1695 5744 17599
 1795 5451 18892
 2262 5756 16836
 1616 5985 16805
 1403 6108 17464
 858 5564 17225
 1481 6068 17022
 974 6013 17368
 574 6198 17531
 969 5391 17178
 1071 5792 17752
 1079 5210 17519
 2041 5696 16722
 440 6214 17115
 381 5649 16222
 -69 6622 17558
 798 5641 17914
 -1976 4516 15603
 -610 4851 16120
 1348 6233 18192
 630 4698 16969
 505 2532 17226
 147 3058 17277
 -943 2123 16604
 543 98 15037
 -365 1044 16734
 -3136 3413 19033
 2222 1624 16708
 4754 2718 15639
 5572 4961 15687
 6859 4488 16841
 7425 3033 16470
 9966 3573 14381
 8437 3043 14476
 8311 3225 14602
 9976 3437 14348
 9007 3570 13962
 8269 4214 14585
 5813 3372 16522
 7509 2766 14953
 0 2856 26426
 7868 3306 21218
 3693 2596 16024
 -5056 3864 16378
 -3346 4930 13425
 17 5966 16796
 747 3846 19583
 -1429 947 16850
 1115 3108 17031
 1525 3043 19038
 3079 4007 17727
 2418 1741 16465
 5057 4540 16143
 6354 5192 16102
 8282 4138 17856
 4982 4136 15493
 8562 3206 15115
 8587 2815 15368
 8182 3388 14256
 7341 1362 17648
 3982 4832 16682
 9836 3723 13813
 8937 8278 11147
 6345 5853 16266
 5942 4228 15023
 7366 5905 16575
 -4544 2543 18608
 8193 2041 15454
 -1501 6598 17156
 2376 3690 17600
 3114 5444 16376
 3832 5258 17775
 4836 4994 16414
 3554 3558 17201
 3723 4047 16587
 3746 4281 16644
 4784 4044 17101
 2007 3490 16646
 7311 6719 14014
 7784 5173 14166
 5977 5051 15369
 2973 4364 17965
 5871 4916 16969
 5934 4343 16684
 3514 4059 16750
 4899 4220 16044
 3439 4274 16989
 4891 4218 18731
 4827 5109 14432
 -800 3623 17152
 2314 3181 17043
 1547 3885 16361
 1329 5670 17212
 1960 5269 17422
 2323 4901 16696
 2582 4958 16739
 1902 5203 17196
 2223 5857 17204
 1669 6635 17361
 2505 4480 18260
 3995 6516 17384
 2759 6721 16730
 6054 5926 15830
 3662 6376 16868
 4841 6070 16354
 3998 6632 16586
 3935 6160 16380
Repetition Start
 3559 6129 16577
 4441 6346 16237
 3915 6779 14326
 4743 9214 12707
 3680 7445 13284
 1185 9295 10243
 4998 10076 14602
 2447 9164 17377
 3006 12808 15259
 751 10857 14795
 -2066 8075 19646
 -9798 11621 18500
 8959 7540 18821
 1119 8250 21568
 1393 11804 16859
 3165 10426 16777
 1044 9107 20220
 1747 9529 19052
 3684 9316 19819
 3377 8486 18223
 2018 9307 17541
 1186 9066 18007
 5269 8139 17751
 4942 7747 15773
 3801 9453 15838
 5392 8313 14286
 3648 8268 12658
 2716 9004 9282
 6280 8406 14266
 2734 7948 15993
 4855 7758 15597
 3874 7157 16476
 5350 8392 15770
Repetition End
1
 5767 8807 15744
 5454 8711 16615
 4756 9113 16508
 5017 8156 16220
 4639 8363 15964
 4571 8560 15795
 3983 9058 15929
 5217 8963 16003
 5239 8625 15700
 4874 8791 16059
 4775 8824 15766
 5377 9088 15594
 5265 9603 15825
 5333 9155 15803
 4979 9284 15728
 4749 9212 14614
 5052 8503 13587
Repetition Start
 3668 10358 12282
 5275 11730 10044
 3260 5787 12819
 4042 10026 12813
 1948 8790 17025
 6342 9633 15395
 5269 9290 16918
 3971 10420 17828
 4088 7095 20523
 7336 6319 19089
 6818 6398 18052
 5449 8330 17435
 5695 6562 17201
 3562 7045 17349
 4762 7381 19352
 3351 6612 20360
 3780 8487 17592
 3710 8346 16362
 5325 7294 17216
 6739 7032 16810
 4775 6829 15611
 7042 6856 15455
 5357 8914 14442
 8287 9912 13582
 5104 9597 13238
 7026 9405 13483
 5027 10298 12851
 4678 8691 13768
 6107 8813 14830
Repetition End
1
 5021 9561 15508
 4512 9166 15386
 5290 9310 15958
 5057 9810 16125
 4171 9490 16433
 5344 9108 16362
 4832 9566 15573
 4359 9930 15865
 5091 9900 15650
 4977 9820 15511
 4881 9948 15433
 5018 9947 15482
 5180 9294 15288
 4325 9860 14413
 4501 10294 13219
 2538 10713 11907
Repetition Start
 3767 10064 13922
 6557 11158 12365
 3346 11159 16840
 3637 10447 14770
 2636 9009 13880
 942 11025 18369
 4124 6897 15873
 1843 7430 14915
 3835 4976 20577
 2008 8096 18359
 2190 9171 17460
 2128 7339 19005
 2953 9347 18381
 3079 7663 16622
 2391 7711 19972
 1652 7699 18132
 1807 6850 18479
 2461 8149 16459
 1488 8054 16687
 5520 6854 18119
 5215 7923 16435
 5889 9080 15805
 1760 9682 14728
 5644 9099 12173
 2043 10228 12156
 5613 9427 12895
 5201 9599 14905
Repetition End
1
 6556 9814 15882
 5831 9568 15149
 3426 10234 15512
 5144 9239 16191
 4918 9570 15130
 5419 9029 15683
 5494 9749 15914
 5223 10058 15673
 5124 9985 15482
 5694 10250 15197
 5508 9663 14770
 5121 10043 15060
 5151 10475 14593
 5670 10595 12993
 4378 10427 13535
Repetition Start
 3995 10370 11792
 4978 11575 13207
 2500 10704 15059
 3340 9170 14935
 2590 11272 16097
 4440 9934 17519
 3574 11002 18983
 3293 6737 18256
 849 7763 20025
 2018 7781 19058
 2576 8377 18316
 3156 6469 19555
 4292 9933 19180
 2474 7239 20104
 1678 7280 19175
 2202 7268 18276
 1101 7773 17550
 3031 5204 18679
 6375 6938 16858
 5922 6851 14856
 7425 9399 15103
 5381 8695 15461
 6322 10651 13941
 2286 10461 14836
 1982 11778 12301
 6180 8600 13846
 2491 9357 15498
 6160 9016 15176
 5883 10493 15302
 6335 9675 14916
 5156 9879 15413
Repetition End
1
 5982 9557 16112
 5406 9509 15869
 4696 10191 15122
 5310 9397 15683
 5273 9809 15418
 4427 10692 13264
 5894 9991 12405
 4600 10223 10768
 3326 11663 11539
Repetition Start
 5896 10755 13181
 894 12397 15788
 2521 10972 14113
 2142 11274 15212
 2646 9433 16606
 3800 11177 17022
 4370 8751 17094
 3946 10449 17726
 3951 10036 15766
 2820 9453 18327
 2559 10238 17948
 3615 10458 18958
 3254 9835 19313
 1251 10147 18018
 3665 9577 17630
 2011 9230 18434
 4060 8361 15709
 3618 10665 15163
 3290 9807 15910
 2374 10543 14075
 4996 10610 14176
 6147 10175 12020
 4809 11571 10254
 3563 9235 13740
 3888 11178 14509
 4840 11518 14369
Repetition End
1
 4860 10878 15019
 4911 11064 15148
 5028 10917 14724
 5671 10953 15184
 5076 11333 14474
 5513 11403 14460
 5332 10811 13525
 4899 11187 11610
 3153 11699 10743
Repetition Start
 6679 10929 11933
 1219 11411 13968
 4886 10636 16241
 3394 11031 16081
 2612 10214 14490
 5725 11459 18902
 3465 7681 18346
 3634 8503 18967
 1771 7541 19010
 4085 8953 16992
 3664 9009 16714
 2674 8761 18676
 2712 9104 19807
 3356 8538 19834
 3580 7427 18226
 3642 7714 18060
 4420 5757 18436
 3715 4287 17427
 5534 6734 17799
 4734 7199 15602
 3787 8022 16051
 5030 9267 13230
 2763 10667 11905
Repetition End
1
 3050 10050 11685
 3762 9716 12833
 4769 10264 15893
 4543 10687 14048
 5073 10944 15747
 5191 9494 15303
 5331 9713 15831
 5617 10364 14752
 5910 10490 14291
 5332 10993 12307
 4468 10915 11334
Repetition Start
 4633 10878 11949
 4428 10124 13727
 591 10792 16228
 6737 10836 15777
 5376 8657 18453
 6705 9451 17680
 7035 8077 17917
 4636 10458 17968
 2683 9629 18840
 2307 8165 17148
 2569 8721 19071
 1448 8972 17460
 2197 8135 19432
 2783 8703 18723
 4236 9071 17862
 1671 7931 17365
 2275 7852 18072
 3086 6281 17846
 2146 11176 16471
 3978 9415 13959
 4545 10695 16190
 5606 9539 15823
 4093 10215 13739
 3678 11540 12083
Repetition End
1
 5850 10278 10944
 6900 11394 11784
 4740 9817 15784
 6236 10924 14742
 5073 10406 15049
 5829 11306 14846
 5209 10562 14707
 5186 11192 14770
 4773 10856 14676
Repetition Start
 5474 10830 14450
 5164 10582 13755
 5486 11631 13110
 5269 10845 11807
 5163 10559 12540
 3520 10399 12511
 3037 11749 13291
 5566 9372 14739
 4782 9658 16540
 5894 10457 19426
 4183 9436 17637
 1825 9308 18498
 2058 9020 19961
 1873 9161 16990
 3046 10008 18611
 5071 7287 19224
 2592 9420 20831
 3682 9663 19057
 2721 9562 17349
 2460 9270 17582
 4008 8225 16793
 3518 10274 14817
 5221 9989 15807
 3474 10898 14095
 4236 10546 13518
 6583 10737 11724
 4208 9869 10530
 7064 9692 13438
Repetition End
1
 4298 10640 15503
 4682 10539 14598
 5828 10210 15600
 6336 11657 14398
 6148 11482 14711
 5536 11228 14742
Repetition Start
 5758 11084 14844
 5794 10737 15065
 6079 11320 14450
 6219 11636 14585
 5899 11335 14314
 5184 11302 14892
 6225 11485 14307
 5675 11139 15288
 5403 11347 14077
 5768 11861 13020
 5446 11070 10814
 4092 12206 9960
 5952 11093 11664
 2667 11821 14308
 4326 12131 14409
 3537 13030 17064
 2203 11128 17307
 5087 11913 18728
 2995 12182 18294
 3914 10931 17867
 3461 11198 16991
 3727 10455 18273
 4091 10988 17991
 2870 7893 20360
 4324 8514 18986
 2681 9802 18366
 496 10585 17535
 3237 9602 16191
 2979 10319 14549
 3016 10946 14447
 3794 10302 15834
 3934 10697 14632
 1550 11683 13667
 4792 11437 11123
 6325 11048 12205
 6020 9690 12315
Repetition End
1
 4778 10532 14845
 5414 10603 14757
 5877 11311 14392
 3981 11593 14902
 4811 10981 15024
 6187 10382 15257
 5105 11123 14970
 5229 11462 14420
 5999 11092 13338
Repetition Start
 4158 10935 13005
 4504 11531 11699
 5481 11345 12824
 5320 10524 15222
 4793 11440 14372
 3246 11437 14705
 5126 10889 16614
 4022 9804 16467
 5535 10550 15747
 4151 10205 16995
 3200 10359 19061
 2985 8128 19647
 2037 9410 16703
 1041 8440 17861
 5466 7298 18255
 3651 7665 20350
 3666 11113 19908
 2745 9430 18704
 2823 8462 17467
 3202 8548 15913
 4525 8560 16138
 5378 9206 14998
 5448 10281 13462
 6573 10811 14537
 4725 11009 13629
 2820 11291 13373
 4914 11137 11988
 5684 10606 12406
 6252 11331 12982
Repetition End
1
 5268 10864 14693
 7332 10394 14828
 5982 11390 14622
 4974 10901 15141
 5289 10631 14775
 5196 10853 15012
 5184 11459 14545
 5233 11068 14098
 5324 11502 13453
 4786 11592 13008
Repetition Start
 4323 11078 12048
 5670 10586 11799
 4629 12603 12979
 7348 11019 14299
 5743 8185 16033
 4225 12267 16426
 2345 11675 17822
 2069 9732 16930
 5602 9171 15469
 5934 8324 17383
 3552 9067 19942
 3081 7179 20223
 3505 8678 19104
 4896 7404 16170
 4001 7479 18609
 3673 9194 17655
 3238 7715 18424
 4978 8677 15104
 4441 9272 15163
 5633 10429 14430
 4805 10597 15018
 5765 9645 15405
 3196 12056 12616
 4376 11273 12931
 4062 10071 13001
 3248 10331 12919
 4203 10596 13971
 5208 9534 14382
Repetition End
1
 5085 10246 14967
 5818 10636 15974
 5410 10537 14994
 5483 10929 14777
 4901 9694 15436
 4954 9929 14769
 5255 10727 14557
 5518 10349 13151
 6266 11052 13552
 3301 10914 11142
Repetition Start
 4195 12304 11116
 5373 11738 15778
 9346 12022 14040
 1718 11323 14454
 3270 11425 17869
 3406 9406 18179
 6373 12197 17796
 3231 7868 18045
 592 10571 17581
 3212 9180 17644
 2705 9639 17254
 3029 9780 18001
 4047 9298 17586
 3576 9315 18712
 1267 8991 18326
 1295 8687 17293
 2576 9814 16161
 2632 11688 15390
 2646 11645 14052
 2601 12336 17396
 3622 11621 15901
 4996 10612 14567
 5975 11465 11822
 3545 9616 11055
 5820 9187 12007
 5890 10615 13913
 6226 12058 13091
Repetition End
1
 5024 11511 15525
 6188 10413 15896
 4761 9419 14662
 5889 10058 14773
 5998 10708 15614
 7272 10072 17609
 2503 9894 15467
 2093 8768 15911
 1495 9620 14174
 5706 9586 13615
 8376 12286 11323
 4249 11561 14061
 1290 10433 16978
 1909 8310 16896
 6247 11094 15460
 4419 5850 17014
 4303 5412 16246
 4113 6672 16876
 3950 7625 16971
 8891 7737 15721
 4150 8070 16631
 4076 9553 14584
 2914 8721 15712
 4690 6712 16955
 3424 8083 17514
 1614 7723 15918
 2442 7570 15986
 2976 7713 17028
 2645 7590 16974
 2768 7023 16419
 2361 7309 16571
 3021 7138 17130
 2206 6860 16649
 2645 6711 16791
 2226 6464 16970
 2634 7184 16797
 2216 7148 17440
