Repetition start
1.15246582031
1.53240966797
1.47631835938
1.66577148438
1.85913085938
1.84722900391
1.84722900391
1.81744384766
1.74981689453
1.54620361328
1.62127685547
1.78784179688
1.39300537109
1.31732177734
1.31848144531
1.40930175781
1.38171386719
1.37841796875
1.22125244141
1.32659912109
Repetition end
1
Repetition start
1.30731201172
1.66741943359
1.67730712891
1.74169921875
1.6572265625
1.72637939453
1.65686035156
1.65582275391
1.7275390625
1.7275390625
1.67327880859
1.48614501953
1.48931884766
1.40460205078
1.45709228516
1.36193847656
1.515625
1.515625
1.39447021484
1.01623535156
Repetition end
1
Repetition start
1.15020751953
1.37268066406
1.41516113281
1.86096191406
1.78735351562
1.71636962891
1.71636962891
1.76898193359
1.75561523438
1.92218017578
1.75848388672
1.69097900391
1.55676269531
1.46057128906
1.41802978516
1.37310791016
1.37310791016
1.38269042969
1.30834960938
1.53814697266
Repetition end
1
Repetition start
1.29815673828
1.49005126953
1.66455078125
1.78497314453
1.68432617188
1.68768310547
1.86468505859
1.79895019531
1.63293457031
1.56488037109
1.63055419922
1.54034423828
1.47973632812
1.36596679688
1.36596679688
1.30645751953
1.30645751953
1.44110107422
1.54022216797
1.31677246094
Repetition end
1
Repetition start
1.29730224609
1.77020263672
1.35424804688
1.73681640625
1.73681640625
1.68786621094
1.7080078125
1.77014160156
1.74176025391
1.74176025391
1.75567626953
1.54046630859
1.56402587891
1.58203125
1.47967529297
1.60559082031
1.51770019531
1.38714599609
1.17810058594
1.40374755859
Repetition end
1
Repetition start
1.19421386719
1.15222167969
1.44982910156
1.30999755859
1.26177978516
1.58422851562
1.60241699219
1.66766357422
1.72119140625
1.74041748047
1.64874267578
1.67584228516
1.47283935547
1.46405029297
1.46295166016
1.40258789062
1.47076416016
1.41143798828
1.51721191406
1.47406005859
Repetition end
1
Repetition start
1.17279052734
1.59405517578
1.48968505859
1.40319824219
1.69329833984
1.62902832031
1.73895263672
1.68292236328
1.68634033203
1.6865234375
1.68151855469
1.54821777344
1.57092285156
1.52520751953
1.59149169922
1.57623291016
1.39923095703
1.42626953125
1.53161621094
1.54107666016
Repetition end
0
Repetition start
1.45666503906
1.39733886719
1.55438232422
1.54772949219
1.49768066406
1.34271240234
1.44354248047
1.62139892578
1.44116210938
1.33428955078
1.46618652344
1.21325683594
1.56500244141
1.55401611328
1.48931884766
1.67736816406
1.67132568359
1.49951171875
1.34893798828
1.26055908203
Repetition end
0
Repetition start
1.44799804688
1.37939453125
1.39300537109
1.31762695312
1.37457275391
1.37255859375
1.40661621094
1.37762451172
1.35980224609
1.32769775391
1.39727783203
1.37933349609
1.37298583984
1.32281494141
1.28576660156
1.37023925781
1.37243652344
1.64300537109
0.594177246094
1.06958007812
Repetition end
0
