 1158 3492 15895
 -583 5214 15236
Repetition Start
 2894 5684 15785
 142 7297 16957
 1983 5575 15512
 2011 4799 14503
 2546 5827 14928
 2446 6198 15987
 2557 6923 15204
 2853 5852 12312
 3096 6386 9061
 656 7177 9373
 3605 6842 8933
 333 6989 10330
 1693 8564 14857
 -778 8200 13980
 527 6072 13798
 -2140 3588 19114
 -372 3186 22507
 -241 6468 19345
 -654 6328 20882
 1888 8988 21033
 1066 5940 21556
 -639 4627 20236
 390 7326 14842
 3854 5805 13788
 6087 7579 13949
 3124 6746 12327
 4487 7986 12256
 3641 7040 10926
 89 7288 8932
 7535 8965 9917
 2212 8230 11192
 4552 8144 11610
Repetition End
1
 4187 7888 12682
Repetition Start
 3793 8240 11116
 3468 8558 8187
 1907 10091 6545
 1760 8426 11454
 2380 6504 14798
 434 9344 11221
 2572 7214 14471
 3249 6484 14603
 1412 6750 23154
 -20 5170 23092
 68 5415 19944
 -1397 5493 20492
 1864 4981 20142
 617 5107 21408
 2195 5902 18171
 2907 4230 14604
 5495 4424 15452
 -1248 7438 14693
 3750 6683 14379
 4125 7673 11679
 5596 5256 11672
 4779 7154 12432
Repetition End
1
 3255 8797 8705
 5068 6550 10103
Repetition Start
 3564 8124 9792
 3884 8397 11655
 2376 9014 9185
 3476 6741 9049
 2561 7426 12620
 -1125 9680 14301
 2115 7396 13232
 155 7658 14012
 972 7285 18543
 -83 9119 22865
 10 9382 19939
 818 8051 20900
 1180 6445 21168
 778 6881 20012
 1012 5461 19199
 2560 6273 16519
 976 7442 15892
 5316 8012 15642
 2988 8312 14105
 3133 8090 11491
 3926 8911 10689
 3722 6983 10500
 1303 13544 6856
Repetition End
1
 473 6445 10864
 3995 10274 11883
 3862 8845 10631
Repetition Start
 4555 9023 8249
 1654 6463 8401
 3847 7701 9811
 -571 8998 12059
 1869 10273 16790
 2932 6199 16452
 3058 8157 22645
 -600 9716 21675
 1430 4726 19842
 1233 6830 19465
 2323 7993 19369
 853 5739 20640
 1487 6668 18309
 2801 6499 16330
 3248 7594 14075
 5676 6813 16247
 4351 7326 13455
 3189 8371 12809
 4783 7494 13106
 2647 7772 11574
 3629 5661 10903
 5018 9280 7855
Repetition End
1
 2374 8133 10524
 4574 9168 9780
 4181 8107 9952
 4156 8519 7126
Repetition Start
 2899 7603 8845
 2749 8548 10192
 3199 7104 12425
 2168 12258 14379
 5703 11748 11864
 201 9654 18564
 -364 10571 18880
 -193 9141 20072
 1005 9066 18914
 2231 8719 19437
 184 8887 19394
 3615 10176 17865
 -310 8825 15498
 613 9230 13595
 3331 9735 14772
 -260 9956 13087
 4397 9752 11204
 850 10087 11968
 3744 6420 11031
 4093 8345 11109
 3448 9631 8605
Repetition End
1
 3635 8435 8190
 1605 10147 11596
 2065 8430 8179
Repetition Start
 2655 7832 8667
 3845 9123 11239
 2217 9468 10801
 5692 10519 9951
 4837 12397 13762
 -309 9265 15622
 -1136 8369 19050
 2103 7896 20332
 215 4601 20901
 1923 7743 18850
 2708 8902 19472
 -257 6043 20198
 4181 9027 15808
 1394 7385 14240
 4098 9172 13734
 3461 9094 14377
 3529 9942 13304
 5096 8451 12550
 4685 10159 11401
 4213 10019 11746
 2837 10808 11235
Repetition End
1
 4184 8257 6992
 1228 9761 10287
 5246 10432 9108
Repetition Start
 2138 10217 7879
 3290 10906 9333
 2726 8043 12705
 -974 12260 12301
 6006 12650 9204
 8801 8636 12660
 3028 12166 18136
 704 8631 17530
 2646 11758 16755
 2318 5868 19585
 2973 8044 20539
 2758 8636 17831
 3776 7516 18017
 3405 6275 16852
 4532 6709 16073
 5176 6839 14231
 2045 8220 13382
 4325 8332 14581
 3418 9092 13297
 3437 8780 12392
Repetition End
1
 3496 10547 11457
 2721 9109 11599
 5328 10102 6702
Repetition Start
 4864 8204 7804
 4783 10069 8784
 2390 11059 7489
 4735 10009 7446
 2677 10357 10828
 4245 9800 13339
 3832 9288 14393
 2984 9024 15551
 3295 8605 17895
 645 9332 18050
 2136 6289 19745
 2088 7855 19062
 2130 8501 19379
 3227 10926 19122
 251 7174 17500
 5898 8858 14507
 1246 8496 13741
 3420 9110 13718
 2574 8591 12574
 478 11663 14212
 413 10289 13461
 3004 9965 12114
Repetition End
1
 1563 10941 10212
 2583 10705 9214
 1954 7732 7986
 4731 8139 6617
 591 9557 7203
Repetition Start
 2046 7448 8857
 4385 13283 9680
 3413 11500 9518
 3883 12253 17520
 5641 8690 17924
 132 8462 21542
 1179 7663 18579
 424 10274 18320
 2435 7998 19947
 593 8911 18860
 6609 11491 18045
 2139 10251 17182
 1736 10758 14970
 570 8034 13613
 1796 10881 11716
 2080 11463 12180
 4882 11390 10594
 3355 11577 13009
 3814 12473 11844
Repetition End
1
 4494 12029 8891
 4120 10528 7121
 1182 9713 9978
 3530 11184 10031
Repetition Start
 3338 9511 8539
 1800 10394 8194
 1092 9578 9518
 -1261 8452 8213
 4367 9292 9749
 3911 10250 11235
 5414 11772 16628
 41 10597 16880
 983 8758 15888
 5571 9571 18584
 3121 7246 21028
 3367 7287 16873
 6204 8852 18212
 1466 7974 15700
 1003 8211 17165
 3168 9465 14335
 2189 8716 13987
 3664 8620 10824
 981 6991 13412
 1872 9548 13760
 3385 10394 14067
 3745 9538 12935
 3461 9220 12629
 3781 9148 11486
Repetition End
1
 4481 9958 11073
 2719 8613 10901
 4044 8557 13181
 1200 10055 11423
 3243 10002 13098
 2238 10822 11138
 879 9401 14372
 4146 11210 14724
 -478 4792 13031
 3111 9023 13304
 4246 6953 9872
 3767 11519 11061
 4450 10739 12765
 54 9550 17044
 6587 9044 16911
 947 4986 19959
 2274 2747 17993
 5036 3974 17602
 9458 3490 12674
4428 16928 -551
 4373 17072 -528
 3922 17267 -633
 3786 17010 -572
 3713 16923 -890
 3882 16948 -973
 3711 16685 -1241
 5215 15941 -3458
 5287 16195 -4521
 4491 17678 -4456
 3942 17498 -5101
 4347 17439 -5688
 4038 16898 -5931
 4667 16089 -5911
 4003 16997 -6184
 2808 17283 -5293
 4556 18641 -5980
 3381 19205 -6159
 3242 18686 -4432
 1979 15623 -2078
 4497 15265 59
 1021 16532 6223
 4604 16205 14081
 -836 13806 16127
 -3898 7065 14770
 -2927 5815 12969
 -206 5396 12394
 105 5309 14404
 1142 3355 15583
 -694 3607 15511
 -417 3326 15396
 -1762 4536 16330
 768 3150 15263
 2519 1723 15484
 -1465 3293 15742
 4850 -911 15972
 1914 -1588 16952
 -1051 79 15376
 -796 -2067 16576
 -5564 -1125 17628
 85 2960 15165
 -2515 7359 16275
 -2257 6513 16275
 -2089 8569 14799
 -1301 4527 15959
 -1714 6548 15683
 -542 6435 15359
 -1186 8015 16121
 -1152 6054 15404
 -4468 9095 13788
 -3069 8128 13790
 -5146 5766 16239
 -955 4855 15841
 -3453 4738 15954
 244 5745 15636
 -4744 6617 15477
 -4167 6940 16270
 -3769 7124 16711
 -2600 6553 16117
 2829 4911 15978
 -4861 6576 16645
 -1495 4575 16552
 -1124 4846 16237
 -788 5978 15673
 -1517 5220 15906
 -271 6419 15819
 -415 7052 15273
 281 6525 15115
 76 5785 15305
 -1233 5788 15939
 -2014 6356 15579
 -2243 4751 16928
 -2731 5058 16653
 -1442 4826 15709
 -2335 6349 15379
 -3760 6411 14976
 -2426 6749 14902
 -2618 7214 15612
 -1019 4690 17043
 -752 3803 16329
 -3681 7155 13176
 1327 5597 15312
 4435 1352 18322
 -3694 5254 16677
 180 4684 15178
 398 4151 16363
 -2180 4699 17030
 -1141 3881 16435
 -993 3420 16666
 -893 3889 17504
 -655 4515 16651
 -1139 6688 15072
 -517 7173 14211
 -972 7421 14064
 -2834 6887 14892
 -901 5120 17038
 -56 5851 17030
 185 7024 14071
 -1434 5800 16078
 599 5458 15250
 -6347 8239 16103
 -531 4886 16326
 -3242 6263 15936
 -1871 4657 16475
 -1461 5193 15673
 -825 5642 15921
 -1452 5516 15916
 -2885 4513 16882
 234 5322 15134
 -1385 5540 15918
 -2547 5245 15779
 -2548 4341 17271
 -4532 4025 16464
 -1942 4796 15259
 -2540 4439 16357
 -3303 4895 16417
 -554 4172 14142
 -4040 5310 17080
 -1751 4615 16278
 -2686 4307 16900
 -2697 6130 15706
 -1390 5468 16067
 -1859 6438 15676
 -696 7120 16343
 372 7361 15622
 -182 8343 16789
 2202 3490 11388
 -2891 7990 18001
 2210 6483 17554
 -780 4621 15576
 -1508 2950 15574
 -327 1075 15873
 -1119 883 16465
 -77 5081 15366
 2814 2397 16221
 -1014 1338 16054
 185 3096 16605
 -888 3610 15199
 -718 2442 17585
 -2076 2809 18341
 1474 445 16549
 -3558 2528 14729
 -679 3238 16470
 2246 5065 16506
 -773 3952 16045
 1139 3797 16116
 -1300 3672 16384
 1001 3785 15870
 1027 3919 15960
 -447 4111 15914
 406 4004 15842
 665 3947 17222
 1199 4232 15855
 689 4240 16238
 2519 2877 16233
 1650 3661 16460
 2507 3974 15804
 3637 6816 13554
 -7253 10239 14098
 -1127 7285 14726
 572 3352 18368
 126 1893 16543
 3282 3619 15298
 805 4869 15831
 3314 4858 15202
 4229 4439 14901
 3166 4333 15445
 4197 4509 16233
 2231 5360 16117
 2792 4715 15385
 4265 4828 14468
 2896 5264 15200
 2823 5397 15582
 2953 6244 15116
 3445 5950 15585
 3227 5677 14912
 2988 4782 14083
 3319 5526 15358
 3620 5342 15138
 3491 6200 14916
 3641 5423 15442
 3813 4958 16084
 3743 6494 12782
 3841 6742 8169
Repetition Start
 3088 8178 10530
 3877 8471 9786
 2059 4632 13441
 1968 5485 18813
 -591 6103 17774
 577 5810 19169
 -1879 4755 20764
 3782 5221 21174
 2357 6523 23207
 1106 9920 19465
 645 6282 22264
 1556 6598 21153
 1678 5341 19419
 1939 6264 17172
 1227 6327 14144
 3891 6317 14384
 3097 7756 12579
 -60 8678 12779
 4837 8430 12000
 4768 10096 9676
 2161 6683 6655
Repetition End
1
 2132 8494 6400
 4440 8022 6200
 -3350 9229 9300
Repetition Start
 6640 9772 11583
 -1954 8128 14125
 5103 5982 16786
 -999 9086 17069
 3325 3956 20922
 3111 6749 23543
 4041 7553 20598
 2730 8763 19172
 196 10195 20036
 617 6705 18716
 218 12947 14227
 3074 8286 11936
 3478 10083 13154
 3672 10730 9918
 1607 6132 11777
 4002 8422 13701
 4253 9956 11759
 4515 9335 9413
Repetition End
1
 5082 9516 11698
 3758 7851 11857
Repetition Start
 3870 9072 12811
 4085 9603 13146
 4472 8236 14054
 3072 8622 13171
 5390 9188 12175
 4473 8863 13799
 1987 8008 13852
 3927 8126 14484
 4354 8326 13708
 3845 8730 13130
 3698 9093 8469
 1574 7499 6371
 3102 10945 7696
 3282 9864 7582
 4223 9662 14059
 884 5791 15764
 -1706 7539 20488
 -222 7626 22286
 2321 7829 20306
 6941 4050 22787
 3015 7374 19769
 3906 10737 19334
 2227 9817 15757
 3917 8328 14984
 2504 8551 13311
 1123 12944 15672
 4070 9374 11995
 3161 11354 11990
 4332 10768 10787
 1419 10458 9380
 1673 10153 11211
 2656 8784 5190
 4329 8448 5382
 1625 8980 5572
 3671 8158 6529
Repetition Start
 4147 9991 11363
 3502 6525 12839
 -1387 11955 13190
 -1220 8786 15988
 1099 8024 19537
 856 7412 23513
 3443 7786 18933
 2729 9043 19368
 2555 9958 19834
 2026 8292 20959
 4407 8455 16370
 2155 8840 14652
 3791 9204 14392
 4272 8691 12283
Repetition End
1
 4056 7418 10657
 2195 8563 7332
 5413 9030 4044
 3473 5349 9122
 3402 11710 5911
Repetition Start
 4013 7361 7432
 -2307 10697 12307
 5293 10104 12548
 -73 10463 10315
 679 9035 20380
 2931 6469 20693
 3687 6039 24675
 4232 8545 22554
 1627 9097 20961
 4983 10764 18173
 3580 7558 15983
 2791 7780 11184
 2735 9852 14607
 4338 8046 11180
 3955 8856 12322
 3246 7385 11250
 2690 12442 11285
 1304 10593 12092
Repetition End
1
 7587 11332 8498
 3340 8137 10632
Repetition Start
 4162 11445 12331
 4708 8324 13194
 3299 7576 13856
 4872 8622 12479
 4471 8995 12609
 4148 7920 14720
 3851 9313 14765
 5457 8409 14369
 4310 9406 14471
 4328 9021 14839
 4333 9347 13863
 3709 8138 14676
 3005 6811 13313
 3311 6577 13663
 5472 14059 13499
 3755 9480 12503
 4897 8448 14726
 3530 6085 14872
 4366 7393 14339
 4756 7653 13713
 3199 8036 14390
 4458 6931 14312
 3639 9645 14044
 5004 10365 14317
 2778 9852 13251
 4712 8163 14316
 3723 7545 14094
 3690 8265 13782
 3953 9765 11680
 5946 8629 13214
 4113 7310 15057
 4466 8175 13505
 5588 8465 13618
 2923 7972 13768
 3912 8427 14104
 2544 10462 13447
 4710 9539 12087
 6791 10323 15420
 231 3167 15278
 5158 5165 14093
 4157 5507 14395
 5290 8207 14203
 4492 7482 14033
 4802 7142 12616
 2431 6603 16005
 3186 6173 20846
 197 4930 18382
 3764 12349 14137
 1013 14455 11780
 1804 14580 8690
 2145 14866 8107
 1802 14941 7474
 109 15273 6226
 215 17081 5563
 -47 17151 4980
 3539 17639 3753
 3473 16926 2694
 4616 16533 1678
 5024 16919 1540
 3496 17159 897
 5146 17039 206
 3689 17192 -263
 1684 16716 -404
 2867 19076 454
 2170 18607 -177
 5058 16026 -2107
 2208 18303 -1451
 2282 16219 -870
 2505 17618 -2933
 3340 18771 -1889
 2581 17030 -2199
 3356 16622 -2838
 507 18246 -3961
 3796 17524 -3983
 2981 16477 -4422
 2128 17014 -4487
 2192 17159 -4588
 1896 16772 -4956
 3688 15482 -5816
 1914 17245 -5744
 2068 16990 -5442
 2443 17080 -5916
 1852 16423 -6024
 -94 17143 -7559
 2853 16547 -7378
 1575 15989 -5466
 466 15818 -6084
 2114 15999 -8080
 809 13488 -5024
 1712 17555 -11063
 2847 15609 -7623
 442 15200 -10109
 311 14024 -9087
 325 17289 -9705
 2707 19797 -12957
 -4741 5678 -1736
 1093 18224 -3534
 -684 16939 -3525
 -3862 21068 -3637
 721 17090 -1414
 -177 16778 -3396
 -883 19252 -3969
 -3011 17865 -3491
 -1233 16962 -3272
 632 17975 -3910
 1759 16802 -4667
 218 18807 -4912
 140 18075 -4044
 1425 16563 -5210
 296 18141 -6232
 -315 16649 -6426
 996 18479 -3886
 -1890 17077 -7332
 1168 16373 -8178
 2831 15641 -4934
 709 17945 -4555
 1128 16140 -5463
 -264 16984 -5903
 666 15087 -5770
 2878 16549 -6159
 975 17092 -6077
 1218 17749 -5362
Repetition End
0
 1589 17099 -4943
 1236 17808 -4411
 710 17694 -3804
 2567 17225 -2690
 2144 17985 -1992
 2635 17319 -888
 1231 16157 1301
 2121 17655 3077
 1057 14338 5515
 229 16938 8275
 1423 14126 9790
 -116 13099 10596
 508 11999 13206
 -609 10653 14381
 -1881 9102 13890
 1276 7041 14114
 -2866 1351 19847
 -8861 2182 19589
 -1550 3862 14890
 -5944 5380 15600
 -4500 3943 15055
 184 1579 17886
 -3872 4486 17815
 -2053 3507 15148
 -2142 3310 15872
 -1532 4027 16695
 -1273 3943 17418
 -4214 5646 15402
 -4046 6123 14205
 -5508 6835 15637
 -3301 6388 15483
 -4826 6374 15628
 -2736 5818 15790
 -3279 5750 16538
 -1838 5469 15639
 -4060 6554 16347
 -1492 5926 17009
 -2202 4619 17029
 3161 8688 12123
 760 6877 17449
 2307 4337 14105
 2625 5230 16635
 604 3882 16414
 -220 1737 14859
 1238 3348 18092
 2488 5285 17199
 -518 4206 16637
 -817 -649 18316
 2791 4187 15725
 8135 5863 11871
 4046 3808 13073
 -3852 1180 19229
 3494 5053 15494
 1931 5677 17222
 -1289 5867 16705
 1536 4261 16006
 552 6587 14875
 4550 6857 15519
 7871 5492 11607
 4788 4692 13828
 910 4402 17153
 3166 4800 15023
 3673 5896 15656
 2872 6052 14845
 2999 5869 13820
 2844 7359 12308
 1744 7310 10060
 3255 8316 10515
Repetition Start
 -333 8285 11552
 851 6808 13572
 -967 12616 15393
 -2579 8403 19240
 -2566 9515 21756
 -1269 6730 21742
 -1690 9372 21960
 546 11544 20793
 157 6995 21660
 1087 9297 16762
 -2211 6060 17304
 3049 7163 15131
 1133 4031 14239
 1721 6375 14375
 -1865 10169 14800
 -1462 8722 11963
 3605 9017 11088
 3722 8326 9274
 1968 8603 8110
Repetition End
1
 3324 6879 6951
 2284 8642 6968
Repetition Start
 3023 9197 9086
 3959 7674 11107
 4262 7848 12649
 -1134 6967 16984
 2387 6855 18705
 1753 6778 19665
 3098 6513 19379
 444 11377 19991
 1856 6910 20022
 2699 7951 20501
 3895 6808 19442
 1587 5707 18964
 1130 6351 16602
 3063 7477 13403
 -1551 8279 14663
 2683 9742 12115
 3920 8959 11375
 3477 9645 10634
 814 9055 6455
 6103 6966 6541
 1353 9567 9188
Repetition End
1
 1779 8621 6410
 754 10129 7607
Repetition Start
 6448 10041 11564
 -169 9491 16906
 5048 8278 11910
 2506 8491 16349
 617 6475 20645
 1296 7349 20406
 2365 7321 19983
 3554 9145 22343
 4117 5601 22715
 2807 5871 19504
 2944 7156 17016
 3741 6020 16117
 2300 7834 15368
 4641 7841 14768
 2111 8635 11450
 4076 7613 11161
 4696 9578 10154
 3270 8479 6858
 4221 9554 8564
Repetition End
1
 2819 8408 9352
 3378 9769 8840
 2431 9967 7498
Repetition Start
 3977 9703 9797
 2850 9677 11309
 -921 13203 13272
 2893 8761 14813
 246 9154 17660
 1770 8833 18971
 95 8563 19496
 1730 8933 19707
 1864 7316 17508
 2946 9166 20141
 870 7178 18866
 3133 7956 17229
 4010 8021 13800
 2352 9407 14334
 2597 8831 15123
 3890 8349 14581
 2134 9224 11983
 2274 9005 10522
 2590 9849 9581
Repetition End
1
 3653 9268 7664
 2628 10083 7832
 1746 9026 9420
 1625 9206 5741
 3185 8437 9130
 3518 11257 9860
Repetition Start
 889 9103 12418
 4975 9675 13994
 -20 10751 15393
 908 9151 22464
 2716 4853 20606
 2247 8443 18083
 1958 8067 16867
 3243 8272 17505
 2533 6773 17524
 2209 8135 16915
 3746 6241 16880
 3696 8326 15560
 322 9806 15771
 2694 8466 14192
 2365 9927 14040
 2572 10542 10958
 2918 10554 14686
 4142 8065 14510
 2469 9388 14119
 1453 9095 14114
 3969 9145 13405
 3979 10602 11813
Repetition End
1
 1823 11616 13396
 8274 11028 12169
 -128 9387 11328
 1183 8212 11454
 1965 7286 14577
 1586 7176 13116
 3073 9201 13813
 2761 12099 15831
 3500 7492 14897
 -396 5065 14745
 903 5143 14923
 1840 8075 15059
 2817 7667 14752
 3589 8043 13422
 1485 9032 13308
 5979 12223 14399
 3047 5561 16392
 1807 5719 16823
 856 6732 16619
 694 5634 16839
 1979 4726 19239
 2755 1945 16807
 1878 2993 17282
 5650 2862 15260
 8198 5683 14358
