Repetition start
0.846862792969
1.30169677734
1.44152832031
0.984497070312
1.28533935547
1.28533935547
1.29406738281
1.25018310547
1.25018310547
1.11669921875
1.00384521484
0.947326660156
0.81884765625
0.81884765625
0.958984375
0.958984375
1.07629394531
1.07629394531
0.904418945312
0.988159179688
Repetition end
1
Repetition start
1.16314697266
1.22424316406
1.13671875
1.33013916016
1.33013916016
1.30340576172
1.10815429688
1.16864013672
1.16864013672
1.16864013672
1.13336181641
1.09796142578
0.943969726562
0.943969726562
0.924133300781
0.849182128906
0.849182128906
0.928283691406
1.05902099609
1.17211914062
Repetition end
1
Repetition start
0.900634765625
1.05255126953
1.24749755859
1.24749755859
1.40606689453
1.40606689453
1.18115234375
1.26507568359
1.29833984375
1.26611328125
1.01507568359
1.01507568359
1.01507568359
1.02355957031
1.01208496094
0.897827148438
0.847106933594
0.847106933594
0.827514648438
0.927978515625
Repetition end
1
Repetition start
1.27691650391
0.992431640625
0.992431640625
1.34783935547
1.19958496094
1.26361083984
1.25445556641
1.25445556641
1.25640869141
1.25640869141
1.11871337891
1.04052734375
0.92578125
0.857177734375
0.857177734375
0.796569824219
0.915100097656
0.915100097656
0.915100097656
0.863525390625
Repetition end
1
Repetition start
0.901794433594
0.901794433594
0.901794433594
1.00769042969
1.00769042969
1.24645996094
1.35809326172
1.14837646484
1.14837646484
1.21728515625
1.21728515625
1.22814941406
1.29278564453
1.14135742188
1.07757568359
0.886901855469
0.882568359375
0.882568359375
0.9140625
0.783752441406
Repetition end
1
Repetition start
1.01776123047
1.01776123047
0.960144042969
1.17950439453
1.17950439453
1.30224609375
1.25054931641
1.14617919922
1.23803710938
1.23803710938
1.25811767578
1.21203613281
1.21203613281
1.21203613281
1.12756347656
1.00952148438
0.956848144531
0.819458007812
0.810607910156
0.822570800781
Repetition end
1
Repetition start
1.23669433594
1.31109619141
1.31109619141
1.03216552734
1.16802978516
1.19213867188
1.17059326172
1.17059326172
1.26214599609
1.26214599609
1.12316894531
0.877319335938
1.08178710938
0.932983398438
0.66796875
0.850219726562
0.828308105469
0.969604492188
0.969604492188
0.969604492188
Repetition end
1
Repetition start
0.913269042969
1.09344482422
1.13018798828
1.13018798828
1.22222900391
1.13189697266
1.21374511719
1.21374511719
1.26202392578
1.27423095703
1.17108154297
0.946105957031
0.887573242188
0.887573242188
0.9326171875
0.93212890625
0.730895996094
0.948059082031
1.04711914062
1.01550292969
Repetition end
1
Repetition start
1.12457275391
1.22491455078
1.22491455078
0.967041015625
0.967041015625
1.25250244141
1.39154052734
1.14477539062
1.15350341797
0.955505371094
1.05444335938
1.05444335938
1.05444335938
1.05444335938
0.962158203125
0.921203613281
0.753845214844
0.802856445312
1.04815673828
1.17102050781
Repetition end
1
Repetition start
1.30316162109
1.16815185547
1.16815185547
1.18035888672
1.09838867188
1.23693847656
1.23693847656
1.17352294922
1.17352294922
1.17352294922
1.3095703125
1.3095703125
1.0693359375
1.02893066406
1.044921875
0.915710449219
0.915710449219
0.924682617188
0.811279296875
0.832336425781
Repetition end
1
