Repetition start
1.48901367188
1.40808105469
1.30084228516
1.50335693359
1.50659179688
1.28277587891
1.13177490234
1.18286132812
1.53283691406
1.25500488281
1.54547119141
1.62084960938
1.478515625
1.68548583984
1.35479736328
1.50933837891
0.995422363281
1.61236572266
1.32043457031
1.48352050781
Repetition end
1
Repetition start
1.41290283203
1.23370361328
1.13177490234
1.32080078125
1.28167724609
1.48052978516
1.4853515625
1.91137695312
1.72375488281
1.55194091797
1.50073242188
1.64715576172
1.65600585938
1.60327148438
1.54852294922
1.27459716797
1.51440429688
1.43292236328
1.37475585938
1.48712158203
Repetition end
1
Repetition start
1.31103515625
1.4609375
1.25579833984
1.17590332031
1.37982177734
1.39501953125
1.33209228516
1.6357421875
1.94708251953
1.79022216797
1.81695556641
1.68890380859
1.56689453125
1.54736328125
1.48376464844
1.76818847656
1.38635253906
1.43591308594
1.29425048828
1.32464599609
Repetition end
1
Repetition start
1.33221435547
1.00817871094
1.30364990234
1.25036621094
1.76586914062
1.56146240234
2.06665039062
1.87933349609
1.58679199219
1.81182861328
1.662109375
1.615234375
1.56433105469
1.52081298828
1.75390625
1.53393554688
1.48736572266
1.34234619141
1.23248291016
1.35211181641
Repetition end
1
Repetition start
1.31158447266
1.38720703125
1.75811767578
1.78924560547
1.73455810547
1.77532958984
1.77124023438
1.76910400391
1.85467529297
1.73736572266
1.93212890625
1.46563720703
1.43054199219
1.69909667969
1.39056396484
1.54742431641
1.39801025391
1.29364013672
1.43719482422
1.32348632812
Repetition end
1
Repetition start
1.16906738281
1.47747802734
1.37243652344
1.59680175781
1.89184570312
1.50012207031
1.60418701172
1.85125732422
1.56964111328
1.74047851562
1.89709472656
1.5859375
1.77099609375
1.64819335938
1.64379882812
1.63421630859
1.59283447266
1.60186767578
1.58557128906
1.5185546875
Repetition end
1
Repetition start
1.23498535156
1.43609619141
1.43273925781
1.43963623047
1.70043945312
1.83697509766
2.03430175781
1.63970947266
1.90179443359
1.69500732422
1.92602539062
1.78375244141
1.78887939453
1.61938476562
1.66711425781
1.60192871094
1.44329833984
1.66247558594
1.57513427734
1.50201416016
Repetition end
1
Repetition start
1.27392578125
1.27795410156
1.35437011719
1.45642089844
1.67138671875
1.67926025391
1.68206787109
1.81854248047
1.71063232422
1.71936035156
1.77032470703
1.83166503906
2.03094482422
1.52130126953
1.78607177734
1.43328857422
1.60205078125
1.44891357422
1.60845947266
1.47479248047
Repetition end
1
Repetition start
1.12005615234
1.66918945312
1.49114990234
2.05419921875
1.96868896484
1.83935546875
1.67364501953
1.77111816406
1.85424804688
1.73120117188
2.20611572266
1.80493164062
1.67626953125
1.35601806641
1.35601806641
1.48883056641
1.57000732422
1.63977050781
1.70538330078
1.71697998047
Repetition end
1
Repetition start
1.30541992188
1.24438476562
0.940185546875
1.4287109375
1.55004882812
2.06384277344
1.56427001953
2.05847167969
1.91619873047
1.68011474609
2.03051757812
1.64599609375
1.51928710938
1.41040039062
1.30517578125
1.53686523438
1.69958496094
1.60021972656
1.54479980469
1.49017333984
Repetition end
1
Repetition start
1.33032226562
1.35095214844
1.22875976562
1.60314941406
1.42126464844
1.44287109375
1.84185791016
1.95843505859
1.86102294922
1.78167724609
1.78875732422
1.61364746094
1.54876708984
1.32434082031
1.5009765625
1.43017578125
1.30596923828
1.54217529297
1.49780273438
0.945983886719
Repetition end
1
Repetition start
1.70867919922
1.23895263672
1.70111083984
1.53540039062
1.72137451172
2.03875732422
1.96484375
1.87164306641
1.85711669922
1.85711669922
1.58923339844
1.671875
1.421875
1.63055419922
1.484375
1.19116210938
1.59454345703
1.5849609375
1.41986083984
1.41986083984
Repetition end
1
Repetition start
1.55645751953
1.39562988281
1.39562988281
1.39562988281
1.45007324219
1.45007324219
1.43762207031
1.43762207031
1.74926757812
1.93975830078
1.84094238281
1.90063476562
1.97430419922
1.90899658203
1.90899658203
1.7841796875
1.56536865234
1.67156982422
1.67156982422
1.54089355469
Repetition end
1
Repetition start
1.14782714844
1.26324462891
1.70562744141
1.26373291016
1.83679199219
1.83673095703
2.09967041016
2.15643310547
1.93389892578
2.0703125
1.65533447266
1.32781982422
1.65979003906
1.43823242188
1.53399658203
1.33551025391
1.33551025391
1.33551025391
1.61236572266
1.46417236328
Repetition end
1
Repetition start
1.72045898438
1.54797363281
1.68890380859
1.98571777344
1.69067382812
1.6630859375
1.3154296875
1.25842285156
1.15826416016
0.612365722656
0.500732421875
0.776977539062
1.00079345703
0.87890625
0.897033691406
0.864929199219
0.951477050781
0.720520019531
0.609313964844
0.731811523438
Repetition end
0
Repetition start
1.1904296875
1.29583740234
1.65051269531
1.52978515625
1.75201416016
1.66033935547
1.80920410156
2.00701904297
1.75854492188
1.65686035156
1.29107666016
1.29107666016
1.54681396484
1.18426513672
1.37152099609
1.41015625
1.17327880859
1.44714355469
1.30139160156
1.14019775391
Repetition end
1
Repetition start
1.30041503906
1.38793945312
1.51116943359
1.39263916016
1.70574951172
1.76940917969
1.94165039062
1.75708007812
1.90130615234
1.83990478516
1.60266113281
1.46990966797
1.46136474609
1.30560302734
1.49780273438
1.48034667969
1.44995117188
0.996337890625
1.19689941406
1.22729492188
Repetition end
1
Repetition start
1.71221923828
1.60083007812
1.54028320312
1.66906738281
1.69293212891
1.77313232422
1.81085205078
1.81085205078
2.13879394531
1.97955322266
1.72009277344
1.65502929688
1.57946777344
1.55651855469
1.66320800781
1.35473632812
1.39465332031
1.49096679688
1.13568115234
1.36346435547
Repetition end
1
Repetition start
1.43292236328
1.45483398438
1.55969238281
1.61541748047
1.65161132812
1.80505371094
1.71838378906
1.85363769531
1.62890625
1.96856689453
1.64270019531
1.64270019531
1.72839355469
1.57659912109
1.59259033203
1.62054443359
1.63696289062
1.42462158203
1.33062744141
1.34399414062
Repetition end
1
Repetition start
1.36779785156
1.59448242188
1.98504638672
1.71966552734
1.75616455078
1.64135742188
1.77124023438
1.63757324219
1.66375732422
1.68347167969
1.58074951172
1.54736328125
1.60717773438
1.46923828125
1.71862792969
1.63067626953
1.58544921875
1.50524902344
1.61859130859
1.61096191406
Repetition end
1
