5089 13569 -3901
 5322 13891 -3890
 5091 13578 -3551
 4555 14068 -3228
 4973 13863 -3336
 4905 14426 -3046
 4725 13964 -2868
 4654 14039 -2820
 4838 14482 -2625
 4925 14069 -2096
 4677 13651 -1692
 4000 14345 -1784
 4924 13860 -1370
 4253 13943 -1352
 4076 15083 150
 3890 14772 -56
 4419 13998 1244
 4142 11311 1070
 5164 10490 6191
 2386 13384 7407
 3895 9652 9353
 2270 8368 11614
 2737 8789 13985
 3993 7329 13544
 10962 1795 14841
 -2856 8060 18054
 3607 3206 14673
 1297 2807 15089
 4391 2579 14257
 -2002 -402 17936
 1190 293 16209
 947 1919 15942
 -292 2902 17277
 3788 2604 14147
 3676 1853 16230
 4799 4322 17539
 4819 2033 12559
 -399 6646 15433
 4371 6205 16263
 2672 6338 17568
 4560 -1415 14122
 5491 228 13549
 4487 1294 14582
 4481 4577 14058
 8449 6726 14764
 10068 155 10993
 8077 858 12002
 7169 -970 16568
 8321 496 15642
 5335 920 14265
 7386 1891 14763
 7798 1637 14133
 7614 -83 14028
 4442 -1028 17401
 6028 617 15687
 2599 3870 12455
 -7145 9540 13702
 -4162 5223 11559
 -1774 4566 13818
 -1579 2106 18590
 -35 1592 16804
 552 1814 17317
 574 3908 17673
 2477 2123 14521
 8795 2540 12529
 10111 1903 11729
 9287 486 13636
 2495 1826 17237
 8011 3760 13964
 5745 2517 14200
 4449 3115 15333
 6214 2300 16086
 3412 2667 15815
 4190 3375 16846
 6232 3264 13524
 6216 3251 13392
 4878 3539 14126
 6200 3889 15010
 4915 4791 16477
 5163 2171 14934
 6279 2732 15401
 6731 2942 12103
 7571 5899 13534
 9111 2991 11997
 4712 3736 14294
 5972 3184 13993
 5575 3976 13751
 5507 3925 11679
 5674 2956 10175
 5215 6377 6626
 3321 7087 9297
Repetition Start
 2833 6014 10035
 5246 4734 15127
 2893 4720 16575
 2558 6714 18020
 6380 5602 18478
 4058 7823 18384
 5286 6928 17563
 4978 5717 17974
 3686 3833 17814
 3094 5490 17979
 7207 4088 17997
 5513 1569 15741
 3636 1151 16796
 6612 3267 11723
 5022 4370 13698
 4975 3748 13915
 5133 4966 12485
 6880 3455 9674
 6283 7746 7706
Repetition End
1
 5033 3928 8214
 6207 4046 8202
 5812 3538 8312
 3420 5802 8756
Repetition Start
 5761 4627 11031
 7171 4288 15860
 5583 4023 17875
 5599 4673 18264
 4640 4122 18390
 4853 4007 19425
 4020 3529 19597
 4538 4299 18292
 4680 3845 19779
 5602 2847 18966
 5077 3358 15914
 5949 3841 14611
 5888 2823 14302
 5377 4144 14352
 4601 4640 13073
 5250 5514 14068
 5487 6405 10955
 3592 6964 6094
Repetition End
1
 4437 4405 9448
 5557 5733 9301
 3099 5909 8274
 5883 5226 10871
Repetition Start
 3139 5347 10359
 4146 5141 13203
 1547 7811 13828
 8837 4479 17174
 4713 6214 18357
 3992 6146 17983
 4934 5453 18596
 6601 989 21174
 7042 3962 20489
 5591 5444 17776
 6537 4349 16819
 5314 4500 15692
 5059 3906 14965
 3986 5454 13793
 5373 5078 12046
 5884 7575 9195
 4234 7129 10073
 5389 8342 11470
Repetition End
1
 5816 6779 8493
 4874 5718 10097
 5113 4818 8937
 6109 5511 8278
 4043 6274 8632
 4298 7139 10211
Repetition Start
 4531 4526 12212
 3560 5516 15337
 5836 6109 15327
 5995 6798 16452
 3585 5549 18462
 5732 4404 17515
 3589 5886 21076
 5504 5698 18272
 3604 5710 17440
 2942 5009 17688
 4811 4780 17124
 5602 4217 15418
 5127 3758 15359
 4238 4130 14012
 4529 4422 12454
 6363 4744 12504
 6455 6268 12512
 3951 7927 9696
Repetition End
1
 4679 4975 10832
 5118 6888 8082
 1408 6790 9910
 4114 5515 8796
 4808 6408 8145
 4537 8825 6756
Repetition Start
 3263 6084 11908
 8912 7183 12908
 340 8754 13094
 5662 5862 16932
 4182 6456 17016
 4908 6219 16857
 4431 5876 18695
 4460 5965 18112
 4863 4803 19099
 3304 3976 17959
 4737 5059 15829
 5468 6417 14035
 5240 7320 11683
 4660 8464 13182
 3671 6498 14697
 4542 6274 11911
 5372 4529 9401
 4764 7943 10292
Repetition End
1
 2658 7560 10910
 3442 8726 11863
 5623 7100 9015
 5824 6159 11103
 5731 6125 10715
Repetition Start
 5815 4821 8930
 4666 5162 9050
 7034 7069 9651
 2737 7375 11351
 6088 6492 12950
 2962 4577 13134
 4457 7274 14889
 3778 6100 16078
 4378 5983 15893
 4620 5121 17582
 5765 5036 17399
 5718 5736 18074
 4850 6628 17037
 4842 5928 16243
 6106 6448 14903
 4906 5389 13836
 4549 4970 14468
 3591 5246 15132
 4837 4335 13808
 5269 5771 13057
 4942 5114 13069
 5909 10077 13208
 6197 5946 12715
 6161 6079 11911
Repetition End
1
 6136 6543 10990
 5730 6296 11746
 5426 7276 12066
 4158 8398 10688
 6389 4756 11665
 4825 3930 10165
 4656 4918 7880
 2545 4973 6068
Repetition Start
 3449 7859 7907
 7673 7243 11201
 4654 7864 11889
 5768 4461 12761
 6620 8088 15602
 5266 5572 16905
 6242 2661 17787
 6236 5892 16363
 6303 6484 14786
 4913 5713 17003
 5386 5331 16915
 5697 5514 16339
 5512 4728 15126
 5092 4066 16580
 5453 5278 14258
 6330 6506 13239
 5734 5350 13162
 5571 6035 14219
 4995 4755 13175
 5104 5773 12491
 5987 6726 12381
 6592 6889 11768
Repetition End
0
 5779 5774 13174
 4901 6588 13089
 7428 5191 12152
 6991 4982 12114
 7247 6479 11949
 5585 6986 11011
 5616 6714 11977
 4345 7101 12789
 5781 7404 13314
 6794 8138 14150
 7118 6448 14715
 5121 5079 14397
 4603 5466 14534
 4661 6598 13398
 5041 6169 12822
 5424 4317 11576
 5765 5645 13475
 5221 5087 14003
 5143 4776 15014
 4276 4611 15600
 2785 2949 14515
 3930 3168 13801
 3929 3359 13433
 3905 3827 12194
 4882 5632 10878
 4897 5536 11077
 3369 4338 12044
 2944 5915 10637
 2235 5069 14313
Repetition Start
 3526 6101 14239
 4829 4198 13867
 4043 4723 14847
 4436 4763 19307
 3401 4999 17067
 2642 4660 18056
 3635 3926 16977
 2618 3633 15748
 2975 3975 16701
 3676 3955 18934
 3035 4177 16400
 3998 5108 16152
 3545 3573 14743
 5416 4170 14436
 5515 4601 13709
 4967 6112 15479
 1853 3337 14688
 5373 4806 13509
 4920 6892 13829
 5058 3058 13257
 5906 5239 14316
 5311 5747 13343
 5513 6499 15470
 6199 6830 14354
 5009 5691 13868
 4345 5630 12126
 4185 5494 10974
 6703 7147 13199
Repetition End
0
 6396 6243 15734
 3920 6085 16884
 5568 6290 15569
 3820 7201 14664
 4743 6829 15058
 3546 5922 13014
 2510 7006 12217
 5093 4888 11978
 4780 4978 12505
 4660 4878 11992
 6331 5705 14032
 5167 4802 13129
 7972 5563 13311
 5045 6489 13760
 5064 6557 14446
 6513 5547 14236
 6455 5909 15618
 3140 3941 13697
 4043 4416 15423
 4113 4125 14286
 3701 5497 14390
 4551 6099 13166
 4488 6681 11974
 4275 5952 13699
 5044 4692 12870
 2966 4383 10763
 4103 6237 10657
 3331 6874 11095
 5967 8764 12937
 3430 4609 12176
 4773 6892 14148
 4243 7634 13936
 3814 6857 14057
 4127 5645 12317
Repetition Start
 4935 6012 14615
 3873 7550 15638
 1780 5242 16130
 5053 3501 15933
 3660 4228 15044
 5952 9683 21413
 1929 4708 12835
 2459 2034 15340
 1490 5419 16832
 4566 4901 14834
 2669 2352 15499
 4171 4697 15777
 3603 3544 14809
 3981 4145 15598
 3203 3257 15025
 3655 3925 15370
 4037 3557 14796
 3857 3827 15128
 3881 3822 14957
 3596 3882 15060
 3530 3147 15187
 3439 2999 14675
 3820 3384 14807
 3949 4704 15319
 3672 2686 14802
 3874 4130 15164
 3514 3768 14843
 3912 3653 15035
 3955 3755 15256
 3624 3592 14958
 4181 3641 14956
 4076 3855 14745
 3793 3803 14756
 3676 3902 15198
 3475 3887 14714
 4366 4006 15154
 3673 3679 15060
 3985 4036 14802
 3882 3641 14921
 3869 3517 14950
 4254 3538 15026
 3801 3748 15159
 3983 3436 14795
 3600 3429 14559
 4029 4290 15017
 3654 3424 14964
 3832 3428 15261
 3621 3497 15175
 3955 3233 15109
 3946 3669 15205
 3676 3430 15058
 3975 3450 15063
 4015 3618 15138
 3714 3495 15103
 3869 3596 15129
 3790 3723 15533
 3586 2973 15041
 3756 3625 15212
 3614 3821 15028
 3696 4181 14816
 3430 4569 14572
 3521 4373 14385
 3297 4422 14522
 3133 4655 14927
 3256 4180 14933
 2644 4456 14802
 2700 4612 14441
 2203 5129 14582
 2432 5058 14852
 2578 5095 15292
 1846 3523 14677
 2044 4313 14359
 2367 5780 14693
 2541 4562 15006
 2836 5089 14968
 2956 4135 15065
 2790 5051 14758
 2886 4531 15078
 2716 4817 14659
 2313 4505 14855
 2567 4535 14675
 2712 5266 15516
 2547 3774 14745
 2746 4676 14914
 2573 4490 15118
 2690 4429 15000
 2730 4392 15015
 2845 4474 14791
 2834 4840 14776
 2903 4492 15196
 2584 3951 15137
 2938 4565 15307
 2792 4695 14999
 2677 5987 15868
 2130 4025 14635
 2499 7481 15947
 1822 6753 16954
 3766 7633 15520
 4376 9508 13703
 4559 16294 11924
 4263 16255 4871
 9024 15049 2971
 4171 11753 2691
 1813 4083 3839
 3452 3562 10510
Repetition End
0
 4109 4611 12979
 5323 7557 12313
 4672 3634 13048
 4765 4989 12788
 4513 3721 12358
 2050 6049 12239
 4070 2017 13391
 3060 2881 14819
 2076 2532 15478
 2334 910 14868
 2902 -237 13339
 2716 1447 15760
 1997 2425 16399
 4540 644 16800
 7078 -1797 16873
 7240 -3771 17388
 4194 -1516 19198
 8149 -1687 17715
 4612 996 17295
 3644 791 13831
 1797 1615 14365
 1234 2907 14440
 3063 1145 14829
 2796 1285 15703
 4504 -105 17003
 1476 1092 16329
 3798 758 16268
