Repetition start
1.45025634766
1.36389160156
1.23797607422
1.20001220703
1.39019775391
1.57757568359
1.19537353516
1.64129638672
1.72436523438
1.56726074219
1.71228027344
2.02124023438
1.93713378906
1.8173828125
1.88299560547
1.32861328125
1.53649902344
1.44158935547
1.28491210938
1.30865478516
Repetition end
1
Repetition start
1.15875244141
1.5859375
1.82177734375
1.82177734375
1.82177734375
1.55584716797
2.02996826172
1.59204101562
1.7763671875
1.7763671875
1.83258056641
1.86163330078
1.64727783203
1.69921875
1.45373535156
1.45373535156
1.65850830078
1.52990722656
1.51123046875
1.31359863281
Repetition end
1
Repetition start
1.21447753906
1.30505371094
1.21533203125
1.56622314453
1.42730712891
1.39331054688
1.84417724609
1.50463867188
1.86126708984
1.80041503906
1.67510986328
1.67510986328
1.69989013672
1.69989013672
1.55883789062
1.48236083984
1.5419921875
1.50860595703
1.32476806641
1.32159423828
Repetition end
1
Repetition start
1.06530761719
1.31976318359
1.61932373047
1.61932373047
1.52728271484
1.81927490234
1.15423583984
2.06829833984
1.79644775391
1.69055175781
1.72888183594
1.67755126953
1.75335693359
1.75677490234
1.62310791016
1.62310791016
1.57073974609
1.32763671875
1.2958984375
1.39129638672
Repetition end
1
Repetition start
1.52642822266
1.56817626953
1.56817626953
1.43060302734
1.89788818359
1.77337646484
2.11773681641
2.07189941406
2.07189941406
1.89422607422
1.69860839844
1.69860839844
1.81506347656
1.81506347656
1.80047607422
1.80047607422
1.46112060547
1.46112060547
1.38269042969
1.19567871094
Repetition end
1
Repetition start
0.89013671875
0.89013671875
1.07159423828
1.42095947266
1.42095947266
1.50238037109
1.57177734375
2.02862548828
2.02862548828
1.85327148438
2.16107177734
1.81732177734
1.72235107422
1.72485351562
1.3583984375
1.3583984375
1.54254150391
1.36309814453
1.36309814453
1.3408203125
Repetition end
1
Repetition start
0.923889160156
1.22528076172
1.29473876953
1.24523925781
1.52398681641
1.44055175781
1.78442382812
1.47674560547
1.67706298828
1.84942626953
1.55895996094
1.67059326172
1.65185546875
1.50146484375
1.52331542969
1.38989257812
1.56481933594
1.47454833984
1.47454833984
1.33404541016
Repetition end
1
Repetition start
1.02526855469
0.979858398438
1.24475097656
1.32916259766
1.53491210938
1.58599853516
1.86364746094
1.62744140625
2.18670654297
2.18670654297
1.52691650391
1.73565673828
1.52600097656
1.52600097656
1.59197998047
1.52136230469
1.50524902344
1.53442382812
1.46844482422
1.31237792969
Repetition end
1
Repetition start
0.817626953125
1.07116699219
1.21221923828
1.32409667969
1.34088134766
1.54827880859
1.56359863281
1.90222167969
1.99609375
1.98461914062
1.8974609375
1.71539306641
1.58142089844
1.47924804688
1.60406494141
1.68109130859
1.26928710938
1.41937255859
1.37847900391
1.30218505859
Repetition end
1
Repetition start
1.50738525391
1.62896728516
1.8369140625
1.96539306641
1.96539306641
1.89331054688
1.9013671875
1.9013671875
1.83837890625
1.83837890625
1.6904296875
1.58361816406
1.5966796875
1.47039794922
1.56555175781
1.48162841797
1.39624023438
1.39624023438
1.46508789062
1.37390136719
Repetition end
1
