Repetition start
1.06420898438
1.47259521484
1.22827148438
1.26086425781
1.26086425781
1.78125
1.67449951172
2.16381835938
1.54577636719
1.54577636719
1.93054199219
1.68518066406
1.68518066406
1.64532470703
1.68634033203
1.68011474609
1.45959472656
1.58227539062
1.55480957031
1.29644775391
Repetition end
1
Repetition start
1.59246826172
1.59246826172
1.78857421875
1.76190185547
1.76190185547
1.53332519531
1.73107910156
1.75573730469
1.69049072266
1.69049072266
1.69049072266
1.58233642578
1.67114257812
1.67114257812
1.65246582031
1.45043945312
1.51721191406
1.51721191406
1.37744140625
1.37744140625
Repetition end
1
Repetition start
1.09436035156
1.45562744141
1.54260253906
1.44116210938
1.56213378906
1.05236816406
1.50122070312
1.59533691406
1.84552001953
1.84552001953
1.86303710938
1.86303710938
1.79650878906
1.72088623047
1.7373046875
1.12890625
1.52630615234
1.52996826172
1.58477783203
1.37042236328
Repetition end
1
Repetition start
0.438110351562
1.35241699219
1.47589111328
1.44958496094
1.53570556641
1.47515869141
1.37023925781
1.92608642578
1.36743164062
1.78924560547
1.78283691406
1.75238037109
1.62518310547
1.61505126953
1.50921630859
1.47375488281
1.53637695312
1.55645751953
1.48602294922
1.49176025391
Repetition end
1
Repetition start
0.9326171875
2.03503417969
-0.0411987304688
1.94787597656
1.58569335938
1.01678466797
1.65283203125
1.6201171875
1.67877197266
1.33654785156
1.77069091797
1.61700439453
1.58459472656
1.74542236328
1.74761962891
1.638671875
1.61584472656
1.41662597656
1.06207275391
0.832092285156
Repetition end
1
Repetition start
1.38330078125
1.37023925781
1.43792724609
1.43078613281
1.87194824219
1.62658691406
1.62658691406
1.75061035156
1.73736572266
1.75720214844
1.93682861328
1.68768310547
1.66979980469
1.66351318359
1.77429199219
1.63433837891
1.69049072266
1.51245117188
1.55017089844
1.07153320312
Repetition end
1
Repetition start
1.30908203125
1.43395996094
1.83929443359
1.43817138672
1.74420166016
1.63330078125
1.49340820312
1.72344970703
1.44879150391
1.93231201172
1.93231201172
1.37554931641
1.56158447266
1.50714111328
1.59136962891
1.59136962891
1.48638916016
1.38031005859
1.35980224609
1.28997802734
Repetition end
1
Repetition start
1.45867919922
1.43957519531
1.55895996094
1.55767822266
1.64361572266
1.84338378906
1.46337890625
1.83599853516
1.56121826172
1.65289306641
1.64654541016
1.39129638672
1.39129638672
1.66119384766
1.45452880859
1.69659423828
1.57702636719
1.62719726562
1.62719726562
1.56628417969
Repetition end
1
Repetition start
1.55255126953
1.54382324219
1.69927978516
1.79663085938
1.68865966797
1.77081298828
1.78607177734
1.60363769531
1.66754150391
1.66754150391
1.76812744141
1.66595458984
1.69500732422
1.69500732422
1.60729980469
1.43041992188
1.44287109375
1.59906005859
1.59906005859
1.39007568359
Repetition end
1
Repetition start
1.66143798828
1.82275390625
1.72094726562
1.89868164062
1.89868164062
1.89868164062
2.04357910156
1.5244140625
1.71160888672
1.77355957031
1.51934814453
1.62969970703
1.64135742188
1.53295898438
1.3798828125
1.5029296875
1.5029296875
1.33233642578
1.71630859375
1.58459472656
Repetition end
1
