5971 10171 10748
 5796 10644 10691
 6954 10885 9900
 8182 11092 8668
 6853 11718 8650
 6598 11444 8713
 6618 11067 8921
 7005 10930 9079
 7093 10817 9495
 7687 10850 9254
 7478 10786 9178
 7861 10752 9003
 7765 10943 8988
 7944 10858 8822
 7698 11201 8968
 7600 11237 8925
 7487 11050 8832
 7491 11115 8965
 7457 10981 9012
 7450 11111 9005
 7297 10917 9242
 7197 10670 9541
 7080 11065 9617
 6813 10411 9266
 6721 10512 9665
 7333 11165 10095
 6913 10915 9918
 7002 10672 9496
 6815 11055 9485
 6279 11420 9497
 5589 11430 10287
 6967 11017 9481
 7023 11225 9433
 6609 11086 9591
 6800 10953 9272
 6499 11297 9551
 7465 11010 9304
 6315 11090 9519
 7078 10837 9641
 6983 10910 9510
 7028 10763 9601
 6811 10917 9691
 7274 10905 9635
 7103 10853 9359
 6957 11046 9547
 7114 10854 9376
 7118 10912 9378
 7098 10931 9399
 6813 11268 9663
 7295 10998 9585
 7173 11219 9952
 7164 10918 9791
 6382 10787 10236
 5557 10378 10089
 5303 10524 9984
 5391 11076 10352
 6000 10919 10181
 5436 11053 10283
 5303 11205 10412
 5069 10974 10424
 5773 11159 10713
 5799 11608 10726
 8972 11913 10054
 9097 11415 9120
 8556 11612 9432
 9040 11187 8380
 8994 10953 6788
 10172 11110 5282
 10540 10936 4286
 12967 11976 3632
 7143 11724 3423
 7846 11675 3152
 8118 12880 3413
 6917 13809 3824
 5548 12810 3622
 4974 14260 4250
 3449 14308 5215
 2531 14171 5883
 1161 14819 7131
 -1116 14898 7395
 279 14364 7516
 246 14188 8260
 347 12898 8641
 529 13477 9281
 223 12060 10084
 2586 12019 11606
 3020 10952 11324
 3950 10753 11384
 4676 10461 10775
 6254 11153 11206
 5899 9946 11242
 7229 9587 10904
 7421 9858 9695
 5422 10325 10031
 5153 9694 10147
 3923 10063 11182
 2322 10120 11191
 2687 9467 11175
 2261 8624 12415
 3086 6821 13184
 1913 4949 14541
 2392 2483 13643
 -2371 1832 15784
 -493 -3823 19815
 -2720 -3051 19179
 -1084 -4761 16969
 -3897 -3749 16439
 -1299 -4428 16167
 -2901 -4565 16790
 -2533 -5192 16565
 -2494 -4974 17224
 -1632 -5674 18234
 -2168 -3769 17519
 -389 -2834 15896
 -127 -1902 16770
 -483 -287 16692
 -2405 1130 16921
 -370 2328 15843
 1404 5738 16293
 -594 9101 13918
 3582 10376 8496
 2499 11550 3937
 3323 14131 5628
 4468 14515 5861
 4940 15062 4378
 4538 14120 2598
 4982 14387 1677
 6448 14310 445
 6116 14548 1055
 6013 14898 524
 6609 14952 1238
 7303 14460 1698
 7558 14134 1443
 7118 14065 1138
 6990 14503 897
 6378 14863 460
 6365 14693 818
 6692 14650 1014
 6187 15008 830
 6180 14792 988
 6725 14522 1130
 6757 14540 1069
 6605 14741 992
 6561 14725 959
 6451 14800 855
 6164 14736 1099
 6129 14762 1803
 5184 15209 1584
 5428 15261 1137
 5421 14848 663
 5462 15328 983
 5700 14797 1127
 5954 15139 988
 4614 15597 788
 3685 15771 617
 4141 15823 730
 4274 15600 1271
 3908 15481 1179
 3645 15477 1534
 3692 15749 1953
 3365 15609 2098
 2942 15680 2348
 2514 15737 2289
 2488 15695 2219
 2306 15871 2229
 2121 15777 2313
 2356 16031 2250
 2384 15806 2243
 2175 15751 2285
 2165 15806 2328
 2039 15817 2380
 1734 16037 2217
 1954 15088 2053
 1882 15863 1957
 1827 16122 1958
 1969 16035 1946
 1544 15951 2242
 1973 15785 2181
 1449 16032 2348
 1703 15858 2239
 1565 15852 2287
 1694 15924 2355
 1528 15940 2280
 1584 15826 2285
 1504 15870 2291
 1255 16002 2405
 1430 16006 2535
 1321 15880 2608
 1279 15918 2455
 1252 15871 2597
 1233 15767 2525
 1409 15993 2816
 1279 15867 2725
 1327 15906 2839
 1012 15806 2855
 985 15909 2942
 1235 15801 2785
 1296 15777 2776
 1189 15764 2880
 1071 15710 2904
 1216 15829 2989
 1239 15921 3011
 1121 15698 2842
 1126 15954 3044
 1296 15787 2897
 1404 15723 2622
 1328 15870 2752
 1312 15784 2684
 1211 15782 2905
 1400 15885 2854
 1298 15703 2955
 1412 15750 3138
 1375 15844 3194
 1400 15624 3260
 1277 15761 3190
 1231 15784 3248
 1490 15643 3196
 1342 15653 3325
 1262 15729 3354
 1390 15735 3281
 1279 15752 3380
 1274 15683 3448
 1238 15752 3437
 1356 15679 3348
 1416 15700 3351
 1346 15693 3392
 1253 15704 3487
 1359 15700 3557
 1404 15745 3501
 1312 15693 3446
 1323 15751 3453
 1340 15666 3384
 1356 15669 3417
 1439 15660 3388
 1180 15714 3426
 1462 15715 3335
 1363 15666 3456
 1343 15678 3523
 1167 15724 3399
 1394 15725 3373
 1340 15715 3387
 1477 15645 3456
 1407 15710 3441
 1274 15801 3464
 1332 15723 3506
 1493 15706 3453
 1248 15531 3468
 1636 15438 3325
 1186 15726 3575
 1059 15823 3483
 1374 15812 3385
 912 16322 3510
 908 15852 3594
 759 15722 3538
 2173 15742 3160
 2930 15309 3169
 1407 16220 3017
 2387 15929 2682
 4579 15876 1934
 2213 15716 2513
 2626 16141 1379
 1294 16052 3285
 4042 15142 2578
 1741 15831 3510
 1207 16142 3422
 4059 15766 3363
 3416 15015 3223
 2209 15505 4123
 2548 15233 4050
 1883 15658 4383
 2109 15161 4582
 2553 15259 3931
 2347 15592 3899
 2074 15623 3859
 1824 15551 3295
 2004 15544 3358
 2248 15692 3010
 2170 15496 2509
 2434 15997 2350
 2534 15770 2555
 3116 15650 2353
 2435 16028 1872
 2990 15897 2314
 3117 15589 2410
 2773 15775 2315
 2799 15660 2486
 2917 15862 2314
 3015 15663 2253
 2992 15667 2053
 3252 15610 2157
 3026 15677 2319
 2806 15555 2158
 2847 15617 2437
 2801 15874 2473
 2815 15596 2394
 2794 15712 2424
 2590 15816 2360
 2784 15708 2058
 2927 15668 2153
 2504 15600 2642
 2662 15919 2604
 2906 15667 2355
 3041 15655 2594
 2927 15544 2619
 2805 15743 2599
 2831 15865 2419
 2985 15402 2724
 2699 15747 2971
 2827 15589 2919
 2691 15680 2794
 3068 15522 2754
 3223 15579 2982
 2895 15381 2813
 2715 15614 2617
 2922 15659 2673
 3218 15557 2772
 2905 15449 2655
 3196 15742 2615
 3253 15425 2658
 3034 15635 2830
 2798 15732 2614
 2929 15577 2917
 2926 15445 2863
 3228 15579 2540
 3073 15798 2990
 2919 15486 2629
 2658 15600 2477
 2935 15822 2631
 3116 15320 2589
 3393 15588 2405
 3020 15589 2703
 2779 15624 2669
 2881 15750 2732
 2845 15580 2780
 3118 15462 2880
 3221 15594 2777
 3091 15758 3128
 2997 15385 2989
 2873 15714 2959
 2829 15448 2760
 3364 15416 3030
 2674 15722 2614
 3097 15593 2949
 2944 15643 2838
 2557 15581 2929
 2888 15442 2740
 3467 15528 2888
 2777 15621 2945
 2810 15593 2927
 2863 15715 3096
 2507 15636 2914
 3431 15297 2892
 3039 15552 2706
 3009 15595 2978
 2754 15700 2609
 2806 15759 2896
 2979 15592 2837
 2915 15669 2883
 2356 15640 2774
 2669 15511 3129
 2764 15753 2787
 3058 15503 2737
 3094 15544 2960
 2707 15651 2846
 2789 15599 3009
 2739 15610 2968
 2845 15507 3110
 3020 15617 3084
 2732 15377 3009
 3082 15541 3062
 2999 15471 3080
 2916 15679 3233
 2856 15528 3329
 3098 15483 3349
 2825 15580 3120
 2927 15636 3041
 2893 15444 3335
 2796 15596 3424
 2816 15572 3243
 2525 15501 3402
 2845 15496 3401
 3108 15258 3472
 2986 15612 3267
 3057 15297 3529
 2448 15569 3284
 2832 15259 3626
 3041 15399 3623
 2774 15467 3646
 3013 15404 3279
 2905 15480 3049
 2432 15597 3067
 3086 15629 3088
 2762 15512 3149
 1972 15813 3042
 3085 15320 3369
 2584 15359 3360
 2224 15599 2975
 2458 15709 2839
 2463 15684 2789
 2630 15633 2930
 2563 15695 2892
 2294 15707 2882
 2487 15767 2991
 2778 15488 3154
 2556 15541 2973
 2662 15672 3033
 2626 15577 3139
 2488 15843 2821
 2515 15701 2755
 1930 15682 3035
 2743 15752 2153
 2670 15674 2208
 2718 15666 1943
 2616 15609 1963
 2895 15801 1909
 2521 15576 1532
 2455 16089 1884
 2574 15673 1864
 3105 15508 1360
 2812 15538 1824
 2566 15909 2027
 2831 15957 1869
 2834 15917 1980
 2375 15944 1757
 2473 15791 1748
 2314 15804 1511
 2424 16248 1215
 2536 15655 1583
 2772 16151 1906
 2433 15533 2006
 2207 15788 2078
 2317 15784 2070
 2414 15929 1861
 2139 15798 2183
 2322 15716 2372
 2247 15757 2367
 1141 15974 3171
 1981 15512 3093
 815 15868 4488
 -281 15603 4704
 2062 14341 3851
 1637 14178 6381
 857 13705 7997
 -975 13736 8934
 -1211 10732 9094
 -766 13156 11072
 -2107 11705 11271
 -1012 11557 11847
 -905 11090 12416
 -452 11043 11260
 -2325 11533 10305
 -915 12814 9132
 -2251 11525 10874
 -1854 12399 11198
 -717 11896 10652
 -1769 12093 11597
 -569 11929 10426
 -3167 12752 11253
 -114 10652 12851
 758 12711 10111
 -2049 11656 11400
 -2471 12487 12407
 719 10750 11147
 -632 12179 12183
 -1842 11352 12194
 -1103 10276 12150
 -700 10316 9762
 -6170 12329 12456
 -411 10532 11738
 1419 10981 10992
 -2200 10844 12497
 -1676 9865 12265
 1525 9995 11390
 -5556 12168 12555
 1293 9292 10487
 -1959 10203 13473
 1820 8893 10960
 -3225 7787 12531
 10546 1311 16939
 -3738 5670 18778
 622 4255 16247
 420 4793 15557
 1342 5271 14625
 727 5102 14792
 8 5256 15032
 -106 4573 15341
 -761 4788 15829
 -1830 4670 16175
 -1542 3975 16158
 -1242 3824 16258
 -1859 4223 15711
 -450 4473 15017
 1162 6696 15288
 -1302 5179 15465
 -361 6144 15522
 1402 4592 15148
 162 7146 14794
 -454 5725 14914
 -707 6628 14586
 1581 4885 15716
 3936 4194 14886
 2633 4434 14406
 2057 3909 15886
 5309 2918 15809
 3986 2209 15276
 3203 3127 16609
 1983 4566 15505
 3083 3103 15419
 3024 3030 15523
 -22 5880 16040
 4174 3087 14934
 2078 3263 15388
 3353 3045 15984
 3014 3055 15958
 3530 3388 15778
 3150 2812 15582
 3401 2745 15444
 3155 2447 15988
 3297 2561 15598
 2971 2238 15779
 2887 2171 15872
 3201 2126 15815
 3435 2018 15948
 3028 2198 15921
 3244 2214 15749
 3137 2096 15671
 2970 2000 15743
 3338 2064 16022
 3070 1930 15918
 2968 1843 15855
 3164 1819 16005
 3086 2078 15756
 3046 1590 15844
 2649 1743 16123
 3441 1988 15808
 3457 1999 15784
 3040 1895 15818
 3228 1850 15853
 2980 1981 15978
 3034 1928 15860
 3007 1882 15748
 2830 1873 15876
 2968 1701 16207
 3248 1825 15880
 3017 1717 15757
 2954 1878 15706
 2878 1947 15612
 2918 1628 16221
 2691 1653 16209
 2364 1548 16059
 1635 1600 16165
 1701 1655 16287
 3202 2321 16262
 3575 2435 15064
 3426 2332 16207
 2409 1990 16292
 2499 2069 15955
 2757 2923 15341
 706 2678 16915
 1384 2878 15996
 4171 3012 14156
 -646 2225 17698
 2033 2019 16018
 3165 2699 14822
 -1141 2490 17498
 2097 1926 15812
 1112 2661 15270
 5 2243 16992
 1532 2232 16135
 796 1851 16105
 1114 2582 15995
 1437 2455 15390
 610 2293 16428
 535 2170 16828
 766 2305 16263
 1292 2260 16127
 1819 2128 16375
 537 2274 16164
 2408 2103 15824
 2004 2717 15831
 3066 2579 16308
 3074 1536 16206
 3546 1815 16094
 2562 1961 16112
 3221 1518 15789
 1541 1840 15466
 4849 1849 14921
 1465 2679 16022
 2967 2486 16229
 2387 1856 15405
 3931 1440 15156
 1940 1499 16579
 3204 1353 16087
 3857 605 16097
 2888 1559 15977
 2824 1428 16203
 3531 1074 16195
 3379 1324 16165
 3081 1963 15522
 2658 2051 16443
 2093 2226 16042
 2266 2455 15141
 1724 2055 15410
 2353 2066 16223
 1925 2449 15931
 3243 1856 15883
 2502 1851 16072
 2938 2160 16103
 2776 2293 15835
 2694 2339 15737
 3384 2334 15931
 2757 2193 16111
 2676 2274 15784
 2443 2687 15796
 2270 2599 15754
 2524 2859 15895
 2176 3112 15879
 2691 3267 16301
 2285 3255 15636
 3025 3869 15574
 2735 4277 15055
 3025 4080 15354
 2558 4015 15605
 2598 3578 15866
 3345 3458 16673
 2615 3722 15706
 3555 3101 14838
 3906 3826 15687
 3487 2067 14916
 1058 2724 16480
 2585 2369 17952
 831 2306 15199
 2284 2911 16030
 1451 2561 16204
 622 3516 14920
 -355 3324 15612
 840 3292 16260
 56 3621 16149
 236 3849 16707
 1764 3456 15576
 2749 3836 16281
 1307 3909 17008
 915 5550 18407
 -93 3356 14706
 250 3970 15328
 1284 2377 16959
 1282 1745 15605
 -106 880 15419
 1749 852 16558
 690 -163 16783
 666 -2086 15644
 255 -588 15196
 -516 670 15066
 3240 -1175 15780
 -472 1578 17272
 1973 2635 17130
 953 2712 16622
 -319 -879 17844
 790 -580 17889
 1809 -3464 15617
 3685 2609 14577
 6261 205 14151
 7535 1504 11715
 -2852 -898 20623
 5746 -1006 15454
 4599 -854 14229
 -120 -555 15866
 -2195 2484 15782
 -9085 9139 13669
 -3201 8939 11499
 852 908 15921
 -1237 5413 18398
 616 3846 17193
 -907 2324 17678
 4369 2080 16317
 4405 5071 14725
 7250 1851 14497
 5931 3145 12988
 1354 2240 16589
 4589 3520 15878
 5215 3435 14724
 3430 2925 15660
 2197 3415 15753
 2756 3492 15800
 3105 3702 15425
 2716 3203 15378
 3220 3469 16833
 3360 3689 15565
 4179 4201 15048
 4636 4315 15267
 4321 4226 14597
 5109 4502 14955
 4025 4145 15066
 4347 4256 15307
 4177 4036 14913
 4147 3893 15170
 3720 4584 14884
 4394 4753 14998
 3985 5091 14912
Repetition Start
 4022 4742 15161
 4420 5111 14230
 4466 5182 12698
 4725 5599 9959
 3026 6738 9897
 3875 5711 13191
 5322 8727 11798
 -549 7426 12708
 2509 6458 14556
 4011 7177 15703
 3704 3546 21002
 2539 4317 18822
 3029 7187 17838
 3092 9821 20203
 3877 6950 20911
 2771 6705 20300
 4871 8106 17874
 1483 2512 17773
 3936 3710 17528
 3475 5172 14972
 6114 3014 11924
 4488 5282 11671
Repetition End
1
 4948 5207 7334
 5372 5437 3734
 3864 4021 8751
 2777 8159 7444
Repetition Start
 3193 7629 8163
 5564 7881 12539
 4554 7690 17604
 2537 9101 13853
 5367 7713 20179
 1474 7517 17093
 3776 6343 18985
 3957 7127 18941
 3335 8061 19105
 1765 4872 20352
 4973 5133 17734
 2165 5397 16256
 5581 5511 16081
 3014 6502 15550
 4089 6967 13704
 4708 6319 10495
Repetition End
1
 1977 5947 7739
 3866 5702 4764
 1959 5969 7397
Repetition Start
 3700 7793 8405
 4579 7237 9566
 1084 7347 11481
 3111 7138 15412
 -386 5252 18519
 -912 6167 17573
 200 9780 20235
 -639 5534 19757
 2290 7746 20459
 3038 7094 19366
 3456 6421 17568
 3795 6250 17806
 3628 5119 16793
 4613 4472 15202
 4645 5612 15007
 2804 7572 14341
 151 7760 13794
 3206 7847 10600
Repetition End
1
 853 6975 6203
 4889 7276 2651
 4334 6982 7776
Repetition Start
 2566 10016 4872
 4593 8641 8389
 6435 9107 10989
 3605 6792 14626
 4402 7385 18020
 3580 -1368 16699
 4673 7177 22037
 3346 6177 19910
 2199 5589 19910
 2277 5772 20277
 3292 4418 19775
 3697 8218 16812
 5670 7145 15968
 5316 6064 15213
 3527 6528 15680
 656 9186 11910
 3375 6543 11314
 6555 6592 9648
Repetition End
1
 2966 6669 4546
 2220 6960 6648
 2487 7631 8961
 4612 7404 9554
 5081 8950 11860
Repetition Start
 1069 10481 13459
 6289 5415 13989
 1025 9275 13139
 652 11108 19335
 3224 7425 18406
 5853 10621 18223
 4355 10499 19092
 2373 10301 18361
 3993 8385 15452
 5828 7376 16534
 6469 7822 15208
 3283 7640 13016
 1673 6956 14025
 2183 7595 9812
Repetition End
1
 6156 5101 9249
 5423 7279 2332
 2888 4756 7891
 4658 9531 7342
Repetition Start
 242 7495 6847
 835 9559 7163
 3729 8210 11342
 1398 6840 16377
 -804 6728 19828
 1990 10256 20991
 2467 7087 20810
 4121 12096 19190
 4453 5264 20058
 3253 4762 20204
 2574 6498 19188
 2687 4641 14928
 3958 5467 15848
 2265 5012 15056
 2736 5202 14030
Repetition End
1
 3900 7558 13133
 5465 6899 9077
 4853 7340 5455
Repetition Start
 3210 7409 4518
 3364 8330 8381
 6257 7037 7919
 2657 7916 9829
 2359 7216 15394
 1881 5825 15896
 3549 7035 18652
 -440 811 23824
 2518 3779 21180
 3370 6186 20745
 2105 4667 18770
 2919 6304 18148
 4383 4152 18529
 2680 4131 17789
 4636 3640 16682
 2211 5018 15543
 3712 6037 15889
 2568 6097 15494
 2170 7536 12151
Repetition End
1
 4161 6375 8099
 7083 5881 6454
 -1310 8648 4655
Repetition Start
 3096 8455 5247
 385 9276 6393
 4280 7995 8119
 2653 4990 14134
 2330 8970 13848
 3691 5621 16673
 3576 7601 19357
 2520 4009 20135
 7784 6291 21752
 2397 2332 20288
 3550 4534 20353
 2462 5149 17391
 3131 7206 15746
 3537 5965 15424
 3527 5838 15297
 3269 6947 14924
 3212 7021 13826
 4368 5975 11159
Repetition End
1
 4987 6421 9650
 3466 5670 7462
Repetition Start
 2654 5992 4750
 3528 6340 7682
 1847 7271 10743
 2754 8187 10753
 3092 5780 13097
 2158 6853 16356
 3081 5778 16759
 3834 6683 20649
 4634 7061 21009
 4989 6154 21373
 3749 6101 21238
 3226 7230 17649
 2797 5566 17547
 5193 4301 14742
 4578 6221 15482
 4581 6170 16792
 1592 4029 15175
 3517 6704 13034
 2905 7610 12070
 4589 7503 9243
Repetition End
1
 4504 7576 6457
 -349 7560 5187
 5255 8527 6598
 2343 7830 7778
 2957 8420 10211
Repetition Start
 5449 7090 12158
 2677 7420 16592
 4363 6603 19130
 5213 4999 21989
 2058 8316 20646
 3849 8234 19069
 5116 7520 17484
 2110 7303 18283
 1304 6755 17887
 4666 5917 15577
 3388 6009 14694
 3997 7312 14341
 2604 7022 14649
 4632 5598 12646
 4253 7789 11962
 3014 7772 11724
Repetition End
1
 5151 7923 11215
 3885 6714 12399
 3260 5440 12034
 3143 5329 13680
 2471 5319 13220
 1660 8246 14991
 2315 4556 14774
 528 1729 13042
 5309 13045 14676
 3123 7547 13441
 3523 6698 9386
 2789 6604 14621
 1257 8907 18161
 2741 6949 16070
