4718 5218 15120
 5112 2898 13583
 4924 4246 13879
 5581 5694 14967
 3897 5983 15626
 3136 4342 15801
 3301 4509 15025
 4461 5191 14538
 3692 5645 14771
 4504 5273 14852
 4952 5045 14649
 4013 5095 14584
 4522 5210 14699
 4606 5385 14264
 5107 5738 14355
 5153 5609 14760
 4135 5546 14748
 3551 5837 14598
 3525 6244 14073
 5009 5992 14308
 3446 6492 14273
 4064 6290 14517
 4889 6099 14066
 4321 6101 14437
 4162 6437 14460
 4055 6297 14126
 4544 6386 14055
 3469 6814 14215
 4141 6591 14258
 3764 6554 14106
 3926 6363 14433
 4115 6566 14397
 4158 6706 14214
 3926 6789 14105
 3990 7016 14169
 4221 7028 14847
 3924 6726 13755
 3357 6788 14368
 3627 6736 14003
 3519 6937 13935
 3971 7140 14101
 4390 6580 14182
 3344 6190 10879
Repetition Start
 4302 5699 8918
 -539 8484 9867
 5306 5258 8420
 3189 7520 10375
 2371 6687 9086
 1083 9007 14751
 958 4762 19788
 1273 8965 20344
 935 3632 20528
 1125 7450 17756
 2307 7319 21485
 -133 7436 21343
 1789 4318 20416
 2335 6316 16148
 2204 6892 14165
 -322 10093 13735
 7874 6044 13253
 2424 7452 12235
 5183 6856 10952
 2560 7082 13227
 2685 7486 9803
Repetition End
1
 2139 7831 7703
 4425 7559 6825
 5195 8024 6760
Repetition Start
 2655 8280 5658
 2321 9177 7909
 4171 9720 12230
 3553 10688 16046
 1345 8198 17780
 331 9611 16658
 3119 10137 18061
 2146 6475 18976
 1382 7468 19021
 4137 7391 19810
 2649 7464 20408
 2866 6489 20394
 3788 6981 14862
 5357 6188 15920
 2259 8554 12996
 4931 7598 11174
 5069 8251 11628
Repetition End
1
 957 6333 8208
 4803 9489 5915
 3606 5999 6438
 3098 9809 7167
Repetition Start
 3520 8557 7726
 699 9281 10885
 5831 4864 14124
 3817 8676 16090
 4198 7593 20911
 1802 8474 23747
 1310 7849 18437
 723 7279 18618
 1250 6317 18960
 4318 11036 16439
 2453 7808 19441
 2934 7042 18718
 2435 6529 16675
 4988 7264 14163
 1823 6383 13534
 3722 6186 11319
 2450 6372 10868
Repetition End
1
 181 8589 6276
 6181 5062 2727
 1566 8797 8429
Repetition Start
 3489 8122 7444
 3739 10364 12126
 -1964 7010 12773
 6872 6138 13076
 1886 6529 15611
 1874 7012 17042
 1236 7504 18737
 1036 5509 20567
 2040 5271 21239
 -283 4046 22229
 1908 5315 20323
 2765 4666 17192
 1035 5356 17648
 3162 6942 15040
 1509 6750 12035
 2395 7122 12360
Repetition End
1
 3732 7524 11188
 2396 8830 9336
 1737 7651 6113
 1435 7337 4295
 4261 7778 8379
 2223 8050 6971
 4392 8889 9175
Repetition Start
 -211 7889 13097
 5729 9096 16524
 4183 6808 16618
 6218 6140 17162
 994 9732 17851
 2671 8263 21152
 2617 8338 17753
 3814 10082 17400
 2659 9953 16661
 3855 9768 15602
 3171 7802 14562
 3199 9221 14454
 2667 7469 14076
 2946 8436 11836
 2829 9622 11848
 5380 8045 8958
 6472 6185 7002
Repetition End
1
 4163 9393 5312
 666 7052 6913
 4174 8226 5366
Repetition Start
 1453 6934 9074
 3279 8675 10361
 1155 7622 11753
 4138 10123 14479
 2024 7690 18419
 2426 6576 20850
 3796 5508 21094
 3467 4856 17997
 2499 5318 19026
 2474 4754 18593
 1781 4790 18904
 856 6280 17914
 3680 7838 13576
 2421 6503 14116
 3601 8144 12933
 2561 8053 12419
 2882 8956 12070
 2394 9647 10913
 5457 7376 7672
Repetition End
1
 2354 7922 6107
 1038 6658 7261
 1055 8355 6747
 2992 7718 8823
 1916 9340 12202
Repetition Start
 5350 5377 12744
 776 8644 15539
 3962 7262 15307
 2041 6330 21433
 3287 5794 19230
 2569 3854 19096
 2594 4770 21111
 1747 4714 19920
 3355 4446 16543
 3055 6576 15764
 1447 6566 15895
 3086 7914 14392
 2912 7720 13817
 4729 7106 13390
 3014 8051 12970
 2248 9308 10749
Repetition End
1
 4040 7864 11437
 4383 10152 8921
 4112 6884 4630
 5552 5839 6690
 3677 8605 7463
 2685 9421 9273
 3410 9765 10912
Repetition Start
 3217 7492 11765
 141 9772 13315
 2093 7895 16883
 -271 7885 19093
 3347 5646 19688
 3871 5394 22521
 3445 2911 20982
 3139 5834 19532
 4172 4885 16016
 2559 6169 15807
 4628 7993 15960
 1569 4643 14073
 3531 8589 14125
 3129 9631 13117
 6545 8268 10184
 3512 7699 12370
Repetition End
1
 3093 7381 9965
 5979 8008 5636
 2870 6753 5177
 3491 6262 9039
 -19 10229 9469
 4210 5766 9349
Repetition Start
 2305 7079 15114
 1425 6308 17439
 3987 7332 19887
 3463 7201 22124
 519 3578 19942
 3226 5362 21339
 3002 6042 19849
 3683 6040 17750
 2604 4877 16207
 2843 4594 15322
 3998 6689 12843
 3035 7304 12912
 2438 7980 12832
 4173 8837 11500
 3220 10514 11433
Repetition End
1
 1842 7701 10488
 3609 9223 8761
 4267 6644 4543
 3636 7924 5968
 2788 7731 5879
 5872 8340 6651
 1221 8549 9175
Repetition Start
 3785 9337 15208
 6229 9365 16742
 3818 9242 16626
 4187 5788 18779
 950 9962 20611
 3535 6141 17721
 1605 7633 19408
 1715 6758 18332
 1873 6781 16193
 2288 10470 14882
 2784 7686 16334
 1758 8914 14005
 1014 9171 13495
 2158 6102 12788
 1278 9709 11442
 1496 7295 11308
Repetition End
1
 3266 9062 11305
 -430 9298 10463
 4967 10032 12213
 3499 8077 11257
 3023 6913 12588
 4167 6465 14103
 2440 7170 13756
 3157 7016 14081
 2783 7644 12944
 4113 9737 14608
 3238 6929 14530
 1094 4079 13008
 192 4720 15290
 -810 5558 14944
 3318 6909 14391
 2046 9240 12111
 1425 9486 15115
 5646 9627 15402
 1789 5867 14793
