Repetition start
1.27838134766
1.37469482422
1.29656982422
1.41326904297
1.42120361328
1.64819335938
1.77880859375
1.42926025391
1.49572753906
2.08758544922
1.95495605469
2.17370605469
1.92120361328
1.77026367188
1.70385742188
1.74304199219
1.58074951172
1.54278564453
1.19537353516
1.15203857422
Repetition end
1
Repetition start
1.35943603516
1.31408691406
1.85925292969
1.74279785156
1.99481201172
1.935546875
1.90557861328
1.90557861328
1.91223144531
1.95489501953
1.95489501953
1.93634033203
1.76843261719
1.7353515625
1.69635009766
1.69635009766
1.64349365234
1.61267089844
1.61267089844
1.42767333984
Repetition end
1
Repetition start
1.21148681641
1.13397216797
1.56909179688
1.70074462891
1.47668457031
1.50659179688
1.71356201172
2.13983154297
1.66247558594
1.66247558594
1.82800292969
1.93194580078
1.81671142578
1.68756103516
1.59088134766
1.58410644531
1.52105712891
1.50860595703
1.50860595703
1.30914306641
Repetition end
1
Repetition start
1.30413818359
1.15545654297
1.47509765625
1.677734375
1.56262207031
1.56262207031
1.61755371094
1.84753417969
1.72253417969
2.03491210938
1.99237060547
2.01715087891
1.82995605469
1.63513183594
1.56311035156
1.58331298828
1.64788818359
1.55688476562
1.06976318359
0.716491699219
Repetition end
1
Repetition start
1.16625976562
1.21459960938
1.35534667969
1.94018554688
1.80053710938
1.83087158203
2.02490234375
1.88116455078
1.88116455078
1.79205322266
1.75268554688
1.75268554688
1.79931640625
1.69525146484
1.78393554688
1.72723388672
1.53985595703
1.53985595703
1.53985595703
1.50274658203
Repetition end
1
Repetition start
0.815063476562
1.14923095703
1.24810791016
1.1552734375
1.71636962891
1.49182128906
1.49182128906
1.50646972656
1.63488769531
1.94372558594
2.31530761719
2.00451660156
1.88891601562
1.76458740234
1.68420410156
1.67303466797
1.63519287109
1.62725830078
1.55041503906
1.26641845703
Repetition end
1
Repetition start
0.848449707031
1.29083251953
1.17980957031
1.20703125
1.38653564453
1.38653564453
1.77923583984
1.77923583984
1.7060546875
2.26202392578
1.73895263672
2.10241699219
1.91693115234
1.92962646484
1.83831787109
1.61114501953
1.72943115234
1.64184570312
1.46966552734
1.36566162109
Repetition end
1
Repetition start
1.09576416016
1.09576416016
1.09460449219
1.28332519531
1.18353271484
1.75933837891
1.86987304688
1.88922119141
2.08538818359
1.92822265625
1.94647216797
2.13055419922
2.01599121094
1.89794921875
1.72650146484
1.58203125
1.74908447266
1.78216552734
1.52996826172
1.24377441406
Repetition end
1