Repetition start
1.111328125
1.111328125
1.22027587891
1.43518066406
1.43518066406
1.44421386719
1.34765625
1.25750732422
1.04797363281
1.08721923828
0.955932617188
0.955932617188
1.03002929688
1.03002929688
0.932861328125
0.932861328125
0.990905761719
0.990905761719
0.940856933594
1.06286621094
Repetition end
1
Repetition start
1.15295410156
1.15295410156
1.26312255859
1.32708740234
1.17156982422
1.27514648438
1.27716064453
1.27716064453
1.36926269531
1.23870849609
1.23870849609
1.08514404297
1.08514404297
1.0107421875
0.889831542969
0.889831542969
0.889831542969
0.970397949219
0.806762695312
0.827819824219
Repetition end
1
Repetition start
1.13836669922
1.13836669922
1.13836669922
1.13354492188
1.36328125
1.26312255859
1.31927490234
1.37689208984
1.22778320312
1.24792480469
1.13464355469
1.048828125
1.02813720703
0.896789550781
1.06036376953
0.87109375
0.87109375
0.99658203125
0.997497558594
0.997497558594
Repetition end
1
Repetition start
1.14654541016
1.328125
1.39208984375
1.39208984375
1.30975341797
1.30975341797
1.19372558594
1.19372558594
1.19207763672
1.34899902344
1.25909423828
1.41076660156
1.17645263672
1.16412353516
1.15771484375
1.10845947266
1.03881835938
0.942932128906
0.942932128906
0.846801757812
Repetition end
1
Repetition start
1.23504638672
1.51513671875
1.20239257812
1.31097412109
1.31097412109
1.33953857422
1.27453613281
1.22351074219
1.10467529297
1.10467529297
1.10467529297
1.10467529297
1.08172607422
1.13330078125
1.03973388672
1.05865478516
1.05865478516
1.05737304688
0.956237792969
0.9541015625
Repetition end
1
Repetition start
1.09490966797
1.39624023438
1.39624023438
1.38397216797
1.37225341797
1.24133300781
1.19671630859
1.19671630859
1.10797119141
1.26251220703
1.26251220703
1.24487304688
1.03826904297
1.11761474609
1.11761474609
0.948791503906
0.955871582031
0.906616210938
0.906616210938
1.04418945312
Repetition end
1
Repetition start
1.07141113281
1.07141113281
0.998718261719
1.23022460938
1.27728271484
1.21569824219
1.33905029297
1.33905029297
1.30700683594
1.21612548828
1.19305419922
1.24645996094
0.942016601562
1.19305419922
1.19305419922
1.15161132812
1.03314208984
1.03314208984
1.01702880859
1.01702880859
Repetition end
1
Repetition start
0.994995117188
1.28948974609
1.28948974609
1.25384521484
1.25384521484
1.15679931641
1.20758056641
1.30718994141
1.30718994141
1.20837402344
0.991943359375
0.991943359375
1.16436767578
1.00805664062
0.951599121094
0.811096191406
1.02429199219
0.977600097656
0.70166015625
0.70166015625
Repetition end
1
Repetition start
1.30523681641
1.30523681641
1.12860107422
1.34381103516
1.34381103516
1.29547119141
1.25219726562
1.07208251953
1.08050537109
1.17993164062
0.838684082031
1.08679199219
0.957153320312
0.957153320312
1.01342773438
1.01342773438
0.868774414062
0.868774414062
0.868774414062
0.693115234375
Repetition end
1
Repetition start
1.25048828125
1.1083984375
1.1083984375
1.32690429688
1.26123046875
1.26123046875
1.24548339844
1.21136474609
0.915466308594
0.940307617188
1.04644775391
1.04644775391
1.04644775391
0.945678710938
0.945678710938
0.968078613281
1.10931396484
0.752624511719
0.752624511719
1.06518554688
Repetition end
1
