3394 14256 10243
 3566 14616 8439
 3440 14443 9160
 3701 14595 8648
 6014 13702 8013
 6279 12981 8384
 6051 14019 8284
 5763 13539 8770
 6794 13001 9086
 6619 12279 9707
 6484 11572 10453
 7280 10635 10142
 6754 11134 10731
 6280 11193 10780
 5834 12766 10264
 3162 12616 8329
 2237 17393 8614
 -251 12435 10168
 -1162 10707 12747
 -251 8792 12909
 -231 7425 13612
 -13 5429 14924
 -2208 4565 16234
 -708 3242 15444
 753 925 14128
 1871 -2333 16421
 -602 -2111 17483
 -919 -56 17054
 435 2150 15321
 6728 -10036 22965
 1771 5026 19587
 4724 1956 16100
 1627 4171 13234
 -2194 4778 19546
 8956 336 16772
 -57 2405 17798
 4306 245 17308
 2176 2255 16720
 603 4178 16362
 -283 6526 16424
 -5431 4019 17781
 1395 6332 15213
 5298 5293 15156
 5121 8759 15628
 7528 5066 11626
 -1076 7977 22691
 7363 6866 17001
 1735 1822 17168
 -416 2432 14917
 1928 2363 17895
 2800 7265 14267
 3367 8436 14697
 3608 7338 14858
 2528 6103 15311
 4469 6131 15393
 3936 6036 14631
 3451 6459 14381
 3387 6454 14841
 3105 7043 15335
 2565 7801 15167
 944 5753 16256
 4856 6366 13115
 4087 12089 14268
 7212 6240 11062
 1815 7931 21127
 6297 8372 14772
 2427 7768 15272
 3417 6041 15296
 2206 7652 14602
 2679 8416 15273
 3024 7623 14333
 2314 8264 15051
 3555 8075 14360
 3793 7649 14493
 3382 7796 14773
 3231 7936 14390
 3147 8284 15443
 2987 8862 15118
 4763 7617 11658
 4822 8564 9320
 4502 7194 8655
 1516 11810 10996
 999 4858 9478
 907 9510 12484
Repetition Start
 1805 8502 12793
 436 6347 16874
 216 8263 20279
 -564 7010 19443
 -708 11181 19448
 1949 10675 17838
 2289 9860 20458
 1706 9219 22786
 666 7766 17893
 1448 7653 17328
 1167 8985 14777
 -239 8521 14668
 2397 8990 14612
 -1292 7773 11172
 1452 8883 10546
 2200 9280 11193
 146 9245 6499
Repetition End
1
 4579 7142 4797
Repetition Start
 1881 9061 7306
 3031 8578 9373
 1583 11580 9758
 2042 9025 12602
 1515 9156 17753
 -461 6602 15561
 5850 10172 22252
 4837 11339 21638
 4505 12176 19408
 3538 12234 18292
 2023 4724 19972
 2146 8362 17495
 1780 9227 14994
 1591 8211 15151
 2803 12708 14890
 -349 9681 10373
 4954 9158 10196
Repetition End
1
 4036 7805 10037
Repetition Start
 7130 7820 5306
 2426 7535 9418
 2813 9445 9853
 3215 7789 9354
 2339 11636 9485
 2173 9920 15640
 3090 9228 13219
 1327 9995 16627
 -2449 11385 13509
 2892 12493 19182
 3695 8329 14805
 3157 10642 17755
 1662 8834 20907
 4816 7327 20952
 1439 7608 19228
 4353 7469 14473
 3468 7931 14408
 5109 10886 12888
 4842 9260 11390
 4594 9188 10688
 2980 9293 11154
 1145 9926 6879
Repetition End
1
 5373 8985 6413
 2139 9305 9269
Repetition Start
 1214 9463 7509
 1406 10735 7206
 2444 9399 6897
 939 10075 7841
 4991 11330 13223
 -2005 8578 18466
 329 11130 21370
 1039 6842 23078
 998 5580 18063
 -1402 7786 18786
 -991 6441 18438
 1723 7646 19373
 -913 6408 18148
 1890 8665 15551
 1678 9166 13949
 3703 10150 15104
 3802 10676 13580
 5436 9064 11221
 3850 7995 10745
 248 12172 11599
 2730 10957 11903
 1932 11926 4868
Repetition End
1
 6162 7048 9155
 3698 10549 8138
Repetition Start
 2452 8726 6693
 4552 13150 6297
 -3152 9566 9267
 4565 9013 11047
 2232 10057 18430
 6773 10339 17627
 -1164 9224 17029
 2574 14400 17134
 1876 8040 20653
 2416 7821 20229
 2194 7932 20037
 3443 6693 18707
 2385 7975 17997
 4886 9709 15507
 3239 11599 12424
 4003 10916 11422
 3482 11996 11806
 3098 8326 13108
 3510 12775 10850
 263 11429 9898
 859 10457 6726
Repetition End
1
 797 9437 8079
 3553 8848 6546
 2693 10424 8673
Repetition Start
 3519 8386 7040
 5697 12735 7278
 -1329 10780 9345
 4990 11912 8116
 982 11933 18463
 -1148 9874 19648
 1787 9028 22675
 2608 4854 22573
 2050 8547 19214
 2314 6929 15803
 194 8486 16878
 1627 7341 17927
 4848 7697 16243
 3487 9134 14687
 631 10725 14523
 2937 9830 13678
 5415 9477 14065
 3039 8798 13701
 3782 10958 12225
 1582 10163 11153
 5310 10660 10488
Repetition End
1
 610 12029 7927
 3311 8792 6483
 1303 9838 10554
Repetition Start
 2003 9836 6999
 1918 9567 6402
 3194 12633 8038
 1536 11356 11056
 4341 7128 11783
 5717 6170 15338
 5093 7398 19898
 3386 9021 21564
 1140 7872 18058
 1631 8281 20436
 2997 6422 19763
 2464 5825 16900
 2008 6738 13871
 1654 7812 15404
 1144 6216 13200
 4178 7537 13372
 3405 8033 12845
 2261 9657 17438
 4862 9724 17634
 2737 9569 16594
 2252 8511 15792
 3030 7644 13787
 2671 8714 13284
 -143 6208 12115
 5152 10368 12092
 1983 8464 16430
 2013 10665 16764
 2411 10077 16408
 3550 7941 15136
 1515 10025 15584
 2170 8483 17279
 3954 10793 14722
 -3043 11424 11306
 1007 10719 12092
 1743 12024 14585
 3093 14001 11581
 377 13455 9548
 -218 14474 10626
 1131 14889 10449
 3913 15640 8888
 2482 13795 11182
 154 12795 10652
Repetition End
0
 3577 10419 9108
 1442 13237 11413
 3211 12919 10498
 2945 11715 10280
 2541 10553 10531
 4070 11859 10761
 2639 7941 12020
 2118 9078 14085
 855 9373 13371
 4431 9605 12701
 5478 10325 14168
 4280 9847 13247
 4351 8572 13488
 4018 9724 13348
 4498 10559 12796
 3923 10349 12251
 4004 9058 11093
 3656 10316 10655
 4619 10144 9948
Repetition Start
 6552 11410 8919
 4307 8865 9911
 -2623 10281 12236
 4507 12610 12305
 479 10318 15418
 8452 7523 15400
 3527 7810 11833
 198 9367 15526
 2321 8544 18410
 4533 8301 21912
 3755 8400 21268
 3122 9428 19027
 1405 8205 17175
 1471 10303 16126
 3669 8592 13553
 1969 6953 14845
 2172 10038 15673
 2482 9560 13251
Repetition End
1
 2801 9712 11639
 3336 9753 12096
 4845 10359 9734
 2545 8007 7018
 2652 11045 8910
 4914 9725 8366
 5703 9506 7396
 1633 10465 9230
Repetition Start
 2665 11719 7379
 3346 12638 13070
 5272 9255 12569
 2382 12288 13182
 8025 7469 18425
 1273 8975 15094
 3943 10501 16622
 4046 11030 14070
 3800 8974 18288
 2496 7036 17941
 2762 7045 21055
 4384 8849 13430
 4965 7218 14908
 2214 7930 16293
 4875 8287 13503
 2066 11726 12016
 2524 10619 12543
 945 10315 11767
 2472 11285 11262
Repetition End
1
 4287 11578 9197
 3557 9548 7383
 2619 9779 10564
 4860 10924 7757
 1384 10497 5492
 4788 8636 6909
Repetition Start
 3766 10135 10511
 2093 10795 10067
 4603 13427 12570
 3513 9906 14291
 966 12415 17182
 3682 10497 18413
 3290 9090 16542
 1982 8230 19870
 691 6977 14714
 862 8513 14105
 1453 6746 18584
 1387 7740 17878
 3502 9115 15438
 450 10815 14743
 4133 10786 13947
 6901 9837 10995
 3290 11414 12734
 3973 9746 8864
 4768 7730 12547
 2879 11103 13366
 4382 11917 11311
 4466 12018 11249
 3800 10498 12910
 2476 13033 11553
 3764 11340 11663
 4042 12321 10689
 4972 13335 11406
Repetition End
1
 3786 10826 10914
 3995 11415 12391
 3968 13407 13537
 823 11791 11475
 4419 7902 10685
 2195 9527 11584
 3905 10301 12011
 3819 10736 10796
 4652 8988 12551
 940 11364 14669
 1868 6469 15227
 3113 4578 14275
 2126 7374 13394
 2991 9250 12465
 2544 10935 14408
 4445 6337 13739
 5875 6767 14217
 4288 8872 18181
 2123 7807 15836
 2968 8736 14724
 4338 8723 17733
 1126 2522 17738
