Repetition start
1.40991210938
1.44390869141
1.75524902344
1.58013916016
1.82623291016
1.82623291016
1.85925292969
1.99017333984
2.05755615234
1.60675048828
1.60675048828
1.61309814453
1.61309814453
1.52154541016
1.40075683594
1.58685302734
1.07745361328
1.27447509766
1.38385009766
0.969848632812
Repetition end
1
Repetition start
1.11376953125
1.28063964844
1.39898681641
1.44464111328
1.73486328125
1.32458496094
2.33605957031
2.33605957031
2.30798339844
2.30798339844
2.20269775391
2.0791015625
1.63079833984
1.70916748047
1.58697509766
1.52301025391
1.85552978516
1.85552978516
1.20269775391
1.48364257812
Repetition end
1
Repetition start
1.236328125
1.34954833984
1.24255371094
1.43188476562
1.69268798828
1.55865478516
1.70587158203
1.36993408203
2.10980224609
1.63751220703
1.92590332031
1.91668701172
2.01995849609
1.72576904297
1.60491943359
1.76287841797
1.55590820312
1.49353027344
1.42987060547
1.09558105469
Repetition end
1
Repetition start
1.10998535156
1.18084716797
1.14379882812
1.15081787109
1.80322265625
2.00372314453
1.88958740234
1.50396728516
1.53625488281
1.4580078125
1.44305419922
1.59338378906
1.51324462891
1.76739501953
1.71252441406
1.56988525391
1.37878417969
1.46600341797
1.56188964844
1.14294433594
Repetition end
1
Repetition start
1.09075927734
1.46478271484
0.957092285156
1.50299072266
1.87493896484
1.53131103516
2.08178710938
1.86578369141
1.85949707031
1.84100341797
1.76043701172
1.73077392578
1.83728027344
1.66394042969
1.60772705078
1.66528320312
1.49731445312
1.65618896484
1.31774902344
1.10119628906
Repetition end
1
Repetition start
1.15631103516
1.56921386719
1.14721679688
1.52697753906
1.91516113281
2.04406738281
1.83319091797
1.81951904297
1.52868652344
1.55993652344
1.64154052734
1.75708007812
1.66674804688
1.57952880859
1.61407470703
1.76739501953
1.55871582031
1.64581298828
1.39758300781
1.61486816406
Repetition end
1
Repetition start
1.09173583984
1.46166992188
2.07342529297
1.53741455078
1.2548828125
1.53118896484
1.48211669922
1.79174804688
1.96655273438
1.76391601562
1.49298095703
1.50567626953
1.64044189453
1.65551757812
1.70483398438
1.79864501953
1.20159912109
1.73046875
1.75018310547
1.61553955078
Repetition end
0
Repetition start
1.64068603516
1.40887451172
1.21423339844
1.79577636719
1.60003662109
1.60003662109
1.91497802734
1.41418457031
1.53143310547
1.78680419922
1.78680419922
2.12072753906
2.03997802734
1.92730712891
1.63482666016
1.70288085938
1.57556152344
1.45062255859
1.70184326172
1.54376220703
Repetition end
1
Repetition start
1.32830810547
1.77331542969
1.65380859375
1.69995117188
2.07025146484
1.54675292969
1.89611816406
1.77893066406
1.89587402344
1.67681884766
1.88366699219
1.62738037109
1.65350341797
1.61358642578
1.62750244141
1.5751953125
1.56774902344
1.56774902344
1.40545654297
1.52703857422
Repetition end
1
Repetition start
1.69128417969
1.86541748047
1.9892578125
1.83605957031
1.36608886719
1.43310546875
1.64825439453
1.71234130859
1.58740234375
1.76184082031
1.69268798828
1.67468261719
1.37835693359
1.52862548828
1.66918945312
1.69268798828
1.65173339844
1.63372802734
1.65112304688
1.81353759766
Repetition end
1
