Repetition start
19396
19396
21701
23977
23977
25565
25565
19510
21509
17855
17253
16468
16826
16826
16983
16983
16983
14714
14714
12229
Repetition end
1
Repetition start
19025
19025
20391
21721
21721
20932
20932
22437
22473
21020
16478
16478
19515
19515
16414
16414
16675
16675
11543
12765
Repetition end
1
Repetition start
21121
21121
19332
19332
19332
19332
20737
20737
18977
22799
21674
18844
18844
16962
16962
14870
17135
17135
13851
13851
Repetition end
1
Repetition start
13161
18586
21238
21238
21002
17881
22560
19701
18989
18989
18164
16077
15009
18472
15653
15653
13667
13667
13441
13441
Repetition end
1
Repetition start
20157
19324
19324
19178
19178
22816
20909
20909
19844
19844
19919
20273
20273
20273
19833
19833
18761
13334
16530
14232
Repetition end
1
Repetition start
17794
17794
19394
23369
26167
23106
23646
23646
23646
22518
22412
18744
18744
17056
17056
17122
16395
16395
19178
12924
Repetition end
1
Repetition start
16752
20540
20479
16141
16141
21756
21686
22233
21571
18953
18953
17292
16190
17972
17972
17775
17775
17367
16845
12266
Repetition end
1
Repetition start
17568
17670
18910
19845
19481
19481
20744
20414
21631
20763
20763
15927
15927
16000
14012
13179
15028
11970
10354
10354
Repetition end
1
Repetition start
18758
20642
18171
18171
20704
20704
20006
19591
22261
19836
19836
17429
17619
17510
17510
15565
15388
16479
12827
12827
Repetition end
1
Repetition start
19850
20512
18723
18723
20001
21603
21603
21541
20152
20771
20272
18439
15023
15023
15618
16771
14706
14706
15328
16817
Repetition end
1
