0 0 0
 -43 33 16281
 -154 13 16443
 20 -83 16346
 -52 -2 16357
 125 79 16297
 29 2 16294
 -120 -86 16321
 -14 32 16329
 -55 -6 16302
 -52 -69 16361
 12 -61 16295
 -53 -5 16309
 -155 35 16339
 -251 49 16279
 -110 133 16341
 -24 -114 16269
 4 -43 16301
 -19 44 16328
 -91 23 16333
 -62 -28 16307
 2 78 16324
 89 -114 16304
 -78 -108 16316
 21 -63 16366
 59 -54 16406
 25 65 16304
 -17 -165 16429
 -11 -91 16255
 -87 -18 16354
 -100 5 16276
 -40 -63 16409
 -13 -24 16435
 -103 -294 16334
 -364 -122 16441
 -712 -89 16656
 -1116 -73 16784
 607 764 15348
 -723 -160 17264
 -2025 -1361 16803
 -436 -1382 16491
 -1303 -1582 16742
 -815 -868 16606
 -874 -1469 16247
 -658 -1857 16947
 -594 -1480 16921
 -463 -570 16634
 436 -2173 15840
 567 -2122 16889
 -1781 -3484 17000
 -1491 -322 16220
 -2437 620 15765
 -5359 -353 18037
 -7790 -1078 19275
 1618 -4488 16345
 -1662 -2822 16928
 -797 -3093 16099
 -948 -2644 16310
 -144 -3675 17443
 339 -1338 16136
 2041 -3637 14149
 -740 -219 17331
 1309 -2329 16245
 1544 -2708 16484
 -3624 -1832 17248
 1739 -2202 14051
 6539 -3067 18058
 -1240 -3328 17326
 -3892 -3178 16201
 731 -2605 14749
 -2244 -3970 16933
 -657 -3155 17451
 1487 -1800 16327
 -898 -1594 16688
 -403 -1546 16115
 -538 -638 17460
 601 -405 17297
 687 -456 16471
 -1124 246 16246
 -921 -1377 17279
 -2392 -162 16582
 127 -2137 16698
 -58 -1328 16263
 -2837 -145 19646
 -1801 -745 18539
 822 -3570 13509
 -140 -2594 16993
 -545 -2916 16428
 -1353 -1918 17750
 489 -3773 17183
 -84 -4341 14899
 1519 -4156 15436
 281 -3746 15978
 -776 -5263 17524
 -332 -4868 16215
 -260 -3805 15427
 3253 -3622 17983
 166 -6106 16475
 2135 -4160 17444
 2653 -6397 19564
 -1470 -5929 13641
 -4084 -2015 16037
 -3765 -5373 14948
 -2306 -8888 18100
 -4115 -6047 17970
 -813 -4397 16171
 2621 -2546 15377
 5709 -1967 12740
 5747 -1445 14101
 3665 -3758 15685
 4972 -2491 14706
 3746 -5260 15557
 820 -4255 17519
 297 -1724 16532
 -1513 -1766 17233
 -4512 1226 16386
 -5809 4171 13906
 -2401 1526 17327
 551 -1552 17386
 1331 -2636 15493
 3367 -1439 14742
 5755 -2375 14214
 873 -1517 15920
 2249 -2623 14922
 116 -1076 16964
 147 -854 16280
 1241 -2629 16646
 3804 -429 14779
 -263 -2028 16918
 318 -1314 17225
 -579 -1517 17056
 1372 -2165 14010
 3693 572 15609
 4367 88 13831
 2844 -1688 16524
 2949 -2223 15737
 1059 -2409 16865
 1815 -1485 16248
Repetition Start
 1672 723 14264
 2504 -1564 12228
 -470 466 14640
 -2252 1295 11651
 294 851 13238
 -21 1362 16414
 -1247 -1705 19294
 -1112 90 19101
 -2509 -1158 20824
 -1870 -7 19027
 -722 -799 21204
 -1712 -840 21522
 -2087 -171 19480
 -1675 -1764 18335
 142 -2518 16505
 -412 -1053 13526
 944 -533 11289
 -121 1578 13343
Repetition End
1
 687 1869 13722
 40 632 17426
 2037 -747 15741
 1644 -922 15800
 958 -1520 14576
 859 308 11840
 537 -310 12749
Repetition Start
 904 231 13899
 -2189 1507 16521
 -4687 810 18373
 -1626 -368 19199
 -312 -2436 18480
 88 -470 19516
 1404 -394 22307
 1156 -500 19529
 -1187 -671 20994
 -1975 -1113 17531
 -1759 -441 17143
 -2543 -219 14994
 -1005 -1721 12178
 1930 1413 10846
Repetition End
1
 1569 497 15019
 2040 191 14575
 1221 1163 13740
 1036 515 12989
 -31 -1090 11173
Repetition Start
 1236 -1690 16760
 -296 -1218 16067
 -1790 117 19613
 -2056 -446 21124
 560 -2221 20394
 2095 738 19132
 -97 -2514 22518
 -1093 -1892 20303
 525 -1636 17512
 1700 -1692 17686
 1338 -1173 13506
 3002 -906 12497
 1596 -673 12129
 2372 257 12214
 390 589 15052
Repetition End
1
 2231 748 14132
 1324 937 12750
 681 212 12718
Repetition Start
 -239 -369 12132
 -443 -457 15724
 2410 -1115 18959
 -1852 -1323 19199
 -2867 1290 20631
 -1530 -828 22330
 -566 -1973 20698
 589 -1408 20356
 -19 -2478 19543
 -1260 -1410 17699
 1270 -241 14892
 -1310 894 11402
 1275 853 10035
 431 1237 14630
Repetition End
1
 687 395 14088
 1166 1079 14153
 1352 -27 11937
 2550 272 11461
Repetition Start
 -1829 1535 14537
 371 2151 15131
 2325 -118 18227
 498 -1882 21579
 2453 782 20848
 1138 1466 20428
 383 857 21688
 1118 -1127 20215
 1639 -1420 17683
 43 -771 17902
 1888 -206 15007
 1135 1065 10321
 1154 715 10820
Repetition End
1
 -255 -1151 13667
 2128 -651 13550
 679 286 11921
 2255 1047 11202
 -1658 2490 11996
Repetition Start
 2375 -283 16737
 5416 138 15722
 -3136 751 20753
 1370 -1808 18841
 -13 -1202 23097
 865 -934 21657
 1384 -411 19596
 861 -1713 17901
 877 -2055 16768
 741 -419 13860
 876 -138 13403
 1126 240 11474
 356 212 14533
 1435 59 13865
Repetition End
1
 1357 603 14144
 986 -417 11825
 1285 -136 12821
Repetition Start
 -245 -78 14373
 -2571 1511 17256
 5662 264 18520
 -423 2076 20182
 2338 10 22988
 1272 607 20175
 595 244 18635
 1179 -83 18150
 557 -1262 14943
 1637 144 15357
 3161 1012 11636
 137 1887 10699
Repetition End
1
 1380 674 13915
 1733 1854 13511
 476 1710 11144
 1330 773 13351
Repetition Start
 -3837 577 15174
 951 2145 15732
 -2575 1897 17898
 -288 706 21543
 264 943 21611
 -579 795 20847
 585 1659 18999
 -1912 3028 16630
 -661 654 17446
 -1307 1370 15622
 -665 -816 14380
 2583 2111 10917
Repetition End
1
 1084 1043 12774
 1301 1970 12769
 2145 820 13279
 1253 492 12787
 475 -1390 14744
Repetition Start
 1513 643 14377
 -776 2538 18123
 -662 -47 18915
 440 -248 19277
 -1013 1278 21594
 957 -498 19859
 523 -810 19890
 147 -191 18085
 610 -969 17407
 -2434 -1376 16209
 4115 -653 11339
 -2087 1439 14093
 1677 2050 9441
Repetition End
1
 315 136 15695
 1654 745 15407
 1471 830 14860
 1017 71 11119
 542 1014 11649
 468 0 13010
 -1512 920 20209
Repetition Start
 540 -664 18735
 -1292 -166 20283
 -590 -223 19745
 -1394 178 20159
 573 1649 21554
 -1092 -2315 21353
 -2836 -17 17582
 -856 -783 17573
 -2073 -1458 17461
 -3002 -1432 15233
 849 -930 10864
 1782 -467 13777
Repetition End
1
 507 15 15914
 689 -795 15896
 1542 126 16307
 -1103 -544 17322
 877 -1945 15165
 1860 -2202 16991
 168 1443 16117
 1666 1920 18971
 -481 -2235 16835
 2101 -3775 18822
 -303 -2293 15383
 2966 -1738 15421
 348 -1545 15278
 1470 -1285 19260
 -1277 4387 21337
 -1029 6131 14650
 574 8828 11072
 -1486 8931 8978
 -1247 9822 8563
