Repetition start
1.01678466797
0.8037109375
0.893310546875
0.652709960938
0.877868652344
1.08367919922
0.997436523438
0.997436523438
1.10345458984
1.04718017578
1.04675292969
1.20135498047
1.15783691406
1.05114746094
0.9091796875
0.862365722656
0.736145019531
0.736145019531
0.714111328125
0.9033203125
Repetition end
1
Repetition start
0.917602539062
0.966735839844
0.884765625
0.884765625
1.05010986328
1.05010986328
0.960205078125
1.16784667969
1.16784667969
1.42315673828
1.23199462891
1.16796875
0.881530761719
0.912048339844
0.912048339844
0.74658203125
0.74658203125
0.576904296875
0.866027832031
0.866027832031
Repetition end
1
Repetition start
0.995239257812
0.888244628906
1.09497070312
1.13659667969
1.14337158203
1.34063720703
1.34063720703
1.21502685547
1.05700683594
1.00103759766
1.07995605469
0.834411621094
0.834411621094
0.834411621094
0.834411621094
0.890686035156
0.796630859375
0.905944824219
0.905944824219
0.978454589844
Repetition end
1
Repetition start
0.703369140625
0.703369140625
0.90478515625
0.90478515625
1.23620605469
0.97802734375
1.16296386719
1.21899414062
1.10833740234
1.19244384766
1.04040527344
0.917297363281
0.971740722656
0.971740722656
0.971740722656
0.670532226562
0.670532226562
0.742370605469
0.742370605469
0.994750976562
Repetition end
1
Repetition start
0.869323730469
0.869323730469
0.869323730469
1.07745361328
1.24719238281
1.24719238281
1.23260498047
1.23260498047
1.46990966797
1.40576171875
1.40576171875
1.3994140625
1.23327636719
1.09265136719
1.09265136719
1.04821777344
1.04821777344
1.01861572266
0.764221191406
0.774475097656
Repetition end
1
Repetition start
1.14923095703
1.29858398438
1.29858398438
1.12109375
1.12322998047
1.33557128906
1.31762695312
1.31762695312
1.25543212891
1.04058837891
1.04058837891
1.04058837891
0.951538085938
0.865600585938
0.863098144531
0.863098144531
0.78369140625
0.921691894531
0.937438964844
0.937438964844
Repetition end
1
Repetition start
0.857543945312
0.988525390625
0.988525390625
1.49206542969
1.49206542969
1.49206542969
1.33270263672
1.54638671875
1.34606933594
1.18859863281
1.17468261719
0.869018554688
0.869018554688
1.04602050781
1.04602050781
0.964904785156
0.964904785156
0.964904785156
0.776550292969
0.776550292969
Repetition end
1
Repetition start
0.727172851562
1.14916992188
1.14916992188
1.05102539062
1.34039306641
1.39270019531
1.39270019531
1.39270019531
1.28558349609
1.29656982422
1.29656982422
1.08312988281
1.06439208984
1.06439208984
0.957336425781
0.957336425781
0.787292480469
0.787292480469
0.952819824219
0.952819824219
Repetition end
1
Repetition start
1.00909423828
1.21368408203
1.21368408203
1.11120605469
1.18829345703
1.33416748047
1.33416748047
1.24011230469
1.19647216797
1.10113525391
1.04052734375
0.756774902344
0.756774902344
0.756774902344
0.903381347656
0.903381347656
0.820617675781
0.820617675781
0.820617675781
0.8037109375
Repetition end
1
Repetition start
1.13592529297
1.13592529297
1.14898681641
1.15551757812
1.15618896484
1.451171875
1.451171875
1.451171875
1.451171875
1.09533691406
0.898986816406
0.972534179688
0.850219726562
0.850219726562
0.850219726562
0.850219726562
0.850219726562
0.659118652344
0.658142089844
0.921142578125
Repetition end
1
