3450 -2113 17459
 -148 -207 16179
 -462 329 15254
 2430 -2835 18068
 3171 -490 15285
 2613 522 15282
 2599 441 15097
 1259 848 16328
 387 28 16914
 -1046 453 16085
 -3020 -755 16771
 -3310 -790 18477
 33 606 16977
 -2367 -494 13806
 -50 -1073 19095
 -1513 -1564 17538
 -280 -3700 17115
 -1143 -5518 16005
 545 -6108 16780
 -496 -5231 17124
 -1632 -6751 16612
 -61 -5255 17078
 567 -3770 17689
 -1688 -5231 15846
 405 -7276 16447
 -1826 -5409 16682
 -1985 -3894 17275
 -443 -4995 17256
 1354 -4395 16009
 4723 -3445 14969
 4608 -4837 13995
 317 -4619 17936
 2012 -5143 16096
 2114 -4915 16476
 566 -4077 17090
 -2329 -4718 17132
 -1879 -3427 17613
 -727 -3357 17747
 2216 -3302 16133
 2223 -3266 14727
 -7 -3693 16583
 1212 -3086 17131
 978 -3093 17307
 520 -2967 16200
 841 -2829 15809
 783 -2221 15339
 779 -1997 13672
 602 -360 12168
 1092 -2103 13374
Repetition Start
 -2397 -1507 15456
 -1356 -1523 20300
 -2652 -2561 18799
 -2231 -5000 20120
 -2555 -3087 18684
 -2723 -2730 19293
 -1157 -4060 21608
 -1366 -5105 20230
 -1130 -5858 20745
 657 -5022 18610
 -1831 -3997 17743
 -692 -2737 15815
 719 -1024 12392
 1248 327 10544
 289 -456 13316
Repetition End
1
 696 -674 13595
 253 1484 12599
 276 -521 15277
 -2273 -1369 17061
Repetition Start
 -1563 -2852 18136
 -929 -4006 19171
 543 -2449 20067
 -261 -2158 17927
 -1799 -1784 20350
 -2282 -2289 20214
 -330 -2645 19332
 488 -3688 18803
 -1139 -3339 17773
 370 -2268 17075
 -1051 -1047 14243
 2477 -804 13252
Repetition End
1
 897 1376 11136
 -975 857 14456
 983 948 12617
 -1121 913 11718
 -361 -266 11963
 578 -1155 15522
Repetition Start
 -979 -1365 17160
 -1849 -133 18259
 -2432 -2405 20136
 -1277 -2659 20496
 -2017 -2239 20003
 -1446 -3395 19585
 -1215 -4016 20820
 -699 -4032 20147
 -1831 -3298 17506
 -998 -2992 17277
 -2336 -1464 15352
 -1120 -1357 16627
 154 521 12387
Repetition End
1
 2075 467 12255
 -135 469 13571
 1116 1348 13566
 -787 1320 12722
 137 1079 12312
Repetition Start
 -846 -828 13714
 -3972 1613 17554
 -293 -94 18468
 -1385 -1923 20282
 -872 -4015 19543
 -284 -3204 19249
 140 -2181 19875
 123 -2424 20130
 -1265 -1883 20492
 -1791 -2467 18968
 298 -848 16019
 -1517 -2285 15420
 1152 -190 14110
 1835 874 12939
 1101 645 12960
 483 788 13199
Repetition End
1
 1642 979 14389
 749 1376 12785
 2929 515 12109
Repetition Start
 -1439 1687 11859
 -2232 1719 15835
 3266 1181 16705
 -1320 3407 17341
 1609 731 18484
 -964 -1707 19745
 416 -521 17585
 -1929 -820 19428
 -994 -482 20127
 -1085 -589 18976
 -807 -758 16057
 -1717 391 16689
 199 -98 16217
 1899 131 13692
 -572 775 15740
 -386 3492 11793
Repetition End
1
 293 -253 15134
 1977 721 14878
 1130 1583 14148
 1210 1294 13089
 156 999 12667
Repetition Start
 201 1564 12148
 -240 1732 15847
 -1243 -1246 17398
 -1028 -937 19589
 -611 -166 17993
 -356 -999 19375
 718 -2199 20781
 -2428 -2225 20107
 -211 -2176 20153
 -951 -1669 17653
 -620 -1006 17445
 -849 -1340 16356
 -569 -965 16276
 1011 644 12706
Repetition End
1
 -1131 2238 12259
 247 940 14873
 -1117 -663 15719
 421 1167 14625
 786 1633 12363
Repetition Start
 1196 1042 11885
 -41 1044 12099
 2915 -823 16725
 -1790 826 18919
 -247 273 19500
 -1993 407 19022
 -671 -919 19709
 -740 1754 18674
 -408 154 20892
 -840 -1114 20286
 -1345 -2539 18234
 -2891 -1943 17715
 -3051 -1468 16963
 -350 -245 14782
 652 -424 14723
 -2452 397 12940
Repetition End
1
 -1410 856 11413
 -1030 364 16880
 49 2132 16877
 866 1297 14519
 -680 982 11520
Repetition Start
 -1458 1600 12663
 -3158 1207 13304
 -540 -508 17468
 -2745 -818 18673
 -31 -865 17845
 -70 -527 19602
 -1841 1096 19679
 -1385 -1330 20091
 -518 -1790 20370
 -1289 -2765 19945
 -995 -4067 17137
 -367 -2342 19069
 -576 -1214 17130
 519 -790 15373
 714 1747 12555
 906 1845 11809
Repetition End
1
 2221 1491 13387
 1432 3102 13762
 -509 1616 11737
 250 207 12217
 -1192 990 15256
Repetition Start
 -528 -1387 15990
 -3216 672 16636
 -869 1760 20864
 -1842 567 18707
 -907 599 18629
 361 2736 21845
 -1049 -206 18721
 -864 -607 19208
 -1407 -1761 18349
 -117 -1187 16799
 -736 -1083 16189
 -1933 1739 12687
 -836 818 11515
 200 1610 9576
Repetition End
1
 413 3367 14522
 1813 771 13032
 1046 1443 11557
 906 434 13925
Repetition Start
 173 3194 15222
 583 1889 19675
 1102 724 19347
 -1039 814 18152
 364 1359 18231
 -26 1401 19707
 -1911 1169 18671
 -774 993 18954
 -2930 815 16589
 -1252 373 17481
 -168 199 17622
 -1392 869 14886
 164 1868 14364
 372 2916 11651
 -757 2514 13750
Repetition End
1
 1008 1278 15981
 -1898 -333 16504
 -1419 608 13809
 1168 2556 13798
 -416 3397 14718
 710 5387 21601
 -3445 -1593 14601
 1679 -531 16412
 -155 -2049 16327
 258 -1270 15414
 1927 -79 15104
 -121 -632 15613
 2769 -1529 15081
