Repetition start
11552
17421
13586
12889
13042
13840
16391
13759
13759
13757
13757
14245
11915
12386
12386
12386
12087
12119
13149
13149
Repetition end
1
Repetition start
13721
13721
14236
18161
15508
16767
15643
15643
16357
15603
13295
13295
13295
15177
15177
12145
12145
12145
14925
14925
Repetition end
1
Repetition start
14816
16277
16277
15299
15299
16560
15747
15747
14744
14744
15589
15416
15416
12377
13287
11552
11552
14150
13062
13062
Repetition end
1
Repetition start
12040
15195
18081
16974
16974
14656
14656
15761
17834
17829
17344
14710
15469
11618
15072
15072
15648
14706
14706
14470
Repetition end
1
Repetition start
12107
15322
15322
21152
19428
20824
20824
17074
17480
16679
16679
18651
17302
14492
15363
16318
16318
15722
15943
14899
Repetition end
1
Repetition start
13913
13913
17339
17339
14909
17624
17216
18020
19300
19300
15454
15454
17766
17766
15033
15819
14167
14742
14361
14361
Repetition end
1
Repetition start
14123
14123
13102
18817
17955
19526
17436
17436
18119
19688
19688
20638
18332
14350
12881
12444
14187
14951
10885
10885
Repetition end
1
Repetition start
12805
11353
16420
15110
16949
19005
18934
18934
17376
18062
18062
15891
12075
12075
16360
15340
15102
15016
15016
14560
Repetition end
1
Repetition start
14075
14092
14092
21755
17432
18321
18321
24942
17466
17737
15181
15181
15495
14370
12493
12493
11497
11386
11386
11386
Repetition end
1
Repetition start
18589
18589
22147
21173
21173
17927
19954
21082
17929
19173
19173
14474
14474
16602
17653
14363
16396
14939
14939
15507
Repetition end
1
