1361 -1550 15470
 546 -1593 16563
 1359 -777 16463
 -2222 2333 16629
 2357 -1964 16219
 -2346 625 18056
 -1299 2706 14298
 2188 4314 17170
 6468 -2180 17707
 -5709 365 16332
 1788 1278 17794
 351 -2729 15962
 1564 -5592 14487
 -550 -4879 15854
 -1047 -5470 17462
 -144 -4385 16478
 951 -1803 17227
 1698 -2695 15742
 5830 -3380 14672
 5575 -3447 13963
 -573 -4199 17584
 3262 -3144 15738
 -3810 -3032 16443
 -6554 2613 14145
 -4566 3538 11326
 -4175 2602 17329
 -2642 -1282 19467
 -2177 -908 16026
 6815 -934 14365
 4259 -43 12721
 2882 -378 17145
 97 -11 15791
 -352 -1600 17876
 -1047 -408 16234
 506 460 17117
 676 -38 14992
 -437 350 15351
 796 42 15699
 -474 282 18275
 -268 1303 15515
 55 10 15078
Repetition Start
 1089 795 10364
 651 3492 10331
 -2064 1710 11750
 -3489 1325 20493
 -868 947 18998
 -3096 -847 20357
 -1261 -1098 20487
 852 657 16692
 1601 178 22097
 195 -1305 19843
 1196 -2232 18718
 -822 -780 17974
 -898 157 15729
 753 1551 11811
 1851 1787 11104
 1196 3336 10787
Repetition End
1
 845 587 18426
 -584 1959 16940
 5224 6606 7946
 3910 3333 7654
 -743 -643 15489
Repetition Start
 -2335 1669 13715
 2770 1672 17762
 404 628 18975
 539 653 19310
 932 119 17540
 3118 -1629 20599
 2102 -429 21263
 1598 -2549 20577
 1348 -3864 18966
 1812 -2327 17394
 758 -770 15854
 3038 -200 12308
 4097 699 10773
Repetition End
1
 -377 1056 11840
 1846 1765 15296
 1532 1678 13625
 1547 2204 12281
 724 1258 13282
 -378 2754 12079
Repetition Start
 35 1659 15341
 1399 3386 17036
 365 2211 17832
 1516 2487 18854
 295 2528 20706
 1290 1719 18946
 1813 1231 21203
 1053 30 18041
 1351 -2260 16157
 712 206 16318
 -328 1042 14916
 2277 399 14754
 -29 3822 8507
Repetition End
1
 -5508 5005 9201
 5894 -2024 12172
 461 2756 11383
 582 2472 11804
 -805 792 13987
 -656 1643 18129
Repetition Start
 -1827 885 17721
 1555 1295 18532
 -568 1016 19145
 -748 -1437 20322
 -1452 1206 20854
 -976 476 20565
 -47 48 18938
 1405 -24 16219
 822 -188 15987
 -721 2521 13924
 819 1703 14241
 -525 3254 9924
 -808 1236 13415
Repetition End
1
 231 3104 12263
 1053 411 11050
 403 2016 9073
 -1962 3009 16399
Repetition Start
 1530 669 15556
 1662 -324 19719
 1483 -172 19840
 1376 1097 20074
 48 987 19929
 1087 -1179 18347
 -903 -3354 18415
 1083 -2454 17538
 -1761 -660 17608
 -2207 632 17611
 449 1166 12889
 3304 1596 12208
 2961 3016 8402
 405 1900 13113
Repetition End
1
 -99 2711 11510
 1514 2946 9928
 1746 2143 12774
 468 1377 16333
Repetition Start
 -3118 1640 17700
 -1228 2477 18937
 -158 -2080 18639
 -450 -450 19392
 626 -2073 21318
 -968 -627 21376
 968 -1187 18452
 -1952 -1339 18588
 690 -1026 18244
 -755 399 15358
 -746 745 15463
 1775 1460 10921
 421 3792 10171
Repetition End
1
 2094 2692 11686
 88 1359 12478
 308 1968 13026
 2615 1821 12497
Repetition Start
 -1526 3986 13221
 -1319 2632 15515
 2244 2328 16149
 218 2412 19163
 1013 2820 17404
 893 -300 20241
 2216 703 18869
 2580 494 17999
 2094 -180 17570
 287 -411 15635
 1061 532 16876
 -131 2102 13179
 3501 2901 10385
 -704 1803 11975
Repetition End
1
 447 2761 13903
 263 1717 12474
 -1061 2572 11165
 3939 -171 12880
Repetition Start
 413 268 18546
 -173 -1068 18912
 -145 -104 20074
 -39 -867 19308
 -1029 293 19113
 1605 -1367 20792
 2138 -707 18906
 1103 -9 16371
 1325 -360 16355
 735 -163 15863
 1049 599 14742
 1645 1012 13617
 254 1781 13174
Repetition End
1
 -1492 2528 10237
 1486 2487 16600
 902 849 12672
 302 2218 10969
 2162 654 12511
 1220 2064 13459
Repetition Start
 3950 -845 18096
 2307 418 17876
 1388 -699 19841
 404 665 19163
 2477 86 19304
 1550 -1172 20052
 173 -1686 20023
 1092 -3196 19098
 -358 -1078 16893
 1335 779 16469
 194 2891 13560
 2134 2966 14879
 410 969 13279
Repetition End
1
 -1070 1251 10461
 477 3073 14084
 1231 1667 13438
 1482 2143 10516
 2165 572 13743
 -731 2635 14926
Repetition Start
 -623 1227 17685
 -959 -157 19578
 739 -1486 18663
 710 -115 19177
 -1285 375 18545
 2955 -916 20085
 2133 -569 19226
 -728 -1697 16994
 -127 -764 17044
 -308 -29 17726
 -1736 1353 14101
 1973 977 11908
 -2982 554 14191
Repetition End
1
 530 -2423 14427
 656 -1590 17555
 -33 -1256 16630
 3557 -716 17603
 1956 -550 15780
 66 -874 13798
 368 91 15978
 -1127 -1210 18306
 1585 -2344 16241
 2432 1835 17403
 2061 2898 16327
 2470 -758 17230
 228 -3807 17310
 3024 -2423 15036
 4105 -294 14911
 3589 -411 16169
 685 -1548 14772
