Repetition start
0.74755859375
0.883422851562
0.695556640625
0.695556640625
1.11871337891
1.16436767578
1.00183105469
1.1064453125
1.1064453125
1.11090087891
1.11090087891
1.45727539062
1.14337158203
1.07922363281
0.999267578125
0.999267578125
0.914794921875
0.861511230469
0.899780273438
0.934997558594
Repetition end
1
Repetition start
0.796447753906
1.35522460938
1.35522460938
1.22113037109
1.22113037109
1.25134277344
1.13470458984
1.34814453125
1.39990234375
1.39990234375
1.19787597656
1.19787597656
1.00402832031
1.00402832031
1.00402832031
1.03021240234
0.966918945312
0.924438476562
0.950256347656
0.950256347656
Repetition end
1
Repetition start
1.03973388672
1.33184814453
1.24560546875
1.24560546875
1.39508056641
1.43609619141
1.34002685547
1.34002685547
1.47991943359
1.16723632812
1.16723632812
0.9306640625
0.9306640625
1.05200195312
1.05200195312
1.05200195312
0.953979492188
1.06384277344
0.750732421875
0.750732421875
Repetition end
1
Repetition start
1.02410888672
1.30505371094
1.19586181641
1.19586181641
1.10699462891
1.10699462891
1.2578125
1.2578125
1.22467041016
1.15594482422
1.07421875
1.07421875
1.01446533203
1.01446533203
0.959716796875
1.02313232422
1.02313232422
0.772277832031
0.772277832031
0.844909667969
Repetition end
1
Repetition start
1.08367919922
1.08367919922
1.28521728516
1.29095458984
1.37615966797
1.37615966797
1.27954101562
1.11419677734
1.11419677734
1.11419677734
0.864135742188
0.986755371094
0.926940917969
0.978759765625
0.88525390625
1.04418945312
0.877624511719
0.941040039062
0.941040039062
0.941040039062
Repetition end
1
Repetition start
0.990112304688
0.990112304688
0.990112304688
1.23205566406
1.23205566406
1.00103759766
1.00103759766
1.12866210938
1.21282958984
1.21282958984
1.20733642578
1.20733642578
1.11285400391
0.933654785156
1.09301757812
0.915649414062
0.943725585938
0.864013671875
0.8779296875
0.8779296875
Repetition end
1
Repetition start
0.957092285156
1.02709960938
1.02709960938
1.26470947266
1.26470947266
1.26470947266
1.33013916016
1.29620361328
1.27160644531
1.32983398438
1.28619384766
1.18920898438
0.946716308594
0.946716308594
1.12725830078
0.924682617188
0.924682617188
1.02459716797
1.02459716797
0.797973632812
Repetition end
1
Repetition start
1.17352294922
1.07855224609
1.07855224609
1.07855224609
1.21002197266
1.21002197266
1.12316894531
1.12164306641
1.28356933594
1.24127197266
1.06597900391
1.05712890625
1.00311279297
1.00311279297
1.00036621094
0.993286132812
0.993286132812
0.928283691406
0.928283691406
0.928283691406
Repetition end
1
Repetition start
1.29400634766
1.25738525391
1.25738525391
1.25738525391
1.25305175781
1.25305175781
1.23486328125
1.33465576172
1.33465576172
1.24694824219
1.12976074219
1.12976074219
1.03723144531
1.03723144531
0.943420410156
1.13421630859
1.01593017578
1.21942138672
0.894653320312
0.894653320312
Repetition end
1
Repetition start
1.11627197266
1.12683105469
1.12683105469
1.09350585938
1.20678710938
1.07635498047
1.07635498047
1.35034179688
1.26892089844
0.889221191406
0.985900878906
1.06134033203
0.837280273438
0.837280273438
0.906860351562
0.717956542969
0.717956542969
0.717956542969
0.717956542969
0.717956542969
Repetition end
1
