Repetition start
0.955688476562
1.28588867188
1.28588867188
1.44921875
1.36010742188
1.36010742188
1.44934082031
1.44934082031
1.02203369141
1.17926025391
1.17926025391
0.844543457031
0.94091796875
0.94091796875
0.94091796875
0.741271972656
0.741271972656
0.815124511719
0.815124511719
0.815124511719
Repetition end
1
Repetition start
0.787353515625
0.787353515625
0.787353515625
0.946472167969
0.946472167969
1.22357177734
1.24969482422
1.24969482422
1.24969482422
1.23229980469
1.22491455078
1.12481689453
1.12097167969
0.967224121094
0.967224121094
0.802978515625
0.933349609375
0.933349609375
0.918334960938
0.918334960938
Repetition end
1
Repetition start
1.30645751953
1.28436279297
1.25549316406
1.26531982422
1.26531982422
1.26531982422
1.30895996094
1.25500488281
1.17022705078
0.9580078125
0.9580078125
0.9580078125
0.9580078125
0.845520019531
0.845520019531
0.845520019531
0.857360839844
0.958557128906
0.958557128906
0.890625
Repetition end
1
Repetition start
0.900939941406
1.01086425781
1.03869628906
1.03869628906
1.19708251953
1.25787353516
1.25787353516
1.13793945312
1.00634765625
0.955200195312
0.955200195312
1.01727294922
1.01727294922
1.22259521484
1.22259521484
0.821166992188
0.953002929688
0.953002929688
0.7490234375
0.962280273438
Repetition end
1
Repetition start
1.29138183594
1.29138183594
1.19537353516
1.25268554688
1.30633544922
1.43475341797
1.13391113281
1.13391113281
1.25006103516
1.25006103516
1.330078125
1.09539794922
0.930847167969
0.996398925781
1.08520507812
0.803894042969
0.803894042969
0.711791992188
1.05902099609
1.05902099609
Repetition end
1
Repetition start
1.12139892578
1.11273193359
1.11273193359
1.3115234375
1.41961669922
1.50018310547
1.50018310547
1.21856689453
1.21856689453
0.996643066406
1.02862548828
1.02862548828
1.04766845703
1.04766845703
0.915710449219
0.915710449219
0.963439941406
0.904724121094
0.904724121094
1.05157470703
Repetition end
1
Repetition start
1.08062744141
1.26794433594
1.26794433594
1.33074951172
1.548828125
1.548828125
1.32135009766
1.32135009766
1.12512207031
1.12512207031
0.901611328125
1.03765869141
1.04724121094
1.04724121094
1.06726074219
1.08850097656
0.840881347656
1.10015869141
1.10015869141
0.87109375
Repetition end
1
Repetition start
1.25427246094
1.12872314453
1.361328125
1.361328125
0.86572265625
0.86572265625
1.10821533203
1.03234863281
1.03234863281
1.06396484375
0.947387695312
1.12457275391
1.12457275391
1.12457275391
1.01293945312
1.04248046875
1.04248046875
0.865234375
0.865234375
0.865234375
Repetition end
1
Repetition start
1.02587890625
1.02587890625
1.15075683594
1.32678222656
1.05548095703
1.26153564453
1.26153564453
1.29174804688
1.11419677734
0.978271484375
1.01904296875
0.9306640625
0.984497070312
0.984497070312
0.984497070312
1.19323730469
1.19323730469
1.00634765625
0.89208984375
0.89208984375
Repetition end
1
Repetition start
1.13873291016
1.11169433594
1.22985839844
1.22985839844
1.32244873047
1.26885986328
1.26885986328
1.35614013672
1.2216796875
0.723022460938
0.723022460938
0.723022460938
1.18395996094
0.973266601562
0.973266601562
0.81787109375
0.81787109375
0.829406738281
0.937072753906
0.937072753906
Repetition end
1
