Repetition start
0.731506347656
0.749694824219
0.661315917969
0.669555664062
0.624694824219
0.652038574219
0.675659179688
0.691955566406
0.688537597656
0.673156738281
0.676696777344
0.644958496094
0.664978027344
0.679809570312
0.682678222656
0.701599121094
0.679138183594
0.662719726562
0.771850585938
0.77392578125
Repetition end
 0
Repetition start
0.261352539062
0.419006347656
0.458190917969
0.597900390625
0.509582519531
0.514343261719
0.539367675781
0.561279296875
0.543090820312
0.628845214844
0.649291992188
0.5419921875
0.367370605469
0.598205566406
0.804870605469
0.782836914062
0.567321777344
0.714416503906
0.745361328125
0.660034179688
Repetition end
 0
Repetition start
0.5771484375
0.592956542969
0.837463378906
0.86474609375
0.726135253906
0.794067382812
0.620178222656
0.606262207031
0.571105957031
0.744201660156
0.756042480469
0.676452636719
0.765258789062
0.758422851562
0.652709960938
0.671508789062
0.69140625
0.550415039062
0.636657714844
0.561218261719
Repetition end
 1
Repetition start
0.666137695312
0.744567871094
0.686706542969
0.724182128906
0.866271972656
0.744689941406
0.985595703125
0.984741210938
0.917846679688
0.889099121094
0.765625
0.775573730469
0.652038574219
0.750915527344
0.874572753906
0.884643554688
0.991577148438
0.978637695312
0.910949707031
0.944885253906
Repetition end
 1
Repetition start
0.736267089844
0.845458984375
0.85546875
0.745239257812
0.854553222656
0.906311035156
0.956604003906
1.09167480469
1.01184082031
0.666748046875
0.883361816406
0.88037109375
0.900390625
0.750183105469
0.737426757812
0.720520019531
0.819641113281
0.765625
0.899780273438
0.923950195312
Repetition end
 1
Repetition start
0.992919921875
0.921630859375
1.05432128906
0.836853027344
0.919921875
0.760314941406
0.760314941406
0.971069335938
0.971069335938
0.71484375
0.763916015625
0.560180664062
0.707458496094
0.789978027344
0.789978027344
0.838500976562
0.838500976562
0.881774902344
0.794555664062
0.794555664062
Repetition end
 0
Repetition start
0.55908203125
0.840270996094
0.939575195312
1.01831054688
1.03131103516
0.991638183594
0.995971679688
1.00885009766
1.01873779297
1.00268554688
1.01141357422
1.0107421875
0.99169921875
1.02056884766
0.982543945312
1.04986572266
1.00042724609
0.978088378906
1.04400634766
1.05627441406
Repetition end
 1
Repetition start
0.883728027344
0.836364746094
0.78173828125
0.949523925781
0.881591796875
0.917724609375
1.06732177734
1.04058837891
0.868896484375
0.851196289062
0.797546386719
0.564208984375
0.765197753906
1.09771728516
1.0693359375
1.11126708984
1.03649902344
1.02764892578
1.04510498047
0.991027832031
Repetition end
 1
Repetition start
1.00518798828
0.989074707031
0.831909179688
0.984191894531
1.04437255859
1.05120849609
1.10412597656
1.07958984375
1.07287597656
1.04309082031
1.02313232422
1.03070068359
1.04351806641
1.03802490234
1.00549316406
1.05822753906
1.02911376953
1.0478515625
1.02789306641
1.00299072266
Repetition end
 0
Repetition start
0.896118164062
0.801086425781
1.08245849609
0.947875976562
1.14758300781
0.933837890625
0.927551269531
0.965087890625
0.760437011719
1.00286865234
0.967895507812
0.944641113281
0.974365234375
0.902160644531
1.00952148438
1.10974121094
1.04772949219
1.04998779297
0.997680664062
1.06689453125
Repetition end
 1
Repetition start
0.746154785156
0.819763183594
1.09191894531
0.849670410156
1.05743408203
1.12512207031
0.897216796875
0.9736328125
0.99755859375
0.978088378906
0.879028320312
0.960571289062
0.746459960938
0.808166503906
0.913208007812
0.963806152344
1.04370117188
1.05053710938
1.09259033203
1.03271484375
Repetition end
 1
Repetition start
0.969177246094
1.11309814453
0.792114257812
1.00335693359
0.938415527344
0.901672363281
0.929138183594
1.05847167969
0.907836914062
1.07269287109
1.02337646484
1.01013183594
0.967163085938
0.988220214844
1.04852294922
1.02136230469
1.02404785156
1.02874755859
1.11151123047
1.12451171875
Repetition end
 1
Repetition start
0.854370117188
0.9228515625
0.827209472656
1.17694091797
1.18432617188
1.18432617188
0.980651855469
0.9462890625
1.10235595703
1.00592041016
0.926208496094
1.0107421875
0.831665039062
0.807556152344
0.862976074219
0.916198730469
0.851684570312
0.906311035156
0.900085449219
0.738830566406
Repetition end
 1
Repetition start
1.20526123047
0.900939941406
0.985656738281
0.962341308594
0.340881347656
1.36505126953
0.971801757812
1.29028320312
1.16717529297
1.01324462891
1.17932128906
1.01245117188
1.20013427734
1.0
1.12329101562
1.03918457031
1.17767333984
1.15942382812
1.17169189453
1.16052246094
Repetition end
Motion detected after  763  milliseconds. Logging...
