Motion detected after  4684  milliseconds. Logging...
-4403 -5137 21525
 -3728 -5684 21695
 -4059 -5890 21713
 -4331 -6383 21549
 -4021 -6761 21752
 -4438 -6786 21459
 -4924 -6503 22110
 -4552 -6315 21872
 -4060 -6279 21409
 -3790 -6286 21413
 -3949 -6310 21540
 -3920 -6257 21206
 -4283 -6412 21782
 -5214 -6489 22270
 -3676 -6697 21268
 -3079 -6700 20917
 -3919 -6490 21594
 -3169 -6421 21085
 -4416 -6146 21689
 -4222 -6177 21257
 -4191 -5725 22562
 -3047 -5804 21531
 Motion ended after  1668  milliseconds. Logging...
 0
Motion detected after  774  milliseconds. Logging...
-6407 -8005 18694
 -5723 -8552 21140
 -6445 -8435 21646
 -5083 -9378 21968
 -5728 -10409 20375
 -5411 -9546 21494
 -4443 -7786 22025
 -5391 -8512 22252
 -5922 -8742 21693
 -5593 -7971 21364
 -5169 -7856 21667
 -5076 -8320 22032
 -5258 -8164 21894
 -5064 -8275 21766
 -4740 -8023 21780
 -5061 -7951 21849
 -4711 -7825 21732
 -4914 -7754 21566
 -4195 -8519 22390
 -4436 -8369 23108
 -3298 -8131 22067
 -6453 -7018 22351
 -7848 -7320 21187
 -7851 -6145 19134
 -3693 -5950 23954
 -9100 -3737 22638
 -4148 -6156 21112
 -4529 -7872 22648
 -3213 -8353 21796
 -2357 -4492 20036
 1686 -7132 18272
 -1769 -7718 19131
 -9408 -8186 26889
 -4894 -7318 22840
 -2605 -5967 20277
 -3713 -6436 22361
 -4021 -7599 20875
 -3502 -6916 21232
 -3064 -6255 21687
 -2846 -6263 21738
 Motion ended after  3038  milliseconds. Logging...
 0
Motion detected after  784  milliseconds. Logging...
-2423 -4815 16694
 -2846 -4473 17259
 -4250 -4298 18263
 -1179 -5885 20785
 -3357 -4253 21778
 -3826 -4623 20346
 -5162 -4130 22302
 -4829 -5865 20855
 -4308 -8056 22297
 -5516 -7951 22824
 -6209 -6309 24711
 -6757 -5928 25072
 -7259 -6550 24892
 -6073 -6119 24730
 -5971 -6316 24713
 -6639 -6447 24077
 -5572 -6749 23015
 -5495 -6140 22637
 -4213 -6413 22888
 -3461 -6414 21203
 -6814 -5376 21208
 -4428 -5855 20714
 -4342 -5079 18616
 Motion ended after  1757  milliseconds. Logging...
 1
Motion detected after  1300  milliseconds. Logging...
-2598 -4570 18082
 -5688 -2945 20832
 -3581 -4039 20670
 -7684 -2840 21775
 -5532 -3461 20858
 -4771 -2735 21699
 -1916 -5105 20570
 -4624 -5008 22297
 -4266 -6634 23101
 -4337 -4676 25161
 -2998 -4425 23557
 -3635 -4109 23800
 -4370 -6014 24819
 -4854 -5620 25512
 -4585 -5093 24245
 -3962 -5403 23623
 -4711 -5709 22964
 -3103 -5500 21310
 -2998 -5098 20690
 -3352 -4529 20763
 -3453 -4284 18420
 -3057 -3088 18448
 -2488 -3363 18181
 -296 -2829 17454
 270 -2885 17109
 -725 -3813 18496
 -2145 -2310 19266
 -2176 -2700 19736
 -1996 -1772 20014
 -1668 -2200 20231
 -2034 -2101 20169
 -2406 -2638 19969
 -2114 -2487 20082
 Motion ended after  2511  milliseconds. Logging...
 1
Motion detected after  824  milliseconds. Logging...
-2693 -2817 17573
 -4218 -2608 18652
 -3805 -1939 19596
 -5086 -1811 19618
 -5024 -1610 20650
 -5242 -2313 19765
 -3880 -3791 21672
 -4700 -3959 23508
 -4648 -2840 23161
 -2727 -2885 23498
 -4340 -4023 24941
 -5029 -6609 22562
 -4824 -4631 22241
 -5626 -3876 23975
 -4820 -5389 24633
 -4175 -5338 24265
 -5864 -5295 23450
 -4715 -4492 21289
 -4645 -3596 20046
 -4036 -3734 21199
 -4213 -3882 20639
 -1681 -4050 20473
 -2911 -2693 20742
 Motion ended after  1717  milliseconds. Logging...
 1
Motion detected after  2680  milliseconds. Logging...
-1631 -633 18532
 -3180 -537 18817
 -1664 -92 19030
 -5335 -1710 20756
 -6392 -2671 24135
 -6305 -2790 21552
 -6136 -3177 25223
 -3394 -6994 22100
 -6244 -5160 23920
 -5589 -7477 22244
 -4175 -6121 21887
 -3643 -6822 23408
 -4698 -5015 23451
 -4916 -5559 24922
 -4108 -5632 22758
 Motion ended after  1132  milliseconds. Logging...
 0
Motion detected after  764  milliseconds. Logging...
-4531 -1814 15505
 -2014 -1437 17218
 -2198 -800 18392
 -1816 -775 19275
 -1624 -854 19375
 -2130 -717 19094
 -1761 -182 19099
 -1888 -681 18887
 -1527 -1010 19066
 -1531 -1067 18985
 -2086 -404 19181
 -1620 -213 18867
 -1559 -14 19313
 -2266 -142 18836
 -2491 -320 19382
 -2051 -374 18985
 -2279 -425 18952
 -2283 -227 19231
 -2357 -370 18825
 -2091 183 19109
 -2382 15 18758
 -2184 -361 18570
 -1887 -63 19055
 -1460 21 18745
 Motion ended after  1777  milliseconds. Logging...
 1
Motion detected after  942  milliseconds. Logging...
-4196 1076 18809
 -5594 571 19502
 -6366 -252 20321
 -4701 -2134 19643
 -4216 -2350 22123
 -2772 -2430 24709
 -3799 -4568 22727
 -6120 -3969 24533
 -2570 -6020 23626
 -2586 -1766 22794
 -3010 -3714 24211
 -3560 -3844 24453
 -3970 -4180 22386
 -4844 -2987 22041
 -3178 -3248 21323
 -3833 -2588 20367
 -4355 -2049 19612
 -3619 -2208 21343
 -3516 -2396 20534
 -3218 -1409 19566
 -2884 -871 16822
 -6646 -863 16753
 -4730 -1398 15959
 -3146 -660 16343
 -406 -734 18181
 -760 -320 17685
 -906 52 18743
 -527 -197 18709
 -824 -376 18720
 -1082 224 19065
 -1971 -281 18563
 -2479 -212 18961
 -1650 -139 18771
 -2184 -92 19113
 -2026 -681 18266
 -2992 -397 18988
 -2119 -155 19397
 -2026 -456 18719
 Motion ended after  2869  milliseconds. Logging...
 1
Motion detected after  1002  milliseconds. Logging...
-4899 80 17329
 -913 -497 17356
 -1921 -27 18417
 -740 -2188 21168
 -958 -2449 22630
 -1544 -5358 21233
 -3203 -3188 22596
 -2488 -1926 23125
 -2796 -4478 22110
 -2056 -3273 21890
 -2919 -4387 22238
 -3118 -5091 22741
 -3765 -5259 22654
 -3137 -4826 23982
 -2993 -3749 22711
 -3790 -3393 22930
 -4356 -3119 21396
 -3864 -3416 22442
 -2330 -3679 21250
 -1812 -3721 20863
 -2391 -2586 19354
 -2127 -1269 19521
 -1217 -2009 18444
 -2682 -990 15265
 -1426 -895 16463
 -4148 -390 15766
 -388 -16 17515
 -991 307 17067
 -1227 389 18061
 -326 614 17802
 -719 961 17446
 -1162 411 18512
 -2414 -324 18245
 -1642 575 18645
 -988 -122 18382
 -2330 736 17963
 -1788 376 18502
 -1901 89 18078
 -1801 334 18230
 -1562 83 18366
 -1304 370 18582
 -1508 305 18300
 -2001 570 18438
 -2185 223 18436
 -1979 412 18358
 -2597 599 18438
 -1733 842 18229
 -1831 519 18173
 -1987 609 18546
 -1632 406 18067
 -2071 476 18390
 -2525 528 18430
 -2004 727 18886
 -1886 496 18029
 Motion ended after  4080  milliseconds. Logging...
 0
Motion detected after  834  milliseconds. Logging...
-1691 -588 14308
 -1951 -1425 15799
 -4090 1095 17677
 -5848 -385 19358
 -3591 259 19633
 -3398 -2445 19654
 -2903 -1295 21933
 -226 -2421 21393
 -2401 -3903 21834
 -1795 -3407 24004
 -3731 -3564 22595
 -3629 -3365 22191
 -3814 -4744 22320
 -3396 -4057 23265
 -3507 -5046 24334
 -2566 -4948 23525
 -2737 -4749 22843
 -3618 -5655 21732
 -3066 -3127 22624
 -1665 -1301 20461
 -1722 -1876 19456
 -2144 -2601 18085
 -1986 -595 18336
 -1667 -655 17799
 -720 -1556 18240
 1305 -1367 16107
 124 -442 15099
 -228 -93 16136
 -321 -1689 17014
 -1525 -559 18624
 -2643 -96 18042
 -879 421 18640
 -1286 710 18333
 -1799 836 18627
 -1068 -214 18448
 -1378 198 18383
 -2276 246 18376
 -1228 -53 18266
 -1370 413 18437
 Motion ended after  2978  milliseconds. Logging...
 1
Motion detected after  1032  milliseconds. Logging...
-1619 -466 14310
 -3738 759 16410
 970 824 16096
 -2399 679 19489
 -1662 92 20749
 -3679 -654 22794
 -7104 -1414 22071
 -4031 -2707 23858
 -6185 -1916 22022
 -4294 -518 22137
 -3288 -1675 23397
 -4490 -3093 22675
 -4832 -4106 23638
 -3768 -4696 24088
 -3702 -3737 23391
 -2249 -4048 22217
 -5435 -2254 21707
 -2811 -2436 21591
 -2635 -2259 20479
 -1831 -2828 20684
 -3348 -1296 19046
 -1481 -1211 18430
 -2418 -1202 18313
 -4067 243 18664
 -3274 -477 15981
 -2841 -757 16839
 -2832 -37 17831
 -1564 207 17148
 -2362 606 18682
 -2442 762 18780
 -3123 955 19380
 -1520 252 17851
 -1590 381 18101
 -1302 384 18819
 -2188 492 18169
 431 75 18089
 -893 72 17741
 Motion ended after  2779  milliseconds. Logging...
 1
Motion detected after  2462  milliseconds. Logging...
68 -1495 16018
 -3984 -322 18094
 -3724 741 17943
 -2800 -905 18679
 -5775 1087 20567
 -4699 -280 23216
 -4791 -3952 22413
 -5112 -4176 22266
 -4488 -3054 23119
 -1042 -2492 20853
 -2044 -3753 22236
 -4021 -4880 24276
 -4825 -5331 24236
 -3455 -5327 23555
 -2912 -4182 22317
 -3286 -4544 22871
 -2787 -3440 21376
 -1831 -2879 22052
 -1752 -3633 20259
 10 -1433 18998
 -2190 -982 19939
 -849 -913 18312
 -1663 -1550 17924
 -867 -1416 18129
 -672 -902 16338
 -307 -199 16462
 -1672 -466 18329
 -1036 -467 18682
 -1825 276 18283
 -1554 369 17963
 -1683 166 18372
 -911 498 18624
 158 -309 18575
 -2038 89 18161
 -1806 430 18405
 Motion ended after  2621  milliseconds. Logging...
 1
Motion detected after  1101  milliseconds. Logging...
-1247 552 14693
 -1363 452 16031
 -4334 1012 16875
 -2241 2490 19034
 -3416 2204 20616
 -3035 -1386 20488
 -8060 516 23048
 -3395 -1626 23082
 -2363 -4290 23134
 -1739 -4045 20959
 -4242 -3757 24559
 -4246 -4291 22163
 -4827 -5027 23085
 -3662 -4511 22312
 -2725 -4783 22519
 -4059 -4269 22282
 -3050 -3988 21887
 -4416 -3963 23126
 -4759 -4026 20890
 Motion ended after  1440  milliseconds. Logging...
 1
Motion detected after  912  milliseconds. Logging...
-75 -96 19918
 -2826 -2450 20037
 -2053 -2417 20619
 -4125 -1803 21695
 -5340 -3273 20112
 -7287 -5458 18330
 85 -1430 23710
 -5995 -2093 24010
 2233 -2485 21392
 -1816 912 20027
 -1885 -2895 21381
 1784 -1728 19266
 1123 -1159 16624
 -667 4151 16179
 471 125 15788
 767 918 16719
 35 957 16034
 1982 1670 15643
 1946 1504 15546
 3041 927 15229
 4278 -183 15193
 4095 -317 15236
 Motion ended after  1629  milliseconds. Logging...
Motion detected after  763  milliseconds. Logging...
1