Repetition start
0.960021972656
1.21447753906
0.928100585938
0.659240722656
0.0489501953125
0.693420410156
0.540344238281
0.610534667969
0.652099609375
0.799621582031
0.791931152344
0.543762207031
0.500183105469
0.650512695312
0.729431152344
0.689025878906
0.755432128906
0.734191894531
0.717895507812
0.71044921875
Repetition end
0
Repetition start
0.588562011719
0.983764648438
0.88232421875
0.946105957031
1.04620361328
0.808227539062
0.860107421875
0.721008300781
0.72412109375
0.802307128906
0.700866699219
0.815124511719
0.874877929688
0.920776367188
0.936279296875
1.05828857422
0.935668945312
0.961791992188
0.955139160156
1.02722167969
Repetition end
 1
Repetition start
0.742004394531
0.571533203125
0.537902832031
0.698059082031
0.848510742188
0.7509765625
0.746276855469
0.663696289062
0.986450195312
1.04339599609
1.13555908203
1.13555908203
0.885864257812
1.02783203125
0.914916992188
0.725769042969
0.863647460938
0.8154296875
0.8154296875
0.897705078125
Repetition end
 1
Repetition start
1.09869384766
1.03826904297
1.12365722656
0.990783691406
1.01708984375
1.05975341797
1.04632568359
0.996887207031
1.0859375
1.00897216797
1.01721191406
1.06213378906
1.04351806641
1.05346679688
0.984069824219
1.00042724609
1.05920410156
1.04095458984
1.00823974609
1.09643554688
Repetition end
 1
Repetition start
0.875610351562
0.697692871094
0.493957519531
0.857604980469
1.01885986328
1.11181640625
1.1435546875
1.08319091797
1.18469238281
1.49304199219
0.9833984375
1.10601806641
1.01397705078
0.856506347656
0.787231445312
0.757934570312
0.859497070312
0.887329101562
0.955444335938
1.00164794922
Repetition end
 1
Repetition start
1.09918212891
1.3955078125
0.601928710938
0.850158691406
0.870910644531
0.920532226562
1.34710693359
1.02545166016
0.985473632812
0.781188964844
0.868408203125
0.968811035156
1.00799560547
0.993469238281
1.17517089844
1.07983398438
1.12359619141
1.13586425781
1.11102294922
1.04650878906
Repetition end
 0
Repetition start
0.855224609375
1.11187744141
0.998901367188
0.906555175781
0.917785644531
1.06274414062
0.943359375
0.917053222656
0.916809082031
0.957702636719
1.09356689453
0.808776855469
0.930236816406
1.15740966797
1.09307861328
1.14294433594
1.05285644531
1.06018066406
1.10650634766
1.03204345703
Repetition end
 0
Repetition start
1.16192626953
1.05334472656
1.31103515625
1.03411865234
1.16613769531
1.00170898438
1.11053466797
0.903259277344
0.891357421875
1.0478515625
0.8193359375
0.9521484375
0.869262695312
1.13171386719
1.09613037109
1.13031005859
1.00177001953
1.10461425781
1.02838134766
1.19116210938
Repetition end
1
Repetition start
1.01739501953
1.19732666016
1.02783203125
1.15899658203
1.07061767578
1.0576171875
0.920349121094
1.05316162109
1.01025390625
1.041015625
1.00152587891
1.14379882812
1.11688232422
1.14666748047
1.12359619141
1.12835693359
1.09204101562
1.16101074219
1.1298828125
1.04925537109
Repetition end
 0
Repetition start
1.02874755859
1.09924316406
1.21240234375
1.43939208984
1.22937011719
1.13189697266
1.01892089844
1.09875488281
1.13012695312
1.13714599609
1.02813720703
0.97265625
1.03375244141
1.03839111328
0.96923828125
0.852233886719
0.888977050781
1.04455566406
0.912536621094
0.88623046875
Repetition end
 1
Repetition start
1.03527832031
1.01538085938
1.04937744141
0.985473632812
0.993103027344
0.9697265625
0.953674316406
0.916320800781
1.17712402344
1.10455322266
1.09545898438
1.19122314453
1.25592041016
1.08508300781
1.15405273438
1.18371582031
1.20599365234
1.06671142578
1.25042724609
1.28253173828
Repetition end
 0