Repetition start
1.02423095703
0.756774902344
0.479125976562
0.051025390625
0.295104980469
0.259887695312
0.310791015625
0.362243652344
0.631652832031
0.745361328125
0.659606933594
0.771667480469
0.805358886719
0.7880859375
0.677551269531
0.667785644531
0.696838378906
0.718811035156
0.716918945312
0.739929199219
Repetition end
 0
Repetition start
0.686401367188
1.04730224609
0.860656738281
0.931274414062
0.829895019531
1.08374023438
0.969299316406
0.860900878906
0.870361328125
0.96044921875
0.863525390625
0.778564453125
0.787841796875
0.781799316406
0.713562011719
0.786560058594
0.865844726562
0.836608886719
0.850219726562
0.96044921875
Repetition end
 1
Repetition start
0.861145019531
0.634826660156
0.796142578125
1.10083007812
0.843872070312
0.889282226562
0.717895507812
0.796142578125
0.922180175781
0.935729980469
0.908203125
0.85888671875
0.940612792969
0.885925292969
0.87548828125
0.950744628906
0.752319335938
0.748107910156
0.669860839844
0.884460449219
Repetition end
 1
Repetition start
1.09997558594
1.08416748047
0.898864746094
1.19348144531
0.90185546875
1.01519775391
1.16802978516
0.697143554688
0.783935546875
0.790954589844
0.879760742188
0.888793945312
0.878356933594
0.864624023438
0.879638671875
0.770568847656
0.669982910156
0.672058105469
0.625793457031
0.961730957031
Repetition end
 1
Repetition start
0.69580078125
1.11926269531
1.10070800781
1.05700683594
1.14703369141
1.14721679688
0.775024414062
0.874084472656
0.73779296875
0.903869628906
0.961853027344
0.839477539062
0.825561523438
0.900329589844
0.914367675781
0.801208496094
0.833557128906
0.800354003906
0.863159179688
1.07073974609
Repetition end
1
Repetition start
1.07373046875
0.831359863281
1.24487304688
0.570739746094
0.845764160156
0.978088378906
0.949523925781
0.904968261719
1.06176757812
0.770324707031
0.958251953125
0.905029296875
0.866638183594
0.811218261719
0.901672363281
0.99169921875
0.950561523438
0.886779785156
0.831604003906
0.814758300781
Repetition end
 1
Repetition start
0.929626464844
0.955383300781
1.17364501953
1.16436767578
0.878845214844
0.852722167969
0.845642089844
0.872314453125
0.795288085938
0.882995605469
0.934448242188
0.864868164062
0.904846191406
0.723083496094
1.01025390625
0.927612304688
0.8427734375
0.991577148438
1.0712890625
0.87939453125
Repetition end
1
Repetition start
0.885192871094
1.38702392578
1.44671630859
1.12896728516
1.017578125
0.882568359375
0.983032226562
0.709045410156
1.0244140625
0.946472167969
0.90869140625
0.822692871094
0.905944824219
0.888244628906
0.838745117188
0.921569824219
0.875732421875
0.720520019531
0.931640625
0.775939941406
Repetition end
 1
Repetition start
0.595336914062
0.780700683594
0.859924316406
0.921936035156
1.12371826172
0.998107910156
0.964111328125
0.959533691406
0.803833007812
0.956115722656
1.00073242188
0.895385742188
0.841125488281
0.951049804688
0.925354003906
0.875
0.887451171875
1.03546142578
0.9091796875
0.641479492188
Repetition end
1
Repetition start
0.907104492188
1.17352294922
1.10412597656
1.23114013672
0.88525390625
1.14794921875
0.874877929688
0.978271484375
0.913269042969
0.839782714844
0.974243164062
0.7529296875
0.967956542969
0.912414550781
0.982238769531
0.816589355469
0.848205566406
0.854614257812
1.09698486328
1.04125976562
Repetition end
1