Motion detected after  953  milliseconds. Logging...
-5112 -1283 20240
 -2664 -2222 21259
 -2486 -2238 20424
 -2165 -3652 20373
 -3819 -2964 22479
 -4511 -4118 25601
 -1420 -2473 19995
 -1335 -4617 17791
 -11892 -2816 23203
 -2536 -3466 21427
 -5099 -5267 20300
 -5558 -7359 22265
 -4947 -8409 21552
 -3545 -6574 22167
 -8010 -6738 23569
 -7939 -5663 24609
 -3797 -7794 20223
 2997 -6439 18178
 2969 -5592 19609
 -868 -7233 20880
 -2501 -7777 22036
 Motion ended after  1588  milliseconds. Logging...
 0
Motion detected after  774  milliseconds. Logging...
-507 -6419 19993
 -6254 -3367 19604
 -7014 -2033 20485
 -7389 -5452 24741
 -7290 -5570 22614
 -2443 -5848 23361
 -2640 -5110 22881
 -3835 -6334 27259
 -4771 -7230 27928
 -5004 -7796 28168
 -4260 -6778 27241
 -3615 -5063 23945
 -3656 -6067 22146
 -2179 -6065 20641
 -1050 -6292 20226
 -1178 -5549 19105
 -2280 -4694 17623
 -297 -5418 18681
 1280 -4643 22907
 1977 -3269 20251
 -8424 -1302 17454
 -15290 655 17787
 4356 -4857 22679
 -8098 -2999 25305
 5890 -5591 18770
 1193 -2704 18794
 2083 -991 15190
 -7465 -3369 21899
 197 -4121 19863
 -1936 -2937 22903
 -1880 -3729 19466
 -1492 -2828 20483
 -1300 -2768 20832
 -1826 -2871 20965
 -1333 -2769 20637
 -2066 -2774 20915
 -1787 -2566 20760
 -1682 -2691 20825
 -1796 -2752 20691
 -1455 -2799 20659
 Motion ended after  3038  milliseconds. Logging...
 0
Motion detected after  774  milliseconds. Logging...
-1646 -2612 20470
 -4706 -4748 22740
 -3939 501 24958
 -2349 -4294 23156
 -4378 -7547 30001
 -3719 -8707 24894
 -5589 -5833 26185
 -4525 -5694 25315
 -4717 -5716 28625
 -3007 -5063 26137
 -3075 -6098 25279
 -4700 -7082 21763
 -1549 -4320 20236
 -170 -4978 19902
 -116 -3938 18786
 -1175 -3458 18358
 -1669 -3101 19020
 -1495 -2301 16811
 -2393 -1896 16442
 -813 -3195 19448
 -559 -1846 19653
 739 -2570 19211
 -635 -1960 19476
 351 -2883 19908
 Motion ended after  1767  milliseconds. Logging...
 1
Motion detected after  764  milliseconds. Logging...
-4032 -1377 20854
 1425 -2703 22126
 -5776 -1248 18494
 -2771 -907 22907
 -2076 -1943 24493
 -1374 -2019 23487
 -1304 -3079 29643
 -5178 -7162 23989
 -3140 -7439 26583
 -4364 -7058 27084
 -2975 -6714 26848
 -1779 -6940 25434
 -2494 -6477 24477
 802 -5740 20969
 259 -4551 19952
 570 -4618 18653
 228 -2234 17844
 609 -3774 18426
 206 -2951 15998
 -2640 64 16330
 -1313 -2591 15638
 -1020 -1860 18330
 -178 -1646 19893
 -218 -2506 19321
 -1524 -832 19828
 -597 -1276 19936
 Motion ended after  3048  milliseconds. Logging...
 1
Motion detected after  764  milliseconds. Logging...
-2905 -1264 17537
 337 -3246 21364
 -3453 -113 23720
 -3826 -1703 24900
 -5866 -2884 22096
 -3722 -5752 27475
 -2721 -4044 26031
 -2221 -5852 25266
 -2532 -6430 26058
 -4835 -6602 26594
 -3144 -5415 25263
 -1481 -6732 24756
 -1631 -4483 21961
 -2111 -4530 20851
 -1309 -4005 22289
 -2761 -3729 21021
 -2310 -2381 18678
 1941 -4668 15750
 -1163 -2523 13845
 -1431 -3866 19070
 1275 -1648 18691
 49 -1753 18918
 -2499 -4001 21839
 -1192 -3590 21843
 Motion ended after  1777  milliseconds. Logging...
 1
Motion detected after  764  milliseconds. Logging...
-2885 -2971 20880
 -30 -1955 20395
 -1900 -2282 23038
 -4453 -1090 22429
 -3760 -6665 23382
 -2820 -4461 26582
 -1923 -2631 24192
 -2562 -5989 25352
 -2762 -6537 24832
 -3024 -6765 24009
 -2339 -6138 25500
 -1192 -5150 25641
 -119 -4076 23366
 -776 -4877 22433
 660 -5083 21068
 148 -3481 20405
 809 -3157 21042
 1360 -3931 17732
 -3348 -3634 18972
 -2091 -2583 16793
 -110 -1330 15610
 -2052 -2456 19380
 -168 -1534 18365
 -301 -1499 18996
 Motion ended after  1777  milliseconds. Logging...
 1
Motion detected after  774  milliseconds. Logging...
-1746 -591 20105
 -2379 -589 21368
 -823 -2548 19586
 -775 -911 20945
 -991 367 23492
 470 -4917 21508
 -3628 -3083 24098
 -4498 -4938 23792
 -4507 -3699 23783
 -1739 -2719 28866
 -2299 -3022 26863
 -2683 -3512 23275
 -1926 -4422 20402
 -3865 -3588 20457
 -3934 -2506 21492
 -2092 -1433 20402
 -4871 -524 19402
 -1483 -11 18139
 -4179 -2185 15350
 1473 -2227 15104
 2616 -2088 17055
 -699 -430 16919
 -1585 -512 18858
 -1017 -1218 19960
 Motion ended after  1767  milliseconds. Logging...
 1
Motion detected after  754  milliseconds. Logging...
-3400 504 19467
 3685 -875 19752
 -1462 -2622 22039
 77 -360 24087
 1248 -2397 24430
 -3100 -4190 26815
 -3552 -4104 23618
 -3783 -5164 24468
 -4171 -6452 25062
 -2256 -5261 25707
 -2679 -5964 27263
 -628 -5168 23336
 -2906 -3469 21742
 -2856 -3474 21585
 -1723 -2785 22914
 -1240 -3577 20566
 -904 -3955 20068
 -101 -2694 19054
 -2380 -2529 17098
 -610 -1796 14292
 961 -2633 16115
 -1169 -1904 17743
 412 -2772 18554
 -1347 -1528 19821
 Motion ended after  1787  milliseconds. Logging...
 1
Motion detected after  754  milliseconds. Logging...
-1573 -379 19823
 -2602 -1634 22517
 -1322 -1487 21668
 -2618 -1571 23490
 -3215 -4154 25348
 -3951 -3757 25230
 -2861 -6602 24117
 -2983 -8117 25202
 -4691 -8690 25620
 -2595 -6838 26837
 -3340 -5441 25874
 -628 -4106 24569
 -4868 -5351 23560
 -2877 -5774 23515
 -2488 -5281 21676
 485 -4668 21348
 -1099 -5277 20255
 -67 -5304 19142
 431 -3874 17658
 -368 -2067 16302
 Motion ended after  3058  milliseconds. Logging...
1
Motion detected after  754  milliseconds. Logging...
787 -2638 19900
 -5703 1095 21560
 -3241 -1604 23458
 -700 -2354 23128
 -902 -4152 22811
 -3539 -6299 24524
 -4197 -7621 26535
 -4342 -7929 26124
 -4567 -5854 26157
 -643 -6066 25507
 -1888 -6362 27499
 -3278 -6098 23579
 -1637 -3124 20752
 -870 -5543 20579
 -2166 -4168 19501
 -705 -2651 20977
 39 -1657 19336
 -1209 -2731 19917
 -4591 -2276 19861
 Motion ended after  3058  milliseconds. Logging...
1
Motion detected after  773  milliseconds. Logging...
5938 -1164 15596
 -6517 1784 16883
 -3501 1991 24082
 -5915 -3365 24444
 906 -3059 21230
 -2421 -5465 24013
 -2288 -5856 26341
 -4226 -7989 26079
 -2930 -4094 24924
 -3528 -5234 25706
 -2206 -4736 23822
 -2991 -4378 23904
 -3117 -5641 23906
 -2482 -3696 20406
 -4479 -3813 21701
 -2128 -3674 21505
 -2596 -2575 21148
 -1378 -3257 19611
 -4082 -2966 21390
 -3088 -3309 19636
 -3555 -346 18483
 -184 -3146 18193
 386 -2663 18281
 -1790 -1828 18123
 Motion ended after  1768  milliseconds. Logging...
 1
Motion detected after  1359  milliseconds. Logging...
-4038 -3756 21234
 -3933 -5400 20882
 -4632 -4009 21401
 -2945 -3205 21539
 -3037 -1864 16104
 -4308 -206 17842
 3582 4825 22962
 2438 -1547 22188
 -2346 -2128 21159
 -2725 -1913 20412
 -519 -3065 19589
 -5796 -562 19191
 -4085 557 19409
 -5464 820 19899
 -4446 304 19522
 -3687 -280 18986
 Motion ended after  1182  milliseconds. Logging...
0