161 6709 14277
 231 7768 13951
 362 6488 13846
 724 7180 13524
 798 7759 14686
 368 7230 14085
 385 7583 14605
 -241 6796 14021
 2024 7682 14860
 -454 6908 14888
 160 7081 17014
 3566 4228 13180
 2597 4690 13865
 196 9125 17674
 1742 6347 14160
 1788 6229 14469
 2546 6640 13944
 -70 6886 14886
 2605 8545 13743
 507 7076 13314
 1776 7505 13819
 -14 7575 14365
 1378 7575 14576
 1008 6993 14358
 1567 8738 13303
 3662 7467 14051
 3500 8997 16250
 450 8091 13317
 -5072 8296 11046
 -3550 7116 14047
 -5929 7477 12239
 -3702 7213 13684
 -2320 7785 13729
 -1089 7266 12872
 1700 10938 15238
 1652 10567 16081
 -791 7312 14938
 1612 6829 14713
 3281 6241 15883
 3690 3898 14058
 1907 6119 15414
 760 5475 14548
 2149 6218 15156
 745 6206 15266
 1210 5604 15178
 1508 5898 14739
 -297 6354 15104
 405 6379 15223
 -3649 5229 13571
 3600 9051 17529
 516 6846 14253
 -422 7152 14497
 -208 6983 14557
 1292 6354 14515
 793 7150 15260
 1215 6656 14661
 916 6537 13348
 1171 6929 15078
 463 7019 14680
 903 6588 14802
 929 6075 14672
 142 6554 14751
 920 6667 14893
 571 6662 14889
 684 6990 15240
 721 6412 13876
 547 6528 14650
 994 6474 14819
 721 6149 14793
 534 6190 15288
 1082 6094 14931
 850 6066 14762
 364 6077 15196
 776 5470 15267
 2388 5384 15549
 -1053 6546 14587
 469 6117 15039
 -798 5789 14896
 1793 5335 14969
 1086 5404 15326
 1213 4798 15305
 1623 4725 15583
 1040 4948 16089
 989 5029 15240
 714 5494 15407
 797 5768 15186
 506 5428 14902
 650 5603 15322
 923 5358 15304
 292 5577 15690
 974 5538 15418
 771 5480 15383
 879 5491 15303
 1055 5634 15486
 993 5514 15810
 590 5048 14652
 821 5392 14911
 1039 5838 15679
 589 5283 15045
 682 4787 14695
 85 5182 15608
 693 5553 15686
 833 5302 16183
 2121 4332 14199
 3837 2927 12963
 -3814 13957 22997
 2008 4871 15559
 1940 4255 15052
 -956 4946 14966
 -518 5377 14963
 325 5489 14716
 249 5814 15522
 489 4795 15128
 -497 3627 14238
 431 3668 15548
Repetition Start
 763 3523 14788
 793 3938 15113
 902 3464 16468
 918 4059 17192
 2022 3111 16565
 952 3261 17031
 1325 2710 16635
 -1048 3930 17955
 -1883 1150 15290
 1135 1418 16343
 -1116 2080 16006
 764 679 14755
 -559 739 16051
 -142 827 16298
 -746 1242 16198
 345 1389 17277
 -43 1784 17168
 809 1681 16541
 351 1530 16578
 263 930 15793
 -67 832 16690
 750 1509 17152
 -303 1039 16762
 436 857 15941
 168 1211 15837
 -563 354 16323
 -127 594 15985
 -958 1452 15923
 -494 1147 16142
 -490 249 16122
 -497 301 15780
 -666 576 16745
 -377 203 15809
 -666 -41 16510
 -718 15 16701
 -601 69 16044
 -395 -22 16098
 -430 -481 15905
 -394 -153 16223
 -519 -200 16001
 -94 166 16461
 352 388 16065
 -406 162 16108
 -445 665 16538
 537 532 16283
 69 289 16447
 731 -132 16308
 -256 46 17344
 -31 -141 17271
 617 -1253 15764
 71 -1267 15579
 41 -956 16522
 -386 -487 16476
 -537 248 16796
 -423 92 16416
 423 596 16744
 649 384 18000
 -865 -166 17863
 2595 -2018 15713
 981 519 18053
 1422 513 18521
 258 42 15492
 797 -245 14943
 -219 -307 16757
 2774 -1729 16593
 905 542 17056
 2270 410 15014
 885 284 16010
 602 1556 17179
 921 2769 15084
 1745 1817 14504
 -900 4709 14673
 -926 5357 14390
 1213 5740 14995
 284 6517 14945
 907 6973 14591
 -298 6773 14303
 343 6852 14171
Repetition End
0
 242 6962 14741
 608 7305 14539
 875 7378 14111
 925 7365 14592
 507 7087 14785
 546 7103 14348
 -26 7536 14708
 210 7194 14282
 312 7590 13946
 -170 7777 14473
 1633 6774 14646
 804 8761 14049
 -11 8310 14443
 1053 9047 15003
 146 8393 15338
 3316 7387 15023
 4308 5318 13010
 3074 5919 14676
 4551 5337 13719
 1957 5985 14473
 3266 5527 14744
 2258 5559 14652
 432 10924 14768
 757 7591 14490
 1271 5943 15167
 1666 6364 14122
 560 7321 15425
 1465 6129 15715
 -1028 7627 12974
 -1845 6108 14823
 -287 6197 14217
 -3779 6053 13157
 683 5026 15085
 1382 4488 15028
 1417 3114 14214
 4542 2027 10666
 1164 9467 19314
 1252 3206 14231
 3603 4470 14491
 1305 4616 17450
 2610 5181 14746
 -3167 6078 15117
 -1469 5981 14423
 -2582 6004 15217
 1188 4906 15669
 1907 5383 15471
 1668 5540 15369
 2546 5749 15220
 2559 5943 16668
 1487 4541 13962
 1817 5086 14334
 2035 5965 15456
 1025 6511 14189
 2217 6692 15274
 399 8302 14834
 -1268 6228 13403
 -3917 6035 13909
 5727 4494 15233
 448 7567 14175
 1832 7161 14738
 1409 7127 14345
 1687 6686 14836
 1188 6762 15132
 1066 6778 15046
 1111 7035 14426
 1250 7201 14627
 723 6865 14212
Repetition Start
 1674 6575 14478
 1247 6145 14639
 1093 6300 14132
 1745 6007 14551
 1121 6309 14101
 1492 6405 14759
 1056 6031 14878
 1375 6540 15091
 785 6147 15518
 2193 5360 15495
 1686 4826 14800
 864 4344 15061
 1080 4517 15605
 782 4791 16257
 981 4423 15667
 498 3934 15359
 830 4005 16238
 1115 3977 16234
 959 3886 15610
 951 3657 15639
 603 3453 15775
 1565 3489 16191
 779 3533 15904
 986 3647 16349
 797 3068 15945
 1014 3225 15957
 1314 2919 15757
 814 3151 15997
 1414 2916 16306
 290 3061 15691
 666 2638 17414
 998 2809 15511
 1556 3365 15611
 1468 3449 15750
 1477 2900 16451
 1435 2353 15502
 1055 3008 15998
 1111 3334 15651
 1269 2795 15339
 748 2645 16138
 768 2553 15794
 810 2536 15753
 753 2055 15791
 927 2582 16151
 1121 2611 15765
 1171 2534 16293
 1071 2900 16371
 888 2478 16472
 636 2659 16398
 568 2714 15903
 772 2241 15756
 531 2270 16044
 1363 2467 15860
 922 2059 15826
 919 1916 15686
 663 1769 15840
 -501 1441 14444
 -2662 3523 16685
 667 3060 16095
 21 2929 15839
 -323 2419 15315
 471 2110 16143
 -1267 1990 16305
 -203 3467 17129
 613 3527 16291
 -164 2901 15629
 -260 2792 16690
 -373 2859 16942
 -719 2093 15710
 -736 2916 16318
 -182 2796 15869
 -539 2869 15362
 -438 2560 16678
 173 1977 15837
 544 2267 16830
 -1166 2653 16994
 -1656 1727 15533
 -1198 3149 16200
 448 4041 16054
 1801 2303 16867
 -901 1663 14636
 -1542 1623 15389
 1527 2625 13892
 -1105 4401 17948
 -1569 2031 15653
 319 1674 14095
 225 2732 15324
 1366 2898 16389
 -1001 2819 15199
 844 3252 15348
 -667 3321 16163
 -565 1637 15620
 -182 3109 16093
 1623 3636 16211
 1234 3584 16272
 753 2241 16288
 329 2405 15861
 1655 2278 17157
 -490 2129 16065
 965 1453 17359
 -1406 640 18286
 -161 155 16070
 -339 578 15056
 581 258 15321
 -1010 -472 17478
 273 -591 15274
 -200 -323 16314
 -866 -773 15824
 -332 -2118 15777
 352 -2680 16476
 -435 -3427 14658
 -204 -2078 16721
 -34 -2949 14522
 1439 -2793 17655
 -371 -4259 15743
 333 -4447 15730
 -224 -3372 16403
 -90 -4057 16364
 -1394 -3497 14488
 486 -4160 16235
 -1725 -4961 14848
 245 -4358 13848
 -839 -6031 12661
 1177 -5399 10640
 -889 -7394 10014
 -2056 -4878 7674
 11 -1696 11975
 12952 2948 27858
 1384 -11026 11969
 945 -1744 14989
 -1329 -2751 17245
 -1216 -1806 16409
 -1287 -3076 16483
 -574 -2474 16376
 412 -2700 15908
Repetition End
0
 189 -3470 15596
 1428 -2646 16249
 463 -2281 15899
 1123 -3551 16643
 -63 -2523 15665
 -383 -2304 15848
 162 -2296 16091
 736 -2486 16394
 482 -2241 16303
 876 -2348 16355
 334 -2441 16586
 -439 -3417 16237
 2261 -2357 13160
 2184 -543 16747
 627 -2398 14970
 1323 -1599 17173
 556 -649 15980
 1293 -2596 16433
 1304 -1994 16487
 856 -1863 16853
 1185 -2437 16337
 1252 -2838 15540
 -234 -3418 17060
 4423 -2813 13006
 3314 -2789 17229
 1689 -2218 16106
 1608 -2726 16836
 790 -2240 16406
 1323 -2953 15984
 2380 -3140 15638
 2251 -1360 16554
 521 -1462 16560
 837 -2044 16290
 1270 -2104 16972
 2455 -3024 15097
 -252 -1651 16050
 -1234 -2839 15972
 -4266 -6234 17268
 -2369 -4640 12342
 -2316 -6290 12608
 -658 -9624 11509
 -4872 -9996 15774
 -5104 -9725 13932
 -2329 -11584 11785
 -250 -12616 8199
 -9353 -9865 11034
 -3797 -10283 11064
 -2374 -12139 9384
 -3040 -12743 6268
 -3662 -16444 6911
 -5877 -19307 9274
 -7103 -23175 6475
 -1382 -10451 7646
 -3708 -6930 2474
 -2097 -13979 6899
 -9156 -13366 8697
 -5047 -14239 9311
 -5095 -15966 9240
 -5060 -16172 8570
 -4613 -10624 11478
 -3096 -6569 16302
 -306 -5805 16547
 -2741 357 13659
 188 2094 11503
 1067 2367 16655
 -1509 269 16191
 -925 2905 15727
 876 3271 15171
 -1256 4014 15168
 1362 4438 16302
 -1472 8008 17590
 1584 5241 16464
 -8465 7681 10471
 -7194 5299 12161
 15193 18154 23724
 -1078 7701 12300
 -2855 8091 13618
 167 6880 14262
 -146 6968 14507
 471 6906 15429
 592 7471 15433
 -1492 8105 15661
 -1453 7384 12289
 -449 7455 13950
 -693 6898 15554
 -919 7456 15015
 137 7010 14560
 -1322 6121 16018
 -2203 5133 17359
 -4856 7017 11614
 4659 9544 19324
 -2372 3998 17107
 -2317 3537 16066
 -179 3583 14098
 1097 3031 16767
 196 2305 16026
 -108 2449 15736
 -961 2220 16169
 -482 2071 16372
 -324 1876 15943
 -513 1971 16256
 -718 2056 15958
 -991 1640 16412
 -740 1682 16291
 -710 1855 16187
 -136 1529 15973
Repetition Start
 -757 2572 15580
 104 645 16772
 -169 766 16266
 -384 417 16126
 -525 635 16304
 -245 718 16496
 -147 704 15886
 -524 606 16260
 -713 55 16626
 -595 332 16387
 -242 572 16350
 -439 768 16235
 -529 523 16477
 -502 502 16371
 -302 765 16452
 -441 690 16435
 -63 -91 15559
 -657 -180 15454
 -857 796 17315
 -139 -9 14696
 -614 -979 15107
 -838 -1679 16511
 -2294 -2044 16329
 -647 -2940 16223
 -1190 -2549 16191
 -1479 -3112 16764
 -798 -3292 15873
 -1540 -3423 15666
 -951 -3240 15742
 -2134 -3838 15820
 -1708 -3977 16174
 -1110 -3639 15852
 -2350 -2955 15725
 -1399 -3821 15939
 -2073 -4003 16038
 -1939 -4162 15666
 -1756 -3815 15474
 -1389 -4086 15757
 -1537 -4287 16115
 -1284 -3965 16446
 -2013 -4708 15779
 -1482 -4377 15573
 -1552 -3800 15678
 -1429 -3976 15404
 -1628 -4708 15728
 -1699 -5238 15145
 -1721 -4374 15101
 -2185 -4132 13627
 -3988 -6238 12832
 -1268 -3913 11999
 -2508 -3349 10401
 -2074 -3869 5590
 4478 -14407 6353
 17348 32767 26907
 -1695 -6177 17488
 -2484 -2294 12242
 -2955 -1800 16377
 -2285 202 16507
 -2441 -2041 16414
 -985 -1700 16196
 385 -533 16035
 -602 -1137 16346
 -248 -1625 16335
 -802 -2584 15836
 -963 -1838 17087
 301 -1710 17835
 153 -2042 16156
 -1347 -2782 15593
 1145 -5077 15541
 1793 -5243 16868
 872 -4923 16705
 435 -4182 15943
 1036 -4251 15426
 -292 -3537 16122
 -455 -4429 15981
 -165 -4653 14758
 -280 -3637 16508
 336 -3272 15810
 -2801 -5867 16192
 -2393 -4742 15474
 -1571 -6423 16554
 -1328 -5828 14819
 -2521 -7899 14778
 -3403 -9071 13349
 -4429 -11141 12270
 -4368 -10595 12302
 -5191 -10058 9487
 -5897 -12706 9356
 -6727 -15284 7424
 -6383 -15686 4115
 -4994 -16353 7149
 -6910 -10172 6613
 -7131 -12573 6877
 -4115 -13197 8696
 -2005 -12653 13430
 -1791 -4631 16165
 -2727 34 15555
 -1364 1165 13361
 -4567 1301 13410
 -1938 -2670 14653
 -3717 -2486 17087
 2235 -2974 15029
 2553 637 15847
 4714 -2905 14650
 674 -3859 15417
 -1178 -1775 15043
Repetition End
0
 -10082 11806 25806
 -4366 2038 17764
 -3050 2776 13572
 -8545 -154 15077
 -3001 3329 18556
 9965 16096 20389
 4543 5622 17210
 1519 12102 6700
 1479 9608 9132
 907 8032 12682
 3307 6554 15624
 842 3960 18356
 6109 -466 11723
 -1878 12372 18816
 2541 6886 10981
 779 10995 13633
 -360 7624 14635
 911 6364 15570
 607 6879 15339
 -1179 7978 13912
 -3288 6772 13606
 -2561 8063 13079
Repetition Start
 921 8113 15158
 37 6781 14773
 -249 7585 14557
 449 7713 14267
 870 7569 13897
 198 7682 14298
 211 7186 14619
 -339 7366 14686
 970 7358 14460
 1095 7077 14526
 739 6980 14557
 856 6714 14847
 484 7026 14305
 764 6373 14065
 676 7394 14668
 519 7348 14598
 1151 6509 14818
 561 6765 15253
 1140 6415 14863
 755 5441 14565
 538 4847 15279
 262 4516 15050
 -83 4243 15620
 1827 4192 16714
 2254 2688 14882
 -20 3608 15253
 1106 2790 16125
 1259 2474 16392
 860 2095 15597
 557 2392 15792
 -447 1394 15240
 1458 1582 16313
 1571 657 16271
 1550 809 16732
 2009 1066 16448
 2093 1020 16563
 1830 373 16253
 2060 731 17238
 2208 784 16364
 636 722 16693
 1643 -67 15975
 898 -6 17045
 1041 -1499 16197
 663 -563 16291
 674 -263 15732
 394 -451 16003
 637 -609 16314
 -55 -734 15768
 553 -1475 16603
 257 -1849 15008
 941 -1667 16512
 793 -1630 16084
 1221 -1772 16499
 1687 -1614 15708
 1322 -1725 15707
 367 -2195 15788
 -223 -2819 14395
 -1008 -2680 12220
 -1810 -1481 9167
 -1618 -2342 8194
 513 -7622 5469
 2562 23662 32752
 1305 -10529 13159
 2407 -2711 15651
 -1362 -2416 16065
 627 -797 17070
 -587 -3242 15977
 -1534 -3286 16083
 691 -1728 16002
 372 -2203 16662
 1088 -2125 16495
 1291 -2454 16040
 335 -2874 16059
 -744 -3426 16448
 453 -3787 16624
 -714 -3249 16030
 242 -2909 16353
 942 -3790 15828
 -491 -4216 16018
 -751 -3198 15871
 -298 -2876 16043
 507 -1674 15047
 198 -2469 15894
 872 -2678 16157
 596 -2307 16320
 81 -2447 16144
 -252 -2452 16304
 -532 -2156 15918
 -464 -2822 16376
 -409 -2477 16367
 -570 -2492 15743
 -251 -1564 16541
 439 -1919 15435
 -1250 -2814 17108
 373 -718 17964
 -266 -3886 13931
 3515 -6075 15840
 5165 -8539 15577
 2406 -8723 11796
 -1252 -6502 9245
 -2436 -9155 10773
 -291 -10069 14774
 -2421 -10609 15517
 -2309 -9336 11137
 -5613 -12817 10601
 -3697 -9731 10720
 -1959 -10327 9492
 3789 -10730 14588
 2272 -10871 17076
 3982 -10549 14220
 5477 -9565 14444
 191 -7343 14362
 2680 -10164 12446
 3120 -11480 10308
 1131 -13962 12203
 -350 -12412 10023
 -2351 -12715 9511
 -5322 -10611 8803
 -2271 -13655 9728
 -4297 -13829 10380
 -4681 -13958 10766
 -3013 -13449 10949
 -3805 -8078 11424
 -3336 -9275 11540
 -3435 -11806 12418
 -2225 -9724 11919
 -1316 -8738 13139
 -2463 -10423 14013
 -1772 -7981 13804
 -623 -7025 13654
 -4123 -10125 15466
 -1957 -6934 17049
 -1959 -184 12937
 -4135 -2730 15078
 1207 -1264 12711
 -2541 -4279 17604
 -1589 -4045 13670
 -1987 -5473 17892
 -2080 -4498 12724
 -3387 -5850 17888
 -413 2406 14516
 1176 1867 17461
 2618 2742 15346
 -142 1511 15191
 -6060 631 14698
 -3901 3070 14558
 17507 12941 19666
 2918 4347 17029
 -828 6574 14320
 507 3586 16856
Repetition End
0
 -581 1857 19729
 4490 1719 14577
 2051 2296 14018
 -1070 4122 19048
 1601 2937 17470
 2313 2609 15556
 1213 3891 14367
 155 2761 16273
 508 2643 15782
 -135 3146 15261
 338 4701 15072
 827 2398 16577
 -195 2851 16558
 160 3067 16252
 306 2499 15524
 221 2426 16265
 270 1577 16535
 496 1778 16085
 414 2223 15791
 331 1743 16180
 233 1377 16536
 492 994 16508
 456 1763 15861
 593 1892 16025
 730 1800 16107
 237 1122 16226
 -377 1039 16919
Repetition Start
 1910 632 19338
 -3249 2805 14399
 -204 1024 14208
 2875 2961 18704
 2065 3578 15085
 2724 1088 16348
 6216 -927 14805
 5211 -2395 9268
 1480 7748 18254
 -202 1316 17631
 4183 2444 15235
 415 4227 15379
 -4564 5292 15817
 -708 2529 15227
 805 1984 19266
 3823 4558 15619
 3400 2684 12441
 6000 -6890 12107
 -2758 10694 20376
 229 2161 13956
 3095 3769 15189
 1090 3393 13739
 -2180 4921 15713
 1556 3740 15916
 102 3702 15998
 -122 3615 16285
 218 3765 15685
 -113 3608 15798
 -3848 3477 16012
 1620 2841 16727
 543 3332 14928
 2048 3406 15387
 867 3615 15718
 1075 3370 15829
 1034 3184 15931
 1064 3288 16299
 593 3209 16050
 657 3262 15647
 853 3352 16020
 766 3290 15843
 791 2968 15962
 904 3743 17053
 1742 3552 15813
 1677 3812 15502
 1484 3789 15145
 1605 4637 15617
 1134 4332 15689
 1379 4109 15712
 1038 4426 15740
 1086 4367 15925
 951 4755 16402
 1296 3809 15116
 1132 4414 15560
 829 4109 15387
 -3343 2696 15195
 312 -144 17955
 4203 3104 15786
 2407 3253 13537
 4133 2047 16037
 1983 1213 16468
 2122 1112 13287
 1499 1463 14020
 -413 -2007 13216
 891 -587 11033
 1021 2706 9143
 9466 -15971 24696
 -6472 464 26512
 14 -3559 14345
 -1722 -3529 15731
 -893 -3747 16435
 1097 -2360 16671
 -513 -2940 16234
 -696 -3451 15730
 -30 -3785 15976
 -935 -4376 16310
 -882 -4363 15637
 -1075 -3832 15181
 -849 -2547 16449
 -583 -2780 16983
 -980 -2687 16044
 -353 -2201 17046
 450 -2789 16151
 -4 -3453 16148
 245 -1990 16017
 301 -5193 15293
 -687 -1576 15651
 -1429 -2705 16670
 1664 -2128 17719
 1339 -3514 15468
 1614 -3722 17140
 2241 -3129 15231
 1143 -3080 16894
 233 -5529 15276
 1714 -4788 15834
 316 -5506 14260
 1134 -5216 15704
 1183 -4314 16276
 1364 -3430 15190
 1048 -3722 16598
 752 -3623 15984
 235 -4291 15544
 239 -4530 15233
 -176 -4087 14910
 -108 -3917 17501
 -1905 -4381 17433
 -2469 -3347 17222
 -4268 -2515 17224
 -5413 -6367 15092
 -2407 -7470 13421
 -2643 -10000 12118
 -2955 -10492 10508
 -5468 -11055 10552
 -3981 -12575 10742
 -5226 -12922 10466
 -4891 -12434 8388
 -4127 -13925 8938
 -3858 -15594 10832
 -3730 -10677 9018
 -6037 -13932 8722
 -7042 -11445 10834
 -4225 -5271 10179
 -728 -9906 16549
 420 -2300 17387
 443 -375 11739
 -1687 824 11261
 -600 -4068 18834
 -3933 -1740 19716
 2446 -3656 12767
 -1502 -1311 16310
 -1744 282 16855
 -286 -2387 14920
 -2621 -2540 14883
 -2093 -4497 14598
 -18051 12442 25469
 -3410 -3562 18224
 -2750 680 12799
 -4762 3593 14736
 -5121 -482 16330
 -3960 705 15867
 -3563 -735 15155
 -2859 -1266 16962
 201 -710 16755
 1133 -2187 17535
 -2322 -1349 19439
 2046 2815 15415
 3899 3852 11488
 2634 2548 16659
 2003 8038 12219
 2937 7300 12111
 968 9500 12340
 98 6951 14355
 342 4912 18134
 -1471 6231 15258
 7811 -311 12530
 4884 964 8060
Repetition End
0
 -3377 4736 15102
 3160 7873 13890
 1272 5784 14519
 -1286 6180 14593
 75 6766 14916
 140 6305 15182
 890 5840 14767
 -580 5375 15340
 -718 5155 14988
 414 5393 15379
 -316 5061 16417
 1298 5020 15559
 1598 5352 15052
 2456 3920 14992
 1079 4114 17347
 983 4593 16554
 79 4804 15952
 755 3784 14892
 933 3398 16369
 105 2675 14983
 1732 2187 15677
Repetition Start
 -371 3038 16947
 1940 2192 17629
 1695 2926 17955
 942 2256 15403
 1743 1639 15259
 347 1848 16450
 -450 -117 14989
 -158 615 14406
 -1010 -929 13500
 3205 -1143 13801
 5275 -3077 13708
 18679 -32768 32767
 6649 17716 -11475
 -682 -3002 26414
 -947 -2100 12824
 -18 -3585 18351
 298 -2040 16061
 -38 -2595 15964
 -277 -1967 16595
 740 -1803 17186
 989 -2845 15364
 734 -2829 16287
 1369 -1568 16236
 1066 -2663 16446
 587 -2945 16379
 1109 -3640 16008
 3952 -2439 16982
 -529 -2254 16338
 -759 -3481 15137
 -516 -3572 16267
 1038 -4444 17310
 -796 -2934 17768
 1612 -3644 14212
 275 -6197 15514
 -3272 -7561 17886
 -380 -9443 15136
 -2123 -11141 11797
 -1854 -12570 12121
 -1790 -18422 10258
 -2600 -9794 14586
 -5489 -12761 9814
 -2430 -13425 8588
 -5783 -12066 7663
 -5413 -12845 7898
 -6143 -13215 10866
 -5432 -11290 8035
 -3268 -8772 9097
 -4464 -12535 10699
 -4986 -11060 10939
 -4222 -11709 12131
 -7033 -13193 11058
 -4573 -10454 10935
 -5115 -9265 12039
 -4108 -10905 14696
 403 -4037 16176
 783 -4379 15702
 -2267 -1440 14503
 85 2215 12675
 782 3847 15088
 -1230 4988 15964
 -997 7343 14394
 -1145 6205 14323
 -3173 3006 15455
 -6658 7388 12999
 -6082 7218 14099
 -1300 5939 11660
 11253 16392 15359
 3488 8840 14828
 -3987 9179 13622
 295 6761 12912
 1082 8826 14807
 2401 8475 13955
 3697 7152 13685
 867 8465 13514
 1749 9049 13502
 2574 9110 11808
 2088 9645 11840
 2247 9660 12081
 3572 9657 13328
 3539 9310 12657
 918 10921 13687
 523 9999 13446
 1933 9275 12957
 1856 9005 14062
 1426 7247 14915
 1827 7349 15089
 2259 6903 14422
 2857 7421 14183
 1965 7333 13609
 2499 7007 14060
 1806 7287 14468
 1814 6855 14633
Repetition End
0
 2385 6457 14787
 1891 6638 14721
 2680 6652 14988
 2364 6074 15260
 1305 6009 15174
 1879 5505 15180
 1199 4575 15644
 1288 4618 15302
 1474 3960 16117
 1320 3491 16219
 1301 3379 16264
 1128 3494 14959
 915 3201 14486
 823 2974 16543
Repetition Start
 189 537 14475
 1269 211 16978
 -1767 -2077 14679
 -1073 -1810 15916
 -1364 -2740 18624
 -1373 -4669 16857
 -2490 -6215 15249
 -1934 -7976 15368
 -1156 -7020 14536
 -2113 -6862 14868
 -1113 -6422 14717
 -2624 -6784 13422
 -2412 -7263 12906
 -2384 -7675 12502
 -2905 -10344 14055
 -1323 -10831 14046
 -3813 -9655 13741
 -3695 -11054 14047
 -4719 -11231 12104
 -4690 -11077 14000
 -857 -9353 14498
 -3516 -7827 9107
 -253 -4220 5747
 -14022 -32768 9538
 279 -1651 13814
 -4112 -7148 27118
 1007 2987 17727
 442 -1072 17053
 -2098 -3205 14708
 -1015 -4164 15921
 -1302 -5436 16527
 -1323 -5688 15362
 -585 -4846 15041
 -248 -3859 16498
 454 -4747 16374
 -1957 -4562 15450
 -1929 -5306 14787
 -3026 -5240 16320
 -535 -4326 15628
 998 -4050 16859
 -5046 -7171 16822
 -3741 -11894 14120
 -3778 -10854 11899
 -2772 -11614 8967
 -3764 -13148 8124
 -4353 -12882 7739
 -5472 -13550 5828
 -4845 -13510 5446
 -5836 -13614 4681
 -6217 -16373 4014
 -5568 -15870 5650
 -5645 -11474 8351
 -6558 -11792 7972
 -4915 -13510 9113
 -3677 -12382 9985
 -5154 -11248 10225
 -6252 -12129 12071
 -4128 -10935 10742
 -3327 -11099 11245
 -5173 -9196 10523
 -5106 -8725 9516
 -7315 -11035 9601
 -5133 -14519 9983
 -4909 -10117 8153
 -6520 -14138 7873
 -7151 -17688 9038
 -4623 -12347 7170
 -4743 -10805 9077
 -6032 -12729 10134
 -6189 -11884 9002
 -6012 -11305 9225
 -5525 -12332 10990
 -4791 -9217 9377
 -5633 -12014 10572
 -5793 -10857 11188
 -3722 -9189 10468
 -4002 -10191 9930
 -5021 -11213 11122
 -7240 -15053 8213
 -6484 -14578 7690
 -6019 -12763 7506
 -6597 -13358 7122
 -6659 -14187 7381
 -6126 -13212 8481
 -5969 -12887 8030
 -5725 -13029 7872
 -6467 -12317 7982
 -5924 -12150 8968
 -5555 -12712 8017
 -5622 -11718 9368
 -6011 -12217 8783
 -5487 -13337 9222
 -6703 -15696 9148
 -5292 -12409 8372
 -5327 -11911 8233
 -6251 -13132 9530
 -5424 -12745 9468
 -6191 -12717 9079
 -5407 -12898 8163
 -6096 -15526 8732
 -8112 -14416 9698
 -5118 -13576 10514
 -1988 -12126 13413
 -584 -6521 13139
 -2505 -6151 14490
 1357 -5127 15843
 2935 -4454 15872
 2239 -3376 12620
 546 -2899 14928
 -558 -6265 17135
 -337 -4417 16471
 -77 -3254 15437
 -1118 -4238 17339
 -915 -1999 16331
 -747 3447 14561
 576 1338 14709
 -389 916 15997
 -1198 3529 14644
 2359 2187 15789
 -522 2764 16077
 -1049 1340 16057
 -1944 1519 15342
 -2171 2382 16876
 -1099 392 17558
 1010 451 17407
 1097 1141 16987
 1232 1289 16475
 1187 1546 15546
 1799 1249 15610
 2227 961 16282
 2315 824 15926
 4082 1292 16564
 1125 -238 16272
 1494 744 15787
 1650 780 16392
 1414 223 16170
 1148 1074 15840
 1461 357 16265
 1060 -54 16298
 908 588 15996
 849 628 16998
 1381 -1952 13469
 1857 -8 16147
Repetition End
0
 2245 -2049 16407
 2571 -1666 16912
 1232 -1569 16468
 2279 -1274 14526
 698 -613 16024
 1465 -1326 16297
 1933 -2363 14956
 272 -1987 15784
 378 1936 16288
 -3225 -97 17073
 -704 2620 16761
 -2726 810 15291
 796 2339 15364
 -5016 948 15072
 -201 3882 17167
 -4595 -651 15671
 -6128 1213 13961
 -2843 711 16188
 -2445 -599 17678
 -1993 1177 16679
 -1282 2723 14988
 -1377 1352 16093
 -261 323 17495
 -1180 1327 17562
 371 2923 15152
 -2904 -478 17067
 -878 1891 16331
 -171 6685 15434
 5451 861 9649
 -2300 3494 15815
 -1879 4118 17366
 -3954 5496 19009
 -6081 2991 14976
 -2618 10808 15501
 -4246 11594 7948
 709 9952 10051
 5172 3494 16065
 -5461 4845 19181
 4075 6236 15553
 602 13361 19819
 4637 5096 11393
 3762 5487 11236
 1965 5395 16335
 1733 4887 18859
 1823 5576 13735
 887 8702 14617
 2043 6563 15155
 46 7995 14705
 -4757 6722 15584
 -10414 7136 8023
Repetition Start
 2019 6654 16501
 -277 5952 14962
 322 6196 15003
 -75 6329 15027
 350 6477 14370
 477 5836 14243
 127 6020 15294
 -681 5419 15371
 -1156 4981 15740
 -1359 5224 15108
 120 4073 15193
 -996 4171 16527
 -1152 3513 15797
 191 2839 16015
 -262 3635 16660
 367 3218 16200
 188 3157 16310
 276 3093 15933
 26 2834 16492
 -108 2446 16197
 -156 2208 16225
 -232 2508 16622
 915 2112 16566
 296 1894 15642
 44 1777 15777
 -101 1489 16543
 -169 1388 16257
 -26 1096 16334
 40 1124 16358
 -537 812 15249
 365 1341 16152
 -591 -391 14098
 691 -2722 13415
 1482 -1633 12697
 -2814 -1818 10815
 -3110 -1013 10423
 2019 -4236 15706
 6937 -32768 32767
 11547 21076 -5666
 -1782 3051 23504
 -4203 -2782 11262
 -2037 -250 18298
 -1637 319 16893
 -2159 -1523 16530
 -1193 -901 16172
 326 97 16206
 -224 -343 16368
 -396 -665 16368
 -158 -234 16258
 -567 -580 16504
 -479 -294 16138
 -369 -284 16418
 -733 -626 16651
 -420 -1476 14685
 1450 -1730 15973
 2589 -1160 17211
 -719 -2643 14897
 -860 -3410 15647
 29 -3214 15369
 539 -2694 15433
 1560 -3011 16785
 369 -1304 16278
 -10 -752 16006
 -341 -661 19285
 -2868 -4152 19420
 -2371 -3964 16767
 -2208 -6084 15276
 -3403 -7813 13733
 -2831 -11375 11576
 -3436 -12610 10596
 -5834 -12572 10194
 -5628 -10576 10094
 -8985 -12480 4530
 -4460 -12175 8954
 -4693 -11128 11416
 -2834 -7913 10615
 -5220 -10575 15978
 -1707 -6508 15929
 1701 -884 15776
 2469 2264 14414
 2008 3743 12220
 1296 5399 14198
 -602 5326 12794
 535 6794 13846
 278 6682 11239
 -1098 9778 12626
 -3128 9386 12028
 -3054 11819 14040
 1589 12251 11781
 3142 11298 12616
 934 11587 11595
 -3265 13573 13816
 641 9396 11856
 1409 11889 12641
 -534 11541 13655
 -707 9991 10759
 1539 9851 12814
 667 8848 13688
 756 9521 17319
 -641 10845 12786
 320 7669 8778
 -2640 9109 10941
Repetition End
0
 14435 16920 14330
 2041 12510 10754
 2569 12709 5605
 3613 12942 7824
 5260 13210 8562
 3151 12794 12492
 -3863 15565 15472
 4300 14371 18408
 6942 11545 19812
 2601 8495 16476
 1733 8207 13957
 673 4937 13761
 2740 -1044 13663
 -1241 -2878 9981
