Repetition start
1.00935082613
0.913799692341
0.984038961667
0.926283490886
0.925597550882
0.936130067156
0.956232745975
0.9691926268
0.966250274733
0.994450962889
1.02066980746
0.891384867212
1.05133031482
0.877777012077
0.9777803571
0.919273190275
0.942074028381
0.938283064759
0.95703783033
0.768160131014
0.829519705589
0.86052925665
0.962840007357
0.984033218722
0.987673338785
0.977748124426
1.15685313513
1.12258981775
1.00937434904
1.08973029616
0.949997888268
0.955812248141
Repetition end
0
0
0
Repetition start
0.910877396415
0.965156739932
1.02824739775
0.930478306632
0.970743191926
1.00232773186
0.93698607107
1.01553024804
1.0136717133
0.948932457359
0.911136614923
0.895005473158
0.921098485114
0.969187889423
1.05748481486
0.891728058999
0.92645240551
1.0070785245
0.795493749695
0.891840653049
1.0359493708
2.03191998326
0.782069305919
1.31512629346
0.995849439168
0.968907883684
0.980730369513
0.97539018647
0.989172241713
0.990637439505
0.977536785493
1.12651863019
Repetition end
0
0
0
Repetition start
1.04053327612
1.01272864917
1.15478051892
1.0812257702
1.09791198989
0.842972450142
0.992303698787
0.94534228609
0.959155533583
0.945174768755
0.92743504765
0.83553546525
0.928489506233
0.990320871552
0.950972843692
1.07700906234
1.04142035334
0.898699237182
0.895768629924
0.986602020004
1.16930519307
1.01025757344
0.965490018567
1.02306941744
0.981057034261
0.890909538493
1.00706608248
0.979561832725
0.836490031824
0.883400442765
0.974660386641
0.965777117513
Repetition end
0
0
0
Repetition start
0.905087487918
0.965418951109
0.964230156978
0.938274470947
1.02506591379
0.886538067025
0.967896572021
0.947165096494
0.935221257018
1.02010009871
0.874701649176
0.98229125275
1.03406905536
0.991833062205
0.968688159169
1.04162124316
1.04247796731
0.99465737281
0.964315109374
1.05257721048
0.992533069791
0.983613063723
0.994074202831
0.915599006391
0.950254285576
0.921199134609
0.883182831961
0.918964468891
0.988459427796
0.985130347608
1.01097038936
0.937629223898
Repetition end
0
0
0
Repetition start
0.884577036331
1.02878214762
0.983077454293
0.983077454293
1.02038629712
0.918492305875
0.946561677636
0.898429965941
0.945939185356
0.949707523532
0.949707523532
0.977254717589
1.00154119802
0.961086387653
1.01028600525
0.973891247855
0.973891247855
0.833370836229
1.04050482766
1.04050482766
0.944299701126
0.943082186253
0.943082186253
0.979582750996
0.954613908235
0.872117149146
0.872117149146
0.875364197992
0.854068764546
0.854068764546
0.886250588685
0.969304942954
Repetition end
0
0
0
Repetition start
0.93386893227
0.94018210958
0.935679125746
0.914017833124
0.92704755155
0.950261312704
0.958093818203
0.977675257902
0.955130595149
1.02591974685
0.919107601174
0.923431611809
0.940795971692
1.01712300342
0.942054736888
0.946753241403
0.992684328162
0.899995866243
0.929027525474
0.955140683206
0.960170765605
1.05495484461
1.0141244826
0.889827484136
0.975703636149
0.852006341601
0.935982706175
0.843741920221
0.924725006441
0.99958376492
0.985862773234
0.97014200468
Repetition end
0
0
0
Repetition start
0.647074430126
0.647074430126
0.786589955164
0.856298595028
0.812216638249
0.948093369235
0.948093369235
1.02444295233
1.02444295233
1.02444295233
0.69743176626
0.69743176626
0.634622132148
1.2117590809
1.01872578589
1.01872578589
1.01872578589
0.914319996552
0.914319996552
0.914319996552
1.04664500044
1.0315802255
1.0315802255
0.992767860732
0.992767860732
0.979229478225
0.979229478225
0.979229478225
0.979229478225
0.977027831792
1.01749370942
1.03020260463
Repetition end
0
0
0
Repetition start
0.677689710239
0.822846511021
0.822846511021
0.86510483997
0.86510483997
0.86510483997
0.807909198909
0.807909198909
0.676961026088
1.41606515206
1.41606515206
1.41606515206
0.932203950254
0.932203950254
0.932203950254
0.669100051581
0.669100051581
0.669100051581
0.669100051581
1.51948940053
1.51948940053
1.51948940053
0.898887401385
0.898887401385
1.08818105968
1.08818105968
1.08818105968
1.08818105968
0.944788373716
0.944788373716
1.00372545306
1.00372545306
Repetition end
0
0
0
Repetition start
1.08561859834
1.08561859834
1.05490460104
1.00605214318
1.00605214318
1.00605214318
1.00605214318
1.00605214318
0.981173199561
0.981173199561
0.981173199561
0.918875076415
0.883748497216
0.883748497216
0.918851105729
0.918851105729
0.918851105729
0.84455784342
0.84455784342
0.918920615956
0.918920615956
0.918920615956
0.914056445778
0.914056445778
0.951383823617
0.951383823617
1.0018155987
1.0018155987
1.0539956402
1.0539956402
1.0539956402
1.02377557449
Repetition end
0
0
0
Repetition start
0.906524026893
0.906524026893
0.906524026893
0.87379970564
0.87379970564
0.87379970564
0.87379970564
0.87379970564
0.965455529239
1.11266026829
1.11266026829
1.02866956426
1.02866956426
1.00109753506
1.05146313987
1.05146313987
0.904686637822
0.816627137177
0.816627137177
0.816627137177
0.849650283355
0.822622792468
0.822622792468
0.822622792468
0.822622792468
0.987635756016
0.987635756016
0.918730995572
0.947764395135
0.947764395135
0.947764395135
0.947764395135
Repetition end
0
0
0
Repetition start
0.983848003071
0.983848003071
0.840404248058
0.840404248058
0.840404248058
0.840404248058
0.798969836828
0.798969836828
0.798969836828
1.07640126548
1.07640126548
0.633748639527
0.633748639527
0.633748639527
0.705824375182
0.476437122237
0.476437122237
2.27892693784
2.27892693784
1.98568396781
1.98568396781
1.98568396781
0.878947449884
0.878947449884
1.14459530062
0.95084114513
1.03838739836
1.03838739836
1.04542085552
1.04542085552
1.00545022476
1.00545022476
Repetition end
0
0
0
Repetition start
0.952833435927
0.968669515004
0.984744507829
0.974385858947
0.957227908579
0.95015770778
0.964472575743
0.935477654399
0.915391872301
0.97111505752
0.991616723195
0.955712328233
0.95728235843
0.664274229628
0.683565675976
0.928242211133
1.01709731562
1.0144071191
1.03592041348
1.03067101134
1.0551870311
1.07046380157
0.96963760452
0.924292316717
1.28410069618
1.15642715882
1.04096033547
1.15172036653
0.972833513859
0.940936297727
1.11381093358
1.14994906191
Repetition end
0
0
0
Repetition start
0.960204042249
0.960204042249
0.951233630751
0.94721592055
0.912130257574
0.910208479566
0.823233838565
0.832569765158
0.775850947304
0.530621230159
1.44805513307
1.44805513307
0.973143983832
1.66248393293
1.8563724335
1.36908078029
1.36908078029
1.5883711971
1.48164932818
1.12479161611
1.16736225342
1.33854576833
1.29769917233
0.767491253215
0.99553421237
0.99553421237
0.897601464262
0.834365741896
0.901208382087
0.84292842019
0.972694015153
0.971874828967
Repetition end
0
0
0
Repetition start
0.925275199538
0.861671208586
0.806037402493
0.504189699871
0.420853366784
1.90142352349
1.52109401382
2.13322480814
0.74019554761
1.09443215828
1.05285216046
1.12950172361
1.11122286722
1.17679953758
1.13587048758
1.11899609989
1.07904567315
1.01981664186
1.01774322357
1.27424103743
1.02195477641
1.03524432078
1.10684397755
1.12356064862
0.958817473298
0.919184662704
0.988397212632
1.13509822639
0.890069916144
1.04228246805
0.973373479942
1.002141918
Repetition end
0
0
0
Repetition start
0.925940733262
0.953812236121
0.95076895528
0.947955560629
0.881736661069
0.949978257702
0.71618290574
0.542963206311
0.814978882675
0.612413512298
2.26604296759
1.48317876725
1.18882172994
1.17075895094
1.21245696505
1.17443213259
1.13334813116
1.28797881207
1.09325249972
0.913815393629
0.82023450844
0.822833026285
0.900866138812
1.15168583241
1.0019995305
0.952059875673
0.925699411469
0.982858225346
0.997390318358
0.955497185603
1.01316862716
0.983421516716
Repetition end
0
0
0
Repetition start
0.99414896821
0.638020253019
2.2004776167
1.19605794893
0.976936880829
0.964461438115
0.932923603151
0.95599202544
0.93883401611
1.0028089341
0.885022673414
0.722646674531
0.868699366823
0.560160427264
1.31702103394
2.21087164326
1.47860794837
0.978636646591
0.996164904652
0.962984475133
1.01952772396
0.999066162687
0.992173512052
1.1625664285
0.88963271168
1.38206567101
0.642992051561
0.958114903848
1.08121111323
1.03221893127
1.21380807974
0.832571966584
Repetition end
0
0
0
Repetition start
0.9593204562
0.997031055092
0.93862598869
0.968025740484
0.962259906232
0.975134287735
0.969797310453
0.973912498302
0.993966561388
0.975065193534
0.859098170949
0.974879840789
0.856008043961
1.36197284362
0.813533084916
0.613697399796
0.576052035784
3.12625875275
1.05942803408
1.04644633883
1.18866332694
1.15044181788
1.2027453545
1.09056572774
0.896393588503
0.936564159204
0.975873856926
1.06930578529
1.16557434972
1.01098877852
1.35228430487
1.03170421921
Repetition end
0
0
0
Repetition start
0.840904730038
0.954609018509
0.854273483626
1.20106325511
1.00829559583
0.914224648969
1.0109034792
0.926065075499
0.901999860109
0.957021041738
0.986088916363
0.883050745068
1.05975606846
1.00337901539
0.960749503098
1.04615509133
1.07574756725
0.941872319127
0.965095411909
0.957654668209
0.978684169089
1.03660904046
1.03615336708
1.05133559094
1.11359864278
0.944081626267
0.962557787368
0.942178974935
1.01388253245
0.930042890132
0.796076926596
0.898541672514
Repetition end
0
0
0
Repetition start
0.971783428309
0.965513572159
0.971649940074
0.939211875885
0.949998178449
0.962535636029
0.994943867602
0.928978379066
1.02788771164
0.956395932902
0.979653709306
0.918336192106
0.981733266616
0.924180485827
1.00737372909
0.972761864654
0.934357623908
0.970013492465
0.981435308832
0.978058915907
0.997248003274
1.00344260898
1.00863910199
1.03262412933
1.00873120521
0.95161092209
0.924628656909
0.967470094581
0.888967446021
0.922164976452
0.935639070257
0.988465699033
Repetition end
0
0
0
Repetition start
0.631717104696
0.866862642166
1.83561928406
1.58822839741
1.52742083348
1.52742083348
1.19683733463
1.06255133238
1.11611720148
1.05938700483
1.24737036941
1.09389249861
1.09389249861
1.1553371457
1.07952640853
1.07952640853
1.31157297508
0.792474670295
1.25646773267
1.06560713657
1.08729127677
1.08729127677
0.847846297744
0.857988593869
0.875922028068
0.875922028068
1.15434536937
0.990454449924
1.17981903341
1.17981903341
1.17981903341
1.15101283366
Repetition end
0
0
0
Repetition start
1.03825345128
1.02134593332
1.00004240408
1.01817589041
1.00408325973
1.00829911497
1.01205060553
1.00674017146
1.01120825632
1.01617581946
1.03975180299
0.939894655725
0.888432940127
1.02254702507
1.17276207728
0.865137129199
1.06732626588
0.982923946293
0.963722859779
0.988803906255
1.11085380965
1.07955828016
0.967786407769
0.918283714884
0.943670760469
0.96867223589
1.01771191982
1.05705331263
0.993457546401
0.814550794147
0.82078744899
0.942810945652
Repetition end
0
0
0
Repetition start
0.870877008031
0.910778023597
0.910778023597
0.909931887859
0.979950826945
0.95995720623
1.05315681574
1.05531967961
0.924357075308
0.92253025456
0.92253025456
0.87951656556
0.87951656556
1.01659666861
1.01659666861
1.01807292872
0.90770953517
1.04286023622
1.02567977825
1.06786458066
1.07179876493
0.954553662953
0.988121538111
0.8758259966
0.8758259966
0.8758259966
0.916231333339
0.893210135147
0.900660892148
0.929575238142
0.906542983461
0.989474714325
Repetition end
0
0
0
Repetition start
0.806270357363
0.536941918365
0.368134580894
0.851902040982
0.399422293394
2.53101390824
1.07150221576
0.973131515638
1.08628297875
1.1329693998
1.23881744334
1.15560266378
1.22459380583
1.12022478207
1.08390192285
1.32046379543
0.910548829478
1.08774042548
0.923010444084
0.861630890415
0.995120038224
0.873684861227
0.966480241809
0.962924378289
0.826054936784
1.2008676702
1.25233633631
1.0677098282
0.99513368153
0.997212086984
0.99318659409
0.987863652203
Repetition end
0
0
0
Repetition start
0.946745058939
0.958865399177
0.949132728996
1.01944762468
0.963052677964
0.937372083679
0.943405760341
0.955620753907
0.980408035921
0.988148103573
0.945714055439
0.921042832495
0.979575455037
0.908882610902
0.790189372736
0.642464166757
3.01931434607
0.917162155308
1.12373710817
0.993583271897
1.08883567388
1.04389253524
1.04978417133
0.980265085185
1.06634442531
1.32941240015
1.07179589223
1.13926375499
0.887478693938
1.15613038018
1.29422148582
1.05317661183
Repetition end
0
0
0
Repetition start
0.926804723246
0.965000195889
0.925084582292
0.987578986878
0.987578986878
0.841088253399
0.841088253399
0.94569672311
0.94569672311
0.94569672311
0.884714097718
0.970529801766
0.970529801766
0.959555945045
0.959555945045
0.989255893852
1.020265503
1.020265503
1.00674349437
1.00884500923
0.785352037226
0.879033439758
0.909639174804
0.988499004891
0.979290811256
0.979290811256
0.9635232101
0.934470148409
0.934470148409
0.923654279824
0.955453182758
0.955453182758
Repetition end
0
0
0
Repetition start
0.954743976296
1.01815205129
1.01648857559
0.899141800601
0.896717487935
0.903974704326
0.626902156315
1.27536800826
0.327308308269
0.988544007001
1.04034304408
1.0062773586
1.00175760827
0.983973385233
1.00538056838
0.99170377534
0.990714161979
0.993304879362
1.01310544368
0.982355216023
1.05748506674
1.16801259427
0.974468345224
0.827736696039
1.18719787582
0.977647213284
1.0837559107
1.05576912025
1.10006756324
1.33324494261
0.9248407089
0.980670142672
Repetition end
0
0
0
Repetition start
0.952983425523
0.95163828559
0.938264560869
0.911762698535
0.729482242154
0.902899183104
0.877832065709
0.649019821506
1.24814472501
0.587946958789
1.05184602323
1.03353803035
1.07192604406
1.04185739877
1.27235043969
1.07087959977
1.05252123464
1.00695544032
1.29835934748
0.957391363628
0.830598055748
1.00097081066
1.14738837317
1.13038628652
0.915132878073
0.973303156518
1.04312073747
0.996487539653
1.06586646298
1.12762594551
0.986001043569
1.0124134639
Repetition end
0
0
0
Repetition start
0.972368069359
0.967780708878
0.946413590984
0.990779730298
0.915512347289
0.95173139193
0.875806115705
0.498281524583
1.74266687564
2.20859566919
1.88356546229
1.03575055678
1.01991564713
1.08868934308
1.04886128819
0.956414785165
1.2213647255
1.19300927366
1.01924544746
1.06956149644
1.21704101103
0.96531430056
0.926434383091
0.889996878081
1.12147321161
0.960538380009
0.891730582271
0.922430772064
1.24540447586
1.08609155036
0.919464090564
0.902470255732
Repetition end
0
0
0
Repetition start
0.971363182853
0.958270883555
1.02499966934
0.859364834639
0.836345555188
0.836345555188
0.93409220505
0.977371822689
0.977371822689
0.931355724718
0.958251276684
0.904532173309
1.09754243104
1.14584240494
1.14062530211
1.31587383642
0.948906847255
0.821083263054
0.953768930854
1.10897168531
1.23312222914
1.28327821776
1.17082651441
1.01007506796
1.01260787049
1.08277057013
1.06252842753
0.377550891428
1.36934918898
1.36934918898
1.10870692292
0.812983401172
Repetition end
0
0
0
Repetition start
0.970486931548
0.970486931548
0.970486931548
0.970486931548
0.872336339583
0.872336339583
0.935224362015
1.10050256611
0.782672835738
0.782672835738
0.974401253016
0.974401253016
1.09728540319
1.09728540319
1.09728540319
1.06544307557
1.33958665172
1.05245326895
1.05245326895
1.13797386263
0.985682973336
0.997898925072
0.978817419237
0.932042147324
0.932042147324
0.932042147324
0.932042147324
1.00857526539
1.06261985292
1.10858770763
1.10858770763
1.01891747814
Repetition end
0
0
0
