2688 2824 14977
 3466 2440 15991
 3066 1819 16580
 3247 2470 15580
 3696 2130 16524
 3471 2114 16614
 2158 1742 15014
 1966 2139 14820
 1956 2449 17183
 2198 3384 16723
 1359 3347 15080
 1076 2326 15018
 3513 2982 15619
 6346 2979 16202
 3901 443 10193
 5722 -355 13107
 2009 -262 15052
 5151 4068 14235
 4829 3239 10885
 11537 10825 12101
Repetition Start
 2289 21773 17316
 -82 12307 13531
 3354 10846 8836
 1231 11195 7606
 2035 13168 10676
 5035 15048 10915
 4488 12070 8866
 6450 11544 8034
 5481 12986 8445
 4586 13683 8824
 3929 13143 8329
 3873 12774 8011
 3040 13228 8300
 3456 13616 8433
 3742 13217 8131
 3684 12886 7859
 4084 13122 8046
 3656 13424 8313
 3716 13113 8079
 3788 13344 8167
 3783 13314 8121
 3929 13413 8142
 4130 13413 8281
 3905 12920 7935
 4542 13445 7798
 3798 13429 8221
 4819 13226 7750
 3740 13120 7807
Repetition End
0
 3893 13194 7691
 5672 13052 8057
 4178 14101 7588
 3370 12616 7341
 4235 12680 8445
 3448 13417 8967
 4012 11695 7892
 7144 13306 9387
 3807 13776 8664
 3656 13211 8478
 6245 11804 5012
 7131 14733 6214
 7005 12860 6407
 -830 14539 10701
 4775 12194 6537
 4327 11753 8161
 5096 14765 9247
 3119 13853 7243
 4419 13123 7801
 3906 12937 7860
 3535 14021 8716
 4085 13593 8889
 3286 13399 7011
 1807 13604 7678
 4853 13074 8263
 5221 13254 9334
 4321 12458 8427
 5403 13368 7516
 3820 13186 7908
 5348 12996 7501
 4924 12824 7763
 4621 13493 7892
 4920 12890 7311
 4202 12999 7443
 5448 12848 7343
Repetition Start
 5686 13370 7761
 3346 14127 8235
 2250 12678 8970
 1322 11310 9642
 2509 11084 9099
 4752 8422 12248
 5032 9107 13399
 3625 10701 16997
 4880 9153 14624
 5277 8792 14302
 5981 9535 14204
 2854 10797 11779
 1236 11242 10531
 2763 12529 9096
 2427 13429 7754
 3434 12860 7997
 3308 13754 6768
 3968 13741 7494
 4790 13721 8887
Repetition End
0
 2924 9639 8926
 2671 10603 9885
 4142 11809 10331
 4530 14408 10012
 745 11082 8330
 4773 12595 9902
 7952 12015 11513
 6491 9394 9945
 6566 12327 6306
 6392 10833 5574
 5617 11924 9605
 5777 14579 11829
 1568 12973 8806
 2542 9723 7354
 8541 13182 7894
 4902 13956 7961
 1793 11243 13833
 2440 13551 8534
 6524 11520 7853
 5079 12860 9253
 5207 13161 7649
 3801 12733 8159
 4695 12572 8059
Repetition Start
 5240 12377 7286
 4113 12593 7763
 2175 13868 6080
 5968 12217 8066
 5290 11270 7306
 6330 7587 11857
 5631 10314 14264
 6044 9008 13518
 7465 8725 14692
 5061 7348 14751
 3581 6406 14373
 3439 7368 14854
 2059 7186 16550
 4201 5728 15885
 1517 5790 14907
 3754 11134 16383
 3573 11678 12939
 2106 12503 9321
 2610 13688 7596
 3298 11866 5060
 5182 11901 2565
 2552 14663 4398
 5439 14308 6685
 4516 13614 7069
Repetition End
0
 4912 13353 7288
 4633 13774 6946
 4762 13875 6352
 4367 13804 6482
 3749 14027 6808
 4003 13618 7060
 4402 13689 6985
 4178 13319 6933
Repetition Start
 3934 14226 7267
 4522 14774 6695
 4430 13080 7029
 4073 13436 7074
 4279 13910 7485
 4063 13473 6537
 4194 13471 6422
 3752 13259 6369
 4868 13981 5588
 2738 9580 6649
 2339 15523 8527
 6328 10840 9857
 4988 10459 10769
 6679 10670 11534
 4320 6891 12619
 4384 8777 14413
 4268 7733 14564
 2824 5927 15279
 3294 5843 15135
 1603 5006 17165
 2712 5113 15381
 3035 5778 15964
 7615 6404 15288
 2234 5169 15970
 4248 9147 14122
 6291 10875 13559
 5387 11661 9888
 3354 11325 6907
 4969 13432 6151
 4311 12415 4690
 5905 12633 4107
 2754 14049 4661
 4583 14247 6820
Repetition End
0
 4524 14294 6537
 3806 14426 6365
 4282 13985 6189
 4728 14208 6692
 4706 14259 6462
 4494 14056 6341
 4371 14313 6693
 4133 14057 6500
 3737 14028 6488
 3973 13718 6221
 3946 14394 6523
 3999 14112 6466
 3758 13720 6156
 3469 14956 5969
 2478 13402 5593
 4179 12804 6279
 4076 13741 6693
Repetition Start
 4175 14115 7547
 3811 12569 8410
 3153 12367 10554
 6690 11742 11124
 7297 8163 10089
 4743 8730 11316
 4692 8598 14311
 3279 9655 12863
 573 8572 15146
 2234 7354 15570
 677 6545 13290
 961 6522 14926
 -401 5754 16380
 288 2107 16669
 70 3124 16615
 1064 3415 16773
 -279 7231 15722
 -142 6882 14100
 1558 11856 15870
 6601 10304 15335
 356 11094 10547
 2035 10262 8269
 1805 11764 5742
 5169 11325 5009
 3935 13679 5952
 4386 13056 5083
Repetition End
0
 4156 12566 7969
 4972 12849 7978
 4275 13538 7600
 4073 13203 7580
 3457 13084 7973
 4382 13871 7918
 4332 12925 7458
 4440 13429 7706
 4516 12925 7211
 4142 12768 8319
 4788 14499 8326
 3908 13412 7604
 3998 13233 7437
 4303 13314 7486
 4268 12987 6563
 3908 12364 6238
 3663 13360 6519
 3909 12569 6863
Repetition Start
 3826 14002 7249
 3872 12909 9128
 4667 11573 9481
 4127 11829 10804
 7392 9051 12061
 4426 8736 12369
 4944 8167 14432
 2262 6421 16510
 628 6857 14225
 1625 4043 17622
 2422 3184 16246
 515 4554 16036
 1342 5020 15645
 1292 6058 16416
 185 7334 15578
 3110 8951 15226
 4485 10031 14047
 1055 11888 11460
 6557 11676 9243
 4156 11055 6646
 5958 11733 4074
 4103 13691 5235
 3191 13250 3591
 4072 13763 6651
 4017 14465 6840
Repetition End
0
 4199 14066 6424
 4407 13946 6234
 4630 13839 5914
 4127 13487 5420
 4092 14464 7164
 4811 14362 7264
 3764 13684 6571
 3644 14034 6377
 4312 14368 6794
 4088 13810 6802
 3840 13719 6858
 3914 14048 6840
Repetition Start
 3950 13868 6720
 3750 13995 6659
 4116 13979 6637
 3825 13791 6652
 3950 14063 6717
 3777 13874 6692
 4178 13962 6680
 3937 13912 6796
 4063 14125 6663
 4154 13943 6563
 4316 13939 6659
 4040 13837 6541
 3686 14010 6047
 3581 13290 5832
 4083 13917 5140
 5060 14051 6665
 3615 11690 7348
 4549 9186 9756
 3545 11683 11569
 4719 10190 11769
 4428 6815 13010
 7531 8680 14549
 3954 9199 16216
 131 6406 15265
 1272 6460 15146
 1896 6242 15895
 2240 6845 15689
 2454 7819 14283
 2194 9970 16978
 3360 10704 14823
 5327 11206 12540
 732 12685 7044
 4724 8946 2632
 -642 14686 3154
 58 15623 4745
 10082 15440 10408
 3989 13483 9021
Repetition End
0
 6068 11383 2463
 3632 13937 6979
 7616 17121 5833
 -1235 13063 8989
 4693 12504 6451
 3719 14080 7331
 4502 14494 7428
 3260 13639 6358
 4447 14041 6470
 4031 12743 6633
 3959 13642 6731
 4022 14075 6017
 3151 13514 5355
 3155 14560 7109
Repetition Start
 3311 13259 7384
 6418 10240 8590
 6275 9699 9456
 5876 8956 11458
 5050 9614 12738
 4835 9927 14281
 698 6193 17508
 503 5576 14785
 3830 4446 15488
 -157 4712 16733
 3035 5514 15197
 2354 7493 16704
 2919 6051 14588
 4650 9469 17184
 2228 10681 15228
 2840 7631 11201
 3109 10672 10016
 5168 14321 7946
 2921 13400 6108
 2846 12336 3864
 2143 13159 706
Repetition End
0
 4810 14788 6003
 4755 13776 7293
 4799 13693 7597
 4738 13209 6807
 3314 14156 6496
 3934 13575 6750
 3831 13730 7285
 4920 14146 7737
Repetition Start
 4270 13891 6756
 4924 15292 8146
 4689 12345 7470
 4484 10998 7961
 3019 8648 6998
 2696 12571 9874
 5042 15014 8201
 1137 15389 7825
 4855 13729 8386
 5363 13435 9761
 8940 10372 9646
 4463 12374 6890
 6570 13795 7191
 4304 14888 5953
 6676 12022 6317
 5995 12363 9040
 794 13985 8957
 6737 11777 6068
 5334 14685 7724
 3587 13557 6380
 1934 14203 6413
 2822 13270 5713
 2140 13737 5286
 6347 11563 6064
 5637 10709 9932
 5991 9832 11753
 5858 11023 12944
 2971 7678 18337
 3537 5720 16872
 3109 3087 16864
 3004 3637 16351
 2405 4595 15719
 2961 5713 16037
 5009 5046 15546
 3415 7569 14408
 3881 9281 14703
 2722 9682 13019
 2863 8741 10724
 4140 13926 10464
 3788 12078 8770
 4506 12145 6751
 3811 12726 6929
 5422 14937 6148
 4096 13310 4907
 2790 14292 4273
Repetition End
0
 3643 13844 5896
 3950 14363 7152
 4712 13573 6439
 4286 13551 6859
 3256 13852 5478
 2300 13973 7849
 8200 14437 7086
 4686 12764 7624
 4387 13024 6637
 4159 13946 6557
 4408 13971 7174
 3829 13420 7127
 4440 13822 6754
 3826 13933 6648
 4814 13783 6613
 4485 13626 6359
 3499 14338 6185
 4069 12980 5761
 4790 13016 7364
Repetition Start
 4894 12747 8230
 6435 11120 8038
 6264 7593 8986
 7103 11103 11071
 5092 9079 11879
 2564 9479 13587
 1325 6982 15275
 1444 6270 16002
 2698 4064 15963
 1253 5005 16020
 1266 5372 15983
 1676 7190 15986
 3529 8235 14168
 4905 10150 14375
 3762 10770 12598
 1645 12110 11391
 3490 12723 9556
 3523 10093 6399
 4243 11191 3504
 4017 15133 5091
 3681 15555 5347
 3525 13669 6563
Repetition End
0
 4214 13241 7332
 3622 13622 7369
 3616 13837 6841
 3941 13908 6613
 3920 14108 7147
 4137 13995 7057
 3963 13994 6962
 3901 14562 7178
 4060 13428 6441
 3482 13845 6337
 3706 14097 6780
 4105 13981 6779
 3824 13756 6616
Repetition Start
 3930 13937 6616
 4033 13847 6686
 4070 13990 6564
 4332 13862 6641
 4125 13627 6178
 3351 13609 5866
 3424 13291 6031
 4222 13053 6648
 4216 12987 8345
 3797 11212 9846
 1912 8937 12982
 8148 8406 12169
 6458 8409 14881
 5385 7408 14839
 1426 6236 15135
 2336 5800 15456
 2590 4797 16238
 2304 4813 16022
 2495 5433 15779
 2052 5638 15793
 4084 6589 14690
 3139 8593 15180
 4118 9194 13998
 2848 9966 12600
 5580 10452 12129
 4010 11267 10221
 4048 11991 6801
 2612 11318 6056
 5293 14070 5166
 4158 14456 5380
 3961 14094 6219
Repetition End
0
 4232 13899 7059
 4128 13874 7101
 4118 13888 6479
 4296 13822 7107
 4621 13947 6997
 4651 13930 6950
 4746 13618 6893
 4315 14024 6974
 4263 13664 6896
 4210 13634 6718
 4412 13997 6070
 4099 13332 5887
 4572 13921 6182
 5203 11719 6921
Repetition Start
 4801 12346 6863
 7682 12627 8282
 1213 9623 10461
 1731 8602 13006
 5307 9101 16425
 3266 4540 15709
 1917 6021 15618
 1676 3031 17767
 1865 4869 16394
 1848 5244 15992
 3155 7853 15533
 2854 7552 14518
 2836 9193 13941
 3218 9509 12707
 4190 10990 10279
 3453 13500 8883
 2576 11844 7740
 2013 13429 6039
 3608 12998 5182
 3922 13213 5148
 3243 14200 7534
Repetition End
0
 3246 13213 7735
 3210 13463 7334
 3802 13942 7144
 3878 13904 7055
 3818 13433 7124
 3758 13979 6933
 4373 14276 7270
 3734 14034 7206
 3698 14102 6645
 3732 14349 6547
 3436 13979 5282
 3316 13906 5645
 3042 13470 5755
Repetition Start
 3023 10076 6178
 2759 12376 9848
 4524 10367 10727
 6396 7844 12831
 8481 10722 18175
 207 3532 16823
 2188 5586 16548
 2156 3565 17288
 1730 3643 16344
 3140 4497 16846
 3604 5402 16078
 3342 7018 14982
 5735 9974 14106
 245 9899 12722
 3458 11036 10731
 4536 11356 9483
 3042 12131 7926
 3182 13336 5804
 3982 10490 4704
 4628 15374 6370
 3794 14754 8193
Repetition End
0
 4413 13191 7756
 3743 12707 7678
 3713 14297 7525
 3627 14317 6387
 3298 13300 6913
 6026 13655 7296
 4629 13681 7359
 4697 13144 6629
 4358 13868 6516
 4690 14343 6810
 4599 13639 7303
 4773 13447 7046
 4571 13714 6792
 4386 13790 6773
 4469 13824 7039
 4695 13651 7017
Repetition Start
 4439 13658 7093
 4526 13691 7016
 4565 13719 7136
 4415 13547 7321
 4390 13694 7242
 4320 13666 7076
 4580 13594 7149
 4390 13555 7270
 4282 13709 7133
 4727 13526 7064
 4418 13637 7167
 4681 13694 7420
 4598 13576 7306
 4418 13662 6935
 4578 13825 6579
 4131 13787 6798
 4428 13877 7335
 4362 13468 7192
 4242 13648 7150
 4803 13815 7121
 4192 13758 7017
 4418 13646 6993
 4472 13735 6842
 4810 14538 6781
 4189 13314 7048
 4947 13778 7113
 4520 13590 7134
 4776 13368 6749
 4489 13624 7388
 4399 13292 6992
 4593 13593 7012
 4517 13557 6899
 4518 13773 7040
 4540 13645 6914
 4684 13601 6940
 4461 13582 7148
 4469 13697 7076
 4714 13573 7075
 4354 13507 7297
 4294 13661 6932
 4747 13603 7151
 4535 13731 7277
 4214 13610 6978
 4680 13674 7042
 4481 13617 6993
 4672 13515 7553
 4467 13447 6953
 4524 13652 7122
 4400 13566 7259
 4662 13635 7257
 4662 13723 7469
 4595 13613 7385
 4346 13195 7065
 4670 13647 6861
 4437 13304 7524
 4621 13309 7068
Repetition End
0
 4503 13578 7260
 4796 13623 7073
 4888 13540 7307
 4644 13400 7179
 4629 13671 7209
 4669 13511 7356
 4198 13596 7112
 4732 13709 7476
 4399 13572 7084
 4777 13642 7106
 4698 13574 7020
 4389 13378 7031
 4590 13724 7209
 4608 13642 7200
 4459 13550 7179
 4413 13661 7185
 3965 13495 7141
 4403 14212 7309
 4618 13803 6910
 4930 13540 6806
 4163 13601 6844
 4704 14397 6669
 4714 13345 6457
 4414 13776 6024
 4497 12717 5713
 5467 14158 4346
 8029 10462 7096
Repetition Start
 1664 10173 9237
 257 10436 11793
 3822 10448 16428
 2946 5601 17242
 1428 6577 15788
 1478 4081 17702
 3064 4712 16562
 1827 6970 16104
 4185 9869 14900
 6561 10144 12138
 6262 10857 10020
 4210 12113 8287
 4221 12011 6833
 4303 15128 923
 1725 10538 908
 5467 14664 5688
Repetition End
0
 4308 15397 7789
 3715 13799 6562
 3621 14232 5938
 3183 14899 5526
 3649 14116 6302
 4120 14302 6642
 3691 14537 6142
 3285 14194 6105
 4305 14518 6988
 2929 13715 5943
 3217 14402 6075
 3452 13928 5497
 3789 14245 5050
 4595 14856 5847
 3120 12317 6604
 4089 12839 7290
Repetition Start
 4505 12612 8963
 4124 12119 9964
 5637 8507 10566
 4496 9253 11912
 671 8689 15320
 2036 9256 16665
 3717 6852 15026
 3058 5138 16870
 2387 6465 15700
 1935 6259 16109
 4452 9158 14792
 3808 10815 13013
 3320 11667 10364
 3929 11467 7623
 3049 11996 5788
 2342 12518 4314
 3015 14642 4922
 5363 14345 7397
 4118 13485 7818
 4292 12864 7583
Repetition End
0
 4079 13729 6643
 3543 13758 6726
 4181 13797 7557
 4069 13765 7331
 3792 13525 6803
 3724 13637 6670
 3498 14037 7088
 3424 13941 6804
 2256 13510 6274
 3428 11980 5863
 4180 12957 7056
 4870 13323 6350
Repetition Start
 2418 7378 11150
 4901 11539 13753
 4915 7885 15676
 3318 5864 15890
 1771 4861 15496
 3378 -1053 18830
 828 3211 17356
 2344 3986 17232
 1251 3577 16136
 6713 5458 15774
 5897 9627 13439
 4988 10017 11481
 3492 12113 10124
 2552 13039 8515
 3256 10693 5593
 2559 12108 3596
 4233 12610 3840
 5026 14893 7381
Repetition End
0
 4868 13917 8199
 3865 12944 6939
 3006 14247 7320
 3364 13936 6723
 3909 13756 7402
 4668 14204 7762
 3945 13500 7134
 3981 13226 7021
 3846 13736 7896
 4521 14225 7796
 3746 12850 6306
 3646 14284 6066
 3941 13079 4659
 3841 12941 4537
 1865 10198 4573
Repetition Start
 6369 5235 13522
 12182 16172 25358
 3421 -4347 17026
 950 1691 20023
 3469 2570 18060
 3347 5198 16473
 3754 10139 16323
 7079 11294 12500
 3242 9908 7844
 3111 12961 4464
 841 8949 2958
 2228 15234 5222
 4031 15606 8533
 2781 13765 8925
Repetition End
0
 2972 12256 8160
 3061 13944 7285
 3222 13204 7217
 4130 14011 8088
 3360 13802 8370
 3532 13218 7725
 3771 13639 7679
 3468 13445 7650
 3633 13899 7932
 3478 13695 7794
 3321 13733 7212
 3084 13873 7307
 3573 13417 6895
 2748 13809 5805
 3884 12959 4514
Repetition Start
 3878 12953 6403
 4440 10345 7352
 3131 9950 11716
 3815 9158 13312
 1641 8436 15991
 2862 1987 18634
 457 -3214 18638
 1350 2330 18131
 3169 4574 16310
 2018 8827 15286
 6572 12174 12591
 3641 10518 9071
 1887 12549 8179
 3042 10517 5954
 1980 12953 3235
 5853 15716 6938
 3752 13034 8472
Repetition End
0
 3448 13183 8462
 2913 12670 7663
 3058 14290 7713
 3778 13427 7609
 3558 13132 8187
 3933 13216 8157
 3718 13450 7704
 3653 13303 7612
 3559 13453 8039
 3410 13858 7914
 3785 13506 7523
 3407 13315 7676
 3721 13411 7480
 3517 13712 5837
 3079 13548 6113
 3018 12812 6571
 4874 11734 6768
 1853 7810 10061
 3126 5560 14596
Repetition Start
 2234 6544 17115
 916 -3999 20246
 1296 -926 17741
 1348 2489 18402
 3612 5803 15169
 3178 9253 14092
 8280 12492 10782
 3362 9990 9792
 2382 11844 10760
 1225 11102 6921
 3100 11636 4184
 4909 14193 4988
 4840 14627 9395
Repetition End
0
 2756 12970 8969
 3213 13078 7882
 3281 13430 7841
 3551 13711 7944
 3301 13010 8285
 3368 13235 8063
 3418 13637 7987
 3218 13475 7656
 2784 13194 7688
 3158 13736 7209
 3452 13159 6366
 2981 13230 4766
 2312 13331 6736
 2192 5587 3485
 4632 9003 22011
Repetition Start
 2484 6713 17433
 2200 -2738 21375
 1997 -2034 17449
 2385 -614 17959
 670 3366 18882
 5123 5227 14371
 2717 11145 15110
 2217 9441 10415
 4125 10425 8784
 4315 13105 8419
 1223 13390 5460
 1365 13073 4042
Repetition End
0
 5124 11095 6511
 4734 15351 10660
 3557 12236 7926
 2998 13091 7914
 3522 13081 8315
 3829 13793 8794
 3602 12856 8231
 3893 13413 8158
 3452 13321 8230
 3733 13187 8007
 3041 13511 7859
 3076 13388 6769
 2145 13264 5908
 3220 14232 5661
 3245 8430 6375
Repetition Start
 1000 8237 8682
 9352 12180 24333
 -2460 -4742 19291
 4303 -6222 16356
 459 -778 16552
 1942 877 16490
 625 2124 15945
 1678 3368 15514
 1449 3655 16261
 638 1766 16056
 1222 883 16194
 1402 985 16142
 1732 2153 16014
 1674 2581 15958
 1656 2208 16010
 1324 1853 16156
 1266 1664 16001
 1233 1248 16254
 467 1229 15810
 487 -4312 19813
 1746 873 18090
 4004 6788 16457
 -1350 7142 15093
 7552 10685 14381
 4103 11215 12967
 3510 13520 7973
 1950 11113 5202
 754 13690 4921
 2722 10215 3405
 4620 16753 9308
Repetition End
0
 4852 14748 9385
 2434 13162 6844
 3385 13648 6564
 3459 13895 6513
 3423 13854 7470
 3865 14132 7893
 3466 13811 7150
 3562 13614 6770
 3835 13941 7359
 3724 13814 7377
 3708 13515 7000
 4223 13780 7251
 3757 13289 7386
 3592 13647 7345
 4144 13689 7219
 4049 13661 7006
 4041 13631 7040
 4197 13673 7278
 3751 13736 5065
 4384 10890 6182
 1590 8870 8219
 4461 9280 14040
Repetition Start
 11225 12379 16830
 2156 -1803 17392
 2168 -29 16699
 -1065 -257 16803
 -270 -2424 18188
 2448 2789 18748
 5114 6907 13782
 2010 9890 15185
 4765 10525 13998
 3583 11054 11599
 1671 12058 7834
 1383 11602 4959
 3866 13111 3815
Repetition End
0
 4557 13839 5455
 5268 13473 8696
 4185 13919 8998
 4175 13014 7743
 4733 13301 8140
 3874 13453 8064
 3905 12970 7928
 4147 13194 8274
 3932 13499 8350
 3832 13359 8286
 3465 13048 8167
 3861 13264 8214
 3826 13222 8187
 3952 13158 8200
 3704 13085 7653
 3675 13328 6607
 3111 13830 6659
 5312 12661 6660
 1172 8302 7621
Repetition Start
 2410 10130 11662
 1134 9759 16065
 1009 1702 14856
 6164 5563 8831
 -1022 -6291 20806
 2098 -144 17805
 3339 103 17724
 4424 6851 15950
 4081 8207 13233
 6457 10859 12199
 5914 9948 11086
 4025 12489 10622
 558 11365 8539
 4024 10908 6146
 4499 11811 5926
 5041 13679 8961
 3368 12916 9560
 3443 12439 9063
Repetition End
0
 3666 12585 9086
 3029 12661 8681
 3996 12902 8291
 3844 13070 9296
 3871 12983 9109
 3486 12645 8505
 3314 13008 8713
 3542 13130 8822
 3687 12863 8545
 3768 12989 8638
 3536 13279 8586
 3478 12923 8463
 3635 12870 8051
 3317 13398 7374
 2916 13041 5766
 3174 13600 6633
 3036 8498 7819
Repetition Start
 24 10134 11248
 3297 10274 23974
 5138 -1686 17399
 -6 -1358 17586
 2657 -1120 17686
 3529 2285 18538
 4442 5309 16464
 180 8277 14572
 4483 11055 13009
 1685 9808 9311
 3343 11915 8528
 2721 13845 5445
 3867 10225 3349
 3989 15603 7426
 4545 13636 9778
Repetition End
0
 1849 13383 8550
 2254 12517 7608
 2587 13798 8603
 3391 13507 8679
 2999 12760 8339
 2813 13117 8376
 2717 13433 8560
 2877 13142 8521
 3029 13348 8773
 2936 13302 8343
 2767 12886 7982
 2905 13187 8129
 2711 13302 7599
 2310 13385 5460
 2546 12884 3109
 2813 10869 9936
Repetition Start
 -156 6852 13449
 13040 10961 23698
 -1970 -80 11228
 5690 813 19787
 -2780 -4360 18910
 2941 -831 18038
 4877 4878 17044
 3919 5211 15493
 4575 9364 14234
 5816 9215 9902
 4900 12067 8674
 6745 12896 9885
 881 11325 5948
 1801 12489 5384
 4290 13784 6899
Repetition End
0
 3676 14008 9150
 3988 14330 8143
 4945 12384 7580
 3501 13679 7132
 3573 13584 7198
 3898 14013 7793
 3939 13606 7631
 3631 13267 7119
 3944 13635 7145
 3636 13843 7387
 4186 13473 9354
 2970 14376 7602
 2686 13053 6013
 4468 13563 4981
 3584 13850 3746
Repetition Start
 1570 9741 5057
 6066 9118 10092
 5900 10688 18868
 5023 5763 8860
 3321 3788 16266
 32 -4173 17664
 3060 -1850 17870
 4861 -123 17845
 5225 5997 16371
 3202 8783 14449
 3885 10425 11047
 3530 11436 8395
 4093 13187 8185
 1584 10778 5535
 4521 13939 5137
 5384 13216 7908
 4496 14123 9575
 3943 12224 8447
 3028 12657 8148
 3739 13516 8161
Repetition End
0
 4005 13435 8644
 3698 13143 8531
 3806 13171 8203
 3900 13007 8266
 3731 13180 8224
 3759 13252 8233
 3469 13110 8243
 3674 13096 8082
 3356 13064 8360
 3626 13411 8520
 3664 13088 8197
 3848 13184 8241
 4016 12987 7644
Repetition Start
 4288 12990 6014
 664 12990 4707
 5792 12738 8147
 2208 6599 9802
 6377 10636 22161
 2479 4967 14639
 4364 -1479 19191
 2687 -4083 17962
 5722 93 17104
 5227 4858 15502
 1890 9038 15355
 3282 12380 12158
 1295 11294 9207
 883 11060 8475
 639 11490 7683
 1476 11674 5535
 2858 15161 6711
 2557 13578 9017
 1067 13247 8929
 1086 12923 8681
Repetition End
0
 1180 13606 8558
 2308 13184 8055
 2328 13238 8153
 2033 13508 8881
 2142 13619 9203
 1907 14967 6853
 460 13025 7973
 -2462 16638 8447
 -1570 11184 5547
 11747 -397 -1845
 12641 2879 7403
 32385 -9168 15615
 14742 -5833 7733
Repetition Start
 14719 -2547 5928
 18091 1047 9898
 20546 2046 11482
 12946 6061 9349
 8026 7993 8610
 6122 10277 10078
 4101 7543 11530
 5861 12602 9637
 3495 10793 6738
 3573 15008 4307
 304 11295 3994
 7621 13926 8429
Repetition End
0
 4336 14456 9036
 6359 14046 7829
 4526 11954 6483
 3415 14687 7353
 4500 12653 6693
 4400 13378 7057
 4781 13762 7621
 4227 13722 7404
 4358 13626 7000
 4596 13831 6512
Repetition Start
 6409 13037 3838
 7805 13628 2228
 4096 8044 1938
 -6428 12955 13732
 -6768 16623 29383
 -6532 -5347 16820
 -1510 -317 17355
 -743 1147 16231
 3781 -1480 17163
 4580 4521 16604
 997 3671 15900
 343 9543 15454
 3917 10525 13991
 3462 8468 11231
 4060 10189 9890
 1194 12191 9461
 2782 12781 8162
 2650 12099 6487
 3624 13224 6692
Repetition End
0
 2366 12656 7561
 2054 15330 9659
 1440 13092 9114
 1536 12213 7809
 2253 13349 7790
 2597 13629 8258
 2778 13300 8637
 3004 13161 8829
 2835 13148 7912
 3132 13372 7781
 2947 13511 6047
 2563 10193 8029
 -803 14620 8137
Repetition Start
 2323 9154 7847
 3638 11141 10797
 9848 8850 18601
 -2690 4091 17379
 5161 -1776 19473
 1378 327 17487
 123 1363 19347
 6574 5429 14688
 6465 7594 13744
 6110 13923 12115
 3566 11196 7003
 15 10985 1418
 1103 10675 3920
 2967 17232 9982
 2946 14379 10074
Repetition End
0
 3532 12054 8499
 2282 12722 8554
 1860 13359 7840
 3944 13805 8041
 3292 13077 8389
 2236 12394 8044
 2861 14256 8841
 2527 13484 7976
 2586 13335 8309
 2931 13544 8148
 2575 13394 7698
 2593 13776 7845
 2852 13481 7822
 3005 13532 7526
 2992 13776 7461
 2893 13594 7133
 2340 13572 4929
 4494 12826 4732
 2187 8952 8999
Repetition Start
 3738 13393 12910
 695 6176 14245
 1267 11412 19307
 4274 3871 16808
 1154 6214 14789
 2975 4964 15360
 1824 5703 15231
 3036 6111 14780
 2833 7061 14149
 1987 7497 14326
 2352 7076 14380
 2474 6337 14653
 1902 5803 16092
 2989 4186 17941
 2057 5938 17573
 4078 8669 16125
 4455 10520 12594
 4622 8960 7954
 3668 11575 5513
 2151 13752 3219
 5299 12278 5810
 5829 15618 10603
Repetition End
0
 3557 13357 9224
 2183 11661 7666
 3040 14075 7234
 3223 14281 7558
 3915 13213 8108
 3444 13368 8082
 3542 13728 7629
 3710 13292 7319
 3920 13227 7424
 3413 13807 7953
 3518 13598 7811
 3574 13367 7673
 3429 13433 7662
 3570 13618 7937
 3324 13386 7618
 3787 13164 6853
 3013 13062 4650
 3677 12865 4361
 3628 9069 10046
 3380 11961 13834
Repetition Start
 4627 1100 20080
 -844 3542 18622
 3148 1074 18815
 -94 505 17487
 551 3690 15909
 3722 4332 15408
 4580 9755 15258
 6926 10426 12787
 4214 11271 10378
 1835 10466 7461
 3048 11188 5330
 3375 13954 4824
 2238 12730 6951
Repetition End
0
 2659 14569 9356
 1936 12787 8956
 1691 12497 8691
 811 13907 8820
 1834 13330 8192
 2759 13007 8690
 2368 13559 9258
 2812 13227 8679
 2477 13033 8344
 2801 12983 8800
 2187 13225 9098
 2105 13039 8782
 2441 12798 8410
 2422 12988 8346
 2607 12690 7699
 3301 12691 6963
 1936 13156 6299
 -1727 9564 9382
Repetition Start
 2134 8548 15909
 4199 4396 14546
 4437 4436 14692
 -1512 -3879 18642
 -361 -908 19142
 1447 1131 19173
 -2202 3610 16872
 6769 7376 13567
 9037 13001 9936
 7231 11948 7970
 2789 10366 5957
 -1303 11342 6201
 2573 14687 7743
Repetition End
0
 4989 13386 7878
 3440 12940 7702
 3262 12793 7416
 3009 13486 7753
 3782 13975 7835
 3292 13692 7587
 3376 13188 7552
 3714 13977 7637
 3215 13360 7405
 3369 13626 7524
 3303 13516 7277
 3119 13659 7315
 3610 13761 7445
 2773 13260 7155
 2973 14368 6413
Repetition Start
 3482 11287 6087
 1103 6276 8546
 373 11107 14778
 3010 11770 22695
 526 -3501 14987
 1399 -223 17870
 302 763 15941
 2129 -4507 17768
 1811 3583 18929
 2058 6513 15841
 5003 8654 15276
 3475 10193 11385
 4345 10505 8732
 2377 10401 6184
 2078 11441 6090
 5938 12649 7674
Repetition End
0
 5317 13939 9457
 477 14069 8884
 1985 12414 8101
 1600 11552 7282
 4882 14693 8562
 3819 14179 9279
 3267 12317 8029
 3614 12263 8078
 4999 13619 8397
 3611 13186 8189
 3901 13255 8611
 2857 13285 8738
 3622 12811 8253
 2759 13012 8411
2293 5366 15253
 2406 5025 14910
 2412 5442 15498
 2511 4696 14420
 2252 4863 13980
 3392 5525 14163
 2267 6420 15599
 1518 5385 15085
 2391 5253 15846
 1895 6801 16039
 2181 5317 14832
 2341 4907 14454
 2801 5028 15077
 2395 5432 16015
 2191 5176 15172
 2148 5176 14835
 1951 5405 15021
 2211 5683 15201
 2390 5927 15283
 2545 5312 14835
 2472 5205 14489
 2606 5646 15097
 2393 5374 15450
 2696 5307 15075
 2627 5206 15035
 2715 5169 15077
 2785 5061 15229
 2740 5074 15121
 2697 5203 15173
 2577 5017 15181
 2734 5099 15143
 2852 5011 15024
 2979 5215 15113
 2692 5177 15257
 2771 5013 15141
 2650 5083 15182
 2626 5087 15256
 2606 5013 15200
 2793 4986 15142
 2705 5083 15193
 2843 4979 15176
 2630 4791 14988
 2490 5074 15130
 2660 5161 15221
 2777 5057 15369
 2844 4712 15104
Repetition Start
 2767 4778 15176
 2790 5146 15352
 2639 5064 15239
 2732 4922 15128
 2671 4978 15252
 2962 5043 15152
 2857 5862 15588
 2559 6127 15315
 2768 5801 14790
 2827 6149 14654
 2865 6391 14879
 2869 6476 14378
 3719 5428 14241
 3441 5412 14261
 3773 5345 13637
 4054 7049 14254
 2721 6776 14020
 3060 6648 13642
 4411 8541 12991
 3896 7141 11170
 5069 9750 11539
 4005 9295 12728
 5534 10110 10994
 5521 12178 10033
 2922 11756 9637
 2590 14005 6219
 6041 20181 7067
 4118 13752 5250
 4615 12945 4888
 4667 14837 5823
 5741 17400 8516
 8364 17189 10011
 3966 13570 9601
 4740 14786 6863
 3100 11844 7949
 2896 10668 14623
 1905 2723 12258
 1943 1807 13216
 2081 1464 13147
 355 4263 15407
 2061 4713 15890
 2574 4060 14912
 2176 1901 15572
 1558 4490 15448
 2295 3508 14797
 1110 244 15614
 1409 2404 16333
 2323 1838 16465
Repetition End
0
 1319 1859 16511
 1555 798 16537
 2016 1033 16451
 1682 504 16130
 1716 428 16462
 1811 455 16518
 1622 443 16202
Repetition Start
 1667 479 16114
 1667 533 16033
 1602 661 16240
 1614 709 16215
 1624 742 16164
 1576 759 16233
 1787 713 16520
 1664 1189 16437
 1521 1759 16297
 1579 1866 15938
 1574 2379 16170
 1443 2743 15971
 1836 2600 15648
 1619 2842 16198
 2617 2687 15533
 2334 1637 14695
 2260 3382 14925
 1708 2881 13992
 4001 3947 13017
 2760 8505 14036
 3477 7724 13152
 5011 9205 11449
 3755 12390 11658
 3474 14966 10069
 8054 16840 11418
 3950 20040 9198
 4097 14333 8679
 5753 15665 10160
 3040 12280 10368
 2470 10577 12214
 2405 5774 12189
 1331 2420 11359
 2065 4406 14162
 1885 6046 15214
 2993 6156 15047
 2349 4722 14916
 2073 5664 14495
 3459 2731 15450
 2372 2028 14590
 3312 2630 16375
 2346 2658 15712
Repetition End
0
 2121 -1337 17229
 2416 4308 16686
 3204 3597 17040
 2196 3505 16927
 2329 3185 16635
 2069 2913 16400
 2411 2354 16325
 2491 1906 15594
Repetition Start
 2324 1814 15833
 2349 2144 15937
 2584 2057 15576
 2268 2285 15253
 2924 2955 15183
 2220 3235 15060
 3345 3704 14938
 3732 3332 14427
 2192 4362 14804
 3418 4251 14878
 2419 4691 13365
 3858 6991 14149
 3062 6708 12358
 1852 9687 11753
 6447 10003 12857
 5228 12547 12211
 4446 15864 10575
 6675 19748 11659
 5679 12487 9834
 4434 13840 11409
 2904 11717 11115
 1715 7732 12291
 980 5617 12842
 418 4794 13696
 2852 3821 15469
 831 4228 15612
 1573 5213 14825
 1837 4455 14344
 2630 1796 13942
 2472 3842 14650
 1937 1963 15168
 1922 3634 15299
 2560 796 14780
 3255 3919 17444
Repetition End
0
 2525 4130 18207
 2384 3967 17966
 2609 3867 15900
 2437 3737 15954
 2509 2935 16053
 2303 2459 15938
Repetition Start
 2878 2541 17565
 2026 1568 15183
 2742 2125 15575
 2794 2231 15259
 2812 2186 14735
 3082 2523 14726
 2852 2474 14249
 2640 4223 13550
 3152 3872 13959
 4452 5001 13126
 2646 5994 10973
 1223 7695 13645
 4781 10450 11586
 5189 10071 11720
 7557 15070 10798
 7536 20829 12435
 6565 20048 7818
 4275 15408 7189
 3906 13288 10624
 3371 7826 14210
 2924 2119 14212
 1123 1366 12531
 1459 1641 10690
 891 2497 12987
 3441 7588 17637
 2144 3209 14563
 2555 3300 13383
 1349 4369 14464
 1515 5842 15992
 2911 5658 16078
Repetition End
0
 1289 4895 17276
 2228 5593 17040
 2190 5346 16085
 2433 4234 15975
 2630 3219 16138
 1893 2393 15614
Repetition Start
 1632 2183 16100
 1619 2673 16193
 2249 3236 14412
 2418 1861 14966
 2435 3519 15382
 2422 4354 15442
 3335 4218 14348
 3385 4355 13303
 3647 7062 13111
 2800 6165 11141
 4371 8177 12635
 3230 7918 11852
 6274 13466 13645
 5063 11010 11671
 8337 17001 10596
 7612 19284 11375
 2547 13087 9619
 2925 12838 12368
 3516 5120 13086
 1516 1404 13572
 3984 2731 11875
 332 5167 15237
 2527 4464 15699
 4388 3476 14811
 2403 3449 14268
 3524 1076 13647
 2407 2894 15066
 2659 1113 15595
 2683 3071 16598
 2597 3341 16964
Repetition End
0
 2879 3918 17682
 2753 3917 16919
 1968 3518 16651
 2674 3195 15906
 1948 2525 16175
 2202 2613 16316
Repetition Start
 2626 1849 15054
 2626 1451 15802
 2529 2918 15531
 2264 2300 15526
 2208 2197 15413
 3099 3857 14742
 2413 3233 14850
 2812 5018 12954
 1689 5841 12204
 1316 6207 13969
 2966 9614 13705
 3055 9382 13245
 2982 9227 12048
 3529 13042 12151
 5737 17657 11841
 4137 14366 11862
 3967 13430 10952
 3030 12738 12925
 1841 8454 13537
 1020 3059 12454
 1474 2838 12885
 1520 3730 14418
 983 3052 14884
 1818 3318 14816
 1859 3464 14599
 1846 3117 17359
 2140 3047 13424
 1452 4082 16245
 3251 4030 15980
Repetition End
0
 2774 3743 14725
 2321 5473 17464
 2201 4975 16675
 3794 5279 17027
 4141 5257 16433
 2463 4939 15348
 2234 4760 15628
Repetition Start
 2788 4502 15761
 2274 3902 15549
 2621 3956 14939
 2173 4825 15395
 2465 4019 14917
 1936 4469 10109
 1845 6312 15378
 2671 6544 13663
 1496 7313 14952
 1645 7486 14022
 4228 8078 13161
 2476 7719 11994
 4521 9771 13017
 4397 9676 11549
 2028 10045 10237
 4085 13805 11368
 5508 20304 10050
 5251 16462 10173
 3411 14870 12395
 2816 6680 14814
 1756 2259 12603
 1884 2759 13334
 1626 1835 14660
 842 1966 14892
 2788 3217 15402
 3277 4305 15505
 2014 1702 14978
 2793 61 15351
 1465 1899 14444
 2816 860 16511
 2607 1963 16624
Repetition End
0
 1423 1324 16129
 2778 1427 16329
 2525 1293 17808
 2274 1833 18304
 2552 1859 16898
 2615 1491 17002
 2683 1102 17010
 2023 632 15920
Repetition Start
 2114 953 15335
 2378 836 15388
 3054 860 16047
 1339 1184 15702
 2048 2399 16163
 2476 2298 15468
 2349 2546 14291
 2445 993 14281
 3224 3877 15080
 2914 2017 14015
 4544 3712 12617
 1716 7456 14089
 1617 8823 14650
 2639 9315 13414
 1785 13914 13921
 4810 19877 13064
 3236 12701 10091
 3496 14499 12994
 1944 6485 13360
 -722 1750 13407
 686 2521 12792
 -405 1932 13438
 3109 4339 15566
 674 3010 16988
 2496 1994 12837
 1312 1663 14586
 3117 3710 16404
 1581 2399 16184
Repetition End
0
 3213 2578 16544
 2927 2580 17453
 2416 2757 17544
 2409 2302 16936
 2422 2305 16388
 2534 1627 16102
 1830 1693 16336
Repetition Start
 1553 1470 16026
 2070 1367 15815
 1754 2113 16178
 1878 1871 15712
 1979 2289 15356
 1581 2478 15489
 2085 2229 15361
 2016 2959 15661
 1556 3217 14870
 1489 4048 14421
 3120 3378 13585
 2653 5932 13140
 3774 7222 12840
 3178 8848 14105
 3223 11489 13814
 3612 14711 14456
 5164 14296 13342
 3398 11441 13500
 991 7042 12960
 2558 5528 13277
 1590 2206 14099
 1644 2252 14603
 714 3698 15624
 2091 2644 15415
 1342 2093 15246
 1319 896 14226
 2334 2561 15281
 1365 1311 15771
 1911 533 14858
Repetition End
0
 1861 1388 16968
 2402 1970 18692
 1912 1501 17171
 1903 1797 16462
 2030 1419 16633
 2096 1804 16957
 798 458 16474
 1049 419 15841
Repetition Start
 1329 303 15700
 2262 1206 15532
 1500 1327 16965
 588 1567 15554
 2803 497 14185
 2604 2388 15533
 1293 1297 14863
 3528 3543 14355
 2367 3881 14710
 3114 4563 14371
 3608 6027 13012
 2965 6039 12746
 1973 10524 13886
 3010 14467 15263
 3770 15347 13707
 5260 14922 12487
 2400 12014 13524
 2682 6271 13922
 -16 2960 13641
 -1013 917 13661
 1323 3572 14950
 2889 3746 15113
 2597 3632 15957
 2087 3280 16104
 2063 2537 16523
 1689 124 13967
 1684 2845 15518
 3539 796 16001
 1588 1832 15267
 2756 2202 16306
 2867 2033 17312
Repetition End
0
 2525 3197 17946
 2572 2795 16966
 2094 2815 16366
 2247 2116 16484
 1697 1721 16550
 1420 1257 16481
 1989 1219 16218
Repetition Start
 1887 1734 15782
 1992 1485 15499
 1568 1672 15400
 1998 1450 15023
 2174 2988 15387
 906 1825 14359
 2784 3760 13954
 2055 5174 14405
 1644 4577 13121
 1569 5680 14387
 4240 11438 15798
 3014 13214 12917
 4417 15133 14281
 3188 12780 13618
 2255 8125 14031
 1346 4877 12819
 2611 1182 13195
 1781 2993 14742
 308 1011 15544
 815 2650 15844
 1459 1567 15389
 2151 7 14852
 918 24 14644
 602 395 15870
 2656 947 16221
Repetition End
0
 1714 2281 16884
 2417 2670 18136
 1739 3174 17808
 466 3584 16846
 1909 1658 16910
 910 1665 16389
 918 426 16484
 1531 -242 15984
Repetition Start
 1754 468 15904
 2363 865 15831
 1363 1405 14408
 1395 1476 15425
 1826 1995 15479
 1648 1904 15947
 3896 2567 13581
 2983 4000 15119
 3007 5045 14271
 4328 5943 13248
 3102 10217 13954
 4133 11947 13219
 6316 17082 14550
 3331 11533 10709
 6198 14506 10878
 4758 12343 12535
 3366 6164 13550
 1457 1995 13606
 2178 2079 13453
 2893 1854 14339
 2470 4111 13816
 3531 2358 16162
 1410 1181 15705
 1486 -45 14195
 3024 1369 14543
 654 1008 14101
 2558 1132 16189
Repetition End
0
 2015 2222 16442
 1073 1959 19774
 476 2964 18658
 1121 1953 18197
 2339 1560 16981
Repetition Start
 1273 1423 15690
 929 1263 16150
 838 475 16880
 846 882 16040
 763 1182 15248
 613 1769 14880
 701 2516 15781
 1496 3515 15071
 802 3140 15100
 1346 4214 13711
 1582 4065 14015
 2662 8514 14550
 3312 8038 14542
 3144 9233 15209
 3664 6796 10674
 2068 17802 10711
 8084 22057 14334
 2971 11220 10141
 4348 13998 11680
 2175 9796 13770
 -1022 2385 14107
 1451 1643 11895
 42 1217 12572
 1431 4215 16272
 3168 1854 14811
 580 1098 15358
 738 -9 13650
 2724 240 14340
 2387 418 15417
Repetition End
0
 2620 1150 15464
 2748 1390 18273
 2958 956 18355
 2722 1076 17838
 2165 1011 18460
Repetition Start
 2376 1162 16818
 1620 469 16310
 2709 -615 16645
 2465 -447 15406
 2076 -362 15355
 2030 638 16096
 2265 686 15195
 1283 -415 16713
 2376 1332 14753
 2194 67 14161
 2460 1296 13382
 2688 3486 13963
 2953 3732 13778
 4265 4869 14579
 4155 6498 15867
 3277 12477 15430
 3585 12148 16041
 5435 10841 13393
 3739 11788 14020
 2772 7766 14287
 348 2545 14328
 1121 442 13989
 2562 571 14129
 2422 1728 14554
 1714 2417 15858
 2814 949 14842
Repetition End
0
 2311 514 15234
 2111 969 15881
 2431 1107 15201
 1654 604 16346
 2418 1856 18291
 2275 2137 17143
 2224 2586 16838
 1930 1944 17244
Repetition Start
 2199 1299 16919
 1698 1006 16443
 1937 843 16084
 2206 503 15120
 1880 912 16442
 1908 1407 15651
 1821 1543 15925
 2126 2467 15722
 2087 2324 15531
 2359 2264 14875
 2258 2187 14560
 3375 2935 14704
 1572 2034 13865
 4296 4072 13538
 4269 5940 14291
 3101 7677 14913
 2893 12060 15344
 5714 13932 14004
 3505 11351 13847
 2788 8274 15420
 3295 1127 14362
 1129 304 13382
 470 603 13812
 1734 2466 16245
 2518 2494 15763
 2529 1728 15986
 2047 269 14766
 1875 1296 14728
 2554 -29 15632
 2508 150 16151
Repetition End
0
 2132 264 16121
 2451 481 17915
 2142 1337 18040
 2287 1566 17290
 2035 1648 16788
 1859 860 16732
Repetition Start
 1463 463 16690
 2359 51 15975
 1751 312 15897
 1978 227 15445
 1957 546 15861
 2168 1306 15778
 1356 1483 14571
 1699 824 15285
 2462 2795 13816
 2181 1778 14440
 290 2938 12726
 3311 7642 15768
 3086 6958 14877
 4683 8155 16285
 4030 11049 13673
 4805 15741 13733
 5984 12595 12034
 2217 7357 12808
 729 5607 14484
 1989 4314 14385
 1853 1906 13971
 1828 2118 15494
 967 3206 16666
 2731 3763 17065
 1747 2505 15136
 1843 853 15053
 1170 819 14394
Repetition End
0
 2195 152 14967
 1564 10 16656
 1813 -99 15709
 2439 1136 16130
 2546 1642 17620
 2110 1251 18041
 2683 2267 17555
 1984 1697 17130
 1879 1319 16829
Repetition Start
 1399 600 16812
 1400 236 15780
 1278 367 16236
 2377 921 15580
 2152 837 14746
 1350 95 14705
 1874 1024 14472
 2630 1321 15749
 2058 985 14020
 1756 2679 13175
 5616 4932 16230
 4060 9164 17849
 4416 11006 16490
 2883 8900 15440
 4447 6402 15750
 1994 4204 15668
 1092 1153 14946
 1470 1028 14705
 3627 984 15906
 2449 710 15652
 1673 -171 15226
 2501 -855 14578
 976 -732 14589
 1716 -670 15815
 1002 -1236 16158
Repetition End
0
 2430 833 16640
 -72 774 18183
 681 1177 18134
 2145 1440 18051
 1688 570 17734
 2163 366 16833
 2022 -684 16945
 2422 -669 15995
Repetition Start
 2418 -751 15453
 2236 -392 16550
 1898 -306 15249
 2178 649 15826
 2884 1357 15887
 1121 680 15891
 2159 894 14576
 3039 259 14626
 3652 2330 14810
 3551 2838 13472
 3127 4814 14691
 3106 7824 15858
 6950 12938 16927
 4613 9408 15178
 3457 6766 15713
 2212 4082 15685
 1203 2285 14892
 1705 2565 15411
 2924 1675 14627
 2022 1644 15239
 2141 854 14554
 2355 -43 13847
 1576 -760 14393
 2732 -568 15831
Repetition End
0
 2278 -220 15860
 3125 493 17280
 3029 494 18422
 2891 416 18871
 2945 894 18102
 3035 1216 17348
 2870 142 16918
 2617 -29 16431
Repetition Start
 2812 -386 15300
 1933 -95 15921
 2042 -353 16903
 1697 177 15286
 1511 365 15380
 1728 1041 15088
 2285 1293 15280
 3295 1767 14655
 2427 1478 14195
 3066 2633 13775
 3788 3702 14982
 3670 5393 16101
 2946 8798 16239
 5464 11746 15831
 2842 9317 17101
 3659 6320 14805
 4235 4676 14888
 2661 3293 14689
 2149 2195 15446
 1465 1571 15724
 2767 920 15067
 1892 809 14833
 2373 271 15458
 3011 -110 14765
 2420 -1420 13629
 1910 -259 15355
Repetition End
0
 1622 -429 16212
 2916 -82 17529
 2748 -846 18626
 1471 -452 19232
 2159 -377 18705
 2067 -282 17328
 2237 -373 16760
 1457 -392 16575
 1271 -928 15712
Repetition Start
 1741 -671 15511
 1670 -750 15786
 1891 -291 15636
 1066 157 14955
 1447 468 14823
 2757 325 15828
 1091 173 15010
 2239 1770 15056
 2096 1873 14492
 1293 4169 14889
 4146 8777 17160
 5297 9156 17519
 3778 6651 16262
 2842 4008 16597
 1782 1839 15876
 1666 124 15408
 1081 -7 14465
 1185 19 14812
 1503 2762 16200
 1511 352 15954
 1307 -519 14619
 1204 319 15997
 1126 -650 16376
 1519 -943 16357
 2282 -834 16479
Repetition End
0
 322 -2237 17031
 1213 -2002 16213
 725 -2365 16273
 268 -2717 16458
 629 -2683 17323
 1080 -2497 16514
 722 -2459 15781
 737 -2450 15942
 1027 -2813 16023
 1119 -2509 15971
 642 -2586 16160
 1715 -2329 16189
 2007 -2089 15993
 789 -1785 16063
 1285 -1523 16683
 1096 -1427 14642
 715 -1947 15316
 76 -1431 16090
 1065 -2127 13713
 4009 -955 16748
 1788 -1753 18488
 750 706 19251
 2348 -892 17123
 3189 346 14502
 4348 -670 14729
 8423 -3031 17516
 7952 -1651 16400
 8419 -1727 13726
 7807 836 11187
 12864 263 6712
 15244 1238 6950
 14998 3914 3104
 17658 3607 3410
Repetition Start
 21511 3934 238
 15201 3817 4774
 13736 2609 2525
 15616 3057 6340
 14032 5050 6619
 18841 6049 7590
 14235 1992 3318
 10301 468 4200
 7982 1997 4010
 -11521 -3432 30285
 2195 3002 14939
 5581 -538 17280
 1422 4430 15335
Repetition End
0
 -1109 988 17743
 112 2607 16761
 1528 666 15701
 1629 675 15822
 2184 3358 16885
 1657 1635 16441
 3418 2115 15061
 3100 533 15647
 5046 2595 14918
 5001 639 14605
 4334 -304 15700
 2648 -1015 15356
 1319 -749 16511
 3501 -1236 17541
 1928 -2485 16786
Repetition Start
 2827 -633 16816
 4070 -653 20846
 3689 3039 20776
 -1292 3895 14535
 -3849 9264 9232
 -3814 7863 12393
 -13520 5051 4278
 -12370 5128 5208
 -11674 3772 3973
 -14704 5174 5959
 -13501 12415 8395
 -9888 10176 5934
 -13261 9244 7593
 -12671 8611 7400
 -14472 10196 9829
 -10879 8967 9447
 -7021 5811 1292
 5629 -7783 12669
 3316 2864 20852
 5924 -7418 18306
 -2904 -2513 13766
 -942 -454 17309
 3274 -1613 15434
Repetition End
0
 3552 -867 15790
 1826 -365 17190
 1036 -934 16231
 186 -850 15800
 1194 -1450 16292
 -6056 -1805 15880
 -2307 -2387 13404
 458 2154 12831
 6185 -2807 15220
 7928 2518 15913
Repetition Start
 7183 4818 22293
 3369 6325 25105
 -11963 -2282 14445
 -6833 4682 15194
 4900 -5365 21021
 -6323 2465 17278
 -4737 -412 3204
 4504 1270 5763
 5789 3555 21729
 666 11224 32489
 10099 -672 12361
 302 358 9179
 -10365 4415 15202
 690 -1295 19586
 4004 -1522 16635
 185 1834 13856
 791 -233 15425
 484 2020 17852
Repetition End
0
 7190 589 16823
 4206 293 16267
 2117 1601 16473
 2542 1211 16581
 1299 1204 16030
 3169 795 15877
 2188 1027 16241
 2471 733 16059
 1697 982 16347
 2081 747 16246
 1619 688 16177
 -756 1300 14483
 -2220 100 15475
 1883 3155 13852
Repetition Start
 7916 -267 14939
 1269 954 17647
 -85 1313 20079
 1017 -132 14274
 -5016 497 12197
 -1754 -2026 15505
 1712 -8509 17946
 -5906 -8089 28456
 -8646 -8524 26003
 -6391 -8552 19068
 2426 -5413 12875
 7003 -868 5882
 1272 2348 7012
 -677 8387 13312
 1574 5929 12355
 3474 3527 10121
 5970 5135 11667
Repetition End
0
 8573 1044 14752
 -4151 -22746 26778
 -2214 -4352 12709
 4510 1452 14205
 6500 -1642 18604
 1307 -1256 14545
 2637 -315 16187
 2626 -506 15815
 3532 -281 16537
 3723 -479 16521
 4027 -804 15407
 2408 -51 15667
 2904 -155 16022
 2606 -186 16436
 2633 -81 16086
 2212 -372 16093
 2600 -233 16326
 2899 -270 16347
 2546 -369 16185
 2959 -334 16047
 3106 -396 16220
 2567 -272 16126
 2873 -510 16320
 3395 -327 16263
Repetition Start
 3166 -417 16292
 3444 -753 16106
 3876 -348 15812
 3921 -717 16011
 3590 -695 16867
 2836 101 16613
 2105 242 16134
 1505 1007 15816
 55 1095 15723
 291 586 15752
 758 447 16351
 319 690 16387
 911 306 16632
 -199 505 16222
 -287 213 15925
 -1152 757 16545
 625 74 16169
 395 384 16051
 -358 857 15901
 565 1214 16093
 1356 142 17444
 2086 -122 16305
 2203 930 16963
 2705 234 14578
 4216 528 15060
 5077 -512 17664
 3562 -688 15090
 5704 -711 14821
 4236 -62 16709
 3249 -149 16174
 3999 -185 15539
 4219 -523 15989
 3698 128 16616
 3515 -339 15802
 3725 -340 16135
 4594 -814 16405
Repetition End
0
 2529 452 16729
 618 -3074 16167
 -2917 1752 15784
 -1237 1370 15212
 -1821 -46 15193
 -1549 -759 16996
 -1274 86 16515
 -777 -250 15754
 -319 288 16474
 -1387 609 16272
 -423 25 15979
 -380 36 16181
 -436 223 16007
 -671 240 16767
 -412 769 16353
 -297 199 15995
 436 327 16121
 181 273 15826
 -431 451 16669
 252 399 16310
 134 378 16213
 -39 313 16322
 -548 455 16107
 -709 73 16328
Repetition Start
 -592 -148 16066
 -1394 436 13966
 -1190 797 10517
 -182 1627 8433
 2311 -7115 8065
 6214 -8128 19045
 -4982 -7419 20167
 -2145 -2617 19193
 -10249 -10597 19144
 -3426 -9298 16463
 -3815 -6841 15051
 -985 -10248 14246
 -3896 -9006 18637
 -3348 -8334 18056
 2752 -6300 19992
 1427 -5677 16447
 2880 -3508 13196
 -273 2119 11349
 -2640 3623 9746
 -3221 2294 11642
 -1329 -320 15748
 -1941 1214 18506
Repetition End
0
 2308 -1293 15624
 1238 -1170 16675
 1043 -1836 17108
 -161 -1126 15816
 -125 -1234 15304
 268 -884 16690
 464 -194 16616
 493 207 16488
 479 328 16294
 89 268 15809
 184 192 15849
 286 399 16136
 257 222 16541
 123 452 16641
 257 547 16101
 -257 415 16209
 231 535 16339
 6 627 16246
 222 452 16334
 377 558 16142
 209 489 16128
 169 203 15842
 227 834 12859
 -694 1372 7821
 -40 -4629 7199
 4408 -8881 13801
Repetition Start
 -3072 -7987 21171
 -4111 -8174 15147
 -2770 -11135 22445
 -7956 -11400 26570
 -2777 -10926 22827
 -4206 -6440 18141
 3224 -3618 12259
 2573 2187 8997
 2754 5086 10468
 -457 1389 11621
 4059 73 14846
 989 -2395 18876
 1423 -307 16747
 2912 -487 15149
Repetition End
0
 2350 -938 15739
 1845 -406 16218
 970 -397 15989
 2099 -141 15478
 2581 19 15901
 2944 437 16422
 2456 454 16473
 2177 742 16404
 2409 761 16175
 2481 856 16048
 2240 1195 16102
 2247 914 16080
 2409 1123 16292
 2138 1590 16144
 2493 1247 16052
 2357 1538 15983
 2458 1636 16101
 2763 1944 16123
 2723 2448 15863
 2410 2361 16240
 2497 3025 15518
 2806 2831 15101
 1935 2350 14321
Repetition Start
 1566 1671 14832
 2603 3445 16673
 -308 -315 17825
 1903 503 14201
 429 7521 19831
 704 3045 15725
 868 1215 17189
 2260 2554 16518
 1730 1926 16343
 1886 1309 16350
 2501 1349 15479
 2663 1531 15066
 1853 921 14750
 2555 76 16123
 -64 -308 15153
 473 211 15385
 -387 2605 16099
 1399 1485 15131
Repetition End
0
 2137 3096 15459
 856 3548 16391
 936 3059 18851
 -568 -658 19456
 652 -928 18466
 -858 -2461 16726
 282 -2326 16316
 -735 -2615 14914
 106 -2469 14906
 -233 -1585 16206
 214 -1867 16550
 -288 -2055 16583
 -51 -2382 16466
 453 -2394 16053
 813 -1662 18491
 1526 2836 21114
 -224 2561 18116
 -729 2074 16584
 850 1946 15200
Repetition Start
 884 975 13745
 978 -297 13868
 -185 -774 14149
 615 -810 15730
 1897 404 16429
 338 471 15512
 919 978 15496
 2143 1068 15889
 241 1061 15133
 1783 2372 16344
 83 1962 16222
 1206 3311 15979
 832 5272 16702
 720 4007 16872
 488 3419 16413
 1275 3151 16114
 767 2185 16311
 857 2869 15805
 2741 2175 15734
 1455 2326 15976
 2037 2233 15516
 1886 1915 15254
 1791 908 15296
 1599 679 15022
 1940 602 15013
 866 585 15414
 1536 816 15333
Repetition End
0
 524 1228 15300
 1196 612 15355
 1777 1369 15695
 2032 1029 15806
 2784 1050 16087
 1942 1462 17733
 1835 -1572 19394
 897 -2801 18142
 2200 -4115 16787
 1973 -3997 16083
 2018 -4535 15462
 564 -4592 15499
 713 -4228 15837
 1625 -4256 15968
 2143 -4516 16663
 2508 -4502 18660
 2566 -3733 19665
 1862 -3404 19136
 1889 -3393 17605
Repetition Start
 1819 -2285 15715
 2021 -1885 14005
 2024 -2256 14262
 1665 -1891 14288
 397 -2333 14562
 1380 -1885 15513
 1823 -2018 15504
 1858 -1073 15727
 1596 -480 16589
 1646 -266 15855
 1644 78 15714
 775 -113 15742
 1439 -417 16503
 1373 27 16387
 1841 -528 16202
 2003 -136 16677
 1221 -162 16515
 1523 -298 16344
 1756 377 16403
 1285 659 16489
 1350 150 16266
 1572 -247 15950
 1458 -780 15810
 1238 -842 15519
 1817 -814 16086
 1479 -1068 16414
 1108 -1640 15707
 956 -2085 14751
 1232 -2210 14770
 1147 -2001 15552
 462 -1247 16314
 1675 336 15950
Repetition End
0
 1078 -219 15902
 -491 -823 16413
 403 -1681 17326
 538 -2535 17719
 1500 -3310 17859
 1822 -3528 17050
 1137 -3990 16060
 875 -4593 15706
 1779 -4476 15924
 1687 -3807 15940
 1408 -3504 15905
 1120 -3461 15950
 1259 -3815 16162
 1232 -4067 16151
 1247 -4065 15900
 1041 -3697 15849
 1088 -3824 16000
 1172 -3970 16823
 1636 -3215 18048
 1098 -2797 18554
 671 -2547 17856
 608 -3044 16727
 340 -2866 15866
 234 -2640 15362
 512 -2267 15015
 423 -2029 14860
 668 -1873 15227
 773 -1411 15365
 697 -1791 15156
 1120 -1730 16131
 576 -1543 16532
 1398 -1675 15565
 1203 -1421 15549
 1346 -1227 16444
 1254 -1062 15961
 1583 -923 16324
 1435 -654 16510
 1252 -1021 16121
 1523 -571 16406
 1368 -584 16225
 1635 -416 16155
 1513 -391 16431
 1656 -329 16101
 1789 -470 16445
 1764 -315 16287
 1556 -397 16217
 1751 -387 16259
 1721 -375 16149
 1439 -498 16249
 1474 -646 16220
 1303 -790 16169
 1082 -819 16456
 1227 -1270 16327
 617 -880 16338
 1236 -1712 16004
 492 -686 16780
 594 -556 16438
 1598 -608 16706
 3237 -119 16238
 3247 15 15775
 2520 -113 15605
 2441 -227 16381
 2863 -114 16610
 3972 -92 15186
 2609 -754 16745
 2083 -570 15829
 1334 -78 15538
 -109 -445 16303
 -1448 -1300 17002
 1927 -1701 15718
 866 -833 14877
 440 -917 16116
 2531 -1993 15939
 8001 -3159 14356
 3554 4955 17066
 8361 2745 13564
 9054 1273 12740
 10437 1346 12074
 8013 5195 13788
 4774 5216 13528
 4564 6901 13565
 7110 6942 12862
 8211 7769 10295
 2428 19438 5117
 1431 16582 8993
 1394 6417 11441
 -566 5622 13102
 1655 8145 17107
 4228 7884 22073
 1668 -1211 16877
 2355 3569 16628
 2188 1416 16149
 3009 2940 16069
 2269 3508 15918
 2323 2856 15852
 2242 2961 16618
 1067 2355 16337
 1366 3010 16468
 1678 3092 16427
 98 2222 16247
 1601 2967 15840
 1842 2930 15581
 99 1972 15972
 1667 1840 16088
 1575 1441 16182
 1507 2233 16009
 1252 2402 15928
 972 2316 16057
 962 2498 16178
 973 2558 16240
 864 2245 16109
 762 2002 15918
 1240 1839 15504
 1044 1621 16093
 1281 2607 15968
 1350 2240 16134
 1087 2193 16054
 1000 2220 16054
 1223 2375 15928
 3247 1061 16257
 1126 2154 16205
 343 3329 16573
 1650 2746 15800
 2989 1798 15853
 183 3249 15868
 2094 2125 15820
 -968 2929 16082
Repetition Start
 1251 2115 15922
 1942 2844 15978
 2390 2831 15997
 1108 3004 16267
 1149 3362 15705
 1648 2055 16026
 1753 2411 15973
 795 3399 16188
 412 1787 15893
 1685 2496 15994
 1926 2719 15872
 1048 3411 15878
 1166 2973 15861
 1168 2559 15800
 1166 1705 15663
 961 3736 15685
 921 2814 16025
 1683 2727 16029
 1705 1490 16074
 1749 2512 16060
 2286 2260 15977
 1410 2618 15916
 1266 2835 15939
 -33 4202 15444
 624 3051 15435
 344 2319 14867
 1417 3840 15786
 615 3816 15895
 1465 4920 15005
 -1528 5819 14962
 -1281 2875 16974
 736 4469 15098
 1225 2368 16092
 1352 3360 15751
 616 4407 15674
 2138 3423 15803
 923 3994 15594
 649 3590 15735
 1061 3770 15772
 1294 2458 16194
 717 4907 15490
 822 4036 15128
 485 4269 15822
 560 4283 15739
 951 3958 15913
 1142 3451 15732
 963 4809 15386
 1507 4260 14680
 1453 4986 15621
 1207 5722 15918
 1108 5884 16288
 141 6958 18845
 1918 9937 17639
 1634 9138 15981
 -1450 6127 12422
 3235 8540 9388
 2139 11625 10382
 3401 11242 10887
 1274 12161 15779
 2069 8429 14389
 2178 7185 13861
 2095 3031 14058
 1648 3237 14722
 1366 1591 14120
 2461 -3099 13723
 562 -2434 14883
 1068 -467 14389
 789 30 15612
 1661 -1052 15591
 1787 -1216 16402
 1296 -2565 16073
 1247 -2657 15494
 1120 -1151 16620
 2068 -1335 16846
 850 -2169 15483
 1443 -1811 15443
 1792 -973 15054
 1703 -1833 14542
 2325 -2581 13807
 1138 -1626 13790
 925 -1505 12809
 -96 2810 14191
 163 -3540 15127
 -1322 -6385 15327
 -2782 -839 13788
 2124 8586 10510
 3940 5499 8132
 -1636 187 9150
 -6530 -11773 15578
 1085 3678 18606
 -4587 1810 18419
 1085 726 15999
 912 2119 15712
 683 1605 16459
 843 2625 16189
 1887 2827 16188
 1527 2675 15920
 1349 2709 15889
Repetition End
0
 1115 2381 15894
 1043 2677 16052
 1030 2533 15945
 1205 2634 15982
 873 2793 15974
 1212 2092 16072
 685 2568 15886
 751 2456 16047
 821 1863 16264
 -225 2545 16241
 447 1932 15977
 607 1993 15902
 965 2510 16206
Repetition Start
 -116 2120 16036
 431 2803 15792
 220 2586 15550
 533 2509 16525
 1064 2378 16062
 642 2463 16018
 435 1817 16156
 848 1886 15843
 271 2344 16028
 548 2869 15913
 -15 1827 16386
 590 796 17448
 50 -918 17501
 -311 6507 17617
 -894 4293 15231
 99 7388 14187
 -1761 14070 16880
 2257 10950 14927
 1250 13038 11693
 4772 13342 12663
 2652 5907 12616
 -1764 5949 11636
 3008 11487 14799
 1124 6643 12308
 1481 4186 15467
 2181 218 15712
 -300 -2494 13221
 -518 -284 13894
 829 -5966 13917
 1725 -1996 14900
 1094 -1567 17004
 334 -1665 16136
 718 -585 16645
 -306 -3199 16880
 1406 -4123 13898
 45 -927 13985
 316 2662 11913
 108 -203 14272
 456 4139 15634
 654 4383 10768
 2111 8808 13307
 2270 7926 10476
 -707 1232 2565
 5721 25679 19654
 -3821 -8793 29220
 -596 4895 12964
 1939 9102 15023
 2848 -439 16755
 246 6019 15551
Repetition End
0
 1902 3435 15991
 -116 5861 15093
 348 4619 15322
 -326 3820 16358
 160 3696 15198
 -969 4478 15818
 462 3193 15997
 -204 4290 15675
 -573 3767 15547
 -362 3763 15693
 -19 3366 15857
 -737 3839 15697
 -607 3315 15762
 1054 3590 15546
 603 2428 15115
 300 2388 16143
 434 3056 16604
 -739 3214 15753
 28 3176 15836
 -324 3465 15605
 1119 3461 15428
 902 2665 15747
 671 3675 15580
 -122 3208 15988
 131 3625 15698
 -539 2397 16205
 -691 4259 15423
 -201 3101 15837
 -83 3582 15735
 -486 2641 16668
 -3269 2529 16560
 -759 3793 16367
 1185 4492 15164
 -114 5131 16008
 -207 3815 15825
 884 3876 16332
 1829 2632 17575
 -323 2985 17221
 3519 7884 14801
 3689 10311 14511
Repetition Start
 2298 9803 11404
 1066 9947 9967
 244 12655 9816
 2725 13209 10331
 2516 13467 9734
 2397 15152 9003
 2411 12767 5859
 4622 13456 5486
 3088 15518 8270
 1882 14405 11714
 2724 11739 11458
 3328 9079 10627
 2587 8369 11420
 2210 5964 13215
 722 6031 13802
 2811 4423 15528
 1517 2738 14728
 857 1335 12791
 2515 3272 15014
 2575 3697 15464
 2597 5275 17294
 930 1802 14734
 2903 4138 14831
 3071 5396 15237
 1783 4644 14534
 1397 3745 15323
 1081 4892 15161
 3653 5195 15357
 3477 4646 14386
 2118 5662 13615
 308 5035 11880
 -176 6549 13192
 1372 7120 13042
 3322 4853 11799
 -2044 4447 9692
 -2723 23556 29862
 1100 -22155 4692
 -2058 16219 20228
 3575 -1786 13557
Repetition End
0
 2426 4938 16264
 3324 3185 15596
 3066 3390 15618
 3300 3489 15590
 1964 1983 15818
 1742 2590 15879
 1894 3029 15712
 1468 2122 16221
 1167 2533 16214
 1476 1703 16041
 1904 1774 16227
 1853 2053 16016
 1485 1845 16764
 1207 1087 16357
 747 1341 16150
 1238 1190 15979
 704 1375 16223
 955 1592 16085
 1038 1567 16298
 1335 1349 16015
 1251 1489 16127
 864 1347 15922
 767 661 15795
 1471 2771 15715
 1410 -139 15777
 786 257 16471
 841 163 16113
 990 662 17365
 919 929 15789
 562 1230 16485
 845 835 16095
 1169 951 16622
 388 954 15962
 934 1671 16684
 767 498 16688
 1268 1725 16056
 1036 1476 16108
 499 1350 16214
 1141 1180 15770
 1380 1420 16137
 957 1071 16180
 918 1404 16213
 947 1425 16223
 740 819 16017
 2161 772 16485
 820 1239 15792
 913 979 16198
 310 2216 16098
 719 1335 15847
 838 1331 16740
 1369 1429 16143
 835 1407 16015
 1378 1078 16241
 1281 -727 17608
 -838 4601 15455
 -1517 1795 16513
Repetition Start
 -1804 1235 17219
 -1682 2787 16374
 822 2191 14670
 -389 1537 17179
 294 2087 15693
 1022 2577 16304
 529 4076 15865
 1433 3403 15503
 -178 2359 15948
 387 2757 15182
 -89 3145 16213
 1051 3130 15497
 125 3089 16055
 420 2170 15602
 430 2509 16763
 554 2897 16402
 1331 3462 15853
 538 2901 15756
 1723 3077 16637
 1587 3537 16041
 1440 2274 16359
 1645 1114 15988
 166 2408 15515
 1609 2408 16484
 842 2587 15629
 943 2592 15514
 332 2778 15827
 1521 4260 16086
 328 3855 16607
 703 3126 15418
 354 2677 16039
 749 3691 15601
 956 6741 16071
 -307 3334 15716
 1066 2293 16238
 2872 2381 15587
 929 2530 16158
 2167 2919 15859
 1302 2923 16451
 -456 1671 17872
 3838 6940 17067
 -139 3271 16819
 -940 3547 15416
 2077 11775 12356
 2021 11874 12035
 2594 12967 9617
 2238 16731 7853
 2283 8837 5420
 704 13775 6702
 4113 14245 9143
 2277 13952 11496
 378 8773 9662
 1622 12322 9655
 2330 11449 12090
 428 10668 13410
 2446 9155 10953
 1086 8927 12502
 1452 8827 12748
 2313 6469 13244
 1160 6271 14010
 1958 6533 12196
 1896 8029 13287
 2004 8050 12985
 1753 8083 12955
 1348 6665 8785
 713 7365 8567
 287 6129 8986
 3989 7159 8908
 -2250 4035 10788
 -6870 -27877 30870
 1625 -5524 18385
 1670 718 14030
 3595 -2328 14094
 2196 2917 15649
 2602 3786 15867
 216 4821 16653
 755 4667 16180
 3656 4375 15854
Repetition End
0
 1221 2662 15725
 -642 2590 16095
 -42 2430 15933
 -128 2846 15911
 597 2996 15776
 625 3050 15971
 957 2888 15875
