130 6417 2308
 184 6440 2110
 147 6315 2048
 181 6319 1979
 231 6202 2018
 -194 6236 1893
 153 6220 2013
 28 6246 1910
 111 6170 1877
 174 6248 1601
 96 6178 1890
 127 6087 1684
 146 5977 1528
 166 6083 1639
 243 6063 1575
 156 6159 1435
 336 6045 1459
 262 6139 1475
 172 6193 1654
 104 6033 1603
 146 6189 1867
 19 6212 1879
 -47 6295 2043
 -1 6383 2106
 -87 6366 2348
 -322 6405 2385
 -513 6480 2404
 -264 6414 2573
 -432 6597 2632
 -725 6773 2591
 -774 6877 2367
 821 5991 2939
 2681 7192 1806
 2365 5971 2501
 2793 5398 3542
 714 8661 3725
 -1531 6761 5377
 -169 7087 4558
 -1915 8123 4440
 -2146 6235 5278
 -1800 5672 5842
 -1732 6634 5352
 -1448 8395 4292
 -1276 5750 4096
 -843 7479 3612
 -386 7522 2579
 -709 6189 3251
 -1070 6859 3246
 319 6918 3697
 -1297 6724 3500
 -1576 7719 3793
 703 7128 3447
 109 6249 4584
 383 6715 3880
 -6 6822 4004
 -1532 7125 3948
 458 5168 3977
 750 6577 1768
 -1009 5710 2497
 -630 5132 2198
 -246 4873 2002
Repetition Start
 -859 5429 1393
 -1058 5350 1308
 -1020 3261 -433
 -1250 3572 -603
 -4777 9051 3952
 496 3898 5055
 -2446 4134 9451
 -819 7636 8517
 -898 4838 7843
 397 10215 5602
 -22 11359 4292
 1101 10693 4468
 3190 16547 94
 320 12112 3607
 1326 9163 4087
 307 7678 4267
 -1386 7772 3858
 1236 7172 2585
 -1577 9567 2176
 -2859 12974 2078
 -848 -5041 -3991
 -595 14158 2098
 737 4847 -3851
 -3170 3997 3567
 -952 5299 3083
 -1340 5234 3089
 -1453 7275 4187
 -978 6661 4406
 -1455 6426 2785
Repetition End
1
 -427 8206 2649
 -650 6404 3344
 -314 6127 3318
 -37 5645 3132
 535 6712 3417
 -1453 6289 2647
 -1541 6395 1151
 -879 6197 1750
 -1415 5085 2139
 -2188 5402 1684
Repetition Start
 -2044 4916 564
 -1387 4983 786
 -995 2539 1919
 2144 6114 2756
 -397 4188 4816
 1003 4786 4297
 1591 7006 3698
 -862 6462 4119
 -594 10269 2474
 -157 8290 2392
 -175 8232 2423
 341 8280 2503
 317 9037 2430
 -1450 12287 1931
 107 10896 3738
 517 9454 2717
 326 8892 2903
 1025 7215 4784
 591 8530 4321
 1819 9379 3150
 1389 9719 2792
 -1951 -464 214
 -119 9973 5144
 -2425 2249 1010
 -1176 2925 3204
 -403 5080 3320
 -1012 4316 3771
Repetition End
1
 -1062 5416 2304
 -50 6186 2450
 -511 7977 2584
 610 6210 2464
 -463 5552 1972
 -210 6072 2308
 894 6099 1189
 451 5343 1433
 183 5037 1377
 -1022 5847 646
Repetition Start
 -200 5639 1033
 -390 4742 1128
 -1017 3972 273
 -936 3892 -723
 -1818 2960 -672
 -1489 564 2100
 -3522 13727 3837
 -910 4542 3719
 -429 7367 5164
 -995 7281 4944
 -1662 8407 3616
 -1009 8615 2729
 556 9320 2518
 385 10762 1586
 -1397 10519 1659
 -355 11781 2872
 -1165 9719 4323
 -683 8507 5174
 -948 6999 5188
 -845 7255 5318
 -771 8136 6637
 -1011 6835 2518
 -640 -2831 506
 -2731 9255 703
 -295 4257 443
 299 5755 911
 905 6269 3396
 1579 4664 2570
 1783 5563 3876
 466 6294 3304
 1845 5425 3577
 627 5420 3612
Repetition End
1
 603 8576 4075
 -881 4077 3711
 -520 6430 2632
 798 7313 605
Repetition Start
 -307 5669 1973
 -1162 5671 1833
 -1468 5326 696
 -629 5678 356
 -593 4160 -267
 27 3729 26
 -202 -198 -302
 2815 11291 4185
 -2205 3019 2081
 4328 10410 3154
 -768 7814 3954
 -47 6280 4633
 921 8598 4094
 220 7611 3207
 -1093 9110 1089
 542 9753 1111
 716 11034 486
 975 9814 1533
 2147 10008 2950
 1172 6126 5773
 2429 7770 5518
 2665 10814 5356
 1950 6910 3388
 -1424 -3044 -1680
 2325 9579 2044
 -3709 5882 -343
 -814 3888 1549
 -331 5635 1652
 130 4775 2448
 -1188 6051 2055
 -787 5826 1783
 -1090 4378 2275
 616 7263 2259
 1658 6428 1026
 1705 6349 1702
Repetition End
1
 1657 5859 1268
 1392 4414 2085
 1138 5085 1003
 1186 4434 1314
Repetition Start
 640 5841 1241
 884 3760 454
 670 4606 351
 -245 4435 -370
 -168 4898 -899
 -255 2816 -2144
 -1242 912 1407
 -1790 9966 3431
 -440 4261 3790
 -402 6552 6163
 -1185 8701 3970
 250 6295 3963
 884 8712 2897
 524 7920 1757
 1313 10694 1009
 921 10757 527
 1087 10957 81
 1490 9851 1325
 1034 8081 2631
 201 6537 2875
 -80 8374 2128
 -124 8719 1650
 -410 10564 1104
 -3268 2031 -2613
 1346 6572 1841
 196 -882 803
 -1121 5069 1898
 1236 3768 1711
 1055 5206 1674
 890 4579 3669
 2135 5726 3351
 2168 7075 1249
 1711 5742 1991
 1253 6978 2388
 1340 5846 1198
 1995 6444 3379
Repetition End
1
 -701 5734 1094
 186 7378 691
 -145 5559 2079
 -1357 5748 2831
Repetition Start
 -1504 4358 951
 -271 5984 1159
 -2059 4415 236
 -1633 3830 -254
 -2457 2628 -1165
 3262 6798 2571
 -588 6712 2222
 1457 7415 3067
 -410 6536 4172
 -237 7467 4352
 578 7124 4512
 307 6775 4629
 276 8473 3305
 647 9152 1667
 1151 9895 1635
 1165 8824 1250
 775 9246 566
 1498 8751 1001
 1334 8372 2099
 704 7686 2470
 1797 8392 4552
 2441 9206 4834
 2284 7657 2166
 -725 -3995 1591
 -148 10707 -104
 -1179 2079 -1159
 -268 3499 2647
 -170 6137 3722
 -290 5767 1045
 -44 4817 2014
 -227 6453 2813
 859 7279 2553
Repetition End
1
 23 6127 2473
 1287 8275 2300
 -320 5336 1716
 1157 6008 2287
Repetition Start
 1241 5228 1252
 997 4768 1534
 2329 3964 1172
 -363 5442 209
 -626 4677 -115
 320 1742 -1134
 -1274 501 1888
 -1902 12016 1103
 1010 4708 3918
 -422 6543 4348
 1033 6860 3345
 -252 7332 3940
 -230 6970 2914
 -299 7233 2117
 839 8906 678
 -969 6214 1388
 445 8684 209
 1051 9806 -1551
 692 10010 -399
 -156 9528 1370
 -261 7677 2663
 374 7830 2210
 -281 6901 2000
 -696 7732 2601
 -373 8295 2400
 -1451 2336 -774
 801 -1796 814
 -1824 5216 -751
 -45 7035 -67
 -1359 4575 1739
 -785 5340 2394
 -162 5535 3117
 156 5324 224
 -116 6420 2289
 293 6614 3648
 -733 6010 3348
 -1292 6572 2064
Repetition End
1
 64 6225 715
 -841 5971 1900
 -1855 6175 1660
 -1526 5030 595
Repetition Start
 -764 4402 1006
 -1196 5502 416
 -1173 4605 -605
 -1218 3579 -904
 995 3383 627
 2443 5966 1095
 711 5321 2861
 2228 6680 2554
 -49 5904 3212
 172 6263 2952
 781 7801 2721
 -36 7894 3586
 256 9799 2805
 1079 9278 2220
 812 9074 2367
 1105 10673 1639
 1049 11056 2505
 1811 9733 3436
 1291 8291 4142
 1706 9345 3994
 2334 9507 3773
 -265 2564 555
 -619 -5741 3420
 572 3781 -679
 -1004 7909 -1759
 839 2797 581
 -873 3370 1876
 34 5542 1263
 -301 6199 671
 -1952 4473 408
Repetition End
1
 1067 6020 415
 -481 4979 12
Repetition Start
 -928 6011 1938
 -260 5772 1862
 694 5645 1241
 1218 7479 310
 -152 5406 691
 932 5879 1103
 659 5463 1269
 195 4732 566
 -504 4124 328
 28 5289 172
 -727 4382 -205
 -756 1524 -1122
 -3053 8214 2907
 107 5732 1949
 -1676 7101 2515
 -1015 7358 4876
 -312 5371 3563
 451 7236 3684
 -241 6499 2702
 972 8445 1313
 910 9045 960
 -114 10125 733
 1288 11396 -1387
 542 10552 1363
 114 9297 2839
 645 8654 4646
 290 9260 5716
 -704 10121 5829
 -814 9326 4897
 -440 -5234 -680
 -689 6693 1765
 447 1136 1596
Repetition End
1
 182 2267 3003
 75 4608 2309
 368 6424 2193
 65 7528 1497
Repetition Start
 1523 6190 1916
 1533 5839 3105
 358 6548 872
 -627 5444 2931
 -971 6064 926
 400 5621 1091
 -664 5424 1207
 -1156 5599 591
 -718 5873 747
 -1431 4967 395
 -1822 4870 509
 -1518 5015 -222
 -1474 4715 -1421
 -2261 4978 -1459
 -1587 2121 -1184
 1373 7984 335
 823 5497 1013
 1437 8079 4469
 281 3681 4995
 1231 6806 6062
 471 6663 5907
 437 7484 4884
 429 9656 4560
 1207 8251 4215
 895 9280 2942
 1827 11217 1449
 1221 10976 1303
 1572 9958 1863
 2747 8252 3500
 215 6956 3122
 1347 8330 3180
 1868 9231 2630
 2025 8867 2299
 -352 1934 2195
 -2440 3500 2315
 1141 2503 -85
 -231 4452 481
 -380 4517 2096
 5 5297 1297
 347 5065 1494
 321 6158 1216
 -61 5147 1303
 -754 5033 1681
Repetition End
1
 741 6046 992
 1657 7422 1514
 1070 4650 1933
Repetition Start
 1015 5925 1299
 1694 6015 680
 -113 5791 1884
 993 4241 1836
 741 4668 1398
 -233 5997 815
 -354 4297 503
 -369 3912 -397
 -512 1348 210
 -3010 10066 6564
 930 4916 4028
 -2186 7718 4358
 1147 7036 3002
 354 8283 3594
 1031 7110 2596
 -93 10759 714
 1878 10112 138
 1067 10185 2427
 1744 8197 1090
 1264 9236 2556
 1527 8557 3726
 560 7908 4492
 202 6466 5209
 -171 7420 3679
 -610 12923 4575
 -1021 1525 -494
 188 5316 1252
 1857 2431 2298
 1244 4781 2277
 841 5497 2879
 540 5673 3277
 1892 6544 3515
 1157 7043 3617
 1876 5155 3709
 2677 6383 3889
 2136 6355 4152
Repetition End
1
 1970 7343 4180
 1040 6776 3763
 856 8238 4414
 -2381 5981 2780
Repetition Start
 -702 7182 2011
 -855 6316 3003
 -2379 6018 3278
 -2359 5845 1603
 -432 5196 2862
 -2530 5144 1463
 -1744 3903 61
 -1817 2633 -964
 -1549 4140 1294
 4072 6883 3544
 -1412 5406 2451
 1951 8261 1966
 1523 6483 3697
 -447 7034 3510
 312 7886 2845
 497 7332 2571
 354 9507 2067
 600 11622 1610
 885 11417 1927
 774 10197 2621
 1338 8953 3646
 1163 8151 4281
 842 8409 4350
 1440 10193 4622
 1142 5895 1130
 -3316 -3422 778
 1762 5736 1935
 -1629 3230 1791
 -732 4922 3054
 -847 5519 2396
 -1027 6588 2071
 -707 6069 2796
 -123 5973 3104
Repetition End
1
 -769 5794 3162
 -885 6677 3257
 460 6149 3407
 676 7017 3156
Repetition Start
 1297 6377 1367
 -1945 5704 1498
 368 4941 3207
 948 5234 1930
 -1110 5245 1402
 -481 4720 1327
 629 4705 721
 -1666 5493 575
 -2128 3449 -151
 -2260 7868 2236
 -2371 10169 4907
 -1566 3973 6185
 -1032 7265 6375
 -288 6544 5830
 45 6419 6263
 1218 7402 4116
 1388 10548 2691
 2561 11330 1076
 2565 11643 322
 2053 9892 79
 150 8441 1990
 1333 8087 4729
 2668 9719 4799
 714 11968 5286
 724 6378 1645
 -15 -3257 969
 -911 5821 2853
 1377 4022 2581
 305 3641 2449
 642 5903 2796
 1369 4473 2436
Repetition End
1
 220 6964 2409
 -1278 9128 2548
 180 4258 3023
 -500 7211 2071
Repetition Start
 -1378 6155 2084
 -940 6526 791
 -1741 5419 2288
 -2909 5230 1535
 -995 4938 235
 -797 4471 348
 -1974 4484 -553
 -1293 2504 -1348
 -235 4172 226
 2021 6305 66
 2535 8411 6318
 -91 6916 6295
 1270 6928 5284
 978 7932 4216
 551 6810 4793
 569 9484 3679
 291 11054 4422
 -377 8978 4351
 511 9997 3294
 204 10495 3189
 1394 9831 3192
 1180 9502 3917
 2343 9757 3864
 2450 10244 3593
 772 733 875
 -364 8658 2469
 436 4903 2201
 -295 3468 1540
 -603 4887 3195
 -710 4815 3372
 88 5870 1940
 -493 6221 2141
 -94 6775 1769
 -404 7038 3141
 -480 6527 3528
Repetition End
1
 -852 6932 3400
 429 6353 3510
Repetition Start
 232 6706 2767
 -993 6588 3206
 -3 6065 2697
 -1413 6027 2471
 -1472 5990 2598
 -1405 5549 2041
 -505 4937 -680
 -2201 5256 -487
 -1976 2877 1444
 -3533 10147 5011
 -1143 5774 6456
 -687 4724 4460
 -789 9602 5699
 -2019 6999 5891
 -387 6284 5833
 -1023 8421 4736
 -2765 9102 4403
 -871 10641 3693
 -2569 11701 2141
 -741 11785 3415
 -1291 10193 5702
 -1417 9225 6747
 -854 8488 7033
 -1710 9427 6988
 -2333 7634 4763
 1227 -4716 2481
 -1502 8864 3127
 965 2924 2010
 1581 4009 2518
 759 5870 2904
 1072 6751 2820
 1094 6650 3934
 1076 6963 4185
 299 6880 4513
 954 7165 4867
 -1034 6609 4698
Repetition End
1
 -565 6670 3466
 -519 6182 3176
Repetition Start
 -1081 6326 3626
 -1752 6681 3588
 -170 6079 2950
 -850 6427 2687
 -1622 5630 2337
 -1547 5174 1245
 -1470 5620 28
 -3427 1345 132
 2225 8221 3726
 -333 8058 4026
 -542 5975 3752
 1335 7513 2567
 -332 6486 1905
 388 6492 572
 966 8327 1008
 950 7837 587
 741 9651 1038
 1792 9850 1060
 755 10031 495
 1450 10138 1910
 2252 8640 3370
 1037 9784 3561
 2286 10253 3988
 1095 4299 3547
 -3425 -4117 2405
 -144 6809 331
 -2374 3690 1094
 -1676 4579 3591
 -1725 4435 3391
 -1160 6171 3453
 -313 6647 1557
 -77 7636 3359
 -361 6192 3329
Repetition End
1
 -785 6346 3543
 645 5806 3152
Repetition Start
 903 8209 1325
 242 5181 2102
 1423 5381 2576
 1328 5446 1532
 650 5223 413
 -377 5360 234
 -534 3961 -276
 90 3310 -684
 -1541 1643 -91
 -4062 9512 2514
 -708 3878 1931
 -148 5715 3529
 -155 9354 5084
 518 6494 4244
 1331 6808 4376
 1522 8811 1893
 631 9149 2330
 209 9073 1596
 621 10806 383
 312 10369 855
 306 9423 2229
 -321 7619 2977
 1572 6238 2854
 1611 6754 2513
 1423 11286 2289
 422 9013 1732
 -204 173 -444
 -6 8209 2230
 1098 2787 1694
 -249 3396 1899
 650 4829 3872
 1218 5284 4166
 -763 7268 3565
Repetition End
1
 -932 5773 3975
 140 5979 4485
 -828 6477 3912
Repetition Start
 -570 6231 3667
 -760 7976 2305
 -2454 5795 2735
 -1275 6254 2093
 -1432 6131 2197
 -1642 4866 1759
 -1212 5132 987
 -856 4914 -182
 -1348 4219 -249
 -1457 1364 -514
 3592 7795 4328
 -1093 4246 2663
 1783 8003 2107
 382 6515 5480
 -306 6868 3365
 1189 7977 2846
 1224 8228 2671
 -356 7278 2757
 1875 9959 1680
 -565 10364 209
 218 9772 -265
 671 8759 1033
Repetition End
1
 489 7861 2212
 768 8887 2457
 1698 9766 2413
 925 7962 2791
 222 -1381 1214
 716 5418 2774
 -139 3929 670
 754 4650 525
 637 5376 1810
 -157 5033 1173
 -336 5290 1779
 97 5707 1609
 -106 5115 1657
 262 7762 1888
 -444 6377 1897
Repetition Start
 -902 5072 2471
 -1030 5520 2056
 -311 6499 2847
 -656 5935 2585
 709 5911 1968
 -245 6575 283
 -1055 5246 2448
 399 4918 750
 -1089 4698 -685
 -817 5720 -13
 -777 2494 -961
 -1651 3727 1670
 -4490 6263 971
 2897 8079 4811
 -960 5268 5798
 -80 7139 5794
 967 6170 4061
 548 8490 2758
 368 9595 3885
 46 8790 2867
 817 10028 2337
 1267 10715 983
 632 11123 1607
 108 10037 2314
 74 10441 2822
 1021 9441 1634
 -1535 8993 2812
 -985 4270 430
 -846 -1596 1717
 268 -303 3639
 292 4617 2399
 111 3911 -332
 -84 2674 1243
 1493 8340 1855
 -1645 3961 -1979
 -1199 5563 522
 117 6483 2708
Repetition End
1
 -1320 5496 193
 -1760 2828 -537
 -1107 4358 93
 -2543 6161 299
Repetition Start
 -2503 5296 -1434
 -3076 5123 -1644
 -2449 3491 -1875
 -3466 4288 -911
 -3145 3296 -1740
 -3546 2655 -792
 -2436 1117 -1015
 2825 3665 2887
 1556 7799 1222
 -2001 5578 1404
 554 4756 1132
 -895 6733 206
 -831 6003 1349
 -1118 5406 952
 -1188 7566 595
 -1497 9534 567
 -2297 8937 -9
 -1720 10485 -726
 -1450 8532 -823
 -647 8453 1018
 -1651 6790 2014
 -1096 8152 2984
 -839 8950 1249
 63 7304 1711
 -566 -3324 -651
 -491 8228 678
 -1971 4008 -887
 -12 3555 -700
 -1651 3727 1695
 -404 4231 1103
 -537 4834 858
 -451 6278 337
 463 6524 805
Repetition End
1
 -1337 5363 2844
 -926 4914 1127
 846 5393 994
Repetition Start
 829 7401 -2630
 -123 3687 -849
 127 3611 354
 -133 5417 -956
 -186 3510 -719
 814 3169 -535
 -1859 1330 -1587
 -5056 10530 57
 128 1575 -1546
 1132 8490 7038
 -1281 6682 5935
 618 7985 6410
 -412 8307 4659
 2925 13220 3286
 1800 13705 3230
 3314 11342 3687
 2479 10819 5451
 2193 9195 4530
 2568 10540 5093
 1588 10023 3599
 1345 4078 1885
 998 -1874 894
 -435 4633 1481
 2384 4431 967
 3984 3945 1922
 1793 4641 2481
 2091 4878 1132
 2274 5877 3524
 4034 4240 2388
Repetition End
1
 2719 8185 3653
 -723 6097 3714
 1977 6060 942
 902 3992 2472
Repetition Start
 240 6963 1962
 1875 4348 -171
 1291 4159 2055
 -462 4281 1453
 271 1874 -863
 -418 -475 -214
 3171 10408 3970
 968 8113 -471
 1792 8491 3960
 2303 8004 4439
 74 6204 5485
 2251 9293 3704
 2490 8925 2366
 1259 11765 2687
 3560 9625 1106
 3982 10192 2938
 3115 8919 3488
 2581 9389 4207
 3554 10668 5088
 2909 7134 2484
 249 93 629
 159 4280 1428
 9 5567 1928
 -569 3898 945
 -1099 6207 3019
 -749 5518 3584
 -1220 5221 4371
 -654 5594 3578
 -2226 7498 3957
Repetition End
1
 -1379 7055 3245
 -172 7205 3627
 200 5727 3121
Repetition Start
 -101 5384 3076
 867 7081 278
 -1336 4949 2494
 758 5606 2534
 628 4178 181
 -1477 5391 710
 -858 5336 823
 -445 3475 -695
 -453 1893 -1483
 -2122 7503 1979
 -369 5718 4082
 -2921 8432 2868
 -2745 7750 3159
 -1087 8270 4854
 -1263 6871 4240
 -2237 9962 6187
 -1853 11516 3904
 -764 11688 3997
 -114 12101 4326
 -986 9932 5539
 223 9506 5953
 597 10371 4921
 -53 8802 2926
 -791 2388 2754
 -1543 1294 2174
 225 3827 2225
 315 3058 397
 249 5354 2071
 1321 4711 1759
 740 5319 2512
 902 6322 766
 -872 8294 625
Repetition End
1
 597 5219 2421
 -248 6286 1328
Repetition Start
 -708 5510 -321
 -558 5377 2044
 -1725 6886 2176
 -3298 5424 352
 -450 6162 443
 -2139 5671 619
 -2243 4685 1125
 -2197 3944 663
 -2259 3190 -301
 -443 2678 -650
 2356 7129 2273
 -1016 8135 3057
 -249 5533 1876
 1840 7439 1806
 1459 6589 1120
 1571 6595 1716
 2215 5272 2556
 1130 8344 628
 1111 7729 -1288
 3492 9910 -2560
 2276 8282 -2369
 1694 6864 -1092
 2416 5987 -1283
 2589 4719 -985
 2730 8865 -724
 4376 7686 -659
 2069 4584 -261
 -2731 -5050 -613
 1864 7077 1129
 44 3355 415
 -136 3534 2025
 -1049 4861 2270
 -33 5873 2104
 229 5484 1658
 186 4859 1065
 -97 5697 1093
 256 6481 1212
Repetition End
1
 445 4932 849
 838 6572 1019
Repetition Start
 1029 5368 -618
 538 5643 -70
 332 4071 110
 786 4269 -87
 29 2465 -959
 -365 3183 -1308
 -709 2348 -1847
 -822 28 -1015
 -1808 8400 1317
 593 4927 -906
 -373 6046 2665
 436 7823 1787
 190 4854 2142
 928 4891 1652
 1519 8731 -901
 1586 10261 -1929
 205 8073 -1566
 2163 8979 -1840
 1224 8060 -1501
 -166 7603 541
 1622 6704 683
 962 6772 712
 1563 7418 439
 980 10797 563
 785 3866 -2382
 -1285 -3845 961
 -1291 3047 2224
 575 2649 993
 68 5429 993
 400 6108 1588
 660 6526 3139
 -280 6246 2984
 -682 6142 3001
Repetition End
1
 111 6776 3225
 1380 6869 3522
 108 6748 3827
Repetition Start
 351 7447 3294
 -942 5251 2711
 -1184 5187 614
 258 5126 1386
 -2286 7348 -779
 -1822 2715 1394
 -1112 5026 1151
 -1112 2558 -1397
 -539 -462 -2768
 118 3514 57
 2180 6016 706
 3881 9580 2587
 2025 5830 5310
 510 4755 8081
 680 9955 6634
 936 10203 6234
 2061 9675 7545
 1466 13056 8109
 2484 12268 7648
 1393 9791 7725
 1908 9140 8014
 2672 10141 7216
 2708 11728 5831
 1919 3643 1506
 -4348 -1926 1842
 3582 5115 2811
 -1712 4939 2602
 -1286 3700 2980
 -832 4732 1389
 -2261 4964 1747
 -1189 5096 931
 -1281 5950 786
 -1527 5934 512
 -1418 6178 1192
Repetition End
1
 -1857 5114 1770
 -1169 5616 1021
Repetition Start
 -220 7668 1787
 -46 5484 2515
 997 6355 1854
 -529 5357 977
 -493 5597 2676
 1596 5163 1604
 -369 4896 1043
 -1140 5567 1585
 -14 3710 581
 -14 3530 -473
 -1510 813 230
 -3143 8725 2803
 -1374 7448 839
 -728 4845 2550
 615 7367 1956
 -954 6310 2409
 90 7147 2390
 985 8224 694
 184 9370 477
 -328 8330 374
 913 11134 565
 -14 9948 182
 171 9417 1064
 755 9920 2058
 161 11537 3019
 41 10204 2629
 -609 -7103 -1211
 -2259 13923 2164
 1245 1744 3009
 701 3361 2953
 174 4596 2728
 585 6302 3574
 742 6465 1378
 324 5702 1607
 780 5681 1753
 1157 6176 1742
Repetition End
1
 1200 5303 1975
 753 7036 2689
 -458 4911 2468
Repetition Start
 -814 7377 2075
 -933 5792 900
 -307 6101 1630
 -1163 6055 2014
 -1155 5650 1736
 -1313 5028 755
 -113 4517 269
 -2129 3951 -926
 -1167 2317 -2728
 -1017 841 -2943
 502 -139 -882
 4668 9457 2398
 -176 4462 -1438
 1701 4055 -1290
 2815 7861 -2991
 13 3584 -1747
 1576 6101 -1435
 1459 5636 -4001
 2106 7925 -3730
 2649 6980 -2647
 2961 6547 -1560
 2885 6506 -1322
 3054 6951 -309
 2200 6945 84
 2088 7073 1179
 1722 8717 1700
 3459 9971 1638
 -3130 -5325 -4810
 -243 8839 3624
 -1341 637 1181
 -2666 3758 1881
 -4412 5630 1929
 -1754 3635 1667
 -3801 6653 2007
 -2338 5883 1087
 -2379 4781 1226
Repetition End
1
 -1216 8716 2597
 -689 8794 4337
 -3133 2125 4583
 1792 8251 2492
 -307 6580 2432
 -1402 6422 3031
Repetition Start
 246 5251 2927
 1178 4662 1233
 -1505 7350 1013
 -1848 6067 2376
 712 3635 934
 864 4033 283
 -3229 4274 310
 -1295 1746 880
 -573 8717 3569
 210 6194 3679
 -1883 7600 4971
 1609 7394 5270
 647 7141 5906
 109 8433 5266
 1619 10423 4035
 74 12972 3204
 -491 12700 3555
 -271 10353 3403
 -1412 8562 5282
 486 7955 4569
 -67 8768 5085
 -521 11312 4473
 -719 8301 3960
 -1578 -1306 976
 -1035 6840 1675
 1624 4529 1487
 -361 4103 2544
 873 4583 4429
 280 5802 3709
 557 6530 2279
 179 6194 2315
 899 7990 2640
 486 5776 2227
 1645 4428 2100
Repetition End
1
 2122 6198 1122
 652 5609 869
 499 6423 1958
Repetition Start
 -882 5575 -118
 98 5328 30
 -67 5500 1779
 -2064 4985 2238
 -1233 5136 1615
 -212 5241 1474
 -1162 3935 467
 -1535 3731 -398
 -1147 4281 2533
 1040 8459 1857
 302 7667 4850
 2684 6085 5118
 773 6963 5976
 -344 6852 6015
 1329 8014 4414
 855 8981 4007
 21 8675 3456
 837 9840 1864
 995 11585 931
 632 10228 1142
 645 8794 2069
 -545 8153 969
 417 7825 2057
 200 8473 1786
 729 10655 4429
 -1485 5107 4239
 -3411 -4779 800
 2077 7644 357
 -1869 4276 1583
 -1474 6340 1099
 -1610 5333 2233
 391 4937 1580
 -1483 5442 1223
 2514 9745 -109
 -557 6145 4142
 239 5227 2072
 2380 5965 537
 305 5905 116
 -1378 3345 -97
 1775 3430 -57
 -20 3072 354
Repetition End
1
 -1309 3537 -297
 -733 4044 -1416
 -1485 448 -1257
 -2921 5870 3089
 -253 9111 -194
 -39 8230 4131
 -1871 8397 4219
 2685 9378 2892
 -3170 8969 3876
 -2506 7379 5210
 -2238 7147 5019
 -2757 8481 3894
 -2657 11268 4602
 -3101 11130 4965
 -2931 9925 5931
 -2790 8688 6800
 -1788 7766 7589
 -178 9364 7360
 -871 11710 6844
 104 4434 2811
 -2065 1886 1777
 -83 5806 1258
 466 4563 1011
 -748 4687 2489
 -346 5205 1898
 609 5870 1649
 161 5552 1581
 744 6176 1774
 562 7988 1163
 886 4933 2419
 1720 7004 2799
 -1231 6719 2404
 -928 6831 3130
Repetition End
1
 -1500 6566 1440
 -1360 4660 2427
 -1462 5959 3744
 -1407 5207 1867
Repetition Start
 -1034 5466 132
 -567 4530 440
 -1924 3613 -538
 -1661 1843 -982
 7083 6618 3013
 -1401 5201 3924
 1749 4815 1793
 1464 6771 2542
 1736 5300 1937
 2379 7430 1922
 972 6457 956
 804 6887 2466
 1534 7909 1479
 1629 9161 943
 1597 9153 1294
 1042 9087 820
 1120 9281 872
 1538 8446 1896
 779 8248 3429
 1150 9193 2760
 1107 9699 2969
 430 2800 1877
 -773 -186 1139
 188 6932 243
 -169 4302 -51
 146 4156 958
 290 5145 1852
 175 4613 1498
 -1266 3760 845
 1018 7888 1571
 667 4072 -519
 1022 5499 510
Repetition End
1
 346 3877 340
 780 5651 -179
 1721 4656 405
Repetition Start
 581 3254 376
 1127 3960 -596
 -267 4116 -868
 74 3999 -1628
 -627 1363 -1613
 -2122 9225 -192
 1231 2649 924
 505 7131 2029
 -3022 5693 2180
 -2135 5241 1914
 713 6925 2875
 508 6271 1336
 547 6542 897
 1201 10756 -690
 2344 12108 -1009
 2815 9620 -1075
 1782 9899 652
 1884 8703 1568
 677 8457 1933
 -558 8770 2639
 -1173 8840 3806
 -1638 3076 2807
 -714 1014 2346
 -3172 2970 4535
 452 3636 2509
 242 7113 2550
 -1099 7324 1601
 -672 6105 2423
 372 6025 2259
 -363 7737 1613
 -777 6731 3149
 110 5511 3164
 124 5957 1905
 -209 5924 2420
Repetition End
1
 266 8588 2743
 -432 4628 2116
 -1535 6025 1557
Repetition Start
 -281 5655 1819
 -1267 6100 1169
 -1464 5140 2201
 -629 4721 1033
 -396 5477 426
 -609 4076 -174
 -1372 3342 -732
 11 3506 288
 4691 7965 4691
 1593 7726 4999
 3612 4105 3315
 2351 7339 3585
 1602 6476 4995
 2091 9717 3450
 1387 6799 5690
 1239 10467 2128
 1482 9995 1904
 2085 8652 1425
 2932 9504 848
 2393 9544 1452
 1641 8731 3240
 1764 9113 3246
 3734 9293 2751
 2474 8681 2027
 -3935 -5523 -1735
 3219 10389 -1517
 -1372 724 -209
 -65 5245 334
 -418 4309 1328
 -770 4369 1422
 -695 5433 921
 -218 4550 1458
 -129 5225 277
 -112 5338 -372
 -154 6874 1577
Repetition End
1
 -967 5261 1542
 -820 5120 2060
 -1643 5921 2603
Repetition Start
 1050 7146 2294
 965 7294 972
 -826 4607 2220
 297 4763 1883
 -34 4923 622
 -1462 6231 582
 -381 3734 -381
 -1284 2108 67
 -2816 9078 1676
 -362 3265 657
 20 8154 2542
 508 6944 2715
 666 6211 3631
 1557 5469 1865
 1137 7410 1419
 2623 7733 -547
 2341 7974 -510
 2134 7937 330
 1731 9766 -1576
 1678 8962 -497
 1129 8219 125
 1327 8742 2325
 1548 8061 1794
 1156 9632 2686
 132 8469 2509
 -1339 1138 1658
 -2208 2184 267
 353 4237 1778
 100 3628 1508
 865 5856 2677
 159 6620 2890
 1057 6057 2305
 961 5241 2705
 1500 6337 2254
 2724 5445 2109
 1631 6256 2867
Repetition End
1
 1535 7817 1818
 925 5075 1264
 -1637 4706 2505
Repetition Start
 -926 6310 440
 -90 5864 1646
 -2242 5817 2255
 -1524 4945 1151
 -980 6406 -655
 -1583 3929 1
 -743 2735 -949
 2897 8338 438
 2083 3776 4426
 144 6466 6430
 1092 6777 5489
 1078 7821 3847
 -1171 9132 4792
 78 9911 4552
 -64 9197 2640
 327 10523 4503
 1854 10087 2820
 -260 10251 3790
 262 10224 4486
 1818 8352 4558
 1650 7762 4940
 1178 8859 4846
 2819 10389 4333
 105 5685 5089
 91 -1750 1907
 2200 7964 945
 2267 4919 -491
 1890 5160 1412
 2759 4710 2313
 -105 5580 2965
 1309 5216 1310
 1318 4902 1049
 1102 5561 321
 593 5576 480
Repetition End
1
 58 5470 323
 734 7410 1877
 850 5677 1636
Repetition Start
 -89 6294 2526
 357 6940 3457
 766 4984 2915
 1701 5602 1962
 -441 7510 2722
 160 5513 3223
 1962 4630 1877
 -764 6740 1744
 -692 5774 1322
 14 4980 553
 -1075 3689 102
 -1706 862 432
 -4430 11254 2989
 2435 3752 5012
 -249 3900 2737
 -88 8066 1643
 -534 5948 1592
 280 6503 192
 -1231 7181 -241
 530 9070 -1095
 1187 10451 -1910
 -443 8987 -730
 2873 9428 636
 186 8281 725
 287 8281 1903
 150 5829 2447
 646 7975 3983
 691 7692 4799
 208 8240 5749
 76 7195 4419
 -2690 1211 -808
 -1643 7836 176
 969 2954 1929
Repetition End
0
 813 3740 1361
 1156 5026 1510
 1797 6008 991
 1074 5024 1590
 1907 5452 2347
 1157 6774 2111
 1318 6088 2435
 1520 5528 2118
 809 5394 1308
 81 5812 1866
 -534 6224 1579
 -721 6918 1128
 -89 5288 1519
 -1583 5940 2658
Repetition End
1
 -1433 5364 2201
 -1223 5119 1843
Repetition Start
 -1246 4847 1039
 -1891 2121 -134
 -148 5889 1218
 1991 5339 2870
 1909 9668 234
 2462 5431 3545
 3139 6148 3341
 1911 7358 3147
 1423 6904 2047
 1122 7318 2129
 1954 7941 1106
 2110 8470 1538
 2079 7491 2036
 1630 9267 2108
 2643 9566 2243
 2286 9258 2236
 1694 8967 2530
 2014 8964 3204
 1567 9499 4121
 2307 10289 5322
 2901 2967 3313
 -2814 -6803 1530
 2660 5122 1964
 -236 5848 105
 -229 5961 1894
 831 4568 2049
 -230 5678 2433
 -228 6143 1337
 63 5263 673
 1217 7476 1512
 658 5271 1469
 269 5581 1473
 597 5830 1406
 0 5298 2524
Repetition End
1
 440 6398 2190
 1150 6493 1639
Repetition Start
 -85 6768 244
 194 5037 1228
 222 4512 700
 -1075 4480 492
 -1312 5217 -124
 -1001 4568 -743
 -877 1782 -176
 -3446 9068 2215
 -432 6990 2870
 -1533 6953 4179
 -2142 6226 3987
 -1279 5162 4230
 -1088 6803 2708
 384 7026 2163
 -94 8199 1483
 1609 10313 1251
 1831 11275 1057
 1090 11464 1734
 879 9074 2613
 1061 9142 4899
 1211 8392 4998
 1242 9643 4056
 1032 10473 4830
 -223 3209 2679
 -1661 -2885 3180
 -862 6516 2362
 32 5512 1659
 1054 5342 2715
 -353 5925 3404
 263 5939 2007
 -167 6086 298
 -492 6376 1569
 -201 4907 1564
 -139 6254 1236
 25 5084 1230
Repetition End
1
 -142 5681 1148
Repetition Start
 -574 4775 122
 -30 7210 31
 -669 5838 268
 -1416 5338 -90
 -685 5483 1484
 -900 5196 1376
 -1551 4784 1058
 -1088 4249 121
 -773 5131 133
 -1786 2495 -1429
 -1268 1945 -1455
 1677 6407 2281
 1777 10544 3949
 2082 6086 3715
 2490 6738 3956
 1265 6629 5227
 280 7787 5315
 1373 6973 4063
 1279 9659 5794
 1476 11651 4801
 1004 12631 3818
 1548 11392 3754
 1621 9103 3704
 3709 7643 5525
 4466 8651 5040
 2120 8851 4864
 3176 8745 4349
 1424 315 2620
 -1060 -328 -565
 1045 4155 -602
 -38 4696 162
 830 4980 1214
 930 3689 1665
 195 6241 1847
 1284 5186 -40
 503 5077 459
 564 6238 796
 967 6216 1726
 -873 5396 -128
 -991 5939 2140
Repetition End
1
 -413 6198 2673
 18 5716 3271
Repetition Start
 -197 5839 2437
 902 7397 1550
 -1119 7273 2220
 -926 5488 2668
 507 4733 1987
 -133 4805 83
 -1638 7456 1290
 -876 4577 467
 -1519 4001 1113
 -1786 6231 2353
 -1054 8323 2678
 395 7083 4952
 -3176 7335 6196
 -1166 7061 6334
 -918 6730 6873
 -836 8335 7438
 229 9426 6577
 361 10294 5937
 561 10041 5898
 -141 10141 4849
 639 10646 3669
 279 10574 2658
 -498 8152 1379
 -1245 9165 1733
 -2089 8823 2319
 -343 8755 3085
 -3669 2806 305
 -950 4575 2308
 116 1035 2811
 -912 3539 2943
 1010 7456 2702
 -1929 5680 2776
 -1075 7399 3812
 445 6401 3725
 -894 7482 3257
 376 6923 4204
 879 5669 4218
 968 6594 3571
 532 7298 3238
Repetition End
1
 135 5812 3247
 196 8084 2251
 -912 5910 413
Repetition Start
 1050 5372 893
 -338 5979 1826
 -274 5629 1972
 697 5222 491
 7 5075 869
 -747 4177 416
 -845 3153 -184
 967 3071 1046
 3802 7728 1225
 1229 8380 4792
 3574 5358 6407
 2248 6502 6338
 -160 8797 7849
 94 9444 7258
 709 9265 6276
 273 12348 5865
 257 13178 5229
 1599 12156 4857
 1691 10374 4807
 1375 9189 5013
 1961 8892 5017
 2674 9476 4916
 3472 6021 4213
 -2888 -7082 -109
 2489 10737 -315
 815 2083 64
 -241 5590 2740
 719 5229 2318
 673 5249 1405
 1050 5278 1220
 729 5683 1018
 701 6117 1271
 233 6454 1199
 -500 5880 1699
 -178 5920 2582
 -486 6793 2484
 1464 5673 500
Repetition End
1
 -99 6843 1883
 88 4360 2153
Repetition Start
 866 4630 1402
 -1327 5917 669
 -1117 5140 1163
 144 2275 -347
 -438 2054 1465
 -2805 8598 1807
 448 4609 3382
 -545 8672 6982
 1378 5868 3526
 1581 7062 3752
 2376 9818 3105
 3681 11576 2172
 2540 11151 1256
 3096 11111 1110
 2011 9373 3755
 843 9119 5353
 143 8467 5132
 996 9789 4285
 -55 8635 3104
 765 2256 527
 -2434 198 1277
 204 2278 1556
 1308 4524 768
 -278 4912 -426
 -1370 6358 1019
 807 5380 1529
 -342 6498 95
 -369 5821 815
 697 5073 1530
 -91 5360 1450
 815 5764 101
 -49 5172 1473
 -944 6473 2894
Repetition End
1
 -220 6227 -161
Repetition Start
 367 5166 1449
 -1633 5490 2769
 -1104 4926 2202
 -257 4265 1282
 989 4664 1797
 364 2478 8
 1900 4378 1828
 117 6397 4419
 3439 9771 2279
 2172 7296 3483
 2358 7935 4764
 1075 6571 4299
 2328 8441 2574
 2783 10136 1452
 3137 11505 -417
 2432 10754 4
 933 8902 2322
 2651 7165 984
 5978 7405 3526
 3809 7453 4442
 3084 6708 5428
 653 2582 2927
 -4281 982 2326
 2770 4384 356
 -1317 5432 1592
 -1044 4348 3038
 458 6001 3115
 -11 6466 1729
 -811 4967 2843
 571 6987 2652
 809 6128 2919
 155 5254 3276
Repetition End
1
 1674 7308 1193
 106 5811 1423
Repetition Start
 -79 5471 2647
 1071 5546 1543
 389 5195 730
 -520 5064 875
 -492 4744 754
 -450 3871 28
 -982 3249 -606
 -695 -452 -1064
 -3663 7735 173
 796 4934 2254
 -937 4835 2853
 -360 9515 1563
 -928 4962 1331
 725 8935 2064
 1337 9482 684
 -1 10039 1273
 776 9661 806
 1006 11340 1230
 688 9268 2282
 -35 8989 3161
 887 8054 4039
 2018 9463 5937
 1413 10163 5611
 109 1858 1523
 -2132 5609 545
 -2095 3729 2914
 1423 2155 2527
 1742 4855 2270
 300 5012 2171
 2306 7193 629
 526 6112 1723
 291 5971 2007
 1588 6350 1650
Repetition End
1
 1600 6126 1769
 -143 4870 2199
 526 6584 1589
Repetition Start
 -1164 5799 870
 227 5029 1697
 -803 5373 1698
 -2035 4997 869
 -1277 3595 -678
 -505 5006 -681
 -511 3866 -1979
 -1765 1865 -1127
 2497 7194 2380
 -636 3646 3801
 3405 6254 3453
 1103 8253 5542
 -540 8998 7523
 -940 9640 7327
 -295 9709 7171
 1535 10084 5934
 1134 12599 6546
 1634 10900 6792
 853 10419 7167
 1558 10283 7002
 4320 11045 6972
 3184 11471 6620
 -1572 -2701 1279
 227 1279 -228
 454 3182 1454
 250 5024 591
 -308 6263 724
 96 4496 747
 -856 4344 2407
 -320 3150 1765
 954 6012 865
 2585 8073 176
 170 5221 2120
Repetition End
1
 1172 7062 2151
 1989 6269 1730
Repetition Start
 402 5303 2238
 740 5688 2685
 1350 5291 2336
 464 5550 1691
 236 5419 1307
 72 5006 1053
 175 3923 371
 -227 1829 577
 -2047 6353 2259
 -435 7503 1751
 140 5086 2120
 751 8762 3095
 -104 5969 2476
 464 7278 1884
 2427 10619 1836
 1682 12289 1399
 2466 11638 1936
 1150 10020 2325
 758 9028 5102
 -222 7869 5633
 493 8104 5858
 163 9566 5291
 -729 9105 5607
 -100 968 -18
 -2623 6720 2033
 -177 4130 2617
 1190 3979 2469
 334 4447 3491
 788 6883 2352
 76 6548 1150
 690 4937 2028
 2141 7233 1819
 -186 4538 97
 1342 6591 902
Repetition End
1
 46 6299 1172
 109 5543 3133
Repetition Start
 192 6736 1435
 -948 4529 1311
 -1017 5582 2595
 -1507 5005 2161
 -861 3585 1595
 253 6116 232
 87 4087 -966
 -1381 2606 421
 3292 5607 2102
 -867 4493 5868
 2411 7082 3962
 1150 7376 3662
 1207 5747 5056
 1382 9642 3165
 1012 12845 1920
 1269 12555 2021
 2716 9864 478
 1630 10317 2304
 2962 7120 2279
 2236 7419 3111
 1794 8123 3019
 1871 9179 4943
 1376 6005 4717
 -3040 -4273 -1164
 1555 8198 512
 -3703 7118 1352
 502 5878 2040
 -1533 6237 2639
 -1701 5734 2311
 -98 6548 2162
 1645 8823 2046
 -249 4629 3742
 1563 6638 3126
Repetition End
1
 1858 5515 1815
 1567 5754 2117
 1986 6505 2461
Repetition Start
 2279 7121 2217
 2815 5372 1236
 2804 5384 1940
 2594 6433 1687
 2197 5155 1704
 3041 5048 1542
 2564 6221 1905
 2514 6282 2261
 1381 6346 2155
 2230 6825 2562
 2205 5462 2506
 1530 6298 3832
 1625 6981 3663
 2440 6299 3570
 1943 6288 3950
 2244 6563 3644
 1692 6983 3422
 1987 6623 3488
 1504 5875 3424
 1416 6773 3404
 2036 6880 3334
 2052 6617 2976
 1852 6090 3032
 1965 6059 2855
 1529 6550 2823
 1576 6314 2532
 1469 5785 2232
 1102 6822 2215
 -181 5607 2369
 121 6568 1648
 -915 6001 1527
 1158 6516 606
 -260 5580 528
 345 4593 1366
Repetition End
0
 -483 4843 877
 -1265 4752 949
 -2007 4392 721
 -541 3139 -413
 -1004 -305 1135
 -973 10620 5440
 391 7552 4341
 -1833 6200 7320
 2141 10173 4832
 1160 9372 4399
 762 8590 3803
 3499 12583 1170
 827 13181 632
 1063 10787 1743
 628 9465 3364
 377 9926 3109
 1147 12755 3135
 -867 9264 96
 -342 -12331 -1362
 526 14583 489
 107 -349 861
 3481 2030 1995
 2851 4145 651
 1581 4897 3673
 3318 5772 1499
 1798 4361 1532
 3280 7839 1124
 2376 6748 1183
 1506 5668 1440
 1679 5804 2123
 -961 6183 2991
 -375 5377 1573
 -859 7830 673
 188 5399 1348
 -1134 4821 1695
Repetition Start
 -1415 4892 880
 -876 5467 607
 -1145 4251 438
 -1530 698 599
 2550 7016 2239
 236 7558 523
 1022 6545 2586
 2081 7252 2663
 197 5400 2946
 1550 7560 2218
 485 7866 2632
 611 7916 2724
 751 10507 2482
 -24 10272 905
 1489 10523 851
 534 9462 2287
 863 7639 2838
 827 8510 2815
 996 9024 3118
 1578 8045 3702
 -710 3490 2080
 -3345 -3883 -578
 1837 5217 -10
 -1798 5218 927
 -2196 5145 2199
 285 3969 1906
 -1117 6580 1645
 -781 6883 -966
 259 6355 1463
 -967 5296 1865
Repetition End
1
 -547 5920 977
 284 5078 1052
Repetition Start
 475 6137 841
 643 6453 -1548
 -1274 5218 -396
 790 3991 121
 962 4537 -304
 -1200 4543 -903
 180 4965 -656
 -938 3579 -1294
 -595 1868 452
 -3645 5324 3995
 1303 6518 5641
 2579 2580 3314
 -1059 8356 6806
 1210 7853 5263
 56 8099 5464
 920 9140 4496
 2213 11956 3145
 3582 12959 1197
 943 12465 1739
 1415 9399 2348
 1115 9431 3859
 1130 10457 5666
 646 10619 6523
 -411 4601 4648
 1099 -1386 987
 -2099 7333 2321
 1781 101 2291
 376 2938 3036
 1348 6702 94
 66 9185 -2851
 -287 4547 2461
 2047 6459 1991
 -359 7725 486
Repetition End
1
 -558 5226 3400
 -1417 5603 2095
 -1175 5617 2215
Repetition Start
 -930 6411 3577
 -2489 5215 3699
 -2159 6663 1712
 -1555 6398 2129
 -1955 4837 1955
 -2434 4055 747
 -1609 3875 714
 -2713 2153 -1522
 2323 9812 2522
 931 7010 2014
 1060 7433 1034
 1824 7175 2086
 1697 5768 2306
 -32 5869 1425
 -328 6567 -510
 228 6821 267
 384 8475 206
 1037 9808 -2158
 260 9563 -2691
 2775 6862 -1696
 1532 8348 279
 2539 8663 401
 3226 10665 626
 1893 3377 1387
 -2846 -7261 1125
 2121 5511 -723
 -1818 1143 -175
 -1012 4397 388
 669 5146 -114
 -541 3563 38
 -952 4883 684
 692 4983 38
 1766 6335 -528
Repetition End
1
 -395 4012 -1093
 -1882 4300 1957
 1214 6469 -118
 -950 3105 537
Repetition Start
 -841 6532 -1101
 -243 4746 -578
 -479 4459 -350
 -1152 3964 -267
 -289 3996 -1307
 -1152 3291 -2507
 -1088 1760 -250
 184 -1167 1542
 -2282 10539 3623
 1746 3850 -730
 -980 7445 3120
 1077 8163 1463
 2956 9562 1109
 1774 6185 367
 356 8368 312
 914 7111 -45
 1320 9144 440
 256 8423 -1437
 225 9374 -178
 249 8858 -30
 353 8886 146
 551 10062 1578
 607 8703 1171
 -457 -625 -251
 -1411 3631 2138
 46 752 568
 1318 6132 -217
 3028 2632 -207
 3050 5877 123
 2520 5031 169
 3509 3791 850
Repetition End
1
 6064 4537 -9
 5306 3411 2073
Repetition Start
 6486 5858 2210
 4532 7362 1818
 4557 4915 2670
 5789 3569 2207
 1289 6467 784
 3521 3742 2072
 1474 5760 2675
 2891 4896 1514
 3557 5145 187
 2063 3956 681
 2307 2220 -14
 4373 972 -1125
 1260 6604 2418
 849 7132 1778
 963 4128 4551
 1996 7763 3132
 5661 8943 259
 2944 7878 -1628
 3917 11175 -3692
 2451 8269 -3417
 5181 4676 -4786
 2160 5513 -5045
 1894 4515 -876
 2029 7198 56
 3019 7107 1332
 -1169 2661 204
 -2185 -3039 -1244
 4812 4452 -2196
 1563 3606 -2184
 -4440 3826 -3861
 -3331 535 -2497
 -1321 4856 -1589
 -1041 3011 -2325
 -2648 4992 -720
Repetition End
1
 -2999 5014 1950
 -1270 10086 -1173
 -1991 2120 82
Repetition Start
 -4175 6677 1034
 -4047 4976 -1279
 -5242 2507 1047
 -3337 3497 -1710
 -5091 2580 265
 -6430 1611 -304
 -1806 -706 -1814
 -7215 1849 351
 -4522 7789 -638
 -4827 8054 -335
 -5285 8259 -1501
 -4811 4905 -342
 -6191 8259 -1439
 -3359 7934 -2083
 -3795 9229 -3735
 -4457 6870 -4162
 -5743 8502 -3966
 -2887 6532 -1073
 -1290 10959 -1505
 -2659 8899 367
 -3019 -5410 -3016
 -4504 -4558 3298
 -5631 322 -3654
 912 4755 -1988
 -1643 4015 1934
 -758 4103 2021
 1679 7160 2505
 1270 3709 2904
Repetition End
1
 4631 5309 2075
 2854 1923 556
 3411 4782 729
Repetition Start
 3950 4053 654
 2421 6082 -2537
 1597 5330 -41
 2238 5904 -127
 1734 5832 94
 205 4468 -1986
 -268 5247 -2172
 895 4058 -1381
 -554 4002 -38
 -618 3668 -873
 712 3570 -1495
 -59 3722 -1538
 137 1609 -1417
 167 -1557 -2440
 3447 7042 731
 -3323 7360 1018
 685 3546 1447
 2242 5757 252
 427 7691 -1196
 1637 7024 563
 1814 6463 9
 1464 8037 -108
 2388 7629 -463
 2208 9170 -398
 2422 8074 -314
 1749 5832 762
 1671 8665 1828
 1244 7789 1498
 2321 9877 1790
 1492 10230 1833
 102 2123 1690
 -2207 -6981 1409
 -253 1885 1815
 -2500 5313 1219
 -1903 3950 1450
 -879 4851 1072
 -758 6192 1226
 -704 5381 1176
 -635 5707 1016
 99 7044 1432
 -607 5702 1575
 -862 6619 2438
 -970 6311 2387
 -492 6402 3141
 605 5528 3187
Repetition End
1
 836 7237 2440
 -1107 5934 3126
Repetition Start
 870 5872 3233
 604 6037 3151
 -802 10912 2085
 -1140 6789 3379
 196 5757 710
 -444 4119 1801
 -561 2461 2743
 -4910 12019 8075
 131 7966 8796
 -2056 3243 9446
 -815 8207 9354
 -1771 7961 9955
 -2123 10106 8278
 -652 11188 7594
 -269 13490 7729
 -1053 12660 7604
 -980 12180 7209
 -18 10338 8205
 -386 10028 9246
 -456 9956 8887
 -854 11818 7724
 -684 2400 3531
 247 1438 2976
 -1623 3590 3465
 1907 4174 4192
 2834 4333 3115
 1001 6487 3370
 2746 5602 2839
 2102 5635 2324
 2382 5878 1873
 2745 6847 2528
 831 6109 2014
 2598 2905 2703
Repetition End
1
 -110 9411 2148
 -553 5980 1148
 106 5034 1395
Repetition Start
 -1127 5856 -191
 -918 6457 1651
 -76 5069 649
 -1616 5228 -34
 -906 4412 -1127
 -719 3972 -428
 -290 2356 -2200
 -336 1927 -1991
 4025 6379 -729
 124 6304 296
 -515 5297 215
 1569 2568 2683
 645 6840 3727
 804 5669 4237
 814 7578 4381
 952 9768 4091
 814 8973 3886
 1543 10547 4577
 351 11736 4542
 2428 11185 4151
 2196 10168 5267
 1784 9309 5290
 2490 8644 6346
 2039 10835 4637
 1974 6383 5511
 -607 -873 2609
 -1938 1835 2971
 1171 4050 1519
 -1074 5170 1682
 -1133 4702 2395
 690 5052 2259
 -1044 5161 1842
 283 7303 1129
 702 6723 146
 -734 3322 2660
 881 9363 1670
Repetition End
1
 9 4893 2886
 -13 6656 2615
 263 5696 3032
Repetition Start
 270 5874 3103
 453 5982 2656
 344 5356 2377
 -704 6466 1331
 -922 4308 1241
 -1342 3624 906
 -3218 10151 721
 -375 3761 3179
 208 7052 2668
 54 12067 2584
 327 5255 3881
 1211 3453 3044
 215 7231 3407
 1009 7428 1812
 2251 7095 -570
 1720 8800 -1679
 1762 9122 -1853
 1869 9554 -1197
 1200 8405 -137
 907 8313 1846
 336 6108 3868
 2016 6693 3917
 717 9800 3328
 336 7115 3626
 -774 -2196 -1883
 -2790 11943 3384
 733 3584 2502
 350 3385 4191
 434 5600 2439
 -1534 5797 2800
 -1194 5852 1711
 707 8246 1304
 340 5302 3622
 -937 6336 2015
Repetition End
1
 -989 5869 2480
 -1524 5111 1691
 -2308 7934 2456
Repetition Start
 -1228 4384 1642
 -2662 5583 1383
 -1770 5616 578
 -2447 5095 333
 -1304 3514 1210
 167 656 169
 1730 8031 370
 584 9519 3505
 721 5780 4433
 702 9893 4331
 1077 7449 6348
 891 7015 6175
 1360 7547 7088
 1792 8306 7264
 2425 10135 5929
 2996 11039 5418
 1651 12298 5200
 3571 10731 6658
 3707 9568 5391
 3807 9041 6025
 4630 8751 5782
 3620 6453 5366
 761 1399 2405
 760 2260 927
 453 4910 543
 -408 6802 938
 -647 5627 3262
 29 4821 4662
 -1045 5830 4257
 -516 6120 4164
 39 4301 3116
 -1260 13223 2504
 177 5937 3297
Repetition End
1
 -1067 4826 4806
 963 6588 3624
 556 7468 2006
Repetition Start
 -32 7037 3005
 764 5084 2934
 906 5284 2397
 -64 7052 1686
 120 4529 1084
 113 3944 525
 447 3512 887
 -832 4130 543
 -2360 7806 1360
 2267 5116 1184
 22 6646 1215
 -839 5848 624
 207 5094 1523
 1029 8388 1581
 -42 8559 1013
 1111 5265 1228
 2239 6813 271
 1625 11220 -394
 1494 7745 -132
 367 8848 824
 -916 8837 1679
 -1800 8634 2131
 -926 9241 1758
 -1518 9683 1274
 -2019 4560 220
 -245 -5043 2624
 108 6294 2062
 1034 2830 1446
 1600 3364 2618
 2053 6117 1271
 1966 5186 2206
 2046 6392 2851
 2614 4550 2711
 3473 6086 1936
Repetition End
1
 2381 7550 1220
 1747 5986 1816
 1268 5164 3243
Repetition Start
 -1416 6966 2583
 676 6505 1655
 -549 6690 3146
 -2259 6203 3229
 -1759 5365 3202
 -955 6515 2548
 -2320 5028 2339
 -1517 3360 755
 -2147 2635 1107
 3460 10008 1530
 554 7822 4823
 1370 6385 3577
 1493 7610 4735
 1204 6568 5535
 389 7242 5599
 1587 6713 5346
 890 9462 4863
 1377 10780 4363
 1151 12122 2642
 2239 11861 503
 2298 9865 1762
 1498 7536 2796
 2112 9345 1381
 2570 7569 3318
 1760 3119 3150
 -3586 -4094 2867
 -301 4962 342
 518 8457 626
 -151 4940 3405
 753 6631 2805
 -374 5421 3803
 1419 7191 3524
 1937 9417 3671
 1305 3708 5639
Repetition End
1
 3095 8341 3256
 2011 6126 2439
Repetition Start
 2099 4945 3608
 1898 5332 3182
 1918 3933 2090
 881 5373 885
 290 2570 452
 1083 1026 1187
 -1128 8168 4276
 4372 6012 3635
 299 7836 5764
 1506 7444 2955
 1432 7092 4022
 2290 8603 3514
 1387 10386 1534
 1346 14109 258
 1989 12200 937
 1203 10590 3218
 1254 9584 4851
 1950 10708 5504
 1763 10421 4913
 435 1448 2139
 -1148 1505 3523
 -137 2498 3360
 1312 3844 2331
 1219 6028 1718
 1272 6073 2566
 2393 6281 1170
 830 7932 2406
 432 5338 3028
 2430 4542 3305
Repetition End
1
 1544 6797 1380
 1202 6275 1923
Repetition Start
 1247 5221 1875
 791 6429 896
 1011 6204 819
 -190 5621 1039
 -955 5916 276
 -274 5183 483
 -429 5319 1465
 -972 4810 720
 -135 5047 -742
 509 4790 -561
 172 2562 81
 -946 636 -93
 4323 7447 265
 399 5454 3875
 2219 5950 3017
 2108 7705 4357
 971 6727 4934
 699 10079 4703
 874 9273 3515
 -273 11899 5551
 2717 9752 3651
 1896 10527 3007
 3419 9852 2345
 2717 8388 2632
 3323 8458 994
 3906 9267 2001
 3335 5074 2246
 -5976 -11966 1203
 1419 4557 -2468
 -649 8406 -793
 -1 3488 -1805
 696 4212 936
 -1381 4493 1111
 290 4784 643
 397 6231 470
 488 5577 663
Repetition End
1
 -14 4511 1394
 1177 5153 407
Repetition Start
 471 5644 166
 -113 4984 581
 904 6259 1276
 131 5866 264
 176 5578 294
 177 5514 738
 206 5508 467
 -296 4135 -253
 59 4252 -518
 -393 4054 -1043
 -1274 5239 -426
 -801 3893 -906
 -1150 3577 -1439
 -1660 2538 -2912
 -1721 2392 -2254
 -3348 7789 -634
 -157 4525 366
 1061 4263 3024
 -676 6216 3916
 -334 5547 2946
 -99 6767 2396
 327 8076 1411
 432 7845 2237
 1144 9016 1224
 1305 10889 -1061
 1198 9749 -1360
 1502 9520 -243
 439 8799 1012
 -104 7928 360
 450 10385 1152
 590 7934 1397
 -1408 2674 -492
 -2119 -8075 1788
 -2305 3876 2918
 181 3595 2020
 -118 4640 2161
 1227 10584 -2913
 -1718 7368 3982
 767 4903 4483
 -169 6451 3135
 -629 6044 3115
Repetition End
1
 761 6890 3051
 150 6105 2418
Repetition Start
 -119 6322 2188
 -29 6277 1484
 -207 6107 1501
 -252 5810 1567
 -143 5938 780
 -382 5732 999
 -963 6804 872
 -1288 5693 -552
 -1323 4851 763
 -1834 4868 613
 -1831 4632 -873
 -1774 3997 -301
 -724 3792 -1174
 -1211 2033 -1826
 -1644 1436 -1342
 168 3506 637
 4848 9280 2
 -251 6127 3965
 2967 6815 4767
 1888 9075 4388
 1995 8610 4353
 965 7757 4608
 2066 9530 5384
 2926 10271 4291
 1624 11223 4650
 3021 10347 4048
 2705 9580 4822
 2491 7657 4795
 2454 8509 4076
 3117 10572 4124
 3642 9899 2248
 -3839 -9564 -2984
 -324 5877 -2504
 -1070 4035 331
 -762 5117 1089
 -939 4923 925
 -367 6922 1685
Repetition End
1
 -151 5309 1110
 -145 6168 2958
 97 6563 2332
Repetition Start
 296 6473 2912
 167 6344 3181
 650 6448 3504
 631 6390 3270
 613 6291 3277
 741 5998 2668
 867 6670 2272
 890 6625 1709
 338 6375 1525
 440 5234 1190
 778 5888 1101
 -207 3735 1437
 -616 5939 765
 -252 4133 -208
 -1002 2972 -1477
 -1107 1119 -437
 -1074 8794 -150
 561 4385 207
 -1039 1865 3162
 615 7287 2515
 196 6830 2579
 384 7567 3462
 2109 9753 2299
 2210 11771 1801
 2079 12266 2851
 2011 11496 3904
 1156 9226 4377
 1604 8636 4533
 1795 8668 4408
 843 8262 4511
 558 8337 4268
 -240 4961 4039
 419 -2974 3048
 -765 7321 1018
 1700 5561 -706
 2148 3357 1574
 1666 4814 2181
 2513 4933 659
 2323 4484 1626
 1613 5021 322
Repetition End
1
 1514 5405 641
 -184 5952 -310
 1121 5858 265
Repetition Start
 447 3536 195
 287 5934 -540
 -413 5553 527
 -1007 4909 -711
 -355 5432 -40
 -655 5113 1274
 -1789 4256 575
 -1812 4826 153
 -2028 3424 -985
 -1967 2969 -694
 -2740 832 -304
 4535 7478 -309
 -2411 6591 3310
 321 4101 2421
 384 6744 1727
 1005 6088 2832
 1292 7014 1666
 896 8039 834
 1154 9077 1516
 848 9841 -132
 1291 11075 -2350
 1186 9138 -2934
 2328 8692 1882
 820 7894 1265
 1340 8261 1730
 1971 9981 1004
 -359 -5594 -435
 377 11422 459
 -1886 2747 -39
 -1123 3879 718
 -896 4543 2702
 -711 5496 1315
 -1137 6018 898
 67 5798 223
 1732 7666 -105
 19 5354 1906
Repetition End
1
 1349 4774 574
 1012 5606 111
Repetition Start
 141 5909 724
 565 6008 417
 220 5453 860
 -41 5102 351
 1339 5195 -368
 -134 4242 -684
 -328 4550 416
 -352 3438 -773
 -798 3448 -443
 -2013 4947 -438
 -1665 1896 1391
 -2408 5352 1572
 1881 5135 -792
 -1757 5061 3531
 155 6067 2710
 -154 7122 4127
 -696 6959 3016
 617 9677 2441
 295 11232 1243
 323 12031 1638
 210 11035 2673
 80 9962 3170
 313 8923 3453
 516 8775 3933
 511 8930 3813
 331 6450 3736
 37 -2595 1689
 -2316 4755 3275
 512 2843 504
 -479 2453 932
 627 7495 -716
 165 3159 -1395
 -112 4915 287
 -1390 8368 -2496
 -250 3950 989
 297 5843 462
 -1001 6128 -226
Repetition End
1
 168 4172 1129
 -240 5794 1107
 -872 6415 1288
Repetition Start
 -714 6231 1153
 -697 5857 1255
 -933 5737 2187
 -1084 5701 1737
 -1187 5442 1240
 -1505 5208 983
 -880 4816 858
 -1232 4678 436
 -1523 4298 -1026
 -2235 2387 -1514
 -1452 815 -2309
 4948 10143 61
 -1362 3962 5013
 400 1575 3419
 2503 8637 3633
 1202 5486 4081
 942 8362 3682
 839 9297 3385
 272 9352 3252
 1270 10783 2521
 692 10258 2131
 922 10282 1628
 792 8731 2847
 1534 8999 4161
 -122 9592 3240
 783 11227 2817
 1141 7236 433
 -4151 -8300 -1020
 3209 8280 -1401
 -1546 5622 312
 -786 5835 101
 -79 4687 668
 -1239 4294 2822
 -1651 3093 2628
 475 9164 981
 1358 3877 -90
 554 6238 3724
Repetition End
1
 1180 7405 1089
 -1272 4428 1373
Repetition Start
 567 5856 1482
 407 5598 946
 32 5737 442
 126 5525 1495
 1231 3952 268
 -1066 5301 224
 -674 3789 -891
 351 4982 112
 -1474 2432 -1480
 -2589 10097 3024
 417 8525 3511
 113 2395 4726
 -860 7631 5866
 -1732 6139 4511
 -122 7576 3696
 1471 8737 1099
 -399 8537 1418
 1384 7416 998
 1662 9596 271
 1531 9710 -1487
 1264 9515 -370
 1325 8475 917
 -384 7357 1867
 -467 6714 1722
 -431 8999 2640
 -2422 7625 2717
 -271 -2260 -266
 -4060 7740 2410
 -486 3415 215
 7 4926 1779
 -1460 5955 2568
 -965 7071 2517
 -405 5114 3046
 197 6094 2922
 371 6402 2956
Repetition End
1
 -921 7318 2464
 -792 6555 2877
 -259 6566 3536
Repetition Start
 -592 5073 2497
 -1128 6811 3007
 -1748 5799 1165
 -316 5349 711
 -473 7362 1599
 -1184 5468 1391
 -1617 4545 210
 -1099 4751 -150
 -1839 4333 436
 -1518 518 1216
 2041 7827 -913
 2868 5769 8517
 1840 4197 3967
 917 9045 3848
 758 7499 5928
 1515 7480 5573
 1339 8003 5617
 1838 10537 4952
 2535 11138 6217
 2155 10920 5877
 3222 11148 5221
 2728 9677 6400
 3135 8843 6421
 3100 10680 4948
 2051 5524 2862
 -711 -820 875
 1570 7149 660
 -2075 3160 1159
 -2044 5906 614
 -1960 5753 1550
 -1710 5911 1132
 -2614 5115 3541
 -2739 4039 4825
 -2097 8635 3264
 -1149 7977 4744
Repetition End
1
 -919 6190 5183
 -1594 2505 4443
 -228 8252 2225
Repetition Start
 -2451 8626 2217
 -2109 7096 1281
 -648 5024 1038
 -1442 4011 1471
 -1935 6662 837
 1010 6145 177
 515 6460 339
 -482 3785 41
 378 6374 964
 1462 4982 -243
 -803 5049 -315
 -170 3504 419
 662 3659 -683
 -1347 4292 -486
 -1801 3589 -1748
 -2038 2706 2048
 -1358 8042 1841
 416 6845 3247
 -810 6268 5667
 -992 6504 3559
 -405 7028 3235
 -1198 9065 3083
 -1809 8312 2227
 -470 8943 1663
 235 11115 -589
 -576 9894 1141
 -298 9780 1547
 371 8631 2089
 466 8306 3239
 -374 8543 4007
 -81 7659 3568
 -267 9954 3260
 -427 -5050 -198
 -1003 9680 2060
 1124 535 1250
 -241 4185 68
 185 6482 -35
 793 4976 1362
 348 4977 735
 -859 7074 539
 -657 5338 1420
 -585 7507 695
 -378 4948 1559
Repetition End
1
 -2 5157 2281
 -196 6371 1824
Repetition Start
 201 5751 3614
 -225 5926 2125
 -1300 6406 1521
 -667 7210 1579
 -664 6047 2104
 -1820 5646 2372
 -1047 5900 587
 -936 5380 1237
 -1974 5897 797
 -1499 3506 -1179
 -813 3976 -1148
 -1342 1155 -1179
 2049 8771 2697
 317 4291 4318
 -623 3281 6432
 1425 7921 5039
 632 7351 6162
 931 6814 6104
 47 7068 6847
 665 11045 5436
 1636 10632 5425
 1045 8949 5358
 782 10508 3671
 1260 10435 4108
 1593 8143 4804
 1246 7936 4402
 183 7990 2509
 1173 10027 1455
 1891 11152 686
 2204 7350 3170
 -3157 -6042 829
 3941 5900 -1239
 851 3227 574
 -742 4666 2244
 784 5385 1954
 -1148 6552 2086
 51 4784 2800
 1999 8846 2498
Repetition End
1
 523 5416 4217
 -160 5353 4075
 1997 7904 2708
Repetition Start
 -592 5487 3309
 -11 5983 3449
 363 6758 2771
 35 6066 2334
 814 5878 1684
 729 6868 892
 -533 5122 1253
 319 5557 1724
 -623 3912 76
 -1209 4585 513
 -178 4455 -146
 -758 3352 42
 -3070 5742 3132
 -565 9895 3665
 -102 6161 5592
 -1426 6520 7266
 1214 7876 6106
 1369 7342 6427
 1066 10839 5918
 3637 12487 5428
 1309 11812 5900
Repetition End
1
 2591 10304 5718
 1453 10657 5943
 1679 9933 6597
Repetition Start
 2089 7955 6792
 1235 8594 8302
 964 9169 8567
 -778 8685 6559
 743 -3430 3227
 -1128 9993 1094
 2594 3590 3086
 2023 4174 1901
 1965 3929 3291
 2047 5594 2805
 3128 5971 3193
 2752 5829 2870
 3293 6313 2425
 2980 6705 2570
 3327 6075 3047
 1954 7879 2619
 1216 5354 3641
 1204 5103 4412
 -171 6578 2402
 104 7608 477
 56 7505 1978
 -731 5837 2966
 -2262 4585 3436
 -1234 6104 851
 -14 4975 -395
 -309 3888 -10
 -2814 843 -470
 2449 6593 1437
 1460 9456 2119
 2021 5220 3990
 2846 5696 5371
 2952 6722 5247
 658 8250 4497
 728 8316 4473
 2280 8374 5057
 1287 10525 5302
 2538 11024 3780
 1509 12232 3823
 2052 10759 5335
 2386 10394 4641
 2304 11695 4682
 3920 9453 4642
 1279 -2895 -521
 -1359 5948 1953
 1715 5827 -100
 -126 4297 1254
 -448 4992 3485
 -451 5193 3601
 -980 6022 3587
 -653 6442 3470
 -294 6535 3549
 -170 6193 3051
 -992 5588 3666
 44 6434 2059
 185 5508 2648
 397 7707 2937
Repetition End
0
 -4 6985 2239
 -1343 6756 845
 -551 6792 3891
 -91 7243 4868
 -676 8413 4608
 -1337 6329 3427
 487 4937 3118
 -1503 5466 1465
 -688 5945 124
 -1493 5241 546
 -1561 4292 -86
 -2010 4053 -921
 -1531 3401 -451
 -2415 5900 1997
 -2404 10585 266
 1147 2550 -9
 -436 6597 1866
 -1750 8294 3842
 56 6371 5542
 394 8832 3355
 -1329 8252 3879
 2774 12968 4861
 1481 11708 6530
 2376 11251 5253
 1903 10864 5435
 1453 9584 6335
 924 9965 7218
 -880 9770 6234
Repetition Start
 -4130 11658 5172
 1750 -2690 1375
 -2452 3550 1678
 -628 1865 2580
 155 2950 1528
 -160 5316 2023
Repetition End
0
 -538 2965 1444
 -809 8272 1629
 -378 5892 1572
 -1975 7662 451
 -896 7000 -2356
 1295 6337 1545
 579 5334 987
 502 6364 1690
 1509 4747 2180
 -630 6177 4403
 -98 6162 1611
 -164 4954 2307
 -1130 5844 2721
Repetition Start
 -1514 5597 2035
 -264 6266 190
 -1310 4826 -177
 -1894 3841 -227
 -2158 1639 379
 1896 5594 2281
 411 5099 4516
 -484 6702 3972
 1097 6673 3764
 1488 4635 5274
 1409 6610 4195
 1245 7681 4540
 1720 11221 2844
 822 11349 3467
 1144 11827 1111
 1131 11046 2098
 885 8246 -1530
 458 6640 1749
 1414 9476 492
 1897 9348 -598
 4911 8485 -477
 -4565 -5699 -669
 799 4247 -409
 -279 3333 1731
 -1906 2964 1787
 -1772 6474 1837
 -206 5243 2089
 -1403 7018 2675
 -825 5295 1077
 -514 5752 1693
 -126 7779 2257
Repetition End
1
 38 6443 1143
 421 5323 3354
 546 6312 1379
 2 6308 501
 1504 6868 3504
 1973 4584 2874
 1027 6189 2176
 1024 5538 1656
 237 5880 1515
 574 4819 543
 -444 4875 -168
 977 3708 -1480
 -1261 2119 -1347
 -2633 5994 3566
 -1046 5510 -1122
 -422 8882 3103
 -871 5820 3609
 229 8675 3210
 -1252 6018 4044
 -120 7651 3486
 -1063 8252 4239
 -262 11005 3396
 1320 11460 3418
 317 12760 3289
 -136 9937 4812
 -188 10465 4544
 -717 12145 5572
 589 9865 4770
 -1020 641 3987
 -654 323 3276
 -1538 5432 699
 830 3880 1216
 1591 2555 950
 1099 5902 1737
 752 5840 821
 514 5071 923
 748 6389 575
 186 5193 418
 721 5537 -45
 1023 5423 839
 -1061 4366 727
Repetition End
1
 -357 6863 -366
 -260 4278 345
 -716 5861 -538
 -1939 5050 167
 -2013 5160 994
 -1269 4896 338
 -1716 4576 562
 -1879 4763 -120
Repetition Start
 -2361 3536 -670
 -959 1709 1945
 1492 8410 2671
 2906 9955 3840
 313 4781 3717
 1697 6676 5918
 280 7584 4710
 426 8115 3583
 28 8425 4493
 551 9199 3029
 1289 9724 2380
 957 11120 1464
 924 10914 3494
 1906 8879 2942
 2098 8452 3513
 1510 8519 3907
 2230 8485 3918
 2262 8294 4770
 -153 409 1160
 -467 3961 -115
 -650 5027 745
 -3610 6645 2180
 -1392 6250 2988
 -649 4829 3867
 -1704 6364 4130
 -1014 5520 5349
 -1474 7511 5045
 -985 7193 4499
 -2792 7742 7390
Repetition End
0
 -933 9227 2869
 -1727 4509 2169
 -2107 7347 3307
 -3748 8713 4157
 -111 5887 1097
 133 5772 738
 -929 2793 835
 -514 2605 1325
 -1131 3122 -3017
 -382 1092 -3646
Repetition Start
 -1526 1797 -167
 -3749 7785 2696
 -1572 5492 1722
 -615 6702 1208
 -3652 7865 2588
 -3014 5644 2494
 -3816 10172 2943
 -2911 9788 1369
 -1791 8294 1177
 -4191 10312 1071
 -3046 8667 2543
 -2000 9915 1480
 -1314 9467 2539
 -581 9129 4583
 247 8186 5812
 -474 7908 2981
 544 -5577 1198
 -8185 9708 3900
 -1429 385 3834
 -469 3730 -222
 -523 5689 298
 -1634 4686 2337
 -1560 5377 1429
Repetition End
1
 -450 5538 941
 -1565 6510 857
 -1563 6454 1979
 -1340 5052 1246
 -777 5860 391
 -2055 5615 1115
 -3640 5153 1824
 -4226 5477 1815
 -3657 5129 567
 -4847 6771 901
 -4033 4592 1587
 -3345 5448 256
Repetition Start
 -2915 4958 389
 -4098 3390 1061
 -3488 3769 -1348
 -4281 2928 -992
 -4756 13 -1725
 3150 13674 -2154
 -4853 153 2200
 -812 6527 1517
 -676 7816 1184
 905 4754 2635
 -1009 8216 136
 -1684 9226 -256
 311 10611 16
 -1155 10543 -1665
 -1228 10901 -1318
 -393 9080 747
 977 9618 1762
 198 11447 3836
 3180 10008 5265
 190 1126 1155
 -7535 -7615 340
 2929 8093 -2527
 -881 4410 825
 -645 4612 1909
 575 5329 1310
 -22 4713 60
 -432 4698 741
 1322 5975 -540
 503 4181 1074
 -909 5554 1468
Repetition End
1
 -533 6029 743
 1381 5786 187
Repetition Start
 -353 6178 -1062
 -479 4395 -515
 -136 4034 -1155
 -1630 4271 -419
 -1509 2268 -776
 -918 5180 -1097
 -2843 3836 -468
 -1535 3766 -644
 -1763 448 -968
 -4287 7449 2065
 -238 5075 3434
 -2446 4888 4093
 -1338 6187 3147
 955 9303 2443
 -1049 6858 3167
 -1795 7551 2036
 238 12140 547
 -5466 9023 -247
 -2569 10842 555
 -1178 9459 1159
 -2191 7792 2166
 -1407 7204 3148
 -1185 7344 2892
 236 8565 3192
 -14 8050 2381
 -2874 6870 1023
 -684 -2448 1526
 -1903 4361 -826
 28 746 394
 1605 4479 -1463
 -389 5054 823
 1235 5123 -593
 1785 4092 787
Repetition End
1
 1120 5169 1005
 1115 4642 275
 -48 6543 -347
 200 6545 975
Repetition Start
 200 6022 1759
 537 5469 1614
 99 5881 1579
 -612 6872 1470
 -798 5872 2023
 -907 6702 1003
 -1609 5182 1486
 -1357 5298 1803
 -387 4692 968
 -577 5289 -133
 -530 4435 -470
 -2640 4669 -1735
 -1916 4436 -3015
 -1307 1769 -1970
 191 3278 1969
 2339 4803 3618
 -2945 5864 3693
 2194 6475 607
 596 10088 2509
 -789 5808 3659
 -563 7795 2608
 -2034 9826 -571
 -1292 9969 -261
 -784 9698 439
 -53 9619 1750
 293 8475 2818
 -372 6738 3474
 1366 7619 5006
 1594 8524 5844
 2092 6518 5215
 -967 4521 1481
 -6305 -1953 1294
 2789 7517 -6993
 -87 4552 -3752
 -2899 2758 1865
 37 6703 -127
 600 3846 237
 -439 6235 851
 -439 6148 2602
 635 5235 1697
 303 5577 1380
 328 5302 1400
 834 5469 1427
Repetition End
0
 -1133 6912 1466
 -379 5483 2145
 -969 5625 1139
 853 5358 1860
 531 6595 172
 -81 5906 508
Repetition Start
 420 5119 529
 -246 4420 137
 250 5305 -817
 742 4129 -372
 -204 3427 -222
 -688 2351 -623
 -698 322 1015
 -3825 8260 3894
 1934 4908 4856
 311 6728 3265
 520 8638 1934
 281 6302 2607
 535 9348 733
 1157 11788 853
 2110 11425 561
 -197 11143 1804
 -903 10199 4645
 756 8445 4190
 -200 9382 4093
 -1147 11254 5711
 -953 8016 5139
 1439 -4786 740
 -4886 9250 2416
 424 1998 4083
 -205 3945 890
 70 6697 900
 -556 4919 1787
 791 4473 1700
 13 8277 -464
Repetition End
0
 -1041 5398 1803
 111 4921 279
 -680 4067 -211
 -2686 7199 4
 -294 5324 15
 -91 5255 277
 -1722 6283 197
Repetition Start
 -1959 5592 1630
 -2017 5632 1371
 -1183 5223 670
 -1584 5547 1372
 -1920 5162 1111
 -2198 5406 396
 -3309 4162 180
 -2828 2721 -126
 -1804 2306 757
 1103 9723 2082
 -1473 5269 4393
 367 9000 2212
 171 8342 2746
 1530 5667 3759
 -1409 9072 2207
 -1463 10819 1932
 39 10229 -244
 1137 11505 -149
 435 10147 1119
 1366 9736 2147
 2475 10307 1555
Repetition End
0
 3011 12587 1080
 -1045 1007 1805
 -2410 -3246 6126
 -255 -64 2254
 -1752 5566 313
 514 6781 1572
 993 4644 961
 -1919 5494 2039
 -771 5194 2279
 707 7310 1866
 1225 6413 1607
 513 5919 2698
 713 6737 1181
 -1011 4599 2009
 -274 7605 1005
 -6 5946 1170
 -1645 5268 1574
 -948 5608 1409
Repetition Start
 -860 6296 719
 -199 5229 657
 -660 5689 -439
 -993 4614 467
 -902 5144 978
 -439 4217 60
 -557 5402 -691
 -1055 4849 -441
 -1358 4363 -468
 -1636 3598 -919
 -2261 1604 -1461
 -3751 10616 1399
 1748 5333 5385
 -1403 5367 2814
 -1208 6834 3616
 -2213 6710 2734
 240 7704 1981
 -1532 6968 1167
 -895 9514 952
 -11 8680 178
 -1158 9215 -861
 -1909 8874 -883
 -808 8671 -965
 -888 7798 551
 -1188 6929 1269
 -538 7684 1400
 -655 7679 2007
 -1179 8062 1441
 -1208 2994 -1894
 -1999 -4176 2918
 -2245 1737 -1845
 -1302 4727 -2344
 -1866 3938 170
 -1914 6033 864
 -1491 4959 1491
 -1569 5423 895
 -1032 5729 1902
 -1492 6366 2041
Repetition End
1
 -1511 6595 1188
 -2237 6138 1793
 -1584 5436 2156
Repetition Start
 -1826 6359 708
 -1626 5884 1139
 -1758 5823 942
 -1570 5204 662
 -1303 5125 319
 -1531 5355 74
 -1230 5756 -407
 -1541 5183 -54
 -1194 5245 -265
 -1216 5151 -590
 -1077 4821 -395
 -1124 5328 -349
 -837 4950 -331
 -1104 5249 -270
 -996 5394 -110
 -1192 5815 256
 -1238 5477 504
 -1139 5741 503
 -1206 5615 740
 -1170 5642 771
 -1081 5467 771
 -1271 5657 744
 -1112 5663 850
 -1261 5541 665
 -1452 5705 619
 -1398 5685 607
 -1261 5936 571
 -1256 5607 185
 -1257 5291 558
 -1312 5479 114
 -1453 5538 204
 -1134 5383 140
 -1255 5404 55
 -912 5121 -25
 -1091 5312 -43
 -1095 5227 -460
 -1086 5578 52
 -996 5650 266
 -1038 5429 697
 -1009 5613 957
 -1237 5893 1117
 -1295 5959 1061
 -1300 5910 1449
 -1386 6081 1624
 -1629 6360 1901
 -1678 6310 2069
 -1767 6353 2094
 -1690 6333 2258
 -1779 6358 2309
 -1908 6376 2543
 -1745 6339 2446
 -1914 6058 2608
 -1206 6394 1561
 -2019 6321 2528
 -1884 6603 2296
 -1584 6434 2323
 -1783 6442 2597
 -1454 6142 2475
 -1893 6177 2712
 -983 6346 2663
 -2085 6354 2008
 -1232 6416 2194
 -2390 6325 2280
 -1686 6555 2150
Repetition End
0
 -1727 6470 1965
 -1765 6292 2087
 -2041 6456 1915
 -1969 6195 2054
 -2035 6377 1935
 -1929 6162 1745
 -1784 6277 1836
 -2030 6195 1480
 -1743 5953 1518
 -2142 5993 1491
 -2119 6133 1699
 -2030 6077 1775
 -2312 6295 2040
 -2156 6569 2207
 -2096 6522 2633
 -2103 6563 2743
 -2176 6863 3227
 -2130 6697 3447
 -2087 6789 3573
 -2074 6841 3507
 -2113 6593 3795
 -2253 6852 3845
 -2238 6950 3549
 -2314 6776 3430
 -2351 6595 3209
 -2098 6737 3034
 -1817 6681 3060
 -2086 6425 2982
 -1990 6465 2483
 -1941 6061 2421
 -1951 6218 2149
 -2077 5804 2027
 -1297 6067 829
 -1744 5983 1273
 -1703 5972 674
 -1440 5779 570
 -1702 5757 733
 -1681 5831 824
 -1466 5942 1250
 -1555 6095 1312
 -1496 6278 1675
 -1407 6215 2038
 -1232 6115 2276
 -1067 6571 2470
 -1373 6507 2865
 -1454 6483 2885
 -1211 6600 3308
 -1061 6565 2952
 -692 6628 3148
 -1002 6557 3464
 -884 6757 3191
 -255 6626 3066
 623 6954 3117
 175 6902 3824
 -1730 6874 3373
 197 7702 2674
 -158 6807 4203
 -1765 6641 4570
 -1539 7654 5435
 3533 5762 6525
 3477 5587 10679
 1587 4573 7089
 1480 7873 6668
 166 9118 5616
 669 5416 6465
 1643 6753 5711
 544 7756 5319
 -388 5960 6297
 1272 7666 5881
 -1037 7112 4253
 -956 5472 3490
 -432 6677 4821
 -346 6479 4132
 -1127 4938 3239
 185 5328 2391
 679 3176 1916
Repetition Start
 2607 5745 3934
 2171 6822 2144
 1194 9231 6213
 947 7631 4857
 1362 6912 4941
 629 11021 5544
 2246 9930 6351
 1720 12715 5568
 2781 13214 6098
 2937 11738 6807
 3852 10286 9158
 4509 9943 8205
 2829 10338 7319
 4491 8813 6558
 -4685 -1792 952
 1381 5675 3796
 297 4253 3515
 -1507 6538 4440
 -45 5052 4024
 625 5797 4332
 -678 6260 4261
 1690 6974 2892
 2723 7456 3528
Repetition End
1
 2054 5620 5320
 2483 7640 2772
 137 5178 3641
 260 5606 1616
 1000 4831 1682
 -340 4945 1528
 -1055 2379 366
Repetition Start
 -1530 9322 -2573
 -3116 1075 160
 -2794 8147 3441
 1048 3404 5703
 -1453 5056 6659
 170 9452 5289
 506 8933 5212
 1432 9155 5226
 721 13874 4691
 2676 13175 5464
 2978 11297 6027
 2848 10571 6925
 2414 10699 6963
 2544 11543 6673
 2042 10659 5863
 -961 -3875 2931
 -1107 7760 4424
 -164 -1216 4320
 180 1440 3623
 2059 9850 2181
 861 5960 -1322
Repetition End
1
 -245 3728 2073
 1743 9068 2587
 -1256 7228 2265
Repetition Start
 726 4883 3510
 796 6521 2735
 -807 6404 3142
 -1197 6369 1789
 -638 6800 1494
 -206 5878 2755
 -1066 5610 2729
 -941 5594 2213
 -473 5743 1403
 -1161 5397 890
 -1884 3712 1012
 -1833 3311 1239
 34 3905 792
 4138 9945 2566
 645 5472 4485
 1895 3535 4470
 1168 7732 4679
 1586 9795 5232
 2512 8076 4947
 4002 13693 4610
 3211 11976 3984
 2709 12095 3871
 3753 10080 4475
 4861 12272 3692
 3883 11213 3344
 1171 1828 1835
 -2271 -3927 4007
 283 6569 -1213
 -2670 2916 1927
 -1309 4164 4224
 -1998 7336 217
 -220 5641 2098
 -1234 5364 1340
Repetition End
1
 -1770 5450 1274
 -1336 6518 1369
 -989 5814 1710
Repetition Start
 -1223 5292 971
 -1417 6193 1700
 -12 6338 1004
 -170 7541 2050
 -462 7326 -888
 164 4909 1824
 363 6071 1344
 -936 5075 1614
 -492 5231 681
 -382 5348 2099
 -194 5244 1991
 -755 4943 -150
 -2014 3931 1723
 -3021 9870 4244
 2518 5801 5218
 299 4519 8281
 -352 7394 7454
 -292 7805 7238
 96 9168 6824
 1197 10206 5828
 -638 11026 5828
 950 12796 5248
 2704 12575 5534
 1557 11647 5303
 3404 10026 6861
 2621 8373 8898
 570 6523 9361
 1936 1756 5624
 -434 -618 2683
 1421 9093 1521
 2267 4096 1531
 2549 3166 2354
 3440 5086 1587
 1679 5104 1187
 1990 7812 360
 196 7773 517
Repetition End
1
 -70 5754 2781
 -55 6099 2213
 681 6698 2517
Repetition Start
 0 6294 3518
 266 6208 3005
 60 6763 2519
 -67 7322 4159
 -767 7194 3768
 -474 7051 4326
 -1600 6565 3947
 -1143 6981 3841
 -890 7046 4124
 -1593 7043 3937
 -1091 6620 3705
 -934 7066 3738
 -954 6907 3462
 -776 6812 3551
 -460 6945 3016
 -621 6264 2753
 -780 6523 2933
 -495 6624 2752
 -888 6732 2660
 -1141 6775 2309
 -1372 6829 2233
 -1459 6043 1588
 -1212 6474 2055
 -1525 5891 2579
 -2753 6078 2190
 -2044 5669 1976
 -795 4885 2101
 -1633 5977 2136
 -1670 4031 37
 -3238 3307 408
 -2348 -1262 1914
 3314 12886 3391
 -2958 4602 5997
 1699 9578 3653
 1521 7823 6690
 668 8377 4535
 590 9823 5468
 1537 9990 5409
 976 11390 4434
 -256 9284 3371
 1510 10282 4846
 1531 10665 4326
 2038 8470 4996
 2569 9912 4352
 2955 11405 3394
 -389 1603 2835
 -4399 -1331 3795
 -846 2543 1753
 -2977 4927 1751
 -2463 6121 3518
 -1898 5021 3154
 -1973 6352 4403
 -1601 6171 3436
 -1831 7293 3961
 5 7445 3603
Repetition End
0
 -218 7184 4082
 -600 6423 4046
 -24 6938 3929
 -562 6825 3704
 -405 6738 3867
 -398 6857 3713
 -640 6346 3302
 -541 6720 3402
 -440 5872 2831
Repetition Start
 -343 7584 1753
 -371 6172 1813
 110 6172 793
 -766 5761 2084
 -273 4133 1851
 -897 3720 91
 -1470 5781 1222
 -1238 4251 144
 -686 1528 -374
 -2473 10061 2370
 333 3847 1733
 -152 4319 5757
 813 8596 6238
 1564 7862 6577
 1558 8895 5793
 1158 12467 7388
 1315 12302 6695
 1698 11608 7111
 2858 10651 6948
 2647 8897 7006
 2883 8885 5853
 2003 9605 6366
 1972 9993 5828
 -91 -2196 1337
 -1715 8964 2728
 1103 4758 -73
 -853 4204 1789
 222 2376 2009
 315 4543 1303
 -940 5765 2596
 -692 12946 897
 -301 1243 4138
 -326 8184 1827
 -1613 4936 1533
Repetition End
1
 529 4958 3316
 -25 7026 1397
 82 6737 2788
Repetition Start
 -149 5978 2204
 25 6360 2345
 -121 5838 2086
 -285 6008 1594
 362 6040 1644
 -521 5914 1753
 -1380 7528 2208
 -742 5699 266
 -890 5493 1666
 -1818 5518 2040
 -3072 5143 1119
 -1197 5597 831
 -2555 3182 -310
 -1862 3458 -226
 -209 3251 3027
 1338 8115 2894
 2490 9457 2853
 2611 5376 4745
 1029 7730 5327
 1176 10042 6122
 1721 9319 6159
 2006 11313 4624
 3026 11218 4586
 3646 9750 4294
 3942 8393 5193
 2846 8531 7514
 3799 10059 7763
 3970 10276 5841
 169 7135 6986
 -3953 -3739 -66
 8411 8942 -898
 -4200 4581 2160
 -1368 5157 2430
 2042 6147 2729
 -981 6133 2071
 -1209 4291 3302
 -675 5388 1978
 630 8287 2631
Repetition End
1
 -322 4974 2773
 -1201 5862 2736
 -94 6294 1921
Repetition Start
 -427 6430 2329
 -23 6455 2613
 -245 6520 2868
 -511 6406 2609
 -582 6610 3162
 -573 6846 2990
 794 6013 3305
 27 6776 1123
 -847 5056 2528
 486 5148 2183
 -593 5362 1138
 -1309 5555 1679
 -825 3008 708
 -1277 1464 2446
 -987 8164 3568
 879 8296 5169
 210 6638 6202
 2185 7688 4978
 221 7213 4248
 1824 9605 3253
 1216 8471 3774
 1246 9246 3038
 2246 11083 558
 2306 10876 1112
 2860 9914 957
 3411 9710 2689
 1548 8390 3028
 2355 9210 2706
 974 6505 2839
 -473 -3031 1311
 -1992 7802 4619
 341 621 2372
 1249 5035 1121
 -758 6897 2840
 -447 7651 3604
 -1971 7215 5444
 -422 4043 4194
 -1658 7707 2974
Repetition End
1
 -1502 6075 2409
 -1361 7150 2446
Repetition Start
 -1758 6597 2179
 -850 6234 1956
 -1063 6097 1870
 -959 5803 1060
 -1025 7281 1368
 -1676 6544 931
 -1403 5353 1220
 -2130 4945 1942
 -2446 5043 1158
 -1030 6293 985
 -1348 4226 -695
 -2566 4657 154
 -2804 234 299
 3619 9791 2946
 2910 6364 3446
 -257 4412 2494
 1981 9892 2775
 911 7957 3704
 887 7709 3541
 4600 11712 3534
 1232 9228 4140
 1802 11691 5578
 2809 10315 6442
 1915 11073 5308
 2384 10008 6588
 2688 9868 6004
 1590 8988 5819
 2704 3780 3577
 -1304 -5166 2111
 2252 4552 -1253
 -1911 7844 -1320
 1714 4931 1972
 -21 5161 2093
 346 6114 1419
 -445 5189 2152
 522 6047 1652
 1228 7482 1906
 44 4225 2016
Repetition End
1
 535 5927 1154
 391 6203 2367
Repetition Start
 521 6035 2475
 299 7073 2801
 -497 6843 2098
 796 6054 2787
 -51 5472 2265
 -719 5495 2017
 -750 5288 1313
 -1145 5131 1652
 -1733 5869 1288
 -1703 5686 266
 -1795 3981 -138
 -1621 2760 2987
 -411 8854 4100
 -833 6309 6534
 -406 5757 6748
 1303 8813 6532
 83 5777 7250
 520 9662 6383
 2979 12441 7006
 871 11477 6749
 1856 11755 7096
 1394 10895 7372
 1180 9818 7954
 697 9111 7926
 428 9702 7518
 392 9647 7376
 1163 5877 6012
 894 -890 3941
 -119 7624 4790
 1530 3336 3921
 918 4265 3641
 2110 8063 3568
 1189 7377 4543
 1356 6792 4533
 1859 7019 5080
 1966 6400 4562
 2093 6581 4248
Repetition End
1
 1736 6691 4538
 1151 6706 4570
Repetition Start
 1034 6466 4215
 1418 6220 4140
 -91 7606 3689
 -1145 6860 3341
 55 7266 2690
 -1135 6072 2649
 -2424 6030 3419
 -1599 4934 2517
 -1414 5149 1699
 -2309 4755 922
 -1189 4818 -215
 -884 2890 350
 2073 5795 2169
 -396 7137 5132
 -6 4715 4081
 896 6277 5579
 1623 7931 6931
 1258 9486 6808
 2195 10368 7193
 1679 10001 7234
 2074 11381 6621
 1445 10379 6903
 2125 9725 6338
 2425 9580 5625
 3056 11866 4384
 4631 14279 3907
 895 -7412 -1814
 -1010 13468 2896
 151 1085 56
 148 3698 1604
 -1073 5787 3096
 1173 5877 2476
 878 5174 2975
 -586 6453 2304
 -1116 6161 3309
Repetition End
1
 -691 8756 2625
 -459 6220 2991
Repetition Start
 -654 7209 3345
 279 5657 3910
 -1208 8329 3470
 -1534 7166 3411
 -1054 6719 3834
 -377 6336 4114
 -892 5871 3502
 -1644 5457 3220
 -1117 6610 4287
 -1033 8902 4064
 -3247 9148 4012
 -1814 5437 4570
 -1602 7764 3955
 -1772 6225 3697
 -1267 6541 3647
 -1592 7164 3212
 -1740 7384 3362
 -1451 6515 2940
 -1982 6557 3061
 -2550 7293 2391
 -2149 5549 2492
Repetition End
0
 -2159 6421 2991
 -842 7888 1789
 -893 5314 2173
 -1817 5511 2978
 -640 7551 1623
 324 6543 2145
