3498 13952 7176
 3519 13908 6978
 3465 13983 7056
 3771 14034 6852
 3743 14011 6673
 3732 14067 6772
 3708 14148 6587
 3755 14191 6348
 3689 14297 6177
 3702 14182 6359
 3665 14229 6400
 3678 14076 6542
 3781 13944 6500
 3967 14126 6316
 3889 14199 6328
 3891 14226 6068
 3972 14318 6256
 3936 14270 6095
 3826 14126 6157
 4013 14335 6155
 3883 14325 5835
 3805 14376 5837
 3870 14354 6016
 4039 14334 6100
 4003 14417 5940
 3931 14404 5697
 3905 14352 5757
 3934 14426 5930
 3899 14388 5763
 3952 14353 5824
 3920 14423 5957
 3825 14531 5944
 3824 14483 5750
 3895 14484 5443
 3730 14381 5660
 3711 14486 5736
 3723 14507 5704
 3828 14472 5576
 3859 14416 5834
 3656 14455 5976
 3755 14479 5949
 3840 14407 5930
 3840 14356 5926
 3863 14286 6056
 3890 14257 6079
 3916 14258 5977
Repetition Start
 3919 14244 5756
 3976 14254 6143
 4158 14222 6001
 4287 14236 6091
 4292 14345 6027
 3821 13894 5872
 3635 13755 5843
 4267 14991 6481
 4329 13824 6178
 4247 14272 5717
 3770 13900 6046
 3734 13951 6118
 4181 14380 6423
 4119 15426 6784
 4307 16168 7537
 4786 16774 7067
 4769 14991 6304
 7027 11925 1250
 7853 14023 -103
 9053 15072 1279
 7036 14434 1405
 6579 13564 1005
 8159 14653 -12
 9016 14484 -90
 8499 14819 -15
 7613 14222 972
 8258 14376 166
 7840 14276 421
 7621 14738 1134
 7649 13477 1001
 6793 12663 618
 6548 12265 1537
 6014 17617 6615
 5095 22302 8705
 3375 15834 7284
 3264 12072 4410
 3711 13805 5281
 3020 14523 6068
 3716 15847 7309
 3510 14317 5244
 2876 13342 3778
Repetition End
0
 4804 14464 4717
 4435 15136 4770
 3800 14851 5061
 3422 14982 4988
 3994 14965 4734
 4144 14384 5149
 4444 13291 4992
 5298 14980 6357
Repetition Start
 4679 14113 7011
 4564 13276 6216
 4399 12667 6310
 4430 12681 7222
 3985 12932 7584
 3805 12381 8124
 2615 11533 6363
 4897 13459 5864
 2807 17444 7399
 2040 17498 5372
 1914 17745 5569
 1889 17786 5452
 2476 17850 4592
 2257 16004 3049
 1847 13031 2109
 3724 13279 5091
 3016 11320 7877
 8123 20320 11608
 3455 13333 7911
 1995 8666 5870
 4907 14258 7596
 4220 13810 8025
 4017 15212 6347
 3074 14091 5656
Repetition End
0
 3516 13543 6283
 3978 14497 7085
 3940 13922 6457
 4679 13553 6529
 3900 13140 6355
 4354 15142 8261
 3816 13565 8516
 3671 12777 6945
Repetition Start
 4035 12550 7133
 3873 12746 8165
 2820 12078 9047
 3571 11839 7671
 4051 10083 6638
 2478 11129 2969
 7222 20554 3507
 7569 19275 4128
 9028 19914 3550
 7493 18711 2539
 7720 17830 3747
 7538 17008 3733
 6808 14263 3821
 3319 10755 5048
 3607 7151 5102
 1713 11012 7149
 5567 13257 7554
 3262 13534 8363
 5698 16247 8775
 3666 14315 7395
Repetition End
0
 6181 13364 4367
 4688 14860 4853
 5135 14264 5344
 4630 13666 5101
 4251 14737 5474
 3757 14528 4915
 3950 14462 4752
Repetition Start
 4054 14760 5314
 3812 14716 5434
 4163 14429 5662
 4255 14388 5480
 4243 13674 5196
 4401 14394 5823
 4072 13944 6172
 4012 14582 6928
 4477 13507 7131
 4089 13106 6810
 4393 13179 7256
 4564 13140 7816
 4907 13271 7736
 4696 13568 8782
 3373 13726 7585
 4331 12989 4940
 2568 13077 4998
 1655 14178 6090
 782 13936 5424
 1935 17906 6161
 2680 16820 6582
 3834 16299 7000
 3940 15602 7090
 1738 15357 7077
 1392 14874 6977
 873 14215 6870
 1876 13758 6313
 1099 12913 4406
 330 14050 4046
 651 15838 4644
 2450 15224 5531
 4274 14689 6693
 8089 18175 9914
 4112 12956 7545
 2083 11511 6184
 3689 13117 7853
 3419 13584 7164
 2929 14836 7415
 1478 14876 6805
Repetition End
0
 1510 13250 6160
 2530 14551 6885
 2592 14322 6941
 2548 14458 6678
 2579 14043 7200
 3035 13378 5903
 4202 14883 5961
 3303 14414 5917
 4383 13655 6877
 4778 13574 7805
Repetition Start
 4007 13233 6482
 4562 13819 6884
 4040 13543 7485
 4979 13540 7011
 4377 13332 7736
 4182 13964 8014
 3355 13050 7447
 2628 16014 6461
 4767 12465 3752
 4234 13721 4936
 6905 14611 4533
 4899 14356 5712
 5480 16544 8650
 5204 15444 6005
 3120 11911 4634
 3937 15211 6842
 3505 15591 8388
 2830 15454 6672
 2418 15892 6829
 2399 14409 6746
 2701 13222 6649
 2342 14086 6351
 3055 14381 6573
 3324 13790 6411
 3393 13236 6266
 3384 13088 7192
 3164 11699 6478
 3616 12825 6799
 4895 13068 7126
 5096 13198 5968
 5508 16131 6387
 1899 17607 7937
 3003 20412 9277
 -188 11576 5779
 3898 12749 6024
 3470 15027 7304
 4135 13365 6737
 4457 13847 6006
 3999 15587 5639
 4815 13766 5506
Repetition End
0
 5070 14419 6912
 4616 13542 6134
 3275 14078 6199
 3923 13897 6385
 3982 13271 5302
 4244 14605 7313
 4412 13883 7704
 4275 13135 7262
Repetition Start
 4222 13322 7508
 4996 13161 7713
 4532 12539 7918
 4575 12715 8172
 4153 12326 8016
 5576 11783 8014
 5687 13554 8258
 6651 12715 6660
 2295 18020 8110
 4875 18572 6225
 496 17178 3225
 -475 14913 3399
 264 16348 1433
 -362 14054 863
 -1146 13610 1169
 -96 14155 817
 -1145 15244 998
 2 17350 -214
 -1036 13514 622
 -3291 14023 -1097
 -1496 21950 -1613
 71 19540 -233
 803 15322 984
 1630 13174 2124
 1340 15807 3854
 3994 18564 6779
 7047 16509 11136
 6266 10620 7200
 2900 9596 7879
 4966 11087 6006
Repetition End
0
 5239 12535 6032
 8231 15350 7543
 6435 13580 6869
 4834 11490 5313
 4217 13615 7106
 5530 14862 6942
 4976 13071 6249
 5691 14014 6259
 5172 13678 6211
 4574 13167 6344
 4805 13910 6639
 5264 14415 7351
Repetition Start
 5051 12853 6468
 4919 13644 6880
 4444 13008 6795
 3951 12360 6928
 3223 12184 6892
 2194 11473 6694
 2234 10345 6352
 3459 13529 6976
 6487 17481 4378
 9298 24299 3961
 10920 23713 5132
 8618 22486 4886
 5504 15636 6384
 1967 2490 4317
 -352 5529 2089
 4548 10797 6331
 3295 13765 6182
 4779 14700 7630
 5715 18863 6174
 5741 15165 6163
Repetition End
0
 4050 11024 4730
 5737 14656 7650
 4333 14109 7827
 4227 13169 7011
 4826 13797 6581
 4361 13897 6532
 4774 13903 7016
 4147 13662 6649
 3771 13712 6750
Repetition Start
 3970 13874 6879
 4050 14174 6845
 4216 13625 6752
 4365 13694 7252
 4836 12676 6879
 5317 12799 7064
 5602 14985 8688
 5574 12122 5740
 4946 10766 6042
 4415 10308 5142
 3309 9230 -1219
 1336 12738 -2421
 7099 27054 -2360
 6513 29251 -1661
 8355 26342 1785
 3756 17165 3162
 1401 3600 4685
 4234 1735 5872
 2250 5576 6255
 3807 11697 7929
 4843 13399 8793
 5070 16047 6398
 5268 17657 7615
Repetition End
0
 3793 12173 5808
 3535 12160 7377
 5034 14542 8441
 3287 13255 6792
 4738 13773 6836
 4197 13662 6676
 4351 13549 6654
 4493 13769 6909
 4152 13619 6516
 4217 12791 6052
 4143 13333 5377
 4392 14771 7609
Repetition Start
 4428 15051 9284
 3938 14029 7465
 3621 13429 7721
 3702 12192 7990
 2589 10291 7313
 2361 11387 6848
 5961 10622 6442
 6382 15251 2671
 9568 25570 4693
 10965 23498 3938
 9406 23045 4948
 6522 16374 7380
 1530 4109 6951
 -18 4056 3341
 5194 16707 8854
 2141 14920 7406
 3307 15207 6849
 2084 15085 6099
 741 13598 6076
Repetition End
0
 3415 17303 8780
 2863 13686 6480
 3554 13488 6233
 4106 14366 7277
 3561 13672 6676
 4122 12458 6093
 4360 14391 7648
 4147 15416 6863
 4729 15527 8441
 4164 13966 7454
 3799 10998 5774
Repetition Start
 3851 10989 5972
 3626 8748 4773
 3242 3393 3304
 -2 8597 6624
 2051 32486 5599
 5965 28975 14637
 8358 23523 12091
 4799 13335 8196
 1751 2304 340
 -427 -478 518
 3100 12711 10577
 4242 15111 5456
 3420 7381 6578
 6936 15801 8952
 5187 14141 6847
 4522 11793 7074
 5925 13941 7536
 3423 12848 6276
Repetition End
0
 1811 16400 8616
 6021 15726 10338
 1949 8798 3005
 3773 7141 4503
 8118 6070 1908
 11247 6636 3639
 18513 14542 8754
 18733 24674 7385
 24510 23844 -975
 17868 14741 452
 8847 6054 401
 2537 1087 790
 4557 -288 1514
 7240 26124 11998
 5173 16617 8283
 691 10716 5136
 3902 15078 8136
 6044 16078 6654
 3672 12492 5612
 4828 14013 6895
 4104 13844 7209
 4795 13739 6772
 5372 13888 6366
 5159 14157 6565
 5169 13840 6949
 4334 12339 5815
 2535 9897 6223
 2829 7596 3979
Repetition Start
 2572 8263 3841
 8473 24245 8190
 9998 32767 8934
 7011 30760 9333
 2796 15058 6582
 2661 4051 923
 3133 -4561 -1429
 2706 4624 7141
 2503 16802 15271
 -394 7330 6091
 4357 13438 8064
 4336 15190 9682
 2646 10162 8119
Repetition End
0
 5978 13949 8769
 2458 10921 9906
 5276 15445 7820
 4837 13312 7004
 5338 13518 8712
 2321 12783 7196
 2514 12195 6781
 3281 14097 7357
 3579 14124 8092
Repetition Start
 6575 15841 8376
 6739 17160 6824
 8125 18037 8761
 6693 14854 6191
 6300 13592 4438
 7224 12106 644
 5716 11074 27
 5859 11709 1470
 5920 12668 1194
 7045 14261 -38
 7654 16430 2553
 6722 16081 2763
 5543 16260 3813
 4310 16408 6289
 4569 16930 6262
 2786 16546 7976
 2679 12296 6174
 3782 12805 7167
 3710 14445 8110
 4068 15141 7340
 4103 13026 4882
Repetition End
0
 4192 12992 5496
 4363 14772 6311
 3893 13982 5295
 3537 14317 5744
 4426 11641 4509
 4338 13461 6277
 3369 16471 8657
Repetition Start
 3514 14219 6111
 3789 12691 6734
 6054 12680 7439
 5248 13129 7095
 5541 12663 6977
 3583 16094 4942
 -429 15639 5588
 2352 18471 5258
 -78 15890 7029
 599 16683 6627
 2217 17672 6080
 2198 16884 6611
 2135 16844 6967
 2125 14662 6063
 2603 13854 5337
 3174 12760 5044
 4557 12741 5708
 5460 13353 9807
 9529 15527 9318
 5919 13625 8055
 4338 10015 6458
 4768 13464 6877
 6828 13883 7137
Repetition End
0
 6140 11868 6077
 6621 14265 6995
 6088 14524 5884
 4377 13534 5477
 5285 14084 5686
 5504 14165 6033
 5386 13707 6671
 5083 13738 6237
 5213 13845 6612
 5147 13202 6344
 4152 12087 5889
 4181 13841 7399
 4928 14681 9170
Repetition Start
 3427 12004 7800
 2933 11892 7370
 3116 13068 7930
 2936 12382 8511
 2657 11780 7847
 3594 14140 7964
 6286 13374 5814
 7303 16836 3687
 7973 18415 5503
 6911 17407 4517
 7741 17080 3911
 7773 15136 3446
 7895 14073 3644
 7042 13411 3492
 7270 13566 3935
 7352 12845 3433
 3750 10454 6457
 6624 19139 11498
 4621 15360 8358
 3257 9567 6406
 6075 11758 6860
 4268 14822 7259
 3430 13571 6962
Repetition End
0
 3851 11811 6029
 2960 14259 7292
 3221 14292 5823
 3782 15019 6658
 3382 14364 6189
 3099 14219 6012
 3646 14204 5837
 3704 14194 5897
 3658 14206 6084
 3770 14414 5857
 3722 14362 5891
 3695 14307 6073
 3532 13997 6129
 3867 13817 5947
 4187 13898 6042
 3501 11400 5328
 3453 11896 4708
Repetition Start
 4148 16610 2576
 5067 26508 5520
 1630 17839 5361
 -20 10377 3018
 -1673 5804 1539
 -6924 4325 -1091
 -5934 13202 2208
 -10000 22781 5651
 -10745 22746 750
 -9467 24035 4010
 -5133 20811 5017
 -1914 11947 4621
 515 3559 385
 2741 30 2228
 13792 15038 7027
 14524 17520 13838
 6663 10590 4592
 5149 6026 4630
 7452 13583 7936
 7904 14611 7345
 5279 10814 6478
Repetition End
0
 6520 13648 7725
 5657 13413 6772
 5775 13194 6838
 6066 13399 6835
 5359 13348 7066
 5634 12861 7504
 5816 13196 7515
 5676 13168 7091
 5653 13489 7090
 5712 13267 6991
 5408 13405 7124
 5432 13284 7255
 5392 13399 7204
 4729 13371 7063
 5149 13393 7159
 5573 12744 6399
 7035 11836 6620
Repetition Start
 8374 13845 6259
 9128 14758 6166
 7354 12626 5190
 6118 16516 5480
 3138 14938 4969
 3494 14451 4553
 2979 14610 4391
 -615 15374 4339
 2825 16295 4729
 4227 12888 4596
 3296 14189 6587
 -202 16425 9312
 -2117 13661 9413
 1006 14185 8153
 602 15637 5454
 2343 13678 3090
 1522 14657 3551
 4088 17538 6068
 4869 13668 2416
 6985 14902 6011
 6288 13890 5216
 5345 13924 4220
 5963 13861 5249
 4677 12801 6862
 6188 14635 6562
 3416 12662 6805
Repetition End
0
 4865 13014 7959
 4570 13670 7058
 4274 13393 6249
 4668 14379 6818
 4177 13694 7051
 4138 13683 7198
 3951 13760 6875
Repetition Start
 4126 13788 7246
 4118 13823 6960
 3972 13727 6901
 4609 13621 6752
 4801 13679 6855
 2822 12394 7823
 931 13563 8627
 154 16031 5140
 2360 17229 3868
 2497 16196 3424
 3242 15585 3556
 3669 14385 2729
 3793 12301 3145
 8139 16173 4441
 4567 13274 5145
 6004 12248 2239
 4947 16265 4012
 5731 14529 2584
 5223 14328 5189
 7595 14076 6117
 7821 14077 5127
 6754 12586 1190
 8140 13415 4425
 8439 14476 4281
 5991 12856 4077
 5720 16209 3901
 3841 16905 4861
 4249 15903 6014
 3123 14770 5339
 2431 14544 4893
 3304 14466 5320
 4067 15866 5111
 3745 14365 5773
 3594 12181 4767
 4299 14104 7381
 6079 13150 6247
 5216 13778 7234
Repetition End
0
 2155 15009 7477
 3267 12959 6887
 4779 14010 7938
 4242 13205 7582
 4874 13139 7287
 4793 13167 7654
 4717 11217 5848
 2736 8633 4522
 3408 12164 6900
 4519 14036 7502
 3523 14372 6750
 3485 14085 7365
Repetition Start
 2975 14371 7006
 3409 15895 8514
 4923 19962 9501
 5787 20182 10066
 5637 18100 9158
 4324 15242 9003
 2735 13016 7431
 1903 10820 7195
 2114 7842 5442
 2563 6207 5161
 4474 16147 9760
 4542 14632 7568
 3595 11763 6510
Repetition End
0
 4869 14824 7691
 3701 13462 6704
 4118 13635 6993
 3768 13808 7239
 4188 13770 6786
 4180 14082 7169
 3938 13602 7036
 4143 13962 6849
 3933 14014 6366
 4081 14639 6592
Repetition Start
 3810 14154 6483
 3839 14094 6522
 3750 14107 6472
 4010 13862 6902
 3763 13968 6809
 4053 14014 6850
 3566 14016 6811
 4118 14018 6647
 4439 13244 6715
 4133 11665 4691
 2634 9199 4632
 3768 11345 5768
 3241 13564 6878
 2919 13744 6144
 3675 14194 6762
 2939 16112 7711
 4218 19487 9934
 4047 20799 10572
 4363 19766 9773
 3630 17096 8511
 3719 13186 6880
 2806 8963 4451
 1955 6924 4489
 2497 9635 5767
 3860 15681 6966
 4562 13480 6678
 3571 13857 6772
Repetition End
0
 3776 13711 6678
 4057 13887 6636
 4136 13969 7219
 4005 13885 6852
 3910 13941 6863
 4123 13945 7104
 3888 13551 7045
 3913 13682 7107
 3791 13560 6969
 3920 13650 7074
 3946 13517 7388
 4216 13660 7254
 4188 13575 7287
 4251 13763 7329
 4602 13425 7044
 4745 13749 7134
 4024 13282 6605
 2828 12332 6339
 2428 10255 5845
 1519 8978 6649
 50 15518 6881
 262 19148 7657
 449 22616 8216
 -1031 22769 8661
 -1559 22842 8388
 -2096 11857 3383
Repetition Start
 3498 1878 2162
 4106 279 2664
 9279 19980 7096
 6265 15009 8592
 10328 14266 7299
 8628 13596 7297
 10003 13101 7596
 10808 15562 8471
 13070 18840 9164
 11375 17268 8233
 6441 10655 4682
 -807 2579 3215
 -3763 -2574 -2496
 16908 32767 27540
 6575 26257 -3205
 4180 10884 7869
 2682 12199 4733
Repetition End
0
 2463 13236 4798
 4737 15467 4076
 7378 12151 3070
 6689 13805 7109
 4828 14839 5005
 1809 13891 6434
 2595 13963 6688
 2689 14203 5629
 3777 14594 6161
 3381 14026 6029
 4067 14468 6415
 4082 14171 5857
 3871 14450 5612
 3898 14369 6106
 3540 14267 6694
 3368 14385 6208
 3443 14341 5995
 3296 14462 6398
 3627 14274 6613
 4099 13946 6484
 5484 12950 6271
 4343 12962 6336
 4531 13542 5041
Repetition Start
 4509 14636 7535
 3859 13410 6850
 2368 11839 5733
 3111 10294 5569
 2251 8969 3735
 4041 12296 4798
 1781 13847 4392
 3283 13077 5899
 5677 20781 5937
 7267 26940 5624
 7517 25393 6874
 5831 20683 7082
 4660 16241 6375
 3140 10764 4574
 2415 6114 4241
 2535 4102 3619
 2290 7476 9489
 4232 14420 9712
 3081 10521 7553
 4162 14195 7465
Repetition End
0
 3760 13842 7481
 3223 12900 7880
 3847 13991 7948
 3678 13577 7392
 4063 13844 7381
 3972 13836 6910
 4050 13666 7274
 4068 13632 7496
 3902 13603 7233
 4276 13587 7433
 4015 13772 7179
 3894 13719 7098
 3749 13874 7143
 3885 13633 7235
 3824 13937 6968
 3761 13998 6866
 4094 14023 7406
 3610 13820 7371
 4083 13595 7665
 4299 13143 7997
 4381 12873 7245
Repetition Start
 3265 12863 7767
 2325 12928 7995
 1210 12302 8594
 55 9948 7308
 -1332 6947 5275
 -243 9495 4423
 -1833 14184 4309
 28 13233 2910
 792 17393 1767
 3511 25750 1716
 5140 29647 801
 5031 27616 1327
 5551 23656 1795
 7607 17751 3909
 5959 13886 3912
 5575 8868 2068
 3396 3621 2724
 1345 226 2802
 5046 9793 11383
 2996 11330 17871
 126 10105 7316
 5123 13024 7559
 3654 14367 7382
Repetition End
0
 3974 13269 8386
 3262 13437 7902
 2910 13407 7947
 3942 13468 7448
 4185 13665 7235
 4045 13862 7261
 3476 13575 7601
 3799 13665 7490
 4022 13655 7382
 3838 13757 7537
 3494 13795 7265
 3502 13890 7412
 3485 13800 7539
 3692 13717 7449
 3745 13836 7471
 3756 13476 7358
 2847 12205 7341
 2304 8664 4970
 806 5930 3062
Repetition Start
 3505 7683 4369
 4602 21477 7862
 5652 22874 7270
 7740 25778 8716
 7169 23509 9825
 6147 19916 8764
 4010 15146 7052
 3128 9732 5000
 2428 5744 3600
 1679 3690 3653
 3007 12415 9356
 2758 15119 9716
Repetition End
0
 3206 10408 6451
 4443 14071 7223
 3949 14661 6969
 3484 12968 7182
 3446 13865 7545
 3428 13840 7347
 3750 13784 7019
 3583 14052 6817
 3463 13677 6836
Repetition Start
 3689 13826 7107
 3754 14011 7118
 3802 14163 7070
 3644 13949 6654
 3955 13960 7069
 3566 13691 7173
 3443 13485 6862
 3855 13575 7125
 3915 12394 6987
 2765 9572 5612
 1677 8280 4296
 1190 8743 4724
 1961 15321 6651
 4739 18599 6714
 6106 22899 6964
 6568 25444 6710
 5884 23068 6633
 4694 19518 6580
 3400 15213 6094
 2315 10036 4288
 719 4844 2425
 934 4295 4673
 6343 21409 13801
 2988 15003 6897
 3256 12555 6435
 3682 15598 7073
 3563 13784 7080
Repetition End
0
 3561 13365 7494
 3452 13819 7290
 3515 13917 7160
 3328 14145 6749
 3488 14318 6553
 2761 14036 6754
 5261 12879 6786
 6165 12972 6753
 6817 14198 7245
 4814 12690 6413
 6261 12812 6637
 6673 13457 6909
 5403 15448 8676
Repetition Start
 4076 14151 7029
 2844 14449 7527
 1839 10372 5366
 920 4645 3438
 2744 6249 4400
 2870 16712 7553
 3189 16458 8608
 6449 25383 10621
 6294 27298 10343
 6233 24727 10113
 5989 20826 9506
 4210 12573 5355
 1349 2822 1543
 -1058 -3013 1253
 990 2891 5782
 489 16134 17724
 2206 7734 7950
 5136 12081 7717
 2903 14923 9982
 3335 12944 6961
 4442 12426 8373
 3816 14093 8467
Repetition End
0
 3689 12669 7983
 3694 13668 7876
 4217 13428 7747
 4073 13266 7637
 3916 13286 8055
 3703 13244 8166
 3798 13118 8649
 3074 13663 5997
 5491 13298 6405
 5123 12751 6745
 2959 8765 4479
 510 5463 4570
 225 8769 5025
Repetition Start
 -1459 15797 6993
 -3285 16315 4776
 -5395 24491 7531
 -2160 29358 6856
 -2932 26030 7398
 -2447 20612 7766
 -538 12430 7165
 1179 4055 1416
 1401 -182 1961
 636 3230 5696
 1849 18691 12647
 4449 9844 9368
 7739 13871 5974
 7794 13610 7326
 4600 13074 7006
 4904 13270 7558
 3755 12905 8494
Repetition End
0
 5111 13308 8771
 4862 12304 7206
 4785 12944 7524
 5144 13240 8863
 2928 12841 9401
 5885 12224 7707
 6622 13318 6612
 7043 13239 7477
 3250 13437 8575
 1328 11160 5316
Repetition Start
 -1513 7170 5105
 337 5225 5355
 485 9849 7339
 2462 17850 10365
 3911 21093 11196
 7517 25278 11304
 7309 23900 10758
 6780 21437 9647
 4750 16485 10349
 4336 10820 7676
 3931 4514 5320
 729 84 1942
 69 1210 5793
 5086 22608 9497
 2748 9037 8851
 5495 14033 7606
 3995 13322 10266
 3233 10541 9000
Repetition End
0
 4499 12927 10335
 3681 12331 9339
 3985 12206 9282
 4730 12769 9049
 4988 12640 8781
 4360 12471 9279
 4158 12190 9228
 4170 12568 9115
 4868 12095 8754
 5804 12126 8466
 5549 12255 8120
 4319 8783 5611
Repetition Start
 3134 7033 4387
 3154 10459 6568
 4676 13360 7640
 3504 13473 7032
 5622 17189 8078
 5218 17571 7735
 5807 19475 8544
 3885 20976 9273
 5533 20908 8923
 5941 18814 8566
 3612 13525 8926
 3497 13497 9319
 1519 9061 6689
 1788 5715 4800
 3391 5154 5012
 6317 12881 9711
 5438 13409 8449
 2957 10977 6656
 4391 13455 8426
Repetition End
0
 5628 13696 7183
 4310 12730 7489
 4505 13546 7827
 3852 13389 7516
 4545 13766 7554
 4939 13358 7229
 4845 13516 7659
 4934 13329 7451
 4181 13516 7139
 4056 13465 7126
 4036 13556 7362
 4078 13720 8074
 3954 13094 7825
 3957 13282 7783
 4162 13344 7862
 4274 13184 7923
 3999 13259 7989
 4222 13288 8171
Repetition Start
 4165 13256 8146
 4273 13146 7958
 4569 13031 8484
 3747 12712 7360
 2397 8788 4224
 1213 6157 4767
 2906 9855 6479
 4694 15474 7758
 3557 14760 6745
 4564 19382 9109
 4958 21256 7639
 7081 24149 9323
 6468 21733 10275
 4669 18002 9713
 3867 11794 7184
 3396 7016 2357
 2278 2192 2068
 3275 5936 6298
 12096 24272 8130
 2302 10506 7054
 5402 13796 6568
 6627 14744 7453
Repetition End
0
 3967 12692 6862
 4026 13754 8122
 4056 13278 7970
 4325 13320 7420
 4467 13492 7279
 4281 13473 7155
 4349 13466 7486
 4448 13489 7401
 4403 13433 7565
 4343 13525 7405
 4520 13573 7302
 4379 13308 7030
 4310 13369 7189
 4528 13565 7430
 4615 13689 7088
 4714 13426 7336
 4656 13390 7455
 4693 13458 7502
 4707 13438 6946
 4735 13863 7498
 4681 12108 6753
 3111 11086 5862
 4097 12270 5595
 4223 13206 6707
 4530 13134 7136
 3428 12962 6987
Repetition Start
 4195 13433 7661
 4632 13977 7379
 3197 12354 5855
 4141 13276 5839
 4925 14849 6264
 4410 17032 6597
 6139 21336 6297
 6600 21540 5915
 6138 19677 6214
 5405 18498 5864
 3805 15560 4604
 4257 12208 3697
 4034 9523 3794
 3459 7727 4482
 4409 9620 6481
 6424 13664 9227
 3757 12620 8465
 4261 12989 7667
 4270 13666 8297
Repetition End
0
 3247 13099 8454
 3295 12921 8341
 3335 13191 8089
 2616 13007 7504
 1493 13564 6895
 1527 14726 7975
 4120 16388 7904
 6826 16245 7108
 7696 13074 5397
 5443 12846 5711
 5597 12136 5774
 6163 13030 6347
 4566 13749 7173
 4741 14092 7284
 3890 12962 7048
 3653 13144 7452
 3552 12835 7893
Repetition Start
 4456 13644 8610
 4748 14091 8319
 4741 14569 8434
 4573 15014 8291
 5034 15855 6356
 3935 13370 7364
 1148 11935 6816
 3303 13461 7643
 2630 13988 7444
 2794 14005 7101
 3220 13928 7219
 3188 14221 7119
 3252 14322 6971
 3091 14173 6729
 3075 13996 6701
 2881 13600 6164
 2628 14131 7107
 2242 13392 5904
 3432 13167 6466
 5173 14368 7811
 4817 13757 8174
 6193 19593 10301
 4351 13102 8277
 4032 10596 6996
 5034 13401 8406
 4522 13399 8356
 4870 12597 7886
 4995 12398 7602
Repetition End
0
 4525 12922 7829
 4522 13651 7778
 4236 12564 7932
 3639 13155 8343
 4358 13380 8383
 3117 12133 7481
 4054 13827 8710
 3859 13333 8803
 3752 12825 8000
 3751 13147 8243
 3657 12948 8378
 3406 13101 8211
Repetition Start
 3327 13244 8329
 3312 13976 8551
 3557 14624 8943
 3536 13395 8815
 4281 14896 9213
 2792 12425 6388
 3729 14344 7447
 4284 13314 7355
 4573 13102 6054
 4480 14364 7155
 5021 13474 7141
 4944 13514 6689
 4420 13416 6626
 4872 13947 6980
 5536 13914 7023
 5464 13376 6551
 5608 13292 6586
 5871 13308 6669
 5537 12916 6374
 5302 13107 6254
 4936 13907 6316
 4128 15205 8733
 4656 13389 7810
 6952 15876 8191
 5107 13026 9285
 2938 10810 7009
 3378 12117 6843
 4287 14744 8254
 3597 13818 7773
 2554 13910 7524
Repetition End
0
 2815 14532 7018
 2624 13670 5449
 4083 13994 5698
 5189 14664 6201
 3211 14250 5946
 3385 14310 6359
 3296 14481 6565
 3150 13734 6102
 3836 12640 6551
 3732 13405 7173
 4001 14900 7553
 4283 13912 7120
Repetition Start
 3410 12749 7255
 4384 13639 7801
 4156 13532 7866
 3785 14714 8949
 4077 15385 9350
 4460 13735 8203
 3134 11940 6628
 3450 13285 6411
 3501 15155 7231
 2472 12507 6246
 2921 13372 8276
 2969 14853 7070
 3059 13933 7618
 3034 14571 6800
 2810 14158 7107
 2283 14579 6620
 2106 14175 6742
 2172 13900 6079
 1964 13255 5365
 3759 15916 6296
 6626 14257 9293
 3702 14518 7129
 6142 14172 7136
 3721 11852 6287
 6554 13574 5795
 4788 14099 6441
 5827 14136 6410
 5397 12992 5154
 6694 14262 5126
Repetition End
0
 5174 14010 5161
 5037 14834 5168
 4906 14409 5279
 5009 13916 4806
 4220 13816 4752
 4196 14507 4720
 5067 14839 5327
 3935 13827 6173
Repetition Start
 4236 14547 6467
 3271 13161 5948
 4875 14007 6607
 4915 14409 6564
 4576 15103 6670
 6512 18105 7789
 4706 14068 6186
 3939 12880 5816
 5377 12502 5400
 4984 13873 5151
 5859 13835 5057
 5704 14991 5402
 5080 14140 5573
 5054 14119 5544
 4933 13755 5573
 5435 14261 5837
 5790 14226 5805
 5595 13889 5355
 5276 13687 5447
 5750 14143 5545
 6228 14158 5907
 5702 13545 5189
 4941 12915 4679
 5222 13044 4767
 5570 15492 5760
 3317 13625 6429
 5350 24090 12190
 3965 12554 7135
 2843 8584 4831
 5221 16759 6682
 2634 14909 7058
 3972 14093 6475
 4078 13948 6166
Repetition End
0
 2996 14307 5718
 3442 14964 5971
 3652 13777 5711
 3287 14989 5807
 3127 14784 5851
 3752 13157 5466
 4276 15504 6039
 3973 13778 6460
 4158 13718 6226
 3945 13635 6465
 4992 13695 6338
Repetition Start
 5011 13652 5847
 5019 14903 6468
 4818 15161 7052
 5173 15308 5848
 4765 14162 4237
 3791 12861 5013
 2504 12942 4902
 3056 15253 6132
 4037 15156 6335
 4656 14332 5713
 4106 13719 6074
 4077 14456 6050
 4119 14269 6337
 4164 14208 6311
 4015 14750 6195
 3818 14133 5592
 3483 14830 5924
 3812 14654 5777
 3684 13467 4744
 3590 14265 4962
 3281 13081 4263
 5369 16284 6678
 6718 14839 5537
 4658 13364 5601
 4866 16578 5628
 3923 12395 4958
 4962 14243 5515
 4684 15008 6450
 3752 14152 5991
 3542 13637 4795
 3608 13852 5660
Repetition End
0
 4246 15535 5762
 3751 14318 4931
 3380 14046 4843
 4766 15782 6183
 4308 13503 5126
 4211 14779 5597
Repetition Start
 3543 14308 5679
 2875 14120 5691
 3676 14598 5780
 3467 15274 6360
 2511 15065 6309
 2878 14635 6671
 2656 14682 6523
 3352 13752 5433
 4439 11322 4421
 4751 13538 5040
 5949 14998 4824
 4562 14484 5667
 4497 14580 6100
 3911 14143 5345
 4474 14537 5522
 4712 14683 5665
 3993 14192 5108
 4880 14479 5483
 5133 14412 5443
 5361 14286 5100
 5298 13819 5314
 5083 13600 4764
 5110 12700 4881
 4727 12973 4474
 3982 18898 6512
 1899 14709 6074
 2768 16560 7294
 4391 13442 6595
 3557 12848 5641
 5462 14428 6329
 5216 13390 4761
 3743 14502 5598
Repetition End
0
 3759 13672 4773
 4012 12616 5460
 4314 15555 5387
 4970 14679 5448
 4967 14446 4600
 5146 14462 4185
 3983 15497 6051
 3754 14205 5397
 3888 13311 4593
 4923 14196 5952
Repetition Start
 4471 15739 6025
 4616 12719 6439
 3380 12924 6660
 3472 14745 7198
 3724 13720 7283
 4293 13777 7932
 4999 14335 8077
 4841 14660 7068
 5331 12786 6667
 5751 13118 5887
 5878 12811 6226
 5206 13336 6811
 4217 13917 6809
 3901 12506 7106
 5133 15620 7691
 4324 13668 7127
 5163 13936 6959
 4386 13806 6869
 3992 13271 6775
 3971 14588 6783
 3350 14287 6173
 3331 13848 5154
 3079 14446 4747
 2360 14077 3735
 4550 15654 5528
 7842 20006 10428
 7030 15640 8231
 3211 11124 4633
 4597 14226 5434
 4430 14830 5698
 4208 13257 5700
 3430 14510 5777
 3118 13542 5175
Repetition End
0
 3334 15882 5918
 2431 14868 5054
 2747 13684 4754
 3697 15586 5692
 3421 14338 5255
 2984 13966 5131
 3827 15709 5580
 3524 14623 5572
Repetition Start
 2800 14559 5700
 2212 15282 6146
 2307 14667 5705
 2535 14238 5770
 2424 14358 6282
 2488 15154 6594
 2720 14080 6317
 2837 14403 6030
 4447 17994 5809
 3259 12853 4852
 3908 13329 4889
 3742 14494 5427
 3341 13882 6316
 4489 15586 6054
 1763 14876 6918
 1211 13922 6935
 1814 15085 6018
 2009 14526 6080
 2137 14559 6374
 2308 14758 6488
 2751 14838 6955
 2941 13884 6426
 4020 14513 6215
 3722 13654 6107
 5280 13099 4513
 4780 14295 5042
 3985 14437 5211
 3389 15275 6325
 4871 18339 6481
 4086 14849 6042
 2806 11955 4827
 3130 14659 5552
 2524 15519 5693
 2964 14292 5383
Repetition End
0
 2898 14284 4559
 3609 15852 5338
 3648 14409 4716
 3530 14940 5006
 2845 15041 4897
 3730 14652 4861
 4247 13909 5105
 3713 14624 5514
 4353 14750 6932
Repetition Start
 3826 13910 6669
 3730 13398 6074
 4442 14119 6759
 4389 13872 6908
 4562 14771 7313
 4876 14263 7215
 4837 14092 7204
 4532 17189 7136
 3525 12146 5945
 3669 13626 5826
 3771 15314 6171
 3296 13183 5855
 4223 14804 6094
 3629 13985 5344
 3665 14744 5658
 3479 14228 6025
 3754 14611 5843
 3349 14528 5947
 3617 14736 5943
 3506 13779 5060
 3581 13167 4261
 3086 13763 3741
 5289 16848 5106
 4896 14180 6692
 7954 20052 8922
 4059 13390 6280
 3800 11622 5626
 4624 14697 6955
 3962 13931 6437
 3778 13588 5805
Repetition End
0
 4183 14738 5406
 4419 14958 5522
 3964 13958 5621
 3272 13896 5637
 4105 14336 5566
 4181 13376 5211
 3926 14781 5963
 3573 15040 5298
 4096 14916 7023
Repetition Start
 3646 13581 5938
 2564 13296 6171
 3438 14640 6671
 3052 14405 6828
 3713 15851 7192
 4219 15109 6282
 3403 14366 5877
 4083 14879 5443
 4236 12997 4155
 4442 13695 4340
 6530 14501 4679
 5960 13944 4679
 5621 13813 5361
 5727 14307 5297
 6024 14230 5063
 5560 13997 4952
 5731 14589 4857
 5615 14114 4681
 5916 14412 4386
 6161 14054 4025
 5735 13536 4046
 5422 14158 2799
 6015 14474 3701
 4484 14956 7679
 4217 17518 8073
 5052 17818 9773
 2739 10797 6858
 3027 11063 6071
 5171 16884 7921
 3347 13958 6724
 3469 13081 6349
Repetition End
0
 3837 14312 6686
 3869 13265 5578
 4854 12878 5737
 5381 15289 5241
 4471 14283 5993
 4803 14088 5587
 5267 14057 5947
 4463 13848 5723
Repetition Start
 4722 14071 6000
 4828 14197 5867
 4768 14098 5696
 4724 14072 5707
 4798 14307 5669
 4833 14399 5732
 4747 14243 5725
 4741 14283 5759
 4793 14059 5819
 4849 14256 5859
 4863 14245 5734
 4819 14179 5568
 4966 14171 5729
 4930 14137 5763
 4848 14158 5809
 4723 14164 5748
 4899 14011 5874
 4857 14218 5870
 4821 14231 5490
 4844 14290 5680
 4929 14177 5782
 4856 14183 5731
 4836 14086 5697
 4884 14192 5607
 4801 14137 5437
 4813 14434 5483
 4883 14280 5522
 4821 14246 5591
 4765 14285 5285
 4831 14250 5361
 4796 14385 5384
Repetition End
0
 4715 14389 5435
 4777 14360 5756
 4523 14521 5557
 4643 14387 5502
 4622 14281 5582
