Repetition start
1.28000343263
1.64454670466
1.64454670466
1.64454670466
1.85739452109
1.35717653898
1.46633811639
1.43790983235
1.3430641151
1.3430641151
1.40318743688
1.40318743688
1.43902552166
1.33018742195
1.43412922258
1.43412922258
1.43412922258
1.41805427598
1.34032389737
1.46755880765
1.38729899047
1.38729899047
1.36925316211
1.36925316211
1.36925316211
1.36685708822
1.39476842626
1.37200823742
1.37200823742
1.37176351952
1.37176351952
1.38694381499
Repetition end
0
0
0
Repetition start
1.41184839499
1.36024639137
1.36024639137
1.50294567246
1.46525224585
1.40041590978
1.85197470097
1.85197470097
1.85197470097
1.76718794378
1.76217433701
1.71961287383
1.55532951254
1.42136217133
1.42136217133
1.27386751988
1.26451470835
1.15239488521
1.15239488521
1.15239488521
1.05386344718
1.05577447651
1.06315924374
1.17118709242
1.23939454637
1.23939454637
1.22300914236
1.20257735638
1.28729859381
1.24707256338
1.27454170669
1.25914541399
Repetition end
1
0
0
Repetition start
1.35420400693
1.35420400693
1.57504365147
1.57504365147
1.54642696467
1.47083275187
1.54931881673
1.63466408459
1.59760396494
1.71332213818
1.68363655748
1.68363655748
1.57847515084
1.46554954564
1.32652237773
1.33521975092
1.31848029395
1.03233469105
0.90530173454
0.90530173454
0.876467202696
0.876467202696
0.876467202696
1.29586576063
1.29791501151
1.29791501151
1.29893253165
1.25748034795
1.25748034795
1.24122494315
1.24122494315
1.23408029606
Repetition end
1
0
0
Repetition start
1.14852397943
1.14852397943
1.06183569315
1.3408697554
1.3408697554
1.5629052626
1.48324080101
1.72280023367
1.77739635432
1.54503816825
1.54903982503
1.70418388146
1.70418388146
1.60647979398
1.58586388567
1.58586388567
1.46997340718
1.37069089791
1.33819466498
1.30159724333
1.30159724333
1.30159724333
1.31296329326
1.05736418786
1.05736418786
0.728298423338
0.939158411253
0.939158411253
0.939158411253
0.883364388879
1.49939933562
1.09541876226
Repetition end
1
0
0
Repetition start
1.39230675481
1.49886533792
1.50132589674
1.70106835165
1.70106835165
1.8036876898
1.8036876898
1.57640259885
1.44890984742
1.74255569698
1.73789306978
1.62145195301
1.62145195301
1.45014916549
1.45014916549
1.35378114427
1.35378114427
1.28737479904
1.24128114575
1.24128114575
1.23748761084
1.09240068073
0.995772607309
0.939653795505
1.09788434961
1.23379188055
1.23379188055
1.1944072543
1.21806736162
1.17299689156
1.22401650236
1.22401650236
Repetition end
1
0
0
Repetition start
1.187906097
1.27012184051
1.32397728522
1.32397728522
1.32397728522
1.49290949521
1.49290949521
1.6966896759
1.6966896759
1.6966896759
1.75568754928
1.75568754928
1.47067569869
1.65689768475
1.3735385275
1.63245937645
1.62206592479
1.47671939884
1.40605007711
1.35608952541
1.36620511046
1.34025599224
1.25542938857
1.25542938857
1.15443783914
0.996380271094
0.996380271094
1.01951582484
0.952278607592
1.19344513861
1.11299792583
1.11299792583
Repetition end
1
0
0
Repetition start
0.856668047503
0.856668047503
0.856668047503
0.856668047503
0.91878039819
0.985465476991
0.861578738371
1.06398923022
1.49125067777
1.5078478436
1.83701035522
1.88064902309
1.72623427754
1.58768795921
1.59481790822
1.59481790822
1.47976677112
1.414009358
1.38858158956
1.38858158956
1.27779125109
1.27779125109
1.25160579654
1.25160579654
1.13928862566
1.12989517146
1.12989517146
1.00344591311
0.949423077259
1.00802444662
1.04419199685
1.04419199685
Repetition end
1
0
0
Repetition start
0.869188751003
0.905969855977
0.905969855977
1.06263370409
1.06263370409
1.19054010206
1.19054010206
1.45282766033
1.45282766033
1.24895161981
1.49906912495
1.74751862904
1.80189863962
1.51443229648
1.69788624487
1.69275486087
1.560646233
1.560646233
1.4322735479
1.31207723564
1.34480385292
1.32679792467
1.32679792467
1.34888001731
1.13831558182
1.13831558182
1.08851889441
1.01654981359
0.987604305185
0.987604305185
0.858700977777
1.07948798428
Repetition end
1
0
0
Repetition start
0.975237049881
1.17729695581
1.20667356914
1.41749775765
1.75375026209
1.75375026209
1.64922652073
1.64922652073
1.49405344416
1.50861293049
1.52445257555
1.52445257555
1.65569241265
1.65569241265
1.48711081536
1.38921317752
1.39206051938
1.21524301481
1.21524301481
1.21524301481
1.37957906518
1.23558193969
1.23558193969
1.30825937184
1.30825937184
1.20420152941
1.162525218
1.08706686414
1.05228816256
0.96674142351
0.96674142351
1.11685044533
Repetition end
1
0
0
Repetition start
1.14551764351
1.14551764351
1.28863553288
1.55914181918
1.81138450933
1.56627324365
1.55724494576
1.37430271165
1.5519569046
1.63337488961
1.63337488961
1.42083147684
1.44884793018
1.44884793018
1.35421616727
1.35421616727
1.40266182674
1.31415144872
1.31415144872
1.19037248288
1.19037248288
1.19071511562
1.17426495826
1.17426495826
1.06664788998
1.12563075324
1.12563075324
1.10707675764
0.935268611579
0.952066054081
0.952066054081
1.18548478556
Repetition end
1
0
0
Repetition start
1.00333993056
1.06397017626
1.21293769352
1.37562759257
1.63519584186
1.66710779653
1.66710779653
1.56596749004
1.45851858331
1.43730739412
1.47451154498
1.47664587351
1.658375083
1.5044590838
1.39861850127
1.39861850127
1.31254155229
1.20659845272
1.20659845272
1.3439967877
1.3439967877
1.26956982627
1.29860197838
1.29860197838
1.16423081775
1.16423081775
1.14289397251
1.17345197271
1.11361831782
1.10550565793
1.07098682247
1.07098682247
Repetition end
1
0
0
