Motion detected after  973  milliseconds. Logging...
-3720 17 20639
 6371 -11592 23474
 -16783 -337 25383
 -2385 -10786 19298
 -5297 -10402 20998
 -3695 -8083 21818
 -1509 -8057 20421
 -2210 -4214 22492
 -3019 -5824 22646
 -1723 -5488 21021
 -3975 -5734 22437
 -3881 -5418 22257
 -1223 -6523 20933
 -4063 -5937 22943
 -2127 -5662 21910
 -2636 -6484 21314
 -2629 -5692 21499
 -2486 -5347 22078
 -2345 -5349 21707
 -2051 -5412 21717
 -2462 -5892 21808
 Motion ended after  1568  milliseconds. Logging...
 0
Motion detected after  834  milliseconds. Logging...
-4700 -5072 22074
 -5527 -5722 20818
 -6624 -4193 23343
 -985 -5957 23235
 -2392 -7421 21579
 -2381 -8852 28925
 -2361 -5237 28378
 -4981 -5974 27804
 -2467 -6082 27399
 -1422 -5546 24831
 -546 -4880 22764
 -1021 -4671 20316
 418 -5982 19831
 514 -5376 18092
 841 -4211 16724
 2378 -3967 16668
 -955 -1802 17299
 -2416 -2321 18894
 -3000 -3628 19753
 -1917 -2879 19737
 -222 -2961 19478
 -347 -2841 20896
 -277 -2639 20259
 261 -3356 20609
 -469 -3605 20307
 Motion ended after  2978  milliseconds. Logging...
 1
Motion detected after  784  milliseconds. Logging...
-2974 -1555 21932
 -339 -4773 25358
 -2465 -2978 25040
 -1075 -4311 23685
 -1071 -3094 25172
 -1552 -3599 26494
 -852 -4615 25751
 -829 -4050 27765
 -2168 -7070 26575
 -1959 -5707 25148
 -2020 -5587 23265
 -1936 -4488 21177
 -1733 -2906 21613
 -612 -5167 20966
 -2502 -2964 16463
 2646 -4706 13815
 -2505 -1727 14034
 -2175 -3232 20871
 529 -4271 20825
 -257 -2614 21119
 -545 -2214 20476
 -393 -2246 20208
 -293 -2491 20063
 Motion ended after  1757  milliseconds. Logging...
 1
Motion detected after  784  milliseconds. Logging...
2521 -1541 18584
 -200 -1467 17334
 1944 -166 21882
 -2105 -1173 25493
 -2233 -4412 23793
 -4572 -732 27844
 -834 -4416 28772
 -4622 -5566 24258
 -2309 -3998 24956
 -1217 -8060 26705
 -2859 -5977 25473
 -1937 -6671 25037
 -1674 -5383 23415
 -2068 -4424 21920
 -678 -4129 21522
 755 -5582 20568
 -1343 -4559 20980
 1175 -3931 16831
 1625 -2754 11496
 872 -666 15348
 3095 -1282 14080
 -8577 965 23000
 2298 -447 17794
 Motion ended after  3027  milliseconds. Logging...
 1
Motion detected after  774  milliseconds. Logging...
-2158 -2235 22599
 -1611 -751 24493
 -2776 -2215 24340
 -5150 -4507 27017
 -5380 -7104 28176
 -3018 -4767 25204
 -270 -3689 23449
 -2651 -7021 27546
 -1744 -6491 27669
 -2644 -6568 25605
 -2306 -5494 23000
 -2577 -5420 21353
 -479 -5802 20273
 1191 -3625 19976
 -2228 -4532 19636
 348 -3094 17625
 -992 -2695 16060
 -1618 -581 15299
 -3462 -1019 17622
 1431 -1372 20117
 -777 -617 19544
 -1655 -721 19875
 -411 -2135 19095
 128 -1907 19963
 Motion ended after  1767  milliseconds. Logging...
 1
Motion detected after  754  milliseconds. Logging...
-4094 -213 19026
 -3006 -1550 20533
 234 -5107 21081
 -1669 -3711 24119
 -3422 -4629 27196
 -7072 -3873 27612
 -3909 -4696 23308
 -1445 -4832 26674
 -2217 -6138 21537
 -2089 -7428 25609
 -2657 -6965 25509
 -2520 -5388 23452
 -1425 -6732 21985
 -1195 -4748 21672
 51 -4465 21934
 -1348 -4425 21466
 151 -3003 20348
 -1619 -1476 18787
 -2729 -739 16078
 -716 -1146 16649
 -281 -1928 15480
 -1 -2314 19416
 -100 -471 18229
 Motion ended after  3058  milliseconds. Logging...
1
 Motion detected after  784  milliseconds. Logging...
-2669 -917 13749
 1993 1482 14847
 -2876 -2732 15651
 375 1415 14040
 2471 -917 17232
 450 -2898 24256
 -2519 -4665 24129
 -2144 -6007 29414
 -5719 -8843 28957
 -1339 -4420 27903
 -2688 -6174 25126
 -1934 -5429 25486
 -2399 -4394 23722
 -2744 -4896 22477
 -2829 -3965 22223
 -1190 -3572 20594
 -2768 -3244 20058
 -1729 -1805 18498
 -1254 -1394 18417
 262 -2501 16247
 1892 -297 15437
 -1958 -362 16395
 -1661 1155 16988
 Motion ended after  3027  milliseconds. Logging...
 1
Motion detected after  794  milliseconds. Logging...
-1652 -2708 13883
 -2032 -1470 14630
 -2588 -2673 17008
 -2768 -4311 18821
 2030 -3945 23386
 2083 -685 20345
 -4048 -4728 23759
 -3467 -1276 28392
 -3798 -5921 28672
 -3620 -7165 23478
 -1612 -6816 26922
 -4646 -6448 26571
 -2110 -4381 25103
 -1188 -4948 22908
 -1857 -3046 21199
 -519 -5770 21258
 -299 -3780 21405
 -1195 -5905 21263
 250 -2090 18531
 -1701 -799 17735
 -2114 -1211 16476
 1813 -181 16078
 -564 -493 14049
 -1518 -1417 17564
 Motion ended after  3018  milliseconds. Logging...
 1
Motion detected after  794  milliseconds. Logging...
1112 -1857 15831
 -3541 -277 18959
 -1867 -176 19681
 1750 -992 23137
 -3527 -94 28516
 -2253 -2902 26770
 -4266 -3152 23897
 -1465 -1826 24606
 -3248 -5596 24124
 -5080 -4059 26336
 -4028 -4078 23681
 -2418 -5194 22028
 -1180 -4862 22252
 -1672 -3960 19441
 -4069 -6359 21305
 -3762 -2671 19711
 -2539 -3263 21032
 -520 -3251 19453
 502 -3208 18768
 -1061 -1383 17725
 201 -2018 17121
 357 -1207 15789
 459 -2921 18058
 Motion ended after  3017  milliseconds. Logging...
 1
Motion detected after  794  milliseconds. Logging...
-3645 258 18409
 -1192 -1167 21047
 -2562 -3021 25236
 -2985 -4357 29204
 -1892 -6278 24810
 -1823 -4548 25039
 -347 -4235 22112
 -1465 -5232 24840
 -1546 -5415 26162
 -1849 -4882 22686
 -3693 -5339 22833
 -2114 -4549 21613
 -2126 -6574 21918
 -2303 -4939 20830
 -1795 -3754 19054
 -209 -2626 19330
 506 -460 19227
 874 -1628 17378
 -3168 -813 18150
 -4758 -501 17496
 595 1684 15219
 976 -1727 15472
 264 -629 19411
 Motion ended after  3018  milliseconds. Logging...
 1
Motion detected after  784  milliseconds. Logging...
-2141 1791 16200
 -395 -237 17426
 -2397 164 19727
 -1568 -1193 22452
 -1612 -4823 26304
 -2882 -6720 26317
 -2768 -6063 24776
 -2561 -4488 23331
 -1143 -3689 23230
 -2256 -5549 23404
 -823 -3498 23925
 -1676 -6678 26284
 -3500 -5379 23799
 -1728 -4955 22306
 -596 -5224 20852
 -858 -5249 19040
 -1701 -3805 21622
 554 -1004 20769
 -840 -2015 21164
 -1137 -3597 18698
 1448 -3437 18350
 -323 -1128 19190
 -48 -798 18228
 2243 -634 17962
 1520 -56 17481
 Motion ended after  6839  milliseconds. Logging...
 1