Repetition start
1.37715223645
1.37715223645
1.38763245179
1.39532020701
1.39697146557
1.41178560304
1.40013414027
1.43839402619
1.43839402619
1.43839402619
1.41699436564
1.38410553312
1.38410553312
1.38410553312
1.38159984418
1.39098880193
1.37052249827
1.41031281957
1.45110466828
1.45110466828
1.37930082695
1.35367546129
1.39686458854
1.35911058041
1.35911058041
1.40206547928
1.40206547928
1.37544679698
1.44356073722
1.44356073722
1.37370407471
1.37370407471
Repetition end
0
0
0
Repetition start
1.30134526474
1.43502600037
1.49052899874
1.47295558857
1.45138299518
1.49089351816
1.47255318
1.43301264708
1.44163719384
1.47042444839
1.4618457582
1.44590794566
1.45234295479
1.43880457612
1.48440145921
1.52428862565
1.44943069954
1.4831175422
1.44958492624
1.31687388901
1.36590459305
1.48932300988
1.43810225652
1.26148728559
1.20159297478
1.26372557147
1.80909210182
1.49401540793
1.43818151086
1.37957395754
1.39026120871
1.3916357324
Repetition end
0
0
0
Repetition start
1.07071876821
1.10198552214
1.10198552214
1.17414964693
1.17414964693
1.3204480206
1.36974469136
1.29470820124
1.41974956301
1.35471718232
1.47069931663
1.51310526549
1.51310526549
1.60208703151
1.62564869115
1.63228508882
1.63228508882
1.59848777519
1.59893129809
1.59893129809
1.57435457174
1.50286156424
1.50286156424
1.50286156424
1.47033728651
1.47338473012
1.47338473012
1.36844730372
1.36844730372
1.39863926482
1.34132724217
1.20720790601
Repetition end
1
0
0
Repetition start
1.14933141964
1.33022842034
1.30390577539
1.41998272127
1.33391870949
1.36627339322
1.42307187236
1.48988918366
1.58427146492
1.47435075879
1.49072931602
1.58132638299
1.6217534435
1.53777213029
1.4987032943
1.47261971395
1.3565668789
1.31339616494
1.31310711454
1.17335585965
1.15678883092
1.13867569951
1.07936143637
1.05912090211
1.15349438974
1.19153988355
1.22304260682
1.23237250058
1.24624699963
1.24388977289
1.23813969047
1.24179304956
Repetition end
1
0
0
Repetition start
1.09862953525
1.17797897734
1.22411778575
1.24190127026
1.30085833209
1.30085833209
1.25602545167
1.36356099628
1.48302838454
1.48302838454
1.45220251566
1.45220251566
1.45452778029
1.5645414487
1.5645414487
1.46740189785
1.4175133749
1.4175133749
1.52157091695
1.56690264563
1.53769242112
1.53769242112
1.51032850252
1.35881148365
1.35881148365
1.35881148365
1.35881148365
1.27496197056
1.33669730799
1.30733203414
1.27791350312
1.2889213687
Repetition end
1
0
0
Repetition start
1.1361327906
1.16524451044
1.16594444709
1.31218185003
1.53256607184
1.38110276712
1.38110276712
1.38110276712
1.38110276712
1.59621060215
1.59621060215
1.42989788696
1.42989788696
1.54139998638
1.54139998638
1.54139998638
1.47237492968
1.47237492968
1.47237492968
1.41034541222
1.50466899232
1.49152093499
1.49152093499
1.49152093499
1.49152093499
1.58712018479
1.58712018479
1.58712018479
1.58712018479
1.58712018479
1.45274141335
1.45274141335
Repetition end
0
0
0
Repetition start
0.99212751057
1.06169718151
1.13160046818
1.18260888712
1.18260888712
1.18784719493
1.17345040444
1.17070783029
1.15926165078
1.16904901062
1.16433687465
1.17787632158
1.15586060656
1.15586060656
1.15586060656
1.18260658757
1.18260658757
1.15797994692
1.19287338756
1.16571828032
1.16571828032
1.16536041522
1.16536041522
1.18209038837
1.15817803328
1.15817803328
1.17333583537
1.15409187168
1.14144730158
1.16872007228
1.16872007228
1.14756979893
Repetition end
1
0
0
Repetition start
1.17806180037
1.23879849825
1.29982315182
1.2396310946
1.38204442935
1.52480866398
1.43376188046
1.49633654624
1.40430287557
1.50625369801
1.52636606603
1.41091090375
1.33067771656
1.27475006527
1.23253991639
1.32812285984
1.27991789093
1.21330945835
1.04306882207
1.10130340492
1.01951913534
1.11086055694
1.08057952232
1.1453220464
1.14242294921
1.14391469135
1.16558792507
1.13949346428
1.16720844962
1.17416966051
1.12247484483
1.19097998295
Repetition end
1
0
0
Repetition start
1.099142748
1.06122448387
1.13018398343
1.29966073561
1.42444240077
1.38742214148
1.39488365091
1.41675544486
1.43356166383
1.34622541156
1.4054567908
1.32395150433
1.29819058998
1.20067429975
1.20101917041
1.13482445582
1.01006244525
0.995312477842
1.06929347855
1.04360982752
1.14294390896
1.12359233049
1.10647154202
1.1347653952
1.13716872967
1.12088383062
1.13250850841
1.11525753518
1.13904286421
1.12990518777
1.13584328232
1.10682144741
Repetition end
0
0
0
Repetition start
0.880100898516
0.975504162467
1.10943624502
1.23447959342
1.21828534212
1.22649405373
1.35267032992
1.31413208157
1.36167472849
1.48382187878
1.41458963348
1.41205665944
1.45623831611
1.47560324239
1.43380249723
1.38826307484
1.25548195841
1.19762827747
1.12282985083
1.12627166328
1.11818860956
0.989837376921
0.921995666252
0.984977948119
1.04374035857
1.14103340323
1.11296470057
1.13924940653
1.14333107747
1.12522209313
1.13025189754
1.12868913127
Repetition end
1
0
0
Repetition start
0.879445264625
1.02828720235
0.985488330132
1.19920859037
1.27048707193
1.41779722143
1.48602867118
1.37668245645
1.44569105655
1.4234183262
1.49375674234
1.51544526598
1.46332834568
1.38516109453
1.37269896906
1.33722316214
1.26776314929
1.27908777901
1.18294704509
1.13092196
1.16598626041
0.996087328572
1.0433196342
1.10196122941
1.05105099708
1.14993118282
1.15682539928
1.09358940478
1.10929522093
1.15160485355
1.11736347073
1.08420449505
Repetition end
1
0
0
Repetition start
1.13099441644
1.11940624088
1.15413601718
1.30554425069
1.44582695053
1.41952940805
1.41747008769
1.4494496763
1.28339886878
1.38201525842
1.53112746863
1.54297536776
1.48899761366
1.39718172628
1.43728186803
1.3323771134
1.36196215025
1.26077903085
1.22576487325
1.12026319741
1.10275824052
1.11113724301
0.999552820476
1.00500884531
1.12371836117
1.14236635544
1.12157790267
1.12607866637
1.13848368462
1.13392589378
1.11543027356
1.12905233586
Repetition end
1
0
0
Repetition start
0.900643919197
0.900643919197
0.982372233386
1.06518733225
1.17959868653
1.17959868653
1.28253167874
1.28253167874
1.28253167874
1.28253167874
1.26696160022
1.49060817845
1.49060817845
1.42742509662
1.44328442251
1.44328442251
1.30715850437
1.5383451867
1.5383451867
1.40200260391
1.47180541146
1.40723393906
1.40723393906
1.41492087698
1.40670790899
1.40670790899
1.37057214173
1.37057214173
1.45721777599
1.33057880501
1.33057880501
1.33057880501
Repetition end
1
0
0
Repetition start
1.21572098077
1.24408476418
1.2732815135
1.35236533664
1.28568593302
1.28568593302
1.28568593302
1.24917812896
1.24917812896
1.44978247652
1.51583704252
1.51583704252
1.51583704252
1.32149102302
1.32149102302
1.32149102302
1.22862773347
1.32191695261
1.18563425788
1.01941828266
1.02028389076
1.02028389076
0.964081949968
1.02305550399
0.980381612211
0.967788713491
0.9606535112
0.949541976825
0.949541976825
0.963431815596
0.963128596336
0.963128596336
Repetition end
0
0
0
