Motion detected after  754  milliseconds. Logging...
-9241 -4359 20815
 -8663 -6599 18480
 -4821 -8935 22117
 -4278 -10469 21448
 -6123 -9882 21492
 -4852 -10707 21627
 -5199 -8578 21452
 -5051 -7996 22192
 -6026 -7504 23106
 -3363 -7889 21832
 -1659 -8501 22033
 365 -7513 19307
 -984 -8450 19678
 -5428 -8797 24701
 -3536 -8915 23074
 -3384 -8974 22583
 -4113 -9042 21635
 -4608 -8888 21667
 -3244 -8272 21518
 -1697 -7591 21220
 -2601 -7963 21100
 -3133 -7843 22222
 -2498 -7715 21410
 -2584 -7978 21515
 Motion ended after  1787  milliseconds. Logging...
 0
Motion detected after  774  milliseconds. Logging...
-2228 -6086 17862
 -2934 -6563 17270
 -3569 -6055 19133
 -7134 -3831 20165
 -7053 -4883 20315
 -5150 -5343 21338
 -5396 -5483 20017
 -5245 -6036 23254
 -6168 -5693 22288
 -8821 -7022 25433
 -8105 -6507 26226
 -6941 -5735 22810
 -5657 -5350 22658
 -6411 -7235 25695
 -4547 -7211 25354
 -4200 -7053 24522
 -4107 -6443 22574
 -3799 -6113 21537
 -5265 -5681 21342
 -5101 -5290 21535
 -4526 -4871 19871
 -4545 -3804 19734
 -3710 -4120 18439
 -1851 -4005 17693
 -2866 -2811 17556
 -3251 -2764 18363
 -2041 -2621 18753
 -3350 -2832 19972
 -2711 -2809 20576
 -2184 -2822 20015
 -2282 -3174 20637
 -1615 -3088 20198
 -2080 -3107 20011
 -2126 -2689 20659
 -2456 -3015 20322
 -2449 -3383 20455
 -2295 -3410 20199
 -2499 -2935 20576
 -2164 -2825 20462
 -2080 -3074 20423
 Motion ended after  3038  milliseconds. Logging...
 1
Motion detected after  913  milliseconds. Logging...
-4010 -3322 17474
 148 -3205 17189
 -4330 -2558 18896
 -3554 -2472 19358
 -4964 -2310 19853
 -4017 -3752 20376
 -5870 -2291 22554
 -2736 -3537 21041
 -6984 -6611 25651
 -3563 -3965 23434
 -5895 -5071 22854
 -5296 -5017 23144
 -3413 -4206 22992
 -4124 -4703 24576
 -3244 -5253 25084
 -2878 -4026 23784
 -3542 -3201 23869
 -3687 -4337 21213
 -3534 -4075 20703
 -2156 -5024 20829
 -1897 -4259 20689
 -2112 -3186 18624
 -1751 -2813 18417
 -2118 -2298 17710
 -873 -2178 16650
 -3932 -1119 17999
 -2636 -923 18213
 -2049 -184 19086
 -813 -532 18458
 -2373 -827 19496
 -2183 -751 19148
 -1556 -1019 19117
 -851 -680 19382
 -2191 -1065 18771
 -1818 -678 19157
 -1643 -565 19153
 -1560 -652 18932
 -1852 -333 19187
 Motion ended after  2898  milliseconds. Logging...
 1
Motion detected after  1082  milliseconds. Logging...
-2386 -955 18202
 -3484 -690 18998
 -5279 -97 19052
 -2465 740 18598
 -5371 -131 22008
 -1623 110 21851
 -3428 -2210 21054
 -4096 -4580 22471
 -3472 -4642 22333
 -4440 -3449 23546
 -4487 -5668 24344
 -4666 -5609 24316
 -2035 -4353 23406
 -3147 -2747 22387
 -2865 -3086 21945
 -4090 -4182 22079
 -2296 -4090 19612
 -3053 -4191 21171
 -3642 -3323 20776
 -2522 -3086 19919
 -279 -2237 18084
 -1465 -810 18079
 -3077 -955 17411
 -3973 -1141 16714
 -239 -686 17035
 -750 -921 17409
 -1427 -952 18263
 -1079 -290 18715
 -1013 318 18931
 -664 425 18643
 -466 114 19103
 -1405 -314 18761
 -1588 -752 18881
 -1986 -620 18698
 -1641 -228 18698
 -2011 59 18976
 Motion ended after  2730  milliseconds. Logging...
 1
Motion detected after  784  milliseconds. Logging...
-1896 -1453 15741
 -947 1742 17502
 -4267 2481 18484
 -4570 2299 17789
 -4187 2026 18946
 -3661 2678 17840
 -3182 520 22666
 -2915 -1845 19280
 -3480 -1259 21023
 -3024 -1299 21592
 -2867 -2481 23386
 -3221 -2811 22523
 -2464 -3208 22518
 -3230 -3485 22754
 -3051 -3241 23032
 -3057 -3247 22245
 -3126 -2823 21646
 -4459 -3880 20409
 -2208 -3142 20558
 -2564 -4337 21127
 -1336 -2448 20124
 -1598 -3494 19447
 -546 -2347 19112
 Motion ended after  1757  milliseconds. Logging...
 1
Motion detected after  1350  milliseconds. Logging...
-533 -2162 14756
 -3873 -727 18139
 -2814 -244 18377
 -2248 -447 19316
 -1855 -158 20889
 -1064 -282 20460
 -2411 -135 22197
 -2480 -2632 22162
 -3041 -3530 22070
 -3024 -4883 20326
 -3042 -3509 22352
 -2774 -5922 21606
 -2494 -4510 21491
 -2306 -3743 22823
 -2781 -3840 23773
 -3706 -4343 24002
 Motion ended after  1191  milliseconds. Logging...
 1
Motion detected after  814  milliseconds. Logging...
413 38 15128
 -434 -818 14446
 -2476 -699 17587
 -356 -866 17748
 -1925 -546 18137
 -997 -586 18489
 -1233 338 18297
 3 561 18096
 -309 144 18109
 -423 82 18482
 -716 -611 18209
 -1211 27 18476
 -992 394 18114
 -1114 504 17996
 -800 335 18545
 -1143 39 18112
 -806 486 18390
 -881 252 18256
 -724 510 18166
 -1284 20 18034
 -870 662 18291
 -1096 651 18246
 -1152 562 17865
 Motion ended after  1727  milliseconds. Logging...
 1
Motion detected after  804  milliseconds. Logging...
-415 -80 14128
 -2653 -728 16375
 -4912 -258 18349
 -2318 162 19010
 -3866 -306 21046
 -4122 1347 22206
 -2808 -1015 23331
 -4015 -3896 21922
 -3332 -2812 21664
 -3331 -2938 21702
 -2428 -4163 23106
 -2123 -4414 23436
 -3050 -4518 22989
 -2932 -5564 23594
 -1787 -3688 22528
 -2052 -2243 21297
 -2065 -3193 21441
 -1864 -2532 21080
 -576 -3905 20304
 -2202 -2518 19450
 -1414 -2585 19959
 -1346 -1786 18927
 -2445 -732 18319
 -2548 -1361 16050
 -1045 -187 15265
 468 -1382 16006
 122 -131 17162
 349 -507 16519
 486 -182 17820
 -329 -129 17646
 591 308 18920
 441 -124 18421
 -4 -321 18399
 -1052 -689 18071
 112 -163 18560
 -606 286 18414
 -372 -186 17974
 -571 239 18564
 -1229 93 18135
 -1261 497 18683
 Motion ended after  3008  milliseconds. Logging...
 1
Motion detected after  804  milliseconds. Logging...
-2695 638 17760
 -2508 -782 18388
 -5125 1393 19973
 -3746 248 20663
 -1410 1473 21440
 -5369 -2474 21350
 -4377 -1376 22157
 -3260 -1710 21984
 -4897 -3138 22821
 -3923 -4917 23768
 -3985 -4417 23894
 -2802 -3574 23037
 -3687 -2589 22274
 -1800 -4379 22333
 -2879 -2830 21556
 -3623 -2479 22041
 -3750 -1766 20233
 -2620 -2010 19570
 349 -2110 18035
 -1628 -1037 18309
 -1277 758 17711
 -1399 293 16472
 -830 -678 16660
 -3230 -791 17279
 -855 -198 16819
 -960 -87 17196
 -770 -307 18379
 482 504 18359
 -1192 978 17629
 673 831 17842
 -8 13 17587
 -472 619 18386
 -658 108 18035
 -905 317 17995
 -959 989 17813
 -637 993 18006
 -979 108 17529
 -162 994 17656
 -189 1091 17889
 -1462 874 17388
 -1007 509 17967
 -1223 449 17419
 -754 1041 17884
 -925 715 17452
 40 1610 17525
 -1133 1096 17955
 -1238 695 17875
 -1567 90 17531
 -1288 726 17961
 -1505 1100 17710
 -1226 1232 17898
 -1253 1047 17771
 -1015 722 17916
 -931 881 17552
 -1519 677 17658
 -1265 774 17836
 -733 1260 17622
 Motion ended after  4278  milliseconds. Logging...
 0
Motion detected after  824  milliseconds. Logging...
2222 416 16407
 -4972 751 17926
 -2820 860 19903
 -5298 -118 21303
 -1530 2405 21107
 -5349 -977 23455
 -3327 -2470 21690
 -2561 -1736 21420
 -4393 -2646 21998
 -4000 -2953 22530
 -3579 -4105 24487
 -3576 -4219 23629
 -4321 -4860 23402
 -3793 -4634 23008
 -1713 -3435 22878
 -2872 -2593 21680
 -2805 -3437 20988
 -1587 -4026 19654
 -5130 -2136 19010
 -2464 -2023 18296
 -2361 -220 17380
 -2071 -370 16898
 -1501 -1190 15710
 -2099 -673 16066
 728 -882 17032
 -2829 609 17654
 -2643 -677 18654
 Motion ended after  2988  milliseconds. Logging...
 1
Motion detected after  774  milliseconds. Logging...
-1529 -578 14320
 -1279 348 17669
 -1003 -794 18736
 -2281 -555 20633
 -2833 -410 21925
 -2271 -1188 21266
 -4328 -2318 23016
 -3432 -4161 22553
 -2741 -3682 21961
 -2268 -3412 22248
 -3580 -4481 23673
 -2772 -3166 23038
 -2200 -4146 23895
 -3383 -4006 22561
 -2974 -3413 23125
 -2902 -3963 22243
 -2621 -1815 21186
 -3166 -1807 19010
 -1199 -3390 18675
 -1655 -934 19932
 998 -844 16934
 -479 21 17218
 -853 -1210 17163
 -97 145 14796
 Motion ended after  1767  milliseconds. Logging...
 1
Motion detected after  1499  milliseconds. Logging...
952 769 18122
 -709 663 17692
 -443 1035 18337
 -178 725 17105
 -644 1507 18192
 -1393 -136 17926
 -1281 729 17285
 -1567 1082 18088
 -2362 1111 18908
 -290 2245 18219
 -1556 1067 18379
 -1704 352 18441
 -1209 583 18533
 -1634 272 18646
 Motion ended after  1042  milliseconds. Logging...
 1
Motion detected after  1300  milliseconds. Logging...
-1365 997 17699
 -998 678 18267
 -1598 517 17761
 -1603 -42 17731
 -1149 206 17893
 -1017 881 17699
 -1162 1214 17926
 -1294 1328 18331
 -1097 -35 17936
 -1074 240 18647
 -1309 85 17740
 -1404 674 17832
 -1137 1001 18066
 -1429 1007 18095
 -1434 624 17767
 -1418 687 18120
 -1577 400 18017
 Motion ended after  1241  milliseconds. Logging...
 1
Motion detected after  814  milliseconds. Logging...
-924 127 18561
 -1430 236 19687
 -2814 1609 22695
 -3584 -674 22982
 -3253 -4513 21945
 -1943 -2928 21464
 -4245 -4812 22914
 -2496 -3647 22533
 -2334 -2966 22628
 -3004 -2944 23823
 -2278 -4119 23647
 -1911 -3319 22697
 -3072 -2997 22142
 -2476 -3486 22355
 -3030 -3583 21056
 -1291 -3210 21269
 356 -1626 20169
 -1575 -496 18905
 -1160 -2243 19425
 -1262 -1826 16212
 -635 -1462 18123
 -1934 -1722 16608
 -5770 -1737 19354
 -4425 -5251 20341
 -1950 -2192 16001
 -1723 1479 17921
 -2988 -40 20064
 1231 2768 25575
 -5586 -6298 21829
 -1320 -4737 21383
 -3912 -7099 20222
 -964 -4504 20163
 -1845 -4684 21188
 -2105 -3925 19693
 -3077 -3715 20263
 -6424 -3333 24337
 -3681 -5609 22235
 -4565 -2572 22340
 -6438 -1857 19953
 -4783 -709 18282
 Motion ended after  2998  milliseconds. Logging...
0