Repetition start
1.41525404214
1.30920733116
1.48534787445
1.47992061669
1.49137142719
1.50239358354
1.50239358354
1.50239358354
1.50239358354
1.44538671587
1.47236923057
1.5277209682
1.5277209682
1.43163851469
1.44496445847
1.26467825217
1.26467825217
1.30848106924
1.63431793837
1.5251340919
1.49750974319
1.49750974319
1.45303128822
1.45679692002
1.42091868278
1.37943705265
1.37943705265
1.38562517969
1.45097605179
1.39735765295
1.40939779438
1.40939779438
Repetition end
0
0
0
Repetition start
1.15975538065
1.24408825266
1.32630074539
1.34594314024
1.37888183923
1.30885960455
1.50088395086
1.45362296981
1.6980020113
1.72183534737
1.49674805907
1.6756114418
1.63261803696
1.45459106025
1.38574666889
1.3888154177
1.27892752113
1.11296477755
1.0991901476
1.15065186324
1.16241183632
1.24805105982
1.24088205112
1.28198177241
1.2510021082
1.24251144612
1.27816547421
1.26286125568
1.27423122892
1.27770798708
1.26764739454
1.26693872422
Repetition end
1
0
0
Repetition start
1.11287772244
1.06725280822
1.19346921574
1.21070407956
1.25696714942
1.28810958465
1.42930274878
1.31292245798
1.67202396487
1.46683690846
1.47342884986
1.48110913968
1.44173652592
1.57669840554
1.48275263618
1.34054506343
1.30579434061
1.3143636452
1.29442373248
1.14213210799
1.0976334634
1.1265522295
1.12462769083
1.12814658751
1.19978580364
1.17716452824
1.17231867021
1.18485026656
1.15529917433
1.17523261828
1.16011653537
1.17669981818
Repetition end
1
0
0
Repetition start
1.1219812811
1.17963504043
1.2066697533
1.14594936885
1.33736987317
1.30892478969
1.42186955173
1.40826747737
1.47753408674
1.54996820968
1.54950014162
1.45838351816
1.38997754417
1.36385190055
1.23077851892
1.33036555043
1.30328091877
1.2398559128
1.11230282871
1.10817485352
1.05087652448
1.04067884297
1.11959141745
1.14430674346
1.1572723605
1.13889535965
1.16632220616
1.14844704643
1.1573839829
1.14827845244
1.1457065709
1.16469436816
Repetition end
1
0
0
Repetition start
0.971753881488
1.07507043714
1.16770464166
1.12975863514
1.19071214969
1.12351151681
1.39734932316
1.19544743107
1.30287116218
1.30287116218
1.33309282444
1.33309282444
1.44600522478
1.39923956449
1.39923956449
1.39638898297
1.41875251279
1.43177302738
1.43177302738
1.3847426761
1.3847426761
1.34594701237
1.29685612458
1.29685612458
1.27646502913
1.27646502913
1.32564902076
1.24000994236
1.24000994236
1.20989392906
1.17573906737
1.17573906737
Repetition end
1
0
0
Repetition start
0.910831604016
0.910831604016
1.1329413686
1.13481453381
1.18722583875
1.18722583875
1.18722583875
1.2800169658
1.2800169658
1.25058521043
1.25058521043
1.25058521043
1.25058521043
1.36279074226
1.37055128729
1.37055128729
1.37055128729
1.37673651026
1.37673651026
1.28917829543
1.39339231282
1.39339231282
1.39339231282
1.37780615714
1.37780615714
1.34889520417
1.34889520417
1.41861383093
1.41861383093
1.47956456426
1.50584020862
1.50584020862
Repetition end
1
0
0
Repetition start
0.923686778847
0.883523460648
1.08485031937
1.08475837224
1.08475837224
1.08475837224
1.11371100647
1.11371100647
1.11371100647
1.13068434328
1.13068434328
1.119483173
1.119483173
1.10502282911
1.10548147794
1.12835826741
1.11287303267
1.13010646614
1.10750859373
1.10750859373
1.1009209909
1.1009209909
1.13313415499
1.10767040458
1.1239055701
1.11566055259
1.11008139404
1.10349505245
1.10349505245
1.11838630067
1.11636209507
1.09319600142
Repetition end
1
0
0
Repetition start
0.862690445098
1.01345751265
1.16891402328
1.30617189197
1.43562504822
1.3808968052
1.34877816645
1.35204128236
1.4406275067
1.49034748673
1.39756580575
1.30085366995
1.26245908157
1.20456190506
1.23140345297
1.16324880342
1.1289022802
0.995354331214
0.93395201341
0.980979436881
1.04754233264
1.00893939948
1.15550133109
1.12467622403
1.12315676276
1.10563373009
1.13287681035
1.12464530307
1.09733955729
1.13368635016
1.10942593814
1.14331672955
Repetition end
1
0
0
Repetition start
1.13371078786
1.28181615538
1.31449865826
1.35213100323
1.36047891211
1.43740798562
1.38702706952
1.39339202006
1.33854797949
1.37169945073
1.26057258162
1.21134320508
1.1236856286
1.08478690674
1.00914914185
1.01894749266
1.07398016968
1.02794690068
1.05120824094
1.12290553987
1.08009635848
1.07342569728
1.12319769634
1.07157285299
1.07938843103
1.07414821913
1.10010164195
1.09443931316
1.07428732566
1.09996044219
1.09754602551
1.09237959193
Repetition end
0
0
0
Repetition start
1.01086452499
1.13634653486
1.2280379748
1.3398579758
1.29996339616
1.46954526448
1.34779380566
1.32094069355
1.37865403681
1.37865403681
1.40820831663
1.40820831663
1.53108661495
1.48117797542
1.48246874251
1.45108291358
1.41587944428
1.41587944428
1.34415216998
1.30931028705
1.22831938136
1.2088343538
1.13352562557
1.07061844129
1.03933452867
0.965963449469
0.989777013581
1.04189162766
1.04189162766
1.09189461627
1.09189461627
1.15066323993
Repetition end
1
0
0
Repetition start
0.879699190394
1.08146048203
1.14621706321
1.2674632836
1.2674632836
1.34955288483
1.30736612413
1.30736612413
1.43639074422
1.41534507133
1.36935977842
1.38074295438
1.48668747767
1.42939199719
1.42939199719
1.48630360873
1.41371368353
1.41371368353
1.4382282439
1.4382282439
1.39031336807
1.30764950234
1.18141882367
1.18141882367
1.16076820944
1.16076820944
1.22206955535
1.03664344623
1.05131068949
1.05131068949
1.05143624847
0.903138941522
Repetition end
1
0
0
Repetition start
1.1085983113
1.1085983113
1.1085983113
1.08145808453
1.08145808453
1.08145808453
1.12130908526
1.12130908526
1.04500018744
1.04500018744
1.11484793634
1.09744609063
1.09744609063
1.05882121911
1.05882121911
1.11010509463
1.11010509463
1.16499762929
1.16499762929
1.12054976115
1.12054976115
1.12054976115
1.12054976115
1.12766025843
1.13054838665
1.13054838665
1.13054838665
1.13054838665
1.13412724691
1.14254365527
1.14254365527
1.14254365527
Repetition end
1
0
0
Repetition start
1.0851766456
1.0851766456
1.11735848305
1.11735848305
1.08888158062
1.08888158062
1.08888158062
1.08888158062
1.08663104229
1.09442364179
1.09442364179
1.08337840936
1.09891339597
1.12454452334
1.12454452334
1.09677429674
1.14010287608
1.08571971452
1.08571971452
1.08571971452
1.08571971452
1.09252199309
1.09252199309
1.10653073081
1.10653073081
1.10653073081
1.10957333813
1.08860443948
1.08860443948
1.11013049103
1.11013049103
1.10414473231
Repetition end
1
0
0
Repetition start
1.13430291162
1.20485093589
1.39925076104
1.4202602251
1.38178552731
1.32749953549
1.45236327218
1.40150689416
1.40018306242
1.47652921816
1.47161325154
1.40489816725
1.38917516958
1.31522072348
1.23520314678
1.19558395158
0.998733359068
1.0259196488
1.23720442494
1.31035232095
1.10255648867
1.57188672778
1.42797933087
1.3297105595
1.26235382732
1.32921514229
1.23232217346
1.2713175062
1.54969960549
1.41754839186
1.28466825583
1.15421223532
Repetition end
0
0
0
