Repetition start
1.01384975548
1.01384975548
1.16683531629
1.32227559558
1.20630673389
1.28360972212
1.28360972212
1.24978049705
1.3601460531
1.51970046383
1.51970046383
1.64468828503
1.51556115901
1.57378446538
1.51936244517
1.65010568315
1.65010568315
1.6476170116
1.6476170116
1.53804025007
1.4093743809
1.4093743809
1.34639521354
1.31844307104
1.29923692307
1.20742486813
1.17346694582
1.17346694582
1.14468653215
0.992113902899
1.07886637373
1.07886637373
Repetition end
1
0
0
Repetition start
0.965844446234
1.01926647051
1.01926647051
0.965067808491
1.0573810814
1.20497049411
1.15157188007
1.31303013727
1.31303013727
1.31303013727
1.43660883128
1.63813678089
1.50805757315
1.50109640548
1.57632865977
1.6411729783
1.6411729783
1.53783208175
1.39459235594
1.48640707736
1.48640707736
1.34576754976
1.31943974909
1.31943974909
1.31943974909
1.20935218621
1.16712298917
1.16712298917
1.11102872479
1.11102872479
1.09375911096
1.04424946443
Repetition end
1
0
0
Repetition start
1.14579719537
1.33040375302
1.34561650533
1.34650369923
1.44043235261
1.36434195033
1.51994092415
1.50993534975
1.5327890651
1.54111133032
1.59270315992
1.53067391249
1.54576397743
1.3938577853
1.37262847652
1.37559027763
1.37559027763
1.20167551104
1.11115994044
1.16822800263
1.08692716366
1.12845250188
0.975721128412
1.04511295069
1.03858561256
1.13551387476
1.14167306544
1.18692932094
1.19774282756
1.14605429444
1.14758445724
1.15365675461
Repetition end
1
0
0
Repetition start
1.02303329159
1.20548053929
1.22511294991
1.36292213202
1.41450079164
1.41450079164
1.40239053106
1.40239053106
1.49218905534
1.49218905534
1.49218905534
1.40121710369
1.40121710369
1.50928218894
1.66327595591
1.66327595591
1.66327595591
1.59117704388
1.48437121792
1.42914445001
1.21106182352
1.24810971145
1.18085601546
1.18085601546
1.15898710803
1.15898710803
1.13010749462
1.0944403275
0.916753292958
0.939853127037
1.01649801623
1.02249463344
Repetition end
1
0
0
Repetition start
1.27379737052
1.31161101923
1.27521822905
1.31396857622
1.38133974366
1.36305481689
1.36132796491
1.49480071602
1.36315022142
1.2563186995
1.36878179509
1.23223655807
1.21552976331
1.1142503001
1.06807244264
1.0193601991
0.981484606891
1.0238302038
1.02767527239
1.06007879863
1.10713430738
1.12566968238
1.1323020492
1.12463067867
1.11181032316
1.09901784465
1.09100391308
1.10651328307
1.10411651253
1.11863945263
1.11547908169
1.11234579772
Repetition end
1
0
0
Repetition start
1.11485650564
1.36279212134
1.12250828641
1.28926854943
1.40583837763
1.47394494378
1.49281043511
1.52941912678
1.59482180094
1.28741421078
1.23691701649
1.36509534294
1.15774459189
1.07658597384
0.969045549732
0.999115845479
1.00532114943
1.05553761236
1.05184608344
1.07944842154
1.12520287757
1.05927999536
1.09887123912
1.08710200835
1.1173337794
1.1073726226
1.15154665195
1.11800674931
1.04482270777
1.10975871032
1.08689035834
1.12482502689
Repetition end
1
0
0
Repetition start
0.871416744086
0.900253659917
0.892788052653
1.05988693077
1.12175923377
1.20502079962
1.43046286278
1.52068841556
1.47132410944
1.51273693375
1.41764323384
1.56222627269
1.4028308004
1.41938834681
1.24643027237
1.3375201485
1.33513178287
1.16578556711
1.08451863603
1.08921525464
1.07605533177
0.971186931786
0.94958184209
1.00454560935
1.07341106395
1.0987963881
1.10960015678
1.09392542965
1.06844062775
1.0776392371
1.09951491823
1.10669845251
Repetition end
1
0
0
Repetition start
0.984595427356
1.16440999202
1.23719361672
1.1806510628
1.47856652665
1.56826370655
1.50889633686
1.52929614787
1.55568949361
1.50788691564
1.38549326892
1.30016978243
1.23128186865
1.30119464365
1.27189540665
1.15228346651
1.00390524623
1.03494955194
0.901019685492
1.04917187625
1.0835194063
1.08066095593
1.07716862443
1.13128891958
1.1193741177
1.11490834944
1.1197780904
1.12193305966
1.09223730522
1.08889050822
1.13447785299
1.10679586738
Repetition end
1
0
0
Repetition start
1.11884531982
1.11884531982
1.18454645389
1.18454645389
1.23694958216
1.33976154103
1.38792805529
1.34115836514
1.34115836514
1.34972865079
1.40159735567
1.40159735567
1.39435470089
1.41738787489
1.43991893959
1.48194614512
1.38400574968
1.27497250098
1.20466162348
1.20466162348
1.29667186295
1.09935015677
1.13935140483
1.13935140483
1.10025153711
1.10025153711
1.0736087593
1.0736087593
1.02830926141
1.0251399524
1.0251399524
0.936752486238
Repetition end
1
0
0
Repetition start
1.05527311244
1.07565140297
0.918970677252
0.847842751918
0.802923351978
0.86496685706
1.292072742
1.27999746198
1.36284227326
1.35593839721
1.49110773475
1.47749372414
1.49076272565
1.41831256833
1.32825888632
1.27967965318
1.18235965479
1.10574400747
1.03856493753
1.0123303325
0.871579084204
1.07014734498
1.08715116823
1.04751882398
1.08005525727
1.09677233012
1.07817906265
1.09961431275
1.10756249687
1.11804916091
1.05871916482
1.09749521995
Repetition end
1
0
0
Repetition start
1.11809545748
1.17766763963
1.29497389595
1.43082350015
1.35594333426
1.5027316287
1.35079377562
1.35741038832
1.24069455538
1.15576839405
1.14212788571
1.08140979231
1.05319575672
1.11472404415
1.11583776569
1.16711026476
1.19326800919
1.26715350864
1.29876028185
1.31770700915
1.17893983662
1.42448486676
1.1652792038
1.38595110372
1.35837505137
1.29247158409
1.23465534389
1.14161217116
1.09430067811
1.04199194081
0.960856546698
0.95611631489
Repetition end
0
0
0
