Motion detected after  0  milliseconds. Logging...
-3641 -1031 19042
 -8409 -582 21296
 -6466 -970 22197
 -5103 -1416 22966
 -3983 -1414 20727
 -3179 894 19314
 -11101 -3885 16945
 -3546 -3886 21710
 -4595 -8092 22653
 -7235 -8940 22713
 -3731 -8757 21739
 -4639 -9444 22655
 -6082 -6849 22504
 -202 -7854 21262
 813 -9043 19748
 -51 -8698 20050
 -3012 -10279 23138
 -3537 -8803 23358
 -3593 -6146 22868
 -3241 -5955 23356
 -1729 -7357 21685
 -3654 -7679 21591
 -1895 -7487 21660
 -1679 -6827 22197
 -2159 -6609 22456
 -2751 -7135 22079
 -1846 -7293 21995
 -2545 -6773 21937
 -2388 -6962 21902
 Motion ended after  2283  milliseconds. Logging...
 0
Motion detected after  794  milliseconds. Logging...
-2420 -7389 25358
 -6627 -6186 26330
 -4788 -7467 23590
 -5133 -7889 24295
 -3011 -8837 28403
 -4832 -10069 28006
 -3080 -8860 29589
 -3170 -7251 27128
 -3647 -6887 23635
 -3608 -9144 22344
 -385 -8149 23381
 -1550 -10022 21723
 -185 -7430 20694
 -777 -5619 19437
 -3126 -4556 19587
 -1075 -4459 19960
 -398 -4731 16634
 692 -2406 15338
 -2284 -3598 18838
 -1477 -3338 20811
 -2085 -2573 20969
 510 -3352 20568
 -916 -4253 20736
 Motion ended after  1747  milliseconds. Logging...
 1
Motion detected after  764  milliseconds. Logging...
-3621 -4258 22740
 -2386 -4930 22980
 -4276 -4140 22883
 -4778 -8251 22660
 -5574 -8402 25319
 -4216 -8698 26390
 -4982 -8991 25742
 -4072 -7866 26617
 -5068 -6677 26323
 -3380 -8526 24462
 -1893 -7723 23992
 -1972 -8758 22646
 -590 -7486 22860
 -585 -6817 22273
 1409 -6333 20895
 902 -5396 19218
 88 -3718 18020
 81 -3715 17191
 1052 -3896 16448
 1407 -2743 17685
 578 -2898 19075
 -2415 -3092 19590
 -482 -3785 21074
 -523 -2146 20023
 Motion ended after  3047  milliseconds. Logging...
 1
Motion detected after  774  milliseconds. Logging...
27 -6116 15880
 -1494 -1442 21278
 -3102 -5975 21435
 -1428 -6533 23828
 496 -8999 25024
 -614 -7576 22509
 -3447 -8616 23188
 -2452 -9103 24350
 -2981 -8362 24493
 -1563 -7698 27667
 -3194 -7649 26309
 -2244 -7961 26303
 -3064 -5995 24355
 -2833 -6488 21647
 -2781 -5127 21950
 363 -5891 21036
 531 -5655 20489
 -522 -3646 18018
 -170 -2256 16625
 1068 -3372 16878
 1293 -1916 17853
 -1267 -2796 17978
 887 -2625 19739
 -755 -2313 18884
 Motion ended after  1768  milliseconds. Logging...
 1
Motion detected after  833  milliseconds. Logging...
747 -4745 18869
 -947 1 22956
 -2130 -5030 22156
 108 -7349 25890
 -1011 -3771 24748
 -4136 -5916 28491
 -4996 -6495 23586
 -4190 -6910 23191
 -790 -5110 23105
 -5542 -8571 26480
 -2282 -6189 26974
 -4227 -7026 25395
 -1898 -7118 22509
 -1455 -6059 22389
 -131 -4874 21420
 -2277 -4713 19958
 708 -6174 20556
 -297 -3512 19658
 -1185 -2092 18934
 -168 -2638 16795
 -3071 -1821 14961
 -2215 -1623 18410
 -1708 -2477 19494
 Motion ended after  1708  milliseconds. Logging...
 1
Motion detected after  803  milliseconds. Logging...
-7908 -265 17134
 706 -3498 19753
 -1796 -2194 21242
 -3701 -1575 23854
 -6402 -1954 24517
 -4050 -1985 25541
 -3776 -6263 23874
 -3785 -5204 23863
 -1872 -6634 22255
 -3033 -6974 23489
 -3065 -6920 24712
 -3177 -5001 24586
 -3279 -5779 24400
 -2815 -6119 24644
 -1596 -6177 23525
 -1962 -6405 21394
 -1107 -5895 22124
 -1972 -3808 21568
 -2068 -2952 19478
 -616 -3284 18547
 1285 -2317 16559
 344 -3413 18032
 Motion ended after  3008  milliseconds. Logging...
 1
Motion detected after  754  milliseconds. Logging...
-3636 -622 17167
 -4540 985 21647
 -3824 -1438 19038
 -3903 -3702 24064
 -5072 -5003 23009
 -1759 -3745 25780
 -3485 -5118 24167
 -3762 -8519 25592
 -3973 -5535 26336
 -2717 -8806 25067
 -1983 -6322 25538
 -2459 -5607 25139
 -3128 -6825 23622
 -1528 -3696 21795
 -2153 -3722 21498
 739 -5833 20302
 -71 -4917 20680
 227 -5150 19623
 -265 -3781 17317
 4638 -3480 17002
 2305 -2349 16974
 1432 -1335 15669
 -622 -2190 18367
 -Motion ended after  3058  milliseconds. Logging...
1
 Motion detected after  793  milliseconds. Logging...
-1384 -789 22520
 515 -1610 21250
 -2062 -2000 22093
 -1585 -2460 23035
 -934 -4250 23724
 -2409 -2348 26267
 -1831 -2509 25734
 -1867 -3749 20502
 -660 -3356 23105
 -1511 -4238 26114
 -2517 -5261 24563
 -2966 -2015 23667
 -502 -4195 21652
 -346 -835 20695
 223 -3868 18984
 10 -2036 20089
 788 -2599 20307
 2305 -2253 18884
 -217 -164 19211
 -824 -1787 15697
 -1062 302 15707
 -1742 -2019 15982
 2620 -2516 18466
 581 -247 17982
 1188 -1347 19269
 Motion ended after  3018  milliseconds. Logging...
 1
Motion detected after  774  milliseconds. Logging...
502 -2787 19343
 -2354 284 21255
 -890 353 22315
 -1516 -454 21901
 -874 458 19375
 -4844 -3001 22250
 3346 -2814 20509
 -1703 -5247 21248
 -1719 -7765 25131
 -3063 -7231 26278
 -2608 -5925 26289
 -805 -5910 24740
 -2278 -4369 22978
 -3239 -6780 22339
 -2366 -4058 23118
 -4458 -5931 21250
 -408 -3859 20157
 -677 -4342 20201
 -2209 -3437 20405
 -865 -2862 20445
 986 -3404 20867
 -555 -37 16008
 -3120 -1196 16957
 643 -1416 17752
 Motion ended after  1767  milliseconds. Logging...
 1
Motion detected after  764  milliseconds. Logging...
269 -2454 11518
 -1282 -1367 14879
 -831 -924 19971
 -2020 362 21493
 -4018 -663 23710
 -2734 -722 20402
 -2794 -4298 22923
 -2522 -5996 26795
 -1569 -3605 25939
 -2033 -4616 24559
 -1195 -4190 25876
 -2121 -5767 25895
 -1539 -5264 23910
 -1345 -4640 23815
 -1646 -4156 21431
 -3752 -2865 22033
 -1603 -2073 20163
 -1435 -2824 20347
 1117 -2075 20717
 -1252 -2059 19880
 -1882 -1480 17463
 2041 -809 17305
 140 795 17249
 1442 -3086 17371
 -807 -2947 17749
 1154 -973 17875
 -688 -1828 19064
 Motion ended after  4318  milliseconds. Logging...
 1
Motion detected after  754  milliseconds. Logging...
-6 843 18752
 445 -1409 19877
 -1569 -1357 20195
 -2392 2133 19419
 -2 1375 25079
 -732 -3542 25810
 -5520 -4115 27323
 -3980 -6400 25673
 -1975 -4779 24020
 -3702 -5487 23151
 -3060 -4524 25154
 -3120 -2968 23195
 -4271 -3325 21742
 -2034 -2267 22486
 -3081 -3698 21683
 -1968 626 20141
 -1749 -2954 20587
 -1241 -3919 20701
 -2087 -1700 20310
 11 -2576 19363
 -460 -1969 18986
 -2194 -570 18025
 1608 -2001 15940
 -1499 792 17127
 -2268 -344 18995
 -2433 -134 19391
 Motion ended after  4329  milliseconds. Logging...
 1