Repetition start
1.45642898247
1.45642898247
1.60702489584
1.66770070131
1.66770070131
1.5974067759
1.72052732386
1.72052732386
1.74330450288
1.74330450288
1.73748456078
1.73748456078
1.69674561176
1.77072878393
1.77072878393
1.73803325234
1.73803325234
1.67314995634
1.5304675463
1.54310878649
1.52849185578
1.52849185578
1.41410588361
1.41410588361
1.33100156195
1.33100156195
1.35120763282
1.45122357016
1.20262364215
1.20262364215
1.26630340602
1.468532035
Repetition end
1
0
0
Repetition start
1.52203099295
1.68940193452
1.68940193452
1.68387505489
1.68387505489
1.72686598989
1.72686598989
1.65035508812
1.67141056183
1.67141056183
1.53855306041
1.53855306041
1.84679285204
1.87241347048
1.87241347048
1.87241347048
1.73139201887
1.73139201887
1.55712722558
1.55712722558
1.60590153451
1.42316283341
1.42316283341
1.36673829737
1.33573313873
1.31023194129
1.32857496409
1.32857496409
1.2944430765
1.2944430765
1.2944430765
1.32353238939
Repetition end
1
0
0
Repetition start
1.80389667499
1.82174369619
1.82174369619
1.572989675
1.572989675
1.572989675
1.5808034689
1.5808034689
1.5808034689
1.5808034689
1.70162754219
1.70162754219
1.72644374944
1.65703277601
1.62197196451
1.62197196451
1.50300219598
1.50300219598
1.48188703863
1.48188703863
1.51954353372
1.51954353372
1.37575853893
1.37575853893
1.38359460561
1.38359460561
1.36298219248
1.24631974733
1.24631974733
1.24631974733
1.27939129255
1.27939129255
Repetition end
1
0
0
Repetition start
1.5889236133
1.56953460015
1.50157003515
1.7130349478
1.7130349478
1.6908120671
1.6908120671
1.63311126476
1.63311126476
1.53499746229
1.53499746229
1.53499746229
1.54324452917
1.54324452917
1.78126425277
1.78126425277
1.71569471491
1.74953788804
1.74953788804
1.636752761
1.636752761
1.4171347714
1.4171347714
1.41074111544
1.30824809562
1.30824809562
1.34043646789
1.34043646789
1.28103058669
1.28103058669
1.25589852695
1.24293606324
Repetition end
1
0
0
Repetition start
1.55480067761
1.60132770911
1.60132770911
1.65255142828
1.61710359061
1.62496146973
1.58918418958
1.4844189951
1.4844189951
1.53966660068
1.7553921429
1.74374018319
1.74374018319
1.55810549983
1.48237654525
1.48237654525
1.48237654525
1.48237654525
1.52143649833
1.54092374801
1.54092374801
1.50691474367
1.50691474367
1.50691474367
1.33371243979
1.33371243979
1.25694513032
1.37153706625
1.30709928038
1.24302741062
1.25209819709
1.25209819709
Repetition end
1
0
0
Repetition start
1.47770637528
1.54483450222
1.54483450222
1.72737897796
1.72737897796
1.70182893045
1.58975211144
1.50924103643
1.50924103643
1.6418558431
1.75815653189
1.75815653189
1.75668260606
1.43362318887
1.43362318887
1.5617232836
1.61833011648
1.61833011648
1.39410145198
1.34143358835
1.34143358835
1.34143358835
1.37118221334
1.48560032464
1.48560032464
1.40736807112
1.40736807112
1.26441858626
1.23802519055
1.3028358337
1.3028358337
1.23017644589
Repetition end
1
0
0
Repetition start
1.47254892484
1.48680790866
1.48680790866
1.58603256392
1.57277642713
1.57277642713
1.60268339847
1.56143775357
1.59568733618
1.73386002748
1.7409442584
1.7409442584
1.72421999539
1.53512460856
1.53512460856
1.44995176923
1.44280757086
1.35361525759
1.35361525759
1.35361525759
1.48162344589
1.48162344589
1.40164271447
1.33993460039
1.37689557733
1.37689557733
1.29759210414
1.33570760567
1.25498725367
1.25498725367
1.39071184193
1.38264126714
Repetition end
1
0
0
Repetition start
1.53116618506
1.53116618506
1.64584048839
1.54874219452
1.62995534156
1.58746415331
1.58746415331
1.5870376351
1.49435833735
1.49435833735
1.55500820101
1.65757343436
1.65757343436
1.6855295629
1.6855295629
1.61859485875
1.61859485875
1.57856048345
1.57856048345
1.42202591357
1.42202591357
1.47629898611
1.47629898611
1.34069449105
1.34069449105
1.42237965044
1.32096419249
1.32096419249
1.38593814263
1.42032824608
1.42032824608
1.41124337367
Repetition end
1
0
0
