0 0 0
 -149 -50 16290
 -106 32 16439
 -151 -84 16282
 -95 -55 16381
 -134 -76 16358
 -123 -167 16402
 -70 -46 16404
 -146 -115 16471
 -113 -140 16379
 -124 -189 16528
 -168 -171 16441
 -183 -222 16418
 -154 -161 16410
 -209 -224 16369
 -268 -210 16464
 -127 -222 16425
 -164 -252 16336
 -189 -228 16517
 -169 -218 16407
 -245 -222 16576
 -142 -225 16437
 -229 -259 16471
 -298 -250 16425
 -153 -207 16455
 -218 -173 16556
 -169 -271 16449
 -215 -229 16498
 -173 -300 16403
 -132 -263 16519
 -176 -278 16490
 -174 -227 16489
 -95 -161 16503
 -294 -267 16413
 -130 -165 16456
 -194 -260 16470
 -256 -290 16493
 -254 -258 16477
 -196 -255 16486
 -234 -236 16432
 -157 -244 16477
 -153 -217 16478
 -123 -217 16421
 -286 -324 16428
 -96 -153 16487
 -264 -220 16440
 -272 -194 16465
 -157 -215 16440
 -203 -166 16445
 -161 -100 16466
 -211 -179 16522
 -163 -115 16332
 -210 -167 16466
 -242 -100 16446
 -204 -181 16389
 -102 -151 16435
 -152 -186 16478
 -195 -219 16431
 -169 -173 16437
 -148 -200 16406
 -178 -222 16490
 -64 -96 16450
 -204 -214 16435
 -126 -131 16429
 -123 -112 16542
 -461 -603 17181
 402 52 15972
 701 607 16709
 340 369 15945
 -29 76 15487
 141 -442 16856
 556 -855 16645
 891 -1910 15998
 903 -2505 17240
 146 -3052 17810
 -754 1451 18003
 -2655 2720 15846
 -1657 3506 14683
 -4999 4947 14149
 3862 3501 13525
 2246 5064 13403
 3723 6265 13155
 830 7739 11256
 269 7077 10089
 2842 8408 7595
 1429 8922 6571
 1073 10355 5694
 2018 10669 4694
 3298 10664 4116
 3445 10365 4171
 2677 10407 4301
 2651 10447 4585
 2332 10006 5361
 2715 9914 5861
 2323 10268 5325
 2979 9940 5440
 2339 9153 6811
 2985 8209 7856
 2411 6772 10340
 1777 6231 11183
 422 5477 13285
 700 5011 14403
 852 3033 14763
 -1338 2851 15088
 -4358 -548 19403
 -1659 -1543 16557
 -872 -1222 16741
 -1136 -484 16074
 409 -1447 17084
 2970 -2946 16456
 228 -2530 15985
 160 -1526 17376
 294 -3196 16930
 -474 -2522 16896
 -103 -2354 16736
 1378 -1779 16523
 1169 -1828 16184
 3848 -1969 17136
 -678 -1414 15765
 -1254 -713 17263
 -1625 -783 15691
 -174 -666 15900
 3543 -2904 17178
 2413 -2991 17428
 1770 -2707 15165
 -4031 417 16820
 2565 -2813 16912
 -2604 -1511 16844
 -554 -4395 16997
 183 -2840 18859
 -2687 -2159 18075
 -2267 1664 15849
 -3241 4232 14675
 -2115 4124 14316
 -689 4000 14361
 701 4954 13564
 331 5817 13211
 -1459 6444 13210
 -184 5966 12677
 -703 6790 12406
 -102 6120 13194
 -199 6730 13184
 -829 6045 12922
 -1229 6403 13061
 -1064 6318 12993
 -576 6396 12842
 -713 6507 12761
 -1817 7054 12727
 -338 6044 12776
 -1112 6778 12753
 -1550 6639 13200
 280 6559 12380
 -480 6935 12523
 -1807 7757 11783
 -1094 7313 12303
 -960 6994 12109
 -1235 6838 12549
 -633 6323 12891
 -1540 6506 13379
 -1705 5990 13454
 -1445 5292 13775
 -1320 5131 14628
 -1675 4060 14664
 -1826 5231 14136
 -798 4448 14012
 -733 4550 14095
 -955 4620 14331
 -1100 4501 14162
 -2873 4173 14779
 -6571 2797 16025
 1111 194 16568
 598 -1200 16814
 1634 -1890 15798
 8036 -5466 17812
 -374 -2403 16613
 2887 -2183 15981
 631 -2049 16246
 2482 -1280 17079
 2023 -801 15494
 1870 -1253 16462
 758 -1142 16388
 4 -927 16226
 -1051 -98 17266
 -907 22 16994
 -403 868 16372
 -5772 214 21535
 -469 -1864 13611
 48 1283 18759
 -256 -1138 16422
 -118 -4454 16587
 1087 -5061 15706
 643 -6138 16567
 284 -3069 17632
 -1162 -5510 16762
 -1500 -4917 16855
 -2702 -1877 18816
 -9873 1308 15515
 4923 -3075 20385
 77 -3607 18659
 -1270 -2882 16397
 345 -3910 15642
 2170 -4013 16689
 3830 -3375 15507
 3054 -2977 15630
 1841 -2318 15115
 4230 -653 15684
 2294 -1228 14511
 1077 -745 17263
 232 1041 17301
 951 -1736 18284
 2787 2359 16376
 2031 1185 15138
 1480 -587 15738
 2073 290 16206
 2703 -1205 15297
 3831 1252 16198
 2064 -878 15957
 303 517 16581
 4488 1725 13962
 5584 -1053 15105
 1688 -322 17618
 677 -2095 15806
 -123 -1105 17286
 -2763 -820 14111
 -9194 984 15179
 -3762 522 14348
 -3881 2543 17821
 -1102 -2600 17640
 814 -3609 16394
 2553 -2167 14251
 4355 -1121 17030
 2457 -1513 15471
 1989 -2203 16036
 2882 -2814 14608
 6282 -2859 12699
 -2042 -1911 19209
 -26 -2786 16236
 1371 -2083 16940
 417 -364 16255
 -344 -665 16285
 -72 -1080 16422
 401 -402 16963
 661 -358 16628
 1083 -199 13499
 -232 160 12433
 1507 391 10886
 -3392 2129 15504
 120 2822 13955
 -805 2029 17268
 -102 2384 19957
Repetition Start
 -828 966 21824
 1458 4763 18882
 1431 4849 18779
 10 1589 20352
 -600 1086 18913
 1020 -252 17380
 -329 -70 16675
 358 729 16577
 223 931 14328
Repetition End
0
 -584 766 13378
 814 -181 13402
 1071 601 13349
 357 259 14811
 644 179 15572
 1394 1026 14053
 774 676 12390
 -422 366 12424
 220 201 12313
Repetition Start
 -1292 2294 14699
 -990 3748 15626
 -3083 2998 16319
 -548 1734 18758
 -523 439 19578
 127 1905 19357
 -1343 1925 18408
 -593 2318 18959
 -333 675 18382
 399 819 18263
 -176 940 16613
 829 1530 15499
 517 1083 13051
 1442 98 14165
Repetition End
1
 486 1205 12529
 329 1348 12313
 54 2106 14518
 1593 1523 14953
 486 1235 13287
 403 1278 13188
 -224 1777 12714
 -666 2354 13016
Repetition Start
 -2977 3712 13915
 45 4021 14059
 1610 5307 18362
 -2275 4625 17499
 -691 3791 18980
 -680 5778 19012
 225 3024 18860
 80 4700 17046
 41 2964 16643
 567 1543 15936
 -1004 1910 15951
 368 2438 15768
 -1022 2311 13904
 837 2219 12763
 -1847 1660 13733
Repetition End
1
 -240 2142 11728
 284 1817 16732
 1064 1435 15055
 915 1948 15208
 91 1454 13512
 -1064 2112 12537
Repetition Start
 -467 2312 11226
 -926 2657 14290
 -681 2897 14272
 -558 3678 15919
 -295 3056 17799
 -1851 2971 17430
 -1463 2550 18057
 153 1642 15726
 -120 2304 18486
 -206 3460 17734
Repetition End
1
 5 2680 18628
 -425 997 18387
 709 332 17790
 271 -521 16042
 1383 -247 15084
 -2951 1422 15562
 370 1421 15071
 -770 1335 11857
 -2149 2190 13557
 1525 1247 15627
 852 2217 14840
 -691 1244 13118
 827 1014 12565
Repetition Start
 -2071 3137 13045
 386 3902 11504
 -1408 4813 14133
 628 533 13736
 -1540 4839 18686
 -1516 3646 21398
 2469 3136 19834
 1562 3250 16813
 -1638 2535 17465
 -1135 1117 20557
 152 559 18651
 917 21 16830
 2591 -477 16161
 3073 -24 16918
 1714 1091 14656
 -2100 2437 14045
 2503 1542 12104
 -3077 2437 11879
Repetition End
1
 958 2143 14267
 1398 2713 14837
 979 1466 15023
 293 1703 13213
 -736 2141 12790
 -486 3083 13111
Repetition Start
 -981 1994 14373
 -2328 5182 13692
 230 4235 16351
 -2738 4802 16840
 -503 3354 19293
 -2560 2879 19026
 896 1787 16312
 130 2314 17863
 251 1226 17750
 -1269 1505 18200
 -390 794 17637
 2413 -766 16562
 679 1833 16504
 -1453 3079 15978
 992 1094 15576
 1220 911 14169
 1465 72 13491
 -1980 2174 14899
 -306 2386 12815
 1442 1282 15181
Repetition End
1
 -68 1586 15405
 933 872 13939
 -571 1419 12300
 790 2728 12006
 -1668 2538 13670
Repetition Start
 -378 5288 14848
 1559 4521 15273
 -5820 4686 15614
 816 1182 18210
 -274 4210 18002
 -2312 2471 17144
 -1843 1466 18373
 -1022 3227 16233
 -644 1621 18856
 -665 2668 16855
 -551 1615 17167
 136 2063 16949
 1782 744 17224
 23 2386 15461
 -1100 2387 14515
 -2240 2835 14041
 2249 2097 12087
 670 1391 11699
 -139 2280 15226
Repetition End
1
 298 2640 15007
 220 2602 14864
 539 2756 12617
 -635 3247 10914
 -793 3596 13003
Repetition Start
 -1622 2942 12485
 378 2998 15953
 -473 5708 16438
 110 4868 17048
 -2565 6034 16241
 -77 4259 16774
 -410 3616 18426
 484 5146 16157
 -881 3682 18304
 -1929 3282 17139
 -2683 3123 15916
 -2125 2345 16109
 -301 2820 15985
 -1858 3208 15387
 -2129 2925 15217
 -578 2499 13718
 -1539 2827 12451
 289 3484 12441
Repetition End
1
 2587 1859 13228
 -292 3242 15259
 793 2240 14467
 525 1820 13158
 -796 2984 11989
 -364 3028 11949
Repetition Start
 -732 3566 13336
 1640 2507 15662
 -2968 4095 16123
 1914 1177 16995
 -186 1800 18832
 -1015 2220 17447
 -937 3957 17968
 75 2184 18635
 -1311 2892 17842
 -1085 1921 17462
 -122 641 16334
 -2190 4108 16746
 -1295 1140 15456
 -571 2084 16464
 -1072 2015 14186
 -748 2740 14367
 -1499 3088 12635
 -731 2233 12284
 865 3077 14274
Repetition End
1
 50 3027 13869
 697 2865 14641
 581 3090 12712
 -1095 3502 11692
 -382 1908 11593
Repetition Start
 -991 3510 14261
 -1760 3860 15911
 -13 4734 15178
 -281 4158 16943
 -1271 2957 16401
 16 2609 18442
 -908 2605 17918
 -216 2177 18105
 -422 3165 18616
 1193 2448 18073
 859 2089 16213
 -200 29 16761
 1465 -108 17018
 1162 230 16005
 978 707 15529
 1216 1103 15907
 -463 1433 13403
 2047 3094 9958
 -2378 1442 15250
 1664 1217 14829
Repetition End
1
 613 2347 15393
 302 365 14674
 -956 -1760 14746
 750 1714 15638
 2579 4698 14666
 1223 2943 14445
 1533 5963 15583
 74 -1827 16176
 874 -798 17795
 428 -1541 15455
 3251 1642 16269
 820 -491 14902
 326 375 15389
 -1834 1775 19685
 -1048 3877 16327
 -5490 5949 12611
 -4042 7222 12540
 -5424 9554 9649
 -3986 9536 9931
 -4327 9484 9543
 -5233 9105 7953
 2473 11302 4711
 1803 10747 5632
