Repetition start
1.44646122878
1.44646122878
1.30805215161
1.44971299548
1.63208133238
1.57983025633
1.57983025633
1.57983025633
1.65679819441
1.65679819441
1.70186989147
1.70186989147
1.58312248106
1.683401598
1.51963917685
1.71654303565
1.80594017988
1.80594017988
1.80594017988
1.70890294453
1.67898355082
1.63408324996
1.60700922869
1.37406645994
1.34467634995
1.33295685108
1.25335646398
1.25335646398
1.25335646398
1.25206934141
1.25206934141
1.33218388508
Repetition end
1
0
0
Repetition start
1.22204299178
1.22204299178
1.39185183901
1.33631357677
1.37885175441
1.37885175441
1.48268902298
1.63448261446
1.57653302802
1.57653302802
1.77757431358
1.77752334505
1.57889660889
1.54070675587
1.68406991907
1.77779326047
1.77779326047
1.77606145903
1.77606145903
1.64921991822
1.58870235331
1.51263755777
1.48018912843
1.40147277487
1.40147277487
1.33500644101
1.30586982025
1.30586982025
1.22444858438
1.2011232847
1.2011232847
1.2011232847
Repetition end
1
0
0
Repetition start
1.23820338471
1.37062410451
1.37062410451
1.51488338348
1.45075848494
1.45075848494
1.66495848094
1.65761344611
1.62361363501
1.76939215545
1.71926841179
1.56514941186
1.7292329302
1.71587516988
1.71587516988
1.73256867012
1.73256867012
1.68322157452
1.56373611907
1.56373611907
1.56373611907
1.5754612428
1.5754612428
1.5321023695
1.47839309608
1.45894214845
1.45894214845
1.29521109946
1.27114182207
1.27114182207
1.27114182207
1.21482399253
Repetition end
1
0
0
Repetition start
1.23654634198
1.3472750484
1.3472750484
1.3472750484
1.4813664289
1.54753238143
1.62221343542
1.62221343542
1.67219293882
1.78501046961
1.78501046961
1.6368997674
1.68884131649
1.68884131649
1.42329922548
1.72877395553
1.72877395553
1.7700052879
1.74981269728
1.70033928219
1.59036205429
1.49847305209
1.67364156723
1.67364156723
1.61844943977
1.61844943977
1.41128242782
1.41128242782
1.29146085354
1.17683557752
1.17683557752
0.977040810751
Repetition end
1
0
0
Repetition start
1.24948796872
1.45975724652
1.56678911177
1.65563150095
1.65563150095
1.49842950194
1.731642892
1.731642892
1.64151299945
1.61037981391
1.61037981391
1.70515382409
1.71710636053
1.89115725367
1.77224954022
1.77224954022
1.77224954022
1.77224954022
1.71139992818
1.6000672222
1.51082837575
1.51082837575
1.61452024257
1.61452024257
1.59018418348
1.45866806937
1.35216725193
1.35216725193
1.18102844238
1.13489489714
1.3131433128
1.3131433128
Repetition end
1
0
0
Repetition start
1.45244777444
1.68960811147
1.68960811147
1.77286218352
1.77286218352
1.6457945124
1.61207075403
1.61207075403
1.604292225
1.65768027291
1.74690028792
1.7802447538
1.7802447538
1.7802447538
1.7802447538
1.68566713755
1.59822616812
1.54966846533
1.55250212894
1.55250212894
1.48401789887
1.26818718554
1.26818718554
1.1702077163
1.10232374929
1.18224077038
1.18224077038
1.25515551888
1.25515551888
1.25515551888
1.30016978816
1.30016978816
Repetition end
1
0
0
Repetition start
1.42660566168
1.62388421917
1.62388421917
1.64790495749
1.62006678511
1.62006678511
1.58416977208
1.60288001158
1.60288001158
1.60288001158
1.60288001158
1.56389676963
1.56389676963
1.69538126094
1.69538126094
1.68445332549
1.68445332549
1.68445332549
1.71364934357
1.57700944412
1.57414743816
1.57414743816
1.43546231728
1.468322726
1.48442692415
1.48442692415
1.32282973192
1.29305453318
1.19312144934
1.07794710951
1.07794710951
1.27766282212
Repetition end
1
0
0
Repetition start
1.40556641097
1.40556641097
1.48272913612
1.45532104333
1.45532104333
1.60692508803
1.60692508803
1.72993675799
1.72993675799
1.72993675799
1.73127607841
1.73127607841
1.67733351856
1.65004671904
1.58518156113
1.65621581695
1.65621581695
1.82752033671
1.70130527578
1.70130527578
1.58069316296
1.58069316296
1.49439271408
1.49439271408
1.50178970048
1.50178970048
1.52291114102
1.38148857711
1.2828348087
1.31439511255
1.31439511255
1.12284746473
Repetition end
1
0
0
Repetition start
1.13558698137
1.11737630322
1.35018347524
1.35018347524
1.52660641958
1.46140671911
1.46140671911
1.48917873735
1.48917873735
1.62485724175
1.75931833512
1.75931833512
1.62641280225
1.68176584741
1.68176584741
1.63048150488
1.60775951441
1.88036109389
1.79471457636
1.79471457636
1.57060285275
1.50057610361
1.50024144519
1.50024144519
1.50024144519
1.4431316844
1.4431316844
1.48950112904
1.3360781484
1.23917475513
1.11270821865
1.24480999168
Repetition end
1
0
0
Repetition start
1.39118525786
1.57881536939
1.58219826841
1.55838131353
1.55838131353
1.83567496614
1.83567496614
1.83567496614
1.83567496614
1.69283251392
1.53174759239
1.60872371351
1.657882728
1.74306921714
1.74306921714
1.64534049386
1.60680193088
1.53221832648
1.52869741157
1.52869741157
1.52869741157
1.52869741157
1.52803749783
1.42026301724
1.42541701224
1.42541701224
1.40804446619
1.34799165975
1.17334230433
1.17334230433
1.32622718274
1.32622718274
Repetition end
1
0
0
