Repetition start
0.814581062825
0.890165465577
0.890165465577
1.03552047692
1.03552047692
1.12661120981
1.07554220689
1.06097277982
1.06097277982
1.23064986516
1.23064986516
1.43051460319
1.37137826456
1.37137826456
1.327478546
1.21293722668
1.23195196252
1.38784270876
1.38784270876
1.50099072174
1.50099072174
1.4471224947
1.33876946257
1.26033663857
1.26033663857
1.12514693241
1.13996485001
1.06631437192
1.06631437192
1.04410367823
1.03894779103
0.899350384623
Repetition end
1
0
0
Repetition start
0.902811137856
0.902811137856
0.973460384011
0.973460384011
1.12572997471
1.17190933654
1.17190933654
1.29350506041
1.29350506041
1.29350506041
1.38382459903
1.38382459903
1.31174386332
1.27000544715
1.27000544715
1.26341698094
1.27967124877
1.24875057184
1.24875057184
1.42943076919
1.50595581795
1.3826301988
1.32461011499
1.32461011499
1.32461011499
1.20852229697
1.17228071342
1.16514815198
1.08918191954
1.08918191954
0.990276941442
1.02076504217
Repetition end
1
0
0
Repetition start
0.945794392546
1.06113546418
1.06113546418
1.19092484269
1.19092484269
1.09037694228
1.15995616343
1.32857985982
1.32857985982
1.3439824394
1.24794130371
1.20694631599
1.20694631599
1.35966214348
1.48835673228
1.48835673228
1.48835673228
1.3407162503
1.28215878228
1.28215878228
1.22976017789
1.22976017789
1.14311788151
1.1000760682
1.1000760682
1.1000760682
0.974935175196
0.974935175196
0.974935175196
0.965540966062
0.944406370674
0.944406370674
Repetition end
1
0
0
Repetition start
1.05443770312
1.10565873054
1.10565873054
1.15096824956
1.20381737578
1.20381737578
1.1700806518
1.12023346488
1.12023346488
1.36812017099
1.34261276394
1.18128763712
1.18128763712
1.29340976357
1.40720187529
1.40720187529
1.44422573136
1.30929078426
1.30929078426
1.30929078426
1.30929078426
1.23351134193
1.20547282743
1.18475252811
1.25952508981
1.25952508981
1.08973189091
1.08973189091
0.948337438182
0.948337438182
0.987510206979
0.856804136404
Repetition end
1
0
0
Repetition start
0.826751552966
0.870958811739
0.870958811739
0.870958811739
1.02892760651
1.02892760651
1.1957266813
1.1957266813
1.18188828009
1.29572491321
1.41002131448
1.30030027152
1.2654911518
1.3410841994
1.3410841994
1.22481549732
1.22481549732
1.26540856807
1.39664155569
1.39664155569
1.46353332525
1.37396245657
1.24526466095
1.24526466095
1.16552479476
1.20627815246
1.17813055293
1.17813055293
1.17813055293
1.12498593653
1.12498593653
1.03890186517
Repetition end
1
0
0
Repetition start
1.07219296437
1.15083058142
1.15083058142
1.12639677737
1.20930159417
1.20930159417
1.20930159417
1.32004639382
1.32004639382
1.33477554346
1.33477554346
1.21302878934
1.2069207252
1.2069207252
1.28220062055
1.38191041779
1.38191041779
1.38191041779
1.42952991878
1.26916424362
1.26916424362
1.17483871487
1.17483871487
1.17483871487
1.09667301261
1.09667301261
1.06679143691
1.02338725251
1.05127032679
1.05127032679
0.977506353115
0.884595094545
Repetition end
1
0
0
Repetition start
0.822817741657
0.822817741657
0.822817741657
1.13583775427
1.05619521634
1.08299770815
1.27112501167
1.27112501167
1.32235706751
1.24779999072
1.24779999072
1.24779999072
1.25588553477
1.25588553477
1.25588553477
1.24644100349
1.27554356883
1.25066036573
1.35762472078
1.35762472078
1.25054240082
1.25054240082
1.26292851265
1.26292851265
1.20160218881
1.10990494341
1.13080665815
1.13080665815
1.13080665815
1.11273101627
1.08073711986
0.970017436601
Repetition end
1
0
0
Repetition start
0.98868203612
0.922509207625
0.922509207625
0.840354156646
0.840354156646
0.885088259669
0.805017482356
0.805017482356
0.850995852987
0.971563180811
1.07076033043
1.11841707657
1.25672221762
1.25672221762
1.24127468723
1.24127468723
1.36683472305
1.27103680177
1.39139075305
1.42278138291
1.42083875655
1.35800112159
1.18177357864
1.20758534185
1.20758534185
1.20758534185
1.10758874366
1.08452994733
1.08452994733
0.983168350623
0.925772141762
0.925772141762
Repetition end
1
0
0
Repetition start
0.940177109135
0.849040957196
0.840464008082
0.957627140128
0.987926104592
1.10726629406
1.10726629406
1.18161650389
1.18161650389
1.07225917161
1.20498879626
1.20498879626
1.2540622626
1.2390650561
1.2390650561
1.2639917635
1.27393153911
1.2553951954
1.26803391701
1.35940159437
1.35940159437
1.33447092268
1.25126357289
1.25126357289
1.25126357289
1.10124290341
1.13450837133
1.18370288245
1.06615339852
1.01925592615
1.07752249648
1.07752249648
Repetition end
1
0
0
Repetition start
0.869957056092
0.986889513225
1.17359529112
1.11037369893
1.27641193133
1.2307422334
1.17083311495
1.26054397461
1.22124688054
1.21969852614
1.28689297983
1.34297876765
1.31610379296
1.31610379296
1.16581342532
1.16581342532
1.12058207003
1.12058207003
1.11298664612
1.07244074804
1.00397819788
0.994765845766
1.02806728869
1.02806728869
1.02806728869
0.98579373566
0.98579373566
1.00445419231
0.884881313078
0.884881313078
0.881938628409
0.881938628409
Repetition end
1
0
0
