Repetition start
1.34045410156
1.53216552734
1.53216552734
1.52947998047
1.52947998047
1.33978271484
1.33978271484
1.33978271484
1.18402099609
1.18402099609
1.18402099609
1.10766601562
0.993408203125
1.078125
1.078125
1.078125
1.078125
0.944946289062
0.944946289062
0.944946289062
Repetition end
0
Repetition start
0.958312988281
1.1220703125
1.1220703125
0.990844726562
0.990844726562
1.21728515625
1.18981933594
1.30548095703
1.30548095703
1.15905761719
1.26245117188
1.14282226562
1.18902587891
1.06060791016
1.06060791016
1.06060791016
1.06060791016
1.08996582031
0.894226074219
0.958557128906
Repetition end
1
Repetition start
0.894165039062
1.10626220703
1.54290771484
1.21148681641
1.34765625
1.47155761719
1.34942626953
1.34942626953
1.33215332031
1.33215332031
1.19921875
1.19921875
1.10144042969
1.02886962891
1.02886962891
1.13366699219
0.927307128906
0.965515136719
0.965515136719
0.826782226562
Repetition end
1
Repetition start
0.797790527344
0.797790527344
0.977844238281
0.977844238281
1.00634765625
1.00634765625
1.00634765625
1.16204833984
1.2548828125
1.2548828125
1.13220214844
1.16845703125
1.16845703125
1.16845703125
1.16845703125
1.06939697266
1.06939697266
1.26159667969
1.28100585938
1.28100585938
Repetition end
1
Repetition start
0.861267089844
0.9638671875
1.07043457031
0.909240722656
1.34185791016
1.34185791016
1.43603515625
1.55267333984
1.31988525391
1.12072753906
1.25360107422
1.18176269531
1.08447265625
1.11541748047
1.21868896484
1.06573486328
0.877807617188
0.985656738281
0.985656738281
0.685974121094
Repetition end
1
Repetition start
0.939086914062
1.00988769531
1.2705078125
1.15380859375
1.3515625
1.18072509766
1.15936279297
1.23944091797
1.17352294922
1.12524414062
1.10113525391
1.11138916016
1.16064453125
1.07446289062
1.07800292969
0.994873046875
0.917236328125
0.921203613281
0.909118652344
1.09283447266
Repetition end
1
Repetition start
1.20593261719
1.30328369141
0.8837890625
1.2333984375
1.33898925781
1.05609130859
1.09838867188
1.12536621094
1.21051025391
1.15100097656
1.11273193359
1.16870117188
1.20544433594
1.09069824219
0.964477539062
0.893310546875
1.00299072266
1.00299072266
0.83984375
1.05999755859
Repetition end
1
Repetition start
0.842590332031
1.17974853516
1.32281494141
1.32281494141
1.34436035156
1.20300292969
1.27905273438
1.3203125
1.32977294922
1.28814697266
1.12866210938
0.998291015625
0.996643066406
1.12939453125
1.02154541016
0.977355957031
0.954528808594
0.954528808594
0.838562011719
0.989624023438
Repetition end
1
Repetition start
0.986938476562
1.20904541016
1.05285644531
1.22595214844
1.24792480469
1.13842773438
1.28100585938
1.28100585938
1.27526855469
1.18548583984
1.11682128906
1.02862548828
1.13916015625
0.933898925781
1.09722900391
0.923400878906
0.998474121094
0.8681640625
0.841430664062
1.11181640625
Repetition end
1
Repetition start
1.02416992188
1.09930419922
1.21453857422
1.27075195312
1.10394287109
1.28582763672
1.19720458984
1.22473144531
1.30364990234
1.32531738281
1.16949462891
1.01257324219
1.12152099609
1.06182861328
1.05065917969
1.11242675781
0.877258300781
0.921569824219
0.873657226562
1.08093261719
Repetition end
1
