2273 5396 13768
 2887 6832 13790
 1202 9224 14295
 891 9522 13803
 731 5827 12482
 -20 3175 15342
 2529 1098 15843
 2088 1964 14664
 10010 -5673 16629
 3273 -5432 11957
 8850 -2667 13462
 5771 -645 14060
 3842 1223 15672
 2946 1082 13409
 2595 52 16966
 3112 2054 14401
 1065 3133 16279
 99 1734 15044
 -1218 1520 15646
 -329 1974 16265
 179 212 16020
 -2503 436 17633
 -3196 227 15645
 -6454 3457 15120
 -5609 4077 15459
 -976 4952 16182
 -3081 5209 15249
 -11012 7101 13298
 9262 -2725 18562
 -3369 -1147 16378
 2934 -3098 16147
 4004 -2375 14789
 3824 -1209 16095
 6650 -1041 12578
 7446 -1129 13151
 6590 -981 14603
 4879 -891 15595
 4589 -1698 15892
 4400 -2668 13346
 561 -1182 17253
 6075 -3252 16167
 -5219 1842 15530
 -8310 3492 13763
 878 -3262 18492
 -6185 -657 18737
 -698 120 17450
 21 1154 15461
 5436 -1765 13630
 4025 -1170 12045
 7159 -932 16858
 4019 -177 15734
 2822 225 16840
 3984 932 14164
 5196 334 14156
 4103 -1106 14249
 1571 2519 17199
 -1294 2037 17433
 166 771 17574
 292 -3098 11166
 6256 2182 9898
 -1911 91 18095
 5283 -1587 14434
 5479 -409 12367
 7714 -2399 13890
 6625 916 15481
 5755 5991 11257
 11115 1053 11239
 6041 -525 13522
 5838 779 14018
 4567 1223 14365
 2360 2187 15151
 2989 2438 15405
 2507 765 15371
 4959 1632 13480
 6139 2489 13400
 3997 2293 15120
 1042 2761 14831
 2693 1733 15548
 1962 2414 14564
 1951 2444 14631
 2953 2096 13933
 3079 2504 14152
 3760 2825 14596
 3662 2961 14031
 3326 3243 14231
 2353 3220 13464
 3114 3541 15008
 1919 2362 13011
 2069 3676 13944
 2902 3256 14380
 2319 3250 14467
 2964 3024 14061
 2826 2822 14130
 3414 2783 14118
 4039 2461 13908
 4444 2104 13504
 3449 2448 14039
 3452 2796 14814
 3191 2576 14609
 2333 2825 14506
 3407 2021 13658
 2830 2962 14474
 3734 3102 14311
 4416 2589 13697
 2422 3554 14028
 3516 2951 14491
 3595 3261 14337
 2701 3864 14688
 1824 3049 14345
 961 4930 14575
 1582 3528 12413
 2112 3521 9697
 -820 4980 8498
 4928 1414 12078
 2182 2625 17658
Repetition Start
 420 6706 17109
 390 4711 18996
 34 4158 16245
 112 3384 18010
 -122 988 16876
 1132 1626 18761
 133 2256 17444
 1329 758 17024
 162 1943 14781
 260 2308 14217
 438 3703 14671
 1522 3522 8614
Repetition End
1
 267 1716 11535
 2021 2455 11427
 1941 2974 9327
 1187 3642 12921
 1484 624 13763
Repetition Start
 2301 4362 15325
 2448 786 14240
 1014 3284 17920
 1094 4471 17259
 3094 623 18312
 315 3334 16080
 1351 1072 20128
 2352 564 16417
 2270 66 17622
 1286 238 15131
 2303 2767 13679
 2078 2553 13658
 3072 3089 11358
 -1023 2758 10359
Repetition End
1
 2286 1498 10641
 1187 3017 11019
 938 2236 10331
 539 2064 12717
Repetition Start
 1284 4922 15243
 2582 834 17287
 2350 796 17789
 1249 2814 19499
 1192 411 18477
 1874 1497 18427
 2043 401 19310
 2644 587 18496
 2099 -326 16723
 2074 956 16796
 2248 2571 15937
 2700 3795 12933
 553 2762 10900
Repetition End
1
 1456 3302 8635
 -1347 4557 12328
 510 2948 11099
 553 3957 9737
 2432 4685 12693
Repetition Start
 921 3921 15709
 2568 3489 17584
 -432 2162 17193
 3461 5770 15919
 1497 5193 17714
 2425 1142 19305
 3077 3144 17421
 3275 3446 16223
 3533 1642 15659
 1373 1516 16444
 -145 1756 15097
 2103 1927 13786
 -676 2232 12156
Repetition End
1
 -1249 4362 10544
 -631 2552 10621
 636 4060 11480
 1077 2220 9641
 1798 2288 9967
Repetition Start
 655 3870 14757
 -587 5032 14727
 2123 5144 18293
 4665 4861 19145
 4096 6199 18506
 2906 3685 18252
 1714 4341 16251
 1743 2465 18562
 1576 3736 15493
 3736 2860 13781
 3714 1515 13341
 3002 2979 13702
 1529 4450 11156
Repetition End
1
 -112 3325 9331
 1774 1539 10001
 888 2473 9525
 2148 3485 11870
Repetition Start
 2085 1139 12098
 2602 2088 16052
 505 3002 16944
 1315 323 19846
 -597 3547 20152
 844 2510 18883
 1489 2934 20288
 1125 2342 19476
 -85 1414 16703
 1571 -201 16158
 -1619 1382 17014
 1272 2879 13741
 1753 1778 15344
 -827 3180 11934
Repetition End
1
 1431 4587 7722
 1101 4842 12102
 970 3109 11046
 1591 2302 11197
 -1083 4071 13390
Repetition Start
 1328 725 15043
 3048 1384 16747
 2611 2424 18885
 1372 1761 19304
 797 220 20654
 -926 2357 21229
 305 3535 18557
 1137 1744 18614
 2203 712 17217
 125 3876 13845
 2055 2526 14565
 1509 3216 14424
 2275 3829 14365
 2173 4542 11659
 956 3781 9007
Repetition End
1
 -596 4628 11248
 -724 2342 11119
 1370 2964 11444
 1321 3856 12216
 3698 593 12818
Repetition Start
 2718 2887 14045
 1798 3359 16404
 1588 727 18722
 252 2027 18312
 828 3578 15793
 2004 2594 19447
 1331 4238 17334
 3668 842 19035
 4778 1921 16679
 2956 263 18185
 -242 1236 16658
 711 3007 15818
 263 4753 15089
 1107 4310 12684
 889 2908 11801
 229 2209 11016
Repetition End
1
 3041 1570 16415
 384 2957 15657
 1611 1826 13241
 -50 561 12839
 -335 539 18797
 -715 -420 21088
 455 1228 15982
 3167 2793 17850
 2460 -2955 15108
 -1073 -80 20525
 -4495 -5355 24432
 8697 -2914 18081
 -4430 1966 15351
 -1659 4952 11817
 -4940 3629 11010
