Repetition start
0.832529854361
0.832928361939
0.872347254848
0.897783468443
0.890264264467
0.858187895941
0.919151252672
0.881965004652
0.879619099497
0.846335824132
0.821539798614
0.828216133861
0.827865013212
1.30221311701
0.948472253408
0.856220633463
0.881954749078
0.817850289151
0.817850289151
0.873683684395
0.873683684395
0.878173872667
0.85643814632
0.883380171464
0.852082813175
0.804773455723
0.799477241195
0.849175057169
0.879186233853
0.887879878079
0.852687202334
0.843721411362
Repetition end
1
0
0
Repetition start
0.759357170987
0.872913591507
0.771161134823
0.547639047404
0.683329433022
0.675945639599
0.834588885932
0.911439224679
0.914877831535
1.07155767983
1.01614560393
0.992955385639
0.975311632132
0.88015242922
0.876967731601
1.03923316142
1.03485447605
0.933938960172
0.924699863991
0.848209870522
0.768418936271
0.719378212384
0.779003625922
0.81745545715
0.81263231383
0.848918892914
0.790174031841
0.815560183105
0.793413291312
0.827514033944
0.776043079309
0.77996747842
Repetition end
1
0
0
Repetition start
1.01013246473
0.85066407389
0.951964731345
0.901653831094
1.13037439762
0.991951202805
0.893482213651
0.907547675258
0.869795518237
0.794524927874
0.77114875833
0.817656032698
0.776774802057
0.763587629935
0.655846894869
0.726491299084
0.753029377593
0.804569761218
0.856332216875
0.789349355111
0.816190613555
0.809531598609
0.800941023356
0.794859593175
0.822216852513
0.822563092662
0.809423944197
0.824556954767
0.793679963705
0.812626567483
0.778036166199
0.609143130498
Repetition end
1
0
0
Repetition start
0.95609252395
0.874211803576
0.977333538847
0.977333538847
0.977333538847
0.893993345057
1.02606280139
0.992643812709
0.992643812709
0.870925814431
0.979730645512
1.00175041431
1.00175041431
0.824336154314
0.824336154314
0.874689615495
0.874689615495
0.874689615495
0.796551893683
0.775045503061
0.704802765797
0.617726648822
0.604893287861
0.676036284949
0.704856124335
0.813439108455
0.813439108455
0.704453601209
0.823426224941
0.759708598529
0.801851585378
0.795128603305
Repetition end
1
0
0
Repetition start
0.857228680962
0.857228680962
0.913229330299
0.913229330299
1.07775863352
1.07775863352
0.958485531858
0.958485531858
1.00239487441
1.00239487441
0.924574365102
0.991169875098
0.860685398487
0.934698072209
0.99134934873
0.93541553547
0.882343585462
0.929389074257
0.793222835311
0.794323907184
0.794323907184
0.839687860792
0.839687860792
0.695623574697
0.828103580288
0.828103580288
0.704073914661
0.702169497603
0.642156532218
0.647852429748
0.779912982322
0.827757630195
Repetition end
1
0
0
Repetition start
0.788613342637
0.788613342637
0.80346460148
0.80346460148
0.74608778327
0.886518006141
0.844411244278
0.869745787488
0.936463937868
0.946022929274
0.946022929274
0.946022929274
0.895767929172
0.895767929172
0.895767929172
0.879071868551
0.879071868551
0.859289275575
0.855137647715
1.12041323972
1.04883568511
0.938940096493
0.858769728179
0.788321049917
0.770403626509
0.774459820679
0.774459820679
0.73011306528
0.83720265446
0.806112779447
0.806112779447
0.717341642188
Repetition end
1
0
0
Repetition start
0.785120761601
0.641973471884
0.787032951923
0.745888891606
0.944182226616
0.995503939119
0.822861183938
0.931647130756
0.975800760729
1.00732532451
0.94197976185
0.947108436599
0.886561337754
0.803396128558
0.834841995245
0.689514316837
0.750674019379
0.690681708282
0.632668623051
0.674368848702
0.731816244866
0.731930349087
0.676095175732
0.802808943763
0.791532072382
0.798166719383
0.794845385234
0.814592934919
0.802888231314
0.764511751452
0.709525710851
0.608672795041
Repetition end
1
0
0
Repetition start
0.949725937839
0.949725937839
0.899404693455
0.987657057746
1.05998411932
1.05998411932
1.05998411932
1.05998411932
0.913681458255
0.938096154924
0.849071828105
0.787812413583
0.762294400161
0.762294400161
0.82633733558
0.728353336554
0.71455783546
0.775884795122
0.669634167808
0.598354732402
0.616088341126
0.616088341126
0.666408040066
0.792490084173
0.800904469198
0.800904469198
0.757186702538
0.757186702538
0.783376503302
0.758452160249
0.758452160249
0.791077658493
Repetition end
1
0
0
