Repetition start
0.557739257812
0.706970214844
0.762634277344
1.04541015625
1.15075683594
1.23193359375
1.06994628906
1.18218994141
1.09283447266
1.11956787109
1.07556152344
1.10687255859
1.03161621094
0.904602050781
0.930297851562
0.9423828125
0.906188964844
0.570068359375
0.903381347656
0.851806640625
Repetition end
1
Repetition start
0.919311523438
1.23016357422
0.903503417969
0.704162597656
0.704162597656
0.775207519531
0.775207519531
1.04638671875
1.03894042969
1.00531005859
1.08221435547
1.08221435547
0.952087402344
0.952087402344
0.990478515625
0.990478515625
0.759704589844
0.845275878906
0.845275878906
0.825439453125
Repetition end
1
Repetition start
0.682800292969
0.679443359375
0.745300292969
0.976135253906
1.05798339844
1.05706787109
0.853332519531
1.11346435547
0.895263671875
0.907836914062
1.03076171875
1.06103515625
1.11712646484
0.994445800781
0.81298828125
0.764404296875
0.783447265625
0.752075195312
0.643188476562
0.654846191406
Repetition end
1
Repetition start
0.852172851562
0.829467773438
0.872680664062
0.980041503906
0.981323242188
1.11029052734
1.05725097656
0.935607910156
1.01715087891
1.029296875
0.991088867188
1.11944580078
1.04553222656
1.00823974609
0.967590332031
0.926818847656
0.826721191406
0.845275878906
1.04064941406
0.91162109375
Repetition end
1
Repetition start
0.5712890625
0.688354492188
0.893737792969
1.27227783203
1.11791992188
1.03546142578
1.03619384766
0.847595214844
0.890808105469
1.07604980469
1.05938720703
0.979431152344
1.18664550781
1.0146484375
0.857666015625
0.805541992188
0.840698242188
0.898254394531
0.784362792969
0.774230957031
Repetition end
1
Repetition start
0.923767089844
0.881469726562
0.940002441406
1.09490966797
1.01763916016
1.08404541016
0.907287597656
1.11224365234
0.953918457031
1.02185058594
1.04821777344
1.07922363281
0.697814941406
1.01239013672
0.966796875
0.911071777344
0.723876953125
0.812072753906
0.698974609375
0.895935058594
Repetition end
1
Repetition start
1.05877685547
1.04064941406
0.976867675781
1.11383056641
1.08312988281
0.997619628906
1.06622314453
1.00891113281
1.00360107422
1.07299804688
1.04254150391
0.90869140625
0.892700195312
0.994750976562
0.855834960938
0.745178222656
0.890197753906
0.999145507812
0.879272460938
1.12652587891
Repetition end
1
Repetition start
0.658813476562
0.89013671875
1.10931396484
0.992248535156
0.972961425781
1.00872802734
0.924072265625
0.922668457031
0.870361328125
0.980834960938
1.03955078125
0.918395996094
0.972778320312
0.871154785156
1.0029296875
0.859436035156
0.8603515625
0.917907714844
0.91845703125
1.01098632812
Repetition end
1
Repetition start
0.746826171875
0.835998535156
1.021484375
1.16552734375
1.05419921875
1.08325195312
0.909362792969
0.960327148438
1.1767578125
1.15063476562
1.00653076172
0.984069824219
0.957275390625
0.724182128906
0.869567871094
1.05871582031
0.67626953125
0.894653320312
0.625366210938
0.622131347656
Repetition end
1
Repetition start
0.942138671875
1.06298828125
1.00128173828
1.14654541016
0.797912597656
0.96484375
1.05291748047
0.895629882812
0.760192871094
0.839050292969
1.08032226562
0.990539550781
0.871398925781
0.842468261719
0.921752929688
0.909118652344
0.910888671875
0.846862792969
0.854858398438
1.06140136719
Repetition end
1
