-3084 -6172 23686
 -3427 -4589 23314
 -1615 -7433 24805
 -2821 -7132 24672
 -1815 -7066 24551
 -1757 -7243 24586
 -1746 -7860 24526
 -2773 -7157 24661
 -1345 -7284 24492
 -1793 -7835 24479
 -827 -7029 24407
 -835 -6832 24134
 -1239 -6663 25131
 -3604 -5997 24107
 -3537 -7903 25715
 -3984 -7213 24921
 -3594 -8112 24765
 -5096 -8760 25338
 -5636 -8696 25525
 -5192 -8983 24514
 -6202 -9275 26211
 -5099 -9196 25723
 -4512 -8568 25302
 -3345 -9552 25617
 -21 -5569 26113
 -488 -5778 24466
 -1932 -4544 23760
 -4063 -6888 24173
 -3346 -7980 23291
 -6103 -8077 25517
 -4720 -9981 24385
 753 -10391 27756
 -5818 -9584 27696
 -1855 -6692 25261
 -4250 -3743 25590
 -193 -3466 23171
 591 -5604 22431
 -6136 -5759 25880
 -2945 -5725 24909
 -2868 -6188 24642
 -1122 -5546 24482
 -1271 -4228 23428
 -1275 -3099 24499
 -2038 -5151 24094
 -4761 -1878 24028
 -3740 -4182 23650
 -6197 -5220 25569
 -2760 -6542 25137
 -4581 -5761 23640
 -3989 -4981 24199
 -7016 -4757 24388
 -6139 -5001 25278
 -2617 -4740 25169
 -8195 -3010 24203
 -4761 -5349 23800
 -4096 -4082 25118
 -5939 -6052 25727
 -6834 -2038 23903
 -7023 -3614 24309
 -6020 -4689 24796
 -6552 -3182 24017
 -5919 -2502 23481
 -1630 -1988 24100
 37 -4191 25373
 -2851 -824 25593
 -2001 -6944 23936
 -4710 -6409 24453
 -323 -5982 25248
 -2708 -5668 24583
 -4357 -9534 24908
 -3220 -9912 24357
 -3021 -10207 24498
 -3085 -10090 24408
 176 -7296 22718
 1551 -5302 21781
 3429 -4262 23707
 3331 -5613 21495
 2609 -5865 22590
 2352 -6124 22031
 2561 -5731 22393
 1199 -7191 22493
 1210 -7506 22201
 -10581 -10911 31512
 -3310 -9312 28198
 -4157 -5758 25001
 -4431 -6821 24534
 -13304 -4981 23457
 -8527 -1866 21927
 -1501 -17978 25543
 -8597 -11810 26491
 -1917 -5750 24139
 -4794 -5626 25677
 -2982 -7898 23927
 -2469 -6984 24634
 -2991 -5461 25377
 -5622 -6859 27344
 -4884 -6593 23650
 -10564 -2463 23095
 -7217 -5779 22426
 -6258 -10465 25800
 -7679 -7185 25481
 -6324 -6373 24557
 -8464 -7211 25380
 -7655 -8363 26976
 -6380 -5530 25395
 -3442 -6070 24386
 -1791 -6144 24577
 -1443 -7216 23003
 -4326 -5079 24456
 -1306 -3742 25438
 -2948 -4898 24684
 -2469 -5178 25192
 -1737 -5737 25107
 -4085 -5216 21939
 142 -5361 21155
 1451 -4765 22593
 -4255 -5151 27282
 -2555 -5100 26080
 -5914 -6035 24252
 -5907 -7172 22578
 -12143 -3233 23087
 -5863 -4553 25786
 -10260 -4308 25893
 -5440 -5814 25316
 -4805 -3775 28607
 -897 -4273 23011
 -2050 -5708 22184
 2292 -5355 21896
 -5402 -3530 27998
 76 -4787 24749
 -2274 -5569 24587
 -2023 -5219 24074
 -2000 -4634 24467
 -2706 -3913 24976
 -3349 -4753 24478
 -3054 -4102 24234
 -3537 -5431 24458
 -3537 -4729 25832
 -3171 -3323 25353
 -1985 -6108 24443
 -954 -5755 22691
 -502 -5145 24140
 810 -6488 23541
 152 -4889 23377
 -623 -4860 24164
 -351 -4654 24730
 -1481 -4414 24331
 -3155 -3853 24964
 -2277 -4724 23459
 -3343 -4116 24498
 -3294 -3497 24178
 -3495 -3890 25092
 -3044 -3954 25027
 -3363 -3124 24052
 -3018 -3596 23670
 -2727 -4382 24354
 -3032 -3764 23973
 -3128 -3309 24240
 -4100 -3569 25073
 -5257 -3388 24497
 -3014 -2082 24882
 -1898 -6659 22724
 -2562 -3777 24208
 1230 -3848 19978
 -4245 -4695 21479
 -3030 -656 19151
 -5116 -358 19747
Repetition Start
 -6280 -2201 25406
 -3560 -2087 21910
 -5513 -130 23694
 -5315 964 24073
 -4628 10 25189
 -3791 -2270 24298
 -4832 1073 25145
 -5669 -1865 24273
 -5047 -2090 25726
 -3839 -2485 25701
 -3434 -1585 25438
 -4933 -2973 28128
 -3382 -3474 29262
 -598 -3622 26304
 -3908 -2693 25065
 -4326 -2689 24296
 -5485 -992 22927
 -5943 -1757 23011
 -3743 -1672 21683
 -3295 -901 20853
 -3674 -828 20185
 -1225 -1288 20286
 -2604 -1211 19507
Repetition End
1
 -3697 -1381 21414
 -2852 -1278 21484
 -3118 -1712 19770
 -4917 -419 18681
 -3830 -299 18737
 -4683 -1825 21930
Repetition Start
 -5474 -1224 22824
 -2003 -1424 23165
 -5847 -2358 25253
 -3963 -3492 24649
 -4057 -1930 25527
 -2892 -1267 26263
 -3488 -1599 26102
 -4576 -4136 26522
 -3956 -2742 26775
 -3428 -3996 28043
 -4027 -4390 29192
 -3208 -3799 27539
 -2875 -1998 25547
 -2050 -3019 22924
 -2073 -2102 22292
 -3193 -1752 22137
 -2593 -1776 23058
 -4365 -1101 21428
 -3156 -1735 19963
Repetition End
1
 -2854 -1372 19827
 -3525 -389 19051
 -2990 -424 19930
 -5386 -130 21463
 -4081 -426 21228
 -3033 -700 20941
 -3860 -746 18782
 -3233 -1452 17718
 -2659 -993 18224
Repetition Start
 -4640 -739 22481
 -4133 -400 23807
 -3080 -1307 23378
 -4985 126 24833
 -2042 -905 28592
 -3639 -1048 25287
 -6103 -1242 26776
 -5170 -2724 25830
 -4204 -1993 25554
 -4948 -2759 26385
 -3104 -56 27209
 -5080 -2408 28630
 -4483 -3838 27129
 -4541 -3440 26767
 -5166 -3043 24311
 -6211 -2040 24882
 -2776 -2306 22836
 -2285 -1132 21040
 -2555 -1501 20780
 -1705 -907 19371
 -1943 -114 18741
 -2573 -712 18933
Repetition End
1
 -3185 -1251 20357
 -3339 -1276 21726
 -2098 -139 18976
 -2534 -598 17896
 -4743 -3256 19119
Repetition Start
 -3031 -2620 20977
 -6459 -738 25517
 -1867 -1431 25183
 -7850 -480 26299
 -5548 -2505 28680
 -5727 -2894 27663
 -4519 -3640 28273
 -3655 -3707 26236
 -4022 -3170 25823
 -4166 -3629 26421
 -4919 -2890 28707
 -4037 -5509 27861
 -4806 -4502 27458
 -3570 -3928 24402
 -3540 -2576 24516
 -3755 -2483 24964
 -6491 -2323 23701
 -2206 -1773 21739
 -3042 -1647 20929
 -3546 -681 20842
Repetition End
1
 -5207 -1777 20220
 -1804 -1501 19488
 -3739 -2714 19722
 -3322 -1981 19658
 -3750 223 20609
 -3401 -1532 17623
 -4859 -1613 22286
Repetition Start
 -1399 -875 22456
 -6396 -667 23967
 -3030 45 25122
 -4619 -1960 24363
 -4611 904 25544
 -4019 -1451 26375
 -4227 -3083 26267
 -4657 -3052 27468
 -3424 -2822 26552
 -5243 -2242 27191
 -4533 -2399 27554
 -2841 -1654 26951
 -3095 -4321 25857
 -4273 -3020 24478
 -5938 -3619 23840
 -4181 -3230 23514
 -2703 -1346 22340
 -3909 -550 21922
 -4139 -778 22148
 -2192 -1425 18841
 -4878 421 17189
 -2053 -1776 17670
 -2208 -2052 21339
Repetition End
1
 -3132 -601 19618
 -4278 -1570 19084
 -4142 -1766 18481
 -6752 -1397 19443
Repetition Start
 -2177 -520 22950
 -4145 -208 23727
 -2594 905 25243
 -2848 -1900 24670
 -2537 -4412 26898
 -5997 -2059 28916
 -4407 -2848 25752
 -4238 -690 25384
 -3941 -3474 26267
 -4374 -2692 27921
 -3833 -3981 28476
 -5354 -1941 27351
 -4337 -2902 26068
 -4598 -2758 24940
 -5223 -1997 24667
 -2087 -2581 23250
 -5796 -439 22632
 -4962 -604 20697
 -4513 64 21197
 -4474 110 18315
Repetition End
1
 -4043 208 18883
 -4741 -41 21756
 -3851 -69 20450
 -2184 -396 20914
 -2525 -387 18746
 -2721 -1075 18335
 -2651 -632 17672
Repetition Start
 -2566 -1092 22077
 -4589 46 23794
 -5612 69 23518
 -2758 -187 24224
 -4598 -1846 26784
 -5064 -4251 26671
 -3403 -2237 26087
 -5625 -3623 25780
 -5919 -2419 25118
 -5460 -942 25631
 -4999 -2619 28717
 -4656 -3034 27378
 -3580 -1486 26947
 -5131 -1721 25833
 -5543 -2227 25086
 -5285 -3344 23648
 -4985 -3447 24261
 -4654 -3122 23700
 -5669 -1202 22982
 -4921 -1153 20170
 -3868 -1472 19741
Repetition End
1
 -3831 -430 19259
 -5225 -1928 21072
 -3187 -1135 21163
 -3552 -1510 20554
 -3925 -1262 19897
 -4278 -1963 18881
 -4003 -1273 19402
Repetition Start
 -2576 -2004 21616
 -6540 207 23738
 -5508 -94 23924
 -4994 -1175 27234
 -7191 -2693 26776
 -7019 -734 28206
 -5178 -5589 28191
 -4698 -2734 26754
 -4051 -3226 26580
 -3495 -2797 26053
 -4917 -2104 26963
 -4630 -3874 28520
 -5172 -3794 28060
 -5800 -3724 26107
 -3212 -3075 24620
 -3168 -4112 24160
 -2457 -3713 24228
 -3362 -2086 23148
 -2169 -2765 23102
 -2964 -1642 23042
 -4922 -1126 19601
 -3403 -329 17162
Repetition End
1
 -4979 3 20012
 -2870 -1129 21303
 -1435 -347 20573
 -2568 -1123 20320
 -3101 -1142 18275
 -3253 -1503 16811
 -2133 -399 18852
Repetition Start
 -4285 -318 22015
 -4263 66 23828
 -3836 -1589 24365
 -5551 -2685 26927
 -5012 -2110 26546
 -5645 -3118 27329
 -4667 -554 27445
 -4136 -2123 26458
 -4892 -3086 26376
 -4330 -2028 25524
 -4315 -1543 27186
 -6201 -3203 28011
 -5073 -2452 26581
 -3754 -1068 25653
 -5526 -2809 24980
 -4219 -2231 23210
 -4919 -1392 23657
 -3995 827 23097
 -3096 -123 22316
 -2558 -1338 19803
 -2444 423 18260
 -3349 -1723 16714
Repetition End
1
 -3925 103 22753
 -2313 -220 20661
 -2439 -773 20961
 -2503 -621 19589
 -3582 -434 17356
 -4791 256 19652
 -2976 -862 18750
 -3964 1175 21073
Repetition Start
 -3975 -484 24756
 -6421 -71 25383
 -3423 -2540 24557
 -3932 -1942 26362
 -4874 -2780 26825
 -3620 -1685 26719
 -5268 -2555 25826
 -3888 -2143 25901
 -3672 -1936 26504
 -6107 -4359 28737
 -3590 -1996 27837
 -2701 -1828 24802
 -4720 -2718 24753
 -5648 -3398 24445
 -4905 -589 23043
 -3458 -2132 24519
 -6870 -323 24671
 -4276 -1033 22578
 -4788 -1944 20978
 -4570 -1828 18762
Repetition End
1
 -2145 -3307 20292
 -4910 -2571 23279
 -3669 -3201 23511
 -4422 -3615 24358
 -3689 -4478 22594
 -1105 -4453 24379
 -4587 -4378 20425
 -1751 168 22914
 -2007 3117 27478
 -5665 -1497 24306
 -2748 -5455 24184
 -5437 -9152 24255
 -1247 -6037 21962
 524 -4363 25519
 -848 -4733 26558
