Repetition start
1.12189311097
1.12189311097
1.12189311097
1.19478346923
1.023481763
1.023481763
1.023481763
1.11850000524
1.11850000524
1.03181985802
1.03181985802
1.03181985802
1.03181985802
1.03181985802
1.15144795174
1.15144795174
1.07359497166
1.07359497166
1.04325023703
1.04325023703
1.04325023703
1.04325023703
1.04325023703
0.909975545569
0.909975545569
0.909975545569
0.879240084932
0.879240084932
0.923916427392
0.57555202181
0.57555202181
0.57555202181
Repetition end
1
0
0
Repetition start
0.982603973894
0.982603973894
0.982603973894
0.982603973894
0.88319389578
1.11368548767
1.11368548767
1.09022484888
1.09022484888
1.13415459187
1.00250347445
1.00250347445
1.00250347445
1.23301706738
1.01283035371
1.01283035371
1.08445602329
1.08445602329
1.08445602329
1.08445602329
0.926966301044
0.863329586126
0.863329586126
0.857488245122
0.857488245122
0.857488245122
0.742482751544
0.742482751544
0.742482751544
0.742482751544
0.657260995901
0.657260995901
Repetition end
1
0
0
Repetition start
0.980794869478
0.980794869478
0.980794869478
0.980794869478
0.980794869478
1.06803265759
1.06803265759
1.06803265759
1.09626453215
1.09626453215
1.09626453215
1.20486799229
1.20486799229
1.20486799229
1.13036930422
1.13036930422
1.13036930422
1.13036930422
1.13418235496
1.185419566
1.185419566
1.14094498633
1.14094498633
1.02889199953
1.02889199953
1.03457925658
1.03457925658
0.994800989081
0.838993693573
0.838993693573
0.687138909643
0.687138909643
Repetition end
1
0
0
Repetition start
0.989814795437
0.989814795437
0.989814795437
1.10533437991
1.10533437991
1.10533437991
1.10533437991
1.05797030154
1.05797030154
1.05797030154
1.05484216404
1.13037711486
1.13037711486
1.18958727389
1.18958727389
1.09667099485
1.09667099485
1.09667099485
1.03181239529
0.984886048129
1.01139604179
1.01139604179
0.927702190443
0.927702190443
0.927702190443
0.927702190443
0.927702190443
0.859252170975
0.859252170975
0.859252170975
0.755474061365
0.755474061365
Repetition end
1
0
0
Repetition start
0.932010980883
0.950562789287
1.16703578277
1.23876194544
1.23876194544
1.23876194544
1.23876194544
1.217153122
1.217153122
1.15024887824
1.0319763104
1.0319763104
1.0319763104
1.14782143956
1.14782143956
1.14782143956
1.14782143956
0.977467157957
0.977467157957
0.888796906531
0.850277565593
0.850277565593
0.850277565593
0.850277565593
0.875234881024
0.875234881024
0.875234881024
0.875234881024
0.875234881024
0.738996061299
0.738996061299
0.738996061299
Repetition end
1
0
0
Repetition start
0.752507166678
1.00067292609
1.00067292609
1.00067292609
1.00067292609
1.05073783565
1.05073783565
1.21411992861
1.2494191996
1.2494191996
1.16380475698
1.16380475698
1.16380475698
1.16380475698
1.25445944476
1.25445944476
1.19925177246
1.19925177246
1.02312988652
0.990932417952
0.990932417952
0.990932417952
1.04654788308
1.04654788308
1.04654788308
1.04654788308
1.04654788308
0.860404581261
0.948841767745
0.75549760436
0.75549760436
0.75549760436
Repetition end
1
0
0
Repetition start
0.922784263942
0.922784263942
0.922784263942
1.04237570493
1.04237570493
1.17298125186
1.17298125186
1.18607488403
1.18607488403
1.26162978795
1.26162978795
1.26162978795
1.26162978795
1.30490161658
1.30490161658
1.15314697946
1.14319238861
1.14319238861
1.06030072821
1.06030072821
0.877555287846
0.877555287846
0.910923740649
0.910923740649
0.906678248623
0.906678248623
0.917945396857
0.917945396857
0.917945396857
0.775132004009
0.775132004009
0.59906540964
Repetition end
1
0
0
Repetition start
0.89074598712
0.89074598712
1.02787063236
1.02787063236
1.14766148702
1.14766148702
1.12460745645
1.12460745645
1.12460745645
0.98964796629
0.98964796629
0.98964796629
0.98964796629
1.20369415476
1.20369415476
1.09217080314
1.09217080314
1.18429345357
1.06542379586
1.06542379586
1.06542379586
1.12460704736
1.01962553151
1.01962553151
1.01962553151
0.983701729245
0.983701729245
0.965702900244
0.965702900244
0.820430122753
0.743803939346
0.685890638667
Repetition end
1
0
0
