Repetition start
1.26978141227
1.33086922936
1.31096998795
1.38448107396
1.38448107396
1.48263367986
1.76810509113
1.67080513645
1.67080513645
1.76558913768
1.63836139902
1.48073827811
1.55101581933
1.62634814831
1.62634814831
1.68852057877
1.68852057877
1.66368136832
1.66368136832
1.570216998
1.570216998
1.49011231594
1.49011231594
1.5569063125
1.48199364228
1.48290773202
1.41809208783
1.2391830509
1.2391830509
1.28501692628
1.28932773578
1.17537193524
Repetition end
1
0
0
Repetition start
1.34094030617
1.39038204632
1.43595623226
1.47494043714
1.47854022254
1.45803333983
1.54654053
1.64713993235
1.62627352388
1.62627352388
1.61939522107
1.58781794819
1.6646677403
1.78900297766
1.78900297766
1.78900297766
1.74838267037
1.74838267037
1.61101157691
1.53874123435
1.63261792744
1.63261792744
1.63261792744
1.53084685775
1.53084685775
1.53084685775
1.52360670422
1.43702423733
1.43702423733
1.43702423733
1.33472589992
1.18684172423
Repetition end
1
0
0
Repetition start
1.30712436053
1.21823138732
1.21015258392
1.39705098135
1.39705098135
1.52042296191
1.51094188122
1.51094188122
1.59094592442
1.56752386677
1.56752386677
1.72387774513
1.72387774513
1.71820907534
1.62530014815
1.5774947976
1.55348629529
1.70437743241
1.70437743241
1.72780427789
1.72704288329
1.64024643958
1.58780335143
1.62412116467
1.62412116467
1.5589697272
1.5589697272
1.54605221059
1.54605221059
1.48518968988
1.48518968988
1.44399501447
Repetition end
1
0
0
Repetition start
1.409646189
1.39158519668
1.37540428357
1.48778217438
1.55127568014
1.55127568014
1.62911738255
1.62911738255
1.7803992647
1.64068893694
1.64068893694
1.64068893694
1.5795484275
1.5795484275
1.5795484275
1.53597309376
1.53597309376
1.63236608745
1.55430568866
1.75586393651
1.75586393651
1.6315498067
1.6315498067
1.66677590114
1.55099628144
1.61167151867
1.61167151867
1.58789952828
1.57069304467
1.4200488969
1.33312378962
1.31201920757
Repetition end
1
0
0
Repetition start
1.39560555903
1.34624353252
1.34624353252
1.26656287229
1.18310796412
1.25041437582
1.33981966881
1.33981966881
1.49972345987
1.4352034411
1.40932452488
1.50283530114
1.61906468129
1.6755975398
1.57192429575
1.53955615908
1.53955615908
1.61256271345
1.60897817974
1.60897817974
1.59705435414
1.62562973058
1.61933901852
1.65577529119
1.47097233794
1.43787105711
1.38736721646
1.47256698894
1.42658571645
1.38401460122
1.32319616681
1.26652557804
Repetition end
1
0
0
Repetition start
1.5019066956
1.5019066956
1.47219063408
1.47219063408
1.56037890828
1.66422628774
1.66422628774
1.71580209543
1.65026038181
1.67614183903
1.67614183903
1.60465229116
1.60625089147
1.60625089147
1.60625089147
1.6951900605
1.65834863202
1.60497550627
1.514018312
1.47891108114
1.54871813587
1.47452271188
1.47452271188
1.40106147994
1.40106147994
1.37527571699
1.43910204981
1.43910204981
1.40930945657
1.40930945657
1.31555658591
1.2353817088
Repetition end
1
0
0
Repetition start
1.41287595933
1.52332760097
1.52332760097
1.48295342737
1.48295342737
1.66506548326
1.66506548326
1.46946769538
1.46584836207
1.46584836207
1.63912568611
1.5854305305
1.55498227004
1.55498227004
1.55359399021
1.62834728379
1.5712487445
1.60224736387
1.69484713206
1.72838702505
1.72838702505
1.76954133197
1.64108963699
1.60590457106
1.60590457106
1.60367259838
1.54285366015
1.41201111543
1.41325492086
1.42687066276
1.30902870835
1.2303193698
Repetition end
1
0
0
Repetition start
1.20909563548
1.40848940057
1.32148114378
1.36953717229
1.36953717229
1.47833460099
1.66713284601
1.66713284601
1.54729369908
1.54729369908
1.51763289953
1.51763289953
1.52129512315
1.5245483982
1.61175133436
1.61836827175
1.64769418735
1.67803504967
1.69983962215
1.64588044925
1.64588044925
1.59186629396
1.59186629396
1.58884190877
1.43186848559
1.46900041074
1.46900041074
1.54703655507
1.37453395629
1.35179805495
1.22253807703
1.2587085414
Repetition end
1
0
0
Repetition start
1.29134179235
1.29134179235
1.42274109956
1.40774623162
1.40626456598
1.4701626229
1.44381638236
1.44381638236
1.51681127529
1.5823277796
1.5823277796
1.59046644651
1.59046644651
1.59420000179
1.55977514256
1.55977514256
1.53238571999
1.57315233117
1.62739732433
1.62132842537
1.62132842537
1.63655553951
1.48041580377
1.60603655453
1.60603655453
1.4739991359
1.41873424139
1.42673055452
1.37907086786
1.23822006441
1.37288553856
1.3375230507
Repetition end
1
0
0
Repetition start
1.35682514851
1.35682514851
1.35682514851
1.48740833194
1.57368307726
1.55068939307
1.55068939307
1.64800605393
1.62869377832
1.62160823655
1.53527878741
1.5598947227
1.63656419398
1.61298233778
1.61298233778
1.67217658901
1.67217658901
1.53477490277
1.48371204831
1.51723887605
1.47655213317
1.47655213317
1.52556387861
1.52556387861
1.47028414266
1.44968876196
1.44968876196
1.4540269178
1.4540269178
1.46536203625
1.46536203625
1.46536203625
Repetition end
1
0
0
