Repetition start
1.6029691764
1.6029691764
1.36079283059
1.36079283059
1.48481827316
1.50583496519
1.56314860829
1.50735507337
1.56418063616
1.56418063616
1.56418063616
1.52562780527
1.60519836752
1.59330349048
1.56967948496
1.75241872199
1.81035998634
1.62102860469
1.55702937165
1.55702937165
1.51514856602
1.44011493153
1.44011493153
1.45452350441
1.34687058311
1.34687058311
1.2897299498
1.25325566494
1.2429032408
1.2429032408
1.20344611317
1.20344611317
Repetition end
1
0
0
Repetition start
1.43451813148
1.42181394519
1.42181394519
1.42181394519
1.58862867247
1.58862867247
1.53860977456
1.53860977456
1.58199060411
1.58199060411
1.61450866532
1.61026121595
1.61026121595
1.61026121595
1.66197593593
1.66197593593
1.66041330143
1.74151286183
1.81846019842
1.81846019842
1.70802518466
1.70802518466
1.57383957028
1.4167870847
1.37247561106
1.36929964946
1.42036190456
1.42036190456
1.42036190456
1.33641155655
1.33641155655
1.23811424946
Repetition end
1
0
0
Repetition start
1.40177847911
1.47500006193
1.47500006193
1.44141927186
1.44141927186
1.54594230228
1.75043385633
1.56060699471
1.6779044568
1.61638100643
1.58533173652
1.58533173652
1.64711600256
1.64711600256
1.67148052557
1.78080647368
1.78080647368
1.69454762788
1.67031999494
1.67031999494
1.52828439055
1.52828439055
1.52828439055
1.52828439055
1.57022004899
1.41109625957
1.41109625957
1.2935771044
1.28114148878
1.18817330866
1.15001204306
1.16701032233
Repetition end
1
0
0
Repetition start
1.30347701985
1.60718514007
1.60718514007
1.54373939077
1.54373939077
1.54373939077
1.67540147675
1.78948346749
1.78948346749
1.78948346749
1.73324297785
1.73324297785
1.73324297785
1.76161618368
1.63253762929
1.60680507469
1.60680507469
1.64749075609
1.78640269289
1.75084935911
1.75084935911
1.72342726479
1.52420768832
1.52001023772
1.52001023772
1.54825705864
1.50655094178
1.50655094178
1.33804053977
1.33804053977
1.29473595701
1.29104410074
Repetition end
1
0
0
Repetition start
1.37430079249
1.51457088476
1.5444400979
1.518208909
1.58523996286
1.63079083122
1.63079083122
1.63470301514
1.63470301514
1.7106112524
1.64307747507
1.69570789692
1.71064699877
1.71064699877
1.65715046238
1.65715046238
1.61118306172
1.61118306172
1.52777154717
1.52777154717
1.51571640865
1.47096227994
1.37592456495
1.35953240333
1.37602877738
1.37602877738
1.16098232273
1.09086378962
1.09086378962
1.09114384954
1.31535914769
1.31535914769
Repetition end
1
0
0
Repetition start
1.40740271716
1.40740271716
1.4701680607
1.54980858873
1.52016753871
1.67085288904
1.80682469642
1.80682469642
1.60407341352
1.57132541195
1.57132541195
1.63496248935
1.73275463452
1.73275463452
1.77046442794
1.77046442794
1.70517633206
1.70517633206
1.6226306168
1.6226306168
1.6226306168
1.6226306168
1.55699686835
1.54375349321
1.4334553514
1.4334553514
1.42617855154
1.29956456724
1.29956456724
1.32276586145
1.15074823291
1.15074823291
Repetition end
1
0
0
Repetition start
1.35818069024
1.47903620803
1.47573318226
1.48811134735
1.48811134735
1.66250172701
1.66250172701
1.6771427417
1.61150861596
1.61150861596
1.62561630749
1.62561630749
1.62561630749
1.58197667299
1.60052652697
1.60052652697
1.78627208315
1.70509809415
1.70509809415
1.70509809415
1.66164264895
1.6109499528
1.57394008915
1.49298213477
1.52627943352
1.52627943352
1.48642423622
1.48642423622
1.44661649826
1.26914172432
1.26914172432
1.2310887682
Repetition end
1
0
0
Repetition start
1.33428944887
1.33428944887
1.50288719851
1.49841579087
1.69146843921
1.70015167627
1.70015167627
1.7746264814
1.7746264814
1.78237400856
1.66629606885
1.65281814389
1.61345029204
1.61345029204
1.67775317083
1.77929276299
1.75682423679
1.64804373576
1.52699784291
1.52699784291
1.52699784291
1.50826055165
1.50352176111
1.43333153055
1.42625486007
1.42625486007
1.42149715853
1.2354051797
1.2354051797
1.06806796422
1.06806796422
1.06806796422
Repetition end
1
0
0
Repetition start
1.36904260118
1.47744305533
1.50856021516
1.50856021516
1.68603601685
1.68603601685
1.65388646715
1.71384087567
1.69949302433
1.63960855537
1.63960855537
1.63960855537
1.64811698455
1.64811698455
1.58496003965
1.58496003965
1.68271022325
1.76192727198
1.76192727198
1.65842436493
1.58375298918
1.57090259136
1.44626460032
1.47723724702
1.43155140488
1.43155140488
1.37512654161
1.22145426261
1.12473678324
1.12473678324
1.12473678324
1.04572002909
Repetition end
1
0
0
Repetition start
1.53062545072
1.59806191231
1.59806191231
1.52125125661
1.63112048041
1.67270283948
1.64890808015
1.61629359676
1.61629359676
1.60392539705
1.60392539705
1.63739669707
1.63739669707
1.81276623131
1.81276623131
1.71743286665
1.71743286665
1.5268261086
1.54694555704
1.54694555704
1.54529195397
1.54529195397
1.4383926147
1.51692262753
1.51692262753
1.56321446058
1.56321446058
1.40396428978
1.31867096221
1.31867096221
1.18389187574
1.18389187574
Repetition end
1
0
0
