 1370 5888 12486
 1889 6148 12455
 1574 6367 12096
 1321 6184 11569
 2118 6495 11585
 2396 6402 11551
 2791 6173 11546
 1970 5698 11471
 2726 5310 11442
 3531 5636 11383
 3499 4861 11414
 3475 4519 11861
 3887 4713 11942
 3170 4713 11974
 3485 4851 11970
Motion detected after  30693  milliseconds. Logging...
7833 -1618 11049
 7381 -178 11477
 5451 -908 13181
 5625 -1289 13530
 6160 -1803 13098
 4440 -714 13322
 2387 -456 14862
 5042 -1532 13455
 2004 -138 14271
 3415 -597 13426
 5728 -803 12154
 4968 -486 12618
 7480 -702 11293
 -451 1106 21302
 6611 -514 14054
 3284 -1507 13555
 1445 -1216 14326
 2744 -1152 13065
 2203 -529 14134
 3359 -922 13960
 3346 -373 13622
 4085 -940 13853
 3632 -1098 13435
 4232 -628 12472
 3785 311 12536
 5854 -2710 12327
 3807 734 13873
 2230 1534 14293
 3031 -393 13632
 3195 -80 13449
Motion ended after  2264  milliseconds. Logging...
1
Motion detected after  1538  milliseconds. Logging...
2254 1652 13700
 2329 1075 12174
 3730 1035 13768
 2904 291 12293
 4577 1136 10114
 1023 2063 8672
 1882 3499 10467
 3506 -330 10484
 -3068 1428 10545
 2305 597 13465
 6863 3386 12823
 3532 6729 12920
 3842 4957 16398
 2222 6482 15173
 -2054 113 16138
 1299 2902 15660
 1585 2802 13266
 1141 2869 14086
 1731 2354 14068
 2080 3065 16619
 2229 1857 16705
 952 2517 15462
 2257 2244 14967
 541 1570 15059
 1925 793 13800
 139 1411 13873
 862 1527 13786
 1566 774 12468
 2047 2178 11401
 1688 2134 10046
 4574 2163 9502
 1931 1814 8920
 2465 2316 11184
 1412 2362 12463
 3075 2989 12865
 2984 3022 12702
 2992 2451 12740
 3384 2232 12216
 3324 2559 13261
 3244 2526 12276
 3021 2686 12736
 3578 2372 12270
 3771 3195 12625
 2461 2620 12196
 3248 2622 12374
 2927 2428 12200
 3057 2719 12302
Motion ended after  3544  milliseconds. Logging...
1
Motion detected after  794  milliseconds. Logging...
2853 4817 15797
 2441 1708 16265
 2354 1126 16343
 3077 531 13583
 3715 1314 15091
 3339 2169 14226
 2523 914 14908
 4004 1890 17983
 2498 14 16059
 4024 1893 13947
 3358 -1251 14431
 4216 -970 13985
 4073 -1559 13567
 1499 356 12926
 3335 -99 12186
 2766 1008 13069
 3998 783 12057
 3466 1651 11907
 3408 1008 9661
 3655 2340 9830
 5204 1578 10588
 2318 2034 11946
 4027 2355 12329
 4001 2172 13271
 3372 2708 12627
 2732 2326 12425
 3507 2348 12689
 2254 2073 12905
 2716 1894 12698
 3060 2309 12446
 3147 2794 12797
 3276 2507 12830
 3038 2335 12696
 3665 2089 12834
 2827 2495 12445
 2935 2442 11991
 2854 2701 12721
 3215 2582 12062
 2818 2073 10798
 1886 2261 9536
Motion ended after  3018  milliseconds. Logging...
1
Motion detected after  774  milliseconds. Logging...
1388 883 15578
 1999 1446 14109
 2574 2729 15567
 3251 2278 14099
 4734 150 16130
 2481 -63 16073
 2375 -77 14070
 4595 2207 15221
 2896 -72 16155
 3257 -1101 13061
 4309 -635 13653
 2673 750 12752
 3507 1243 12141
 3303 1361 10981
 2287 2622 9504
 4625 2446 8417
 2647 3289 10240
 2716 1999 11045
 1981 3625 12671
 1768 1766 11268
 2767 2952 12870
 2786 2588 11852
 2742 2597 12583
 2100 2363 12638
Motion ended after  1767  milliseconds. Logging...
1
Motion detected after  774  milliseconds. Logging...
2229 3821 13330
 2903 3275 14308
 2312 4231 16987
 3138 3359 15016
 2014 5243 15433
 2623 3525 14497
 3073 4008 15434
 3098 1908 13624
 2647 1021 15049
 811 1886 16112
 936 1930 15175
 1590 1011 14333
 416 3935 14704
 29 3771 12437
 4887 2442 11812
 2206 2491 13349
 2952 1812 10858
 2420 2810 13051
 1982 3411 10840
 1565 3879 10717
 5005 3102 8719
 3653 2618 9616
 2101 3657 12062
 3080 4023 12580
Motion ended after  1767  milliseconds. Logging...
1
Motion detected after  794  milliseconds. Logging...
-2548 4218 11944
 6096 3082 11253
 2419 4952 10911
 1295 4738 13669
 1355 3029 13431
 3048 243 13918
 921 4732 14566
 2635 1879 15158
 1567 1717 14491
 3198 1266 13986
 3129 309 13723
 -235 -212 14007
 3402 -1586 17969
 3451 34 16834
 1948 3321 14894
 1656 1505 13891
 3239 2217 12305
 2944 1052 12229
 1747 2474 12322
 4001 480 11263
 1991 2585 13323
 3414 3364 12307
 3561 2990 10794
Motion ended after  1747  milliseconds. Logging...
1
Motion detected after  1181  milliseconds. Logging...
2200 5264 11529
 2264 1176 10204
 4051 3299 11789
 2484 3955 11293
 2334 5181 14388
 835 2613 16078
 2618 589 13212
 3022 2229 14795
 3603 1250 15526
 2607 3127 15994
 1377 1820 14884
 3470 859 17001
 2740 1294 15133
 4037 1813 14873
 4633 1109 13722
 1646 1053 13017
 4041 1997 12914
 2017 2163 10903
 4195 3588 11205
 3338 3163 11407
 1913 3460 10603
 393 3890 9600
 1045 3368 10471
 1745 4281 11063
 5025 3250 10392
 1462 4331 10090
 4367 3432 11923
 4724 4396 11249
 1586 4947 12001
 661 4862 12063
 1943 4449 12432
 2676 4779 11960
 2329 3800 11706
 2630 4038 10579
 2087 4185 8808
Motion ended after  2631  milliseconds. Logging...
1
Motion detected after  784  milliseconds. Logging...
1602 5530 14456
 1372 3112 14338
 1204 2637 15920
 1766 3091 16998
 604 4028 14405
 1270 3943 14801
 3681 3007 13074
 3394 3552 11936
 2531 2481 11976
 3376 3214 12711
 1012 2686 11583
 2406 3471 10919
 2440 3806 11881
 3316 4641 9372
 854 4254 8791
 3786 4165 8379
 2623 5067 9309
 3435 5831 11081
 4429 5611 11004
 3714 5019 10720
 3710 5275 11097
 3449 4705 10972
 3739 5200 11268
Motion ended after  1757  milliseconds. Logging...
1