Repetition start
1.90179443359
1.69317626953
1.84313964844
1.70556640625
1.8310546875
1.82897949219
2.15466308594
2.28155517578
2.15209960938
2.09906005859
2.00146484375
2.15173339844
2.27185058594
2.15924072266
2.14373779297
1.84222412109
1.87969970703
1.81719970703
1.70733642578
1.66430664062
Repetition end
1
Repetition start
1.89147949219
1.67828369141
1.69226074219
1.91204833984
2.05676269531
2.07580566406
2.12579345703
2.28942871094
2.16314697266
2.02923583984
2.33026123047
2.17297363281
2.14685058594
2.1025390625
2.10479736328
2.23712158203
1.91027832031
1.94219970703
1.74554443359
1.56665039062
Repetition end
1
Repetition start
1.54779052734
1.82061767578
1.61248779297
1.89050292969
2.07934570312
1.91058349609
2.09619140625
2.15551757812
1.99945068359
2.13366699219
1.99865722656
2.04241943359
2.09747314453
2.05413818359
1.94934082031
1.94879150391
1.90893554688
1.88983154297
1.47387695312
1.47613525391
Repetition end
1
Repetition start
1.64013671875
1.72790527344
1.68438720703
1.67388916016
2.07000732422
1.97613525391
2.259765625
1.9228515625
1.93579101562
2.07281494141
2.15661621094
2.18634033203
2.00805664062
1.94763183594
2.05871582031
1.95794677734
2.12231445312
2.04254150391
1.75549316406
1.73620605469
Repetition end
1
Repetition start
1.62030029297
1.76977539062
1.70098876953
1.83154296875
1.71423339844
2.06811523438
1.93090820312
2.08489990234
2.09765625
2.20977783203
2.14086914062
2.11499023438
2.02972412109
2.17687988281
1.96630859375
1.97351074219
1.89593505859
1.78002929688
1.78204345703
1.63616943359
Repetition end
1
Repetition start
1.78399658203
1.83465576172
1.62725830078
1.95520019531
1.89300537109
2.09906005859
2.0673828125
2.07489013672
2.07489013672
1.98870849609
2.04925537109
2.00134277344
1.99035644531
1.85577392578
1.94494628906
1.77917480469
1.85601806641
1.79229736328
1.67047119141
1.51080322266
Repetition end
1
Repetition start
1.79638671875
1.83770751953
2.09130859375
2.09130859375
1.82037353516
2.19067382812
2.05944824219
2.10412597656
2.28234863281
1.89672851562
2.20867919922
2.10382080078
2.10382080078
2.18090820312
1.89178466797
1.85864257812
1.92248535156
1.88311767578
1.90441894531
1.83288574219
Repetition end
1
Repetition start
1.67047119141
1.73089599609
1.80389404297
2.17388916016
2.20092773438
2.56011962891
1.86883544922
1.94421386719
2.18225097656
2.16906738281
2.18786621094
1.98413085938
2.04797363281
2.02746582031
1.88269042969
1.93402099609
1.93402099609
1.93334960938
1.6298828125
1.98645019531
Repetition end
1
Repetition start
1.75012207031
1.99322509766
2.26000976562
2.04699707031
2.19116210938
2.15545654297
1.92230224609
2.10992431641
2.36083984375
2.05102539062
2.08068847656
1.99884033203
1.95330810547
1.69598388672
1.78759765625
1.71447753906
1.71447753906
1.71447753906
1.79370117188
1.74377441406
Repetition end
1
Repetition start
1.90240478516
1.90240478516
1.84020996094
1.71362304688
2.09967041016
2.36999511719
2.3076171875
2.06579589844
1.78674316406
2.26568603516
2.04345703125
2.04345703125
2.29089355469
2.09606933594
2.01849365234
1.95257568359
1.95916748047
1.94793701172
2.10559082031
1.91076660156
Repetition end
1
