2600 10372 -3236
 2718 10483 -3059
 2661 10451 -3145
 2918 10296 -3034
 2771 10284 -3335
 2302 10342 -3278
 3360 10364 -3010
 2695 10440 -2877
 2404 10416 -2624
 2988 10547 -2539
 2415 10845 -2351
 2052 10870 -2146
 1601 10760 -1454
 2224 11000 -1388
 2207 11040 -1212
 1993 11149 -1181
 1694 11209 -1174
 1594 11227 -1271
 1564 11079 -1051
 1670 11133 -1250
 1661 11174 -1349
 1759 11168 -1458
 1584 11153 -1523
 1809 11565 -1247
 2167 11180 -1411
 1668 12475 32
 987 11890 2365
 -306 11105 3963
 -654 10075 4821
 -717 11043 6526
 -46 10743 6455
 -542 10695 6724
 -969 10913 6726
 -962 10849 6409
 -969 10805 6502
 -803 10806 6662
 -530 11181 6729
 47 10994 5158
 480 10880 3489
 928 10706 1514
 1411 11192 237
 1931 11201 -1831
 2001 11061 -2367
 2268 11025 -3044
 2343 10724 -3443
 2439 10677 -3533
 2585 10696 -3227
 2353 10678 -3148
 2320 10824 -2915
 2031 10698 -2757
 2048 10791 -2728
 1837 10788 -2716
 1883 10849 -2869
 1676 10874 -3072
 1334 11069 -2880
 1184 11090 -2907
 914 11321 -2340
 839 11512 -2282
 1219 10843 -1684
 1162 11047 -2482
 1258 10997 -1896
 604 11418 -2131
 857 11302 -1847
 861 11359 -1853
 1320 11196 -1716
 356 10807 -460
 1085 11051 -976
 791 11808 -1394
 -800 11981 -804
 -1504 13146 -631
 -1370 11378 -300
 -1580 12276 -435
 -2230 11547 107
 -2942 11636 -511
 -3038 11988 -894
 -1193 9805 -1138
 1491 10584 -1781
 2343 11039 -1028
 3989 10901 -1575
 4434 10503 -2523
 4226 8985 -1713
 4811 9530 -2544
 5412 9357 -2285
 6526 8209 -2414
 6516 8009 -2461
 6519 9432 -1734
 3443 10033 -971
 771 11233 -1896
 1716 11165 -773
 -469 12021 -114
 -1389 12159 402
 -1711 11732 1137
 -1116 11763 693
 -2837 12242 499
 -2267 11674 -343
 -1014 12543 -955
 -805 11910 -875
 1593 10041 -1417
 5006 10275 -2210
 4024 10459 -1712
 4915 8651 -1286
 3350 11051 -3671
 2946 10218 -1733
 1452 11093 -1545
 460 11182 -1326
 891 11983 -871
 745 11230 -945
 623 11392 -828
 856 11269 -514
 882 11151 -1241
 825 11491 -983
 1303 11413 -1211
 1087 11264 -2118
 1206 11071 -2773
 1552 10816 -3085
 1337 10481 -3720
 1337 10642 -4507
 1642 10769 -4746
 1647 10448 -4621
 1836 10348 -4655
 2016 10282 -4819
 1709 10435 -4970
 1803 10437 -4877
 2171 10259 -4577
 2318 10198 -4623
 2256 10048 -4563
 2268 10258 -4529
 2157 10325 -4468
 2024 10461 -4125
 1998 10419 -3945
 1800 10523 -3872
 1955 10609 -3745
 1935 10526 -3642
 1769 10587 -3827
 1932 10543 -4251
 1764 10461 -4197
 1938 10440 -4339
 1845 10463 -4166
 1779 10611 -4093
 1747 10531 -4134
 1788 10563 -4058
 1957 10674 -3885
 1952 10543 -3722
 1812 10602 -3383
 1756 10771 -3611
 1539 10787 -3594
 829 11104 -3334
 18 10930 -3356
 -147 11448 -3262
 -209 11710 -3044
 -197 11402 -3333
 -207 11131 -3262
 312 11292 -3552
 1020 11018 -3559
 1389 10702 -3937
 1922 10593 -4207
 2223 10546 -4018
 2196 10458 -4357
 1887 10411 -4552
 1568 10610 -4366
 1068 10747 -4207
 647 10924 -4019
 432 10999 -3941
 519 11071 -3689
 537 11072 -3783
 611 10963 -3604
 898 11005 -3643
 1047 10972 -3595
 1158 10895 -3455
 1172 10983 -3534
 1112 10928 -3424
 1128 10902 -3408
 1149 10968 -3364
 1123 10960 -3213
 1061 11072 -3087
 940 11177 -3087
 994 11157 -2962
 1035 11054 -3060
 1012 11124 -3113
 931 11032 -3234
 942 11002 -3177
 995 11011 -3198
 1044 11122 -3289
 963 10999 -3299
 1050 11069 -3176
 1027 11058 -3171
 1007 11048 -3194
 990 11050 -3272
 1023 10981 -3186
 942 11053 -3457
 1037 10999 -3042
 999 11092 -3203
 1146 10997 -3282
 1079 10998 -3356
 1145 10898 -3279
 1032 10997 -3116
 970 11139 -3276
 1058 11029 -2902
 1132 11181 -2700
 1023 11133 -2723
 1052 11107 -2591
 1043 11151 -2631
 1109 11201 -2519
 1144 11268 -2403
 1067 11247 -2334
 1021 11181 -2354
 1059 11237 -2291
 1108 11218 -2285
 1114 11202 -2376
 1102 11174 -2382
 1238 11168 -2328
 1027 11176 -2606
 1095 11147 -2601
 1048 11117 -2663
 1178 11168 -2708
 1101 11059 -2833
 1095 11156 -2958
 1151 11031 -2739
 1173 11129 -2967
 1034 11046 -2898
 1086 11156 -2868
 1144 11042 -2939
 1067 11112 -2957
 1087 11037 -2963
 1103 11090 -2897
 1087 11147 -2764
 1153 11134 -2739
 1226 11080 -2557
 1093 11142 -2551
 1066 11183 -2462
 1053 11154 -2472
 989 11177 -2476
 1018 10991 -2409
 1006 11167 -2392
 1005 11292 -2321
 998 11235 -2179
 1042 11185 -2143
 1144 11173 -2554
 1178 10983 -1942
 1005 11314 -2099
 1295 11272 -2110
 1160 11151 -2389
 1286 11211 -2323
 1234 11061 -2348
 1234 11127 -2542
 1297 11111 -2344
 1251 11164 -2661
 1125 11111 -2527
 1066 11140 -2526
 1143 11183 -2419
 1139 11190 -2516
 1144 11111 -2397
 1180 11146 -2448
 1173 11130 -2436
 1361 11158 -2303
 1225 11251 -2282
 1062 11341 -2393
 1098 11232 -2205
 1123 11071 -1977
 1189 11224 -2256
 984 11207 -2049
 1109 11113 -2004
 1047 11321 -2157
 1137 11240 -2032
 1072 11357 -2288
 902 11029 -2703
 1278 10841 -2841
 870 10470 -3272
 1220 10833 -3602
 1223 10606 -4208
 904 10948 -4520
 987 10710 -4356
 787 10690 -4857
 761 11259 -3655
 924 10764 -5660
 843 10577 -4638
 699 10974 -4802
 1027 10559 -4137
 1256 10964 -3761
 33 11379 -2997
 675 11204 -3090
 986 10927 -2439
 1045 11271 -2747
 338 11472 -2624
 754 11172 -2502
 1133 11098 -2523
 1095 11244 -2414
 1097 11125 -2527
 987 11086 -2703
 1009 11145 -2753
 1100 11226 -2677
 1061 11112 -2510
 1115 11163 -2803
 1167 11117 -2621
 1153 11181 -2474
 1097 11138 -2521
 1040 11143 -2441
 1103 11162 -2255
 1110 11264 -2449
 1057 11185 -2180
 1059 11228 -2139
 1047 11240 -2179
 1022 11255 -2168
 1059 11330 -2111
 1136 11354 -2135
 1067 11170 -2000
 1172 11303 -1987
 1109 11334 -2112
 1070 11188 -2129
 1106 11226 -2130
 1106 11192 -2197
 1017 11123 -2449
 1107 11208 -2388
 1158 11228 -2346
 1104 11147 -2445
 1098 11152 -2555
 1133 11134 -2503
 1120 11104 -2518
 1059 11148 -2464
 1177 11184 -2561
 1147 11160 -2457
 1135 11106 -2401
 1146 11117 -2469
 1123 11184 -2398
 1129 11045 -2317
 1145 11285 -2667
 1114 11120 -2243
 1155 11174 -2304
 1125 11189 -2323
 1125 11166 -2220
 1133 11155 -2006
 1119 11329 -2200
 1089 11153 -1934
 1198 11352 -2052
 1116 11207 -1924
 1122 11261 -2051
 1157 11133 -2034
 1169 11208 -1904
 1214 11240 -2175
 1197 11166 -1932
 1184 11293 -2100
 1140 11152 -2118
 1213 11224 -2080
 1295 11256 -2185
 1117 11150 -2153
 1172 11252 -2501
 1095 11147 -2351
 1165 11154 -2272
 1152 11170 -2347
 1102 11208 -2371
 1061 11196 -2539
 1146 11058 -2312
 1239 11226 -2325
 1122 11119 -2396
 1166 11196 -2306
 1167 11175 -2205
 1186 11127 -2187
 1138 11160 -2308
 1100 11162 -2109
 1157 11285 -2059
 1103 11244 -2118
 1088 11268 -2043
 1166 11211 -2007
 1139 11300 -1836
 1117 11282 -1958
 1044 11221 -2015
 1054 11296 -2028
 1061 11268 -2073
 1077 11244 -1926
 1011 11199 -2244
 1176 11241 -2045
 1184 11259 -2056
 1184 11304 -2378
 1158 10916 -2324
 1170 10957 -2780
 827 11136 -2967
 1430 11049 -3613
 1106 10711 -3264
 1579 10729 -2590
 936 10898 -3317
 881 10970 -3366
 765 10921 -3438
 1991 10772 -3714
 950 11045 -3399
 1391 10874 -3278
 1170 11065 -3535
 1038 10891 -3367
 951 10934 -3248
 1109 10809 -3053
 1239 11094 -3181
 518 11194 -3237
 1105 11058 -3309
 732 11244 -3162
 1133 11134 -2828
 1103 10988 -2526
 319 11357 -2467
 792 11134 -2701
 -564 11852 -2221
 682 11205 -2939
 1774 10825 -2986
 -622 11491 -1970
 -605 11676 -1930
 -1642 12230 -1505
 1324 10842 -2255
 -986 12000 -1379
 -614 11769 -1230
 695 11105 -3012
 -1974 12311 -615
 1629 10921 -3439
 -872 11775 -3295
 431 11239 -2970
 -366 11483 -3355
 105 11174 -3707
 823 11271 -3633
 650 11196 -3180
 974 11176 -3258
 596 11270 -3166
 459 11061 -2989
 695 11283 -3513
 -297 11515 -3418
 770 10742 -2778
 -712 11512 -3177
 133 11286 -4578
 521 11261 -4567
 473 10900 -3772
 922 10878 -3990
 1605 10822 -4224
 522 11034 -4268
 820 11149 -3596
 -343 11062 -4808
 764 11139 -4440
 13 11651 -4013
 649 11079 -2620
 1113 10577 -2314
 -1967 12139 -5276
 1283 9338 -7002
 -737 9614 -6349
 -721 10008 -6798
 -116 9169 -7074
 -1051 10343 -7351
 -740 12665 -10606
 -504 9967 -6265
 18 9102 -5397
 -903 9415 -6015
 -512 9783 -7306
 1054 10903 -5594
 -248 10531 -5661
 -2279 10342 -4118
 -820 10656 -4122
 -356 11348 -3098
 -432 11613 -2582
 -1171 10864 -2053
 -63 11756 -1584
 119 11876 -2513
 422 12182 -2386
 971 10608 -2394
 668 11385 -2941
 -527 9146 -1074
 578 12129 -361
 694 11371 -2237
 1943 12132 -1276
 920 7435 -71
 1876 10703 -2487
 4294 9592 -1717
 3251 8887 -1220
 3395 9462 -4812
 1755 10657 -4259
 1459 10195 -2919
 3247 10647 -3647
 2235 10346 -3662
 1877 10181 -3364
 3763 10342 -3874
 1912 10982 -3970
 3094 10843 -2948
 1882 11077 -4293
 265 11591 -5632
 -273 13106 -4241
 -644 7983 -2708
 -1541 11276 -2807
 -1797 11448 -2567
 -2026 11767 -2187
 -1039 11796 -1715
 -1598 12579 -2904
 88 12055 -2806
 239 11018 -2877
 -323 11606 -2778
 -426 11510 -2478
 691 11244 -2790
 527 11264 -2368
 -93 11515 -2849
 176 11482 -2543
 49 11317 -2788
 -227 11430 -2555
 23 11425 -2137
 72 11559 -2598
 115 11486 -2092
 143 11418 -2236
 -61 11542 -2351
 -91 11916 -3469
 -302 11199 -3162
 -196 11146 -3058
 -60 11403 -2853
 -141 11440 -2660
 -15 11386 -2504
 63 11586 -2503
 -40 11079 -2703
 -162 11278 -2446
 -417 11652 -2740
 -151 11162 -2487
 -319 11522 -2764
 -116 11701 -2398
 -109 11399 -2547
 -360 11484 -2624
 2 11589 -2494
 -157 11567 -2298
 392 11417 -2136
 32 11527 -2086
 153 11434 -1797
 47 11658 -2323
 -276 11721 -2236
 542 11670 -1889
 331 11422 -2061
 833 11169 -2408
 -165 12325 -2124
 391 11833 -643
 976 11939 -68
 1858 10178 1439
 1097 9685 3551
 -1312 9950 4753
 -2169 9085 8249
 -2675 8251 10878
 -3575 8133 11982
 -8503 5439 16917
 1709 3956 15547
 645 1888 15487
 2002 1521 14108
 17233 -8348 21999
 2425 -5122 14550
 3747 -3237 14042
 6082 -692 14088
 6867 2630 14671
 5019 496 14104
 4073 -2181 13158
 2564 -3051 13316
 -1507 -8415 19881
 -284 -1577 15946
 -3564 -1916 16008
 -8189 -761 14462
 11244 -11218 21144
 -180 -2295 18354
 1232 145 16657
 2714 -355 14790
 6206 -779 12486
 -2586 1134 19616
 4084 -53 16192
 -904 171 16293
 1183 -820 15721
 1441 -725 16043
 1329 -157 15445
 1950 235 15836
 -766 505 16446
 -510 424 16311
 20 382 15931
 793 841 14168
 -390 540 12835
 -27 801 10654
 -3083 740 12951
Repetition Start
 4313 2834 15670
 -2388 1718 17397
 -507 3170 18670
 -385 4255 20952
 -2636 37 20696
 150 1427 19613
 -169 425 19369
 -1481 -270 19175
 -605 -295 18566
 1102 -569 16046
 -1410 -1358 13433
 -1294 -721 13736
 -1150 -62 14336
 -97 1448 12479
Repetition End
1
 -241 683 14844
 -117 -280 15590
 496 -206 14593
 -200 897 13460
 -1059 975 12020
 69 8 13843
Repetition Start
 -194 1770 15758
 1266 1663 16724
 -280 2952 16538
 617 934 18816
 495 1020 20138
 89 1048 21132
 611 1169 20523
 484 502 20175
 17 -1494 17390
 1360 -1624 16612
 -172 -669 15973
 -1052 -341 15162
 -722 -66 13681
 -927 1974 12754
 292 1273 12943
Repetition End
1
 167 700 14834
 -345 1534 14241
 727 1813 12003
 -973 1226 12185
 -68 1335 11916
Repetition Start
 936 1954 16249
 1251 3717 18117
 -1107 2413 17644
 -1663 2787 18968
 452 1718 17900
 230 2441 19239
 -229 2247 18059
 -422 939 19224
 498 57 18641
 -481 285 18204
 -157 574 16513
 -1221 -21 14879
 588 860 14655
 -868 601 12998
 1883 1911 10874
 639 1393 13632
 441 1349 14266
Repetition End
1
 481 1731 12591
 -48 1823 12461
 909 970 12894
 -1771 -453 15266
Repetition Start
 -57 428 17058
 -2491 1195 17770
 -429 246 18964
 983 890 18669
 -1794 1631 19157
 -39 -211 19337
 -519 -201 20052
 814 -198 18754
 40 -973 17952
 1076 -2066 17685
 -1806 -1161 16634
 222 -484 13744
 51 545 13259
 -350 1316 13109
 453 1353 13725
Repetition End
1
 -172 1673 15290
 558 1074 14574
 100 1327 12035
 -1058 212 12116
Repetition Start
 107 1029 14465
 1606 2018 16844
 393 3535 18476
 2630 1365 18361
 1239 2213 19318
 -1041 219 19338
 325 1905 18627
 -33 1818 17839
 -311 -195 19915
 -573 -1564 18881
 1412 -1835 18080
 -71 271 16286
 1442 -776 14985
 221 394 14833
 -1369 1584 13603
 -451 2632 12210
 155 1914 13467
Repetition End
1
 961 1482 14901
 838 900 15104
 877 1110 14670
 403 1697 12792
 581 1365 11381
 -1618 1403 13572
Repetition Start
 -695 1362 17924
 -1234 2047 17379
 5472 -741 19540
 2378 2018 19288
 -728 454 18147
 1025 823 18025
 1619 1238 18767
 610 1515 19727
 726 927 18806
 -1125 -952 17655
 -1090 -703 16824
 -53 -788 14312
 -1293 -270 13520
 1232 855 12645
 1766 1207 13517
Repetition End
1
 -2671 3958 11733
 -121 1225 16556
 472 442 13894
 312 2146 13004
 1158 2137 11832
 -2983 1383 14536
Repetition Start
 -813 448 16635
 50 1117 17516
 -1441 1811 18482
 -531 239 18081
 132 1126 18495
 -340 1420 19410
 -11 948 20473
 308 840 18900
 -159 174 17662
 -171 303 16024
 1196 1030 16740
 47 -30 13658
 -1223 1093 14610
 -106 1660 13928
 -1843 1395 12442
Repetition End
1
 6 678 15532
 481 1666 13190
 -183 1711 12325
 -1399 1741 12325
 -1531 1896 15307
 -499 683 16581
Repetition Start
 -177 -221 18860
 123 -1163 19202
 1769 -1038 19129
 -1022 598 20097
 -432 609 20613
 -1624 24 20192
 -729 253 19091
 -835 -1946 17869
 540 -2261 18324
 -1671 451 16575
 -1706 96 15056
 -1600 167 13734
 -781 1036 12127
 695 389 12614
Repetition End
1
 783 1306 14800
 293 423 15243
 -493 239 12924
 -1370 1535 11976
 -772 1327 13409
 -1355 1440 15783
Repetition Start
 224 -447 17336
 -582 692 18934
 -501 448 18955
 158 -426 18124
 -1308 -417 19672
 763 659 19687
 -310 329 19772
 -194 -945 18285
 -109 -807 17072
 -216 -1246 17081
 -555 -516 16634
 -1009 -296 17172
 -779 162 16316
 91 1195 12944
 134 448 11617
 -760 205 14965
Repetition End
1
 -394 772 17209
 1036 318 16360
 2115 -225 16558
 -854 -1026 15930
 -2657 -2631 17060
 -770 -614 16679
 669 2602 15237
 1476 1817 17707
 -214 1778 17863
 -3158 1114 16599
 1126 -2645 19849
 856 -3230 19795
 1171 -2080 16919
 8807 1350 12472
 5592 5711 8058
 -1173 10228 12139
 1983 6199 11309
 95 7233 12224
 1708 6538 10935
