Repetition start
1.24416514931
1.2549690499
1.19149885287
1.23272102492
1.18485212944
1.08746825876
1.19039993468
1.09546884796
1.06243168036
1.11739287956
1.10202979092
1.13830204613
1.11443239394
1.11460943466
1.26373380925
1.36754867415
1.56840758529
1.52763253114
1.29402926766
1.30641458606
1.35380059225
1.35380059225
1.49624131449
1.36651184008
1.30499083882
1.20989114716
1.1361102691
1.16502022388
1.17611214744
1.12808182916
1.01711074471
1.07792166506
Repetition end
1
0
0
Repetition start
1.06271000848
1.08001569116
1.08001569116
1.15028231067
1.30785087309
1.30785087309
1.30785087309
1.30785087309
1.20264542298
1.38381481214
1.38381481214
1.23751726259
1.23751726259
1.23751726259
1.23751726259
1.38073332507
1.30643896363
1.30643896363
1.46487781358
1.4247185313
1.41694698354
1.41694698354
1.41694698354
1.29289152312
1.30592812156
1.30592812156
1.17020782453
1.17020782453
1.17020782453
1.11619364274
1.07126776153
1.08329504966
Repetition end
1
0
0
Repetition start
1.10991238285
1.06313053523
1.04140205797
1.07071984329
1.15946628624
1.14317168444
1.26896337573
1.26896337573
1.28124665341
1.47293575124
1.42855414953
1.25984413435
1.25984413435
1.25984413435
1.25984413435
1.34656339092
1.41865670248
1.34331354133
1.46030977349
1.32177996204
1.32177996204
1.26253734229
1.27327647976
1.1877880202
1.1877880202
1.15674981868
1.12312781001
1.20081978887
1.20081978887
1.10350012473
1.10350012473
1.05850467448
Repetition end
1
0
0
Repetition start
1.08471878879
1.08471878879
1.02463836324
1.02463836324
1.1798699882
1.1798699882
1.22152763293
1.45456094575
1.45456094575
1.14770021906
1.14770021906
1.3989954267
1.46329529619
1.31781264943
1.31781264943
1.23005646656
1.28005192439
1.28005192439
1.33321907829
1.36744764578
1.28719212927
1.32991537843
1.34031324947
1.1968452453
1.1968452453
1.1968452453
1.1591985664
1.09143269322
1.09843020118
1.08147689239
1.08147689239
1.04443866217
Repetition end
1
0
0
Repetition start
1.17753321794
1.05411774469
1.1178283204
1.1178283204
1.11473318586
1.06473181515
1.34785141845
1.32375534636
1.29461114127
1.16952056561
1.27824508586
1.47626254401
1.26535022072
1.26535022072
1.23741710155
1.26140659415
1.33231700422
1.32178496185
1.37825371483
1.27508166428
1.27508166428
1.29237375947
1.23265594128
1.15006474444
1.15006474444
1.26163129681
1.26163129681
1.1885925227
1.18138996492
1.18138996492
1.01391809703
0.913003313947
Repetition end
1
0
0
Repetition start
1.10982775012
1.04523589149
1.0550427033
1.07721752696
1.20927384752
1.16160936418
1.07931968073
1.35022278632
1.35022278632
1.31311494465
1.24025556591
1.32145418374
1.32145418374
1.42348432511
1.34042249142
1.32571426131
1.32170687919
1.30443561572
1.44077499518
1.29627688817
1.24003866409
1.19984380605
1.25346281999
1.27671387071
1.21537639679
1.21537639679
1.20268971756
1.15670529468
1.04231444205
1.11173857164
1.11173857164
1.20027853147
Repetition end
1
0
0
Repetition start
1.01160480712
1.01160480712
0.980527446707
1.00837140702
1.1260463597
1.11837752358
1.28766102901
1.34500567685
1.34500567685
1.30445977753
1.31386479451
1.34444407486
1.34444407486
1.37508485543
1.39409827609
1.37171267264
1.39340150575
1.33533308651
1.29582242448
1.29582242448
1.30246101783
1.22435427629
1.1875858668
1.18346214507
1.16436387807
1.23745871852
1.23745871852
1.14922961503
1.14922961503
1.26626084391
1.26626084391
1.07416174651
Repetition end
1
0
0
Repetition start
1.17497447048
1.17497447048
1.20011046896
1.20011046896
1.3703008095
1.42844831852
1.42844831852
1.37098194275
1.37098194275
1.37098194275
1.37098194275
1.33950748061
1.28416756309
1.27231333119
1.27231333119
1.27231333119
1.33735329913
1.39592137759
1.36293944471
1.36293944471
1.40367266055
1.3332748006
1.25734747856
1.29656280213
1.11762785403
1.11762785403
1.13790342368
1.13790342368
1.13790342368
1.26027218001
1.00756584151
1.02548606247
Repetition end
1
0
0
Repetition start
1.02652623281
1.02652623281
1.13100336407
1.14577174906
1.21131664155
1.21131664155
1.12229919423
1.25614798627
1.25614798627
1.25614798627
1.47494269387
1.48963955349
1.48963955349
1.31164899127
1.31164899127
1.43191410825
1.43191410825
1.35082503414
1.35082503414
1.3513969433
1.3513969433
1.3337277435
1.30060092289
1.30060092289
1.23422961345
1.26646900733
1.26646900733
1.26646900733
1.2560798665
1.2578703248
1.12753095474
1.11890494443
Repetition end
1
0
0
Repetition start
1.12897045949
1.13881431526
1.24463733627
1.28576314649
1.34207606985
1.34207606985
1.43745154061
1.35858949076
1.35685445192
1.26835688047
1.26835688047
1.32753069848
1.32753069848
1.21218520151
1.21218520151
1.21218520151
1.22886857025
1.22886857025
1.22886857025
1.29176075478
1.3628066051
1.24777621855
1.24777621855
1.24164980821
1.23274659082
1.23274659082
1.19274713385
1.19274713385
1.19274713385
1.20179206065
1.12890920837
1.12890920837
Repetition end
1
0
0
