Repetition start
1.13311767578
0.887084960938
0.948852539062
0.940368652344
1.58984375
1.22497558594
1.45166015625
1.53192138672
1.61584472656
1.67199707031
1.435546875
1.353515625
1.32354736328
1.21673583984
1.28643798828
1.13500976562
1.22290039062
1.38238525391
1.33032226562
1.36315917969
Repetition end
1
Repetition start
1.48937988281
1.37335205078
1.33465576172
1.09222412109
1.20129394531
1.23864746094
1.29583740234
1.74114990234
1.53082275391
1.59197998047
1.59197998047
1.51501464844
1.57946777344
1.39147949219
1.46887207031
1.39318847656
1.37353515625
1.25018310547
1.26226806641
1.20220947266
Repetition end
1
Repetition start
1.07238769531
1.32061767578
1.11584472656
1.21331787109
1.50256347656
1.80126953125
1.34252929688
1.28265380859
1.29321289062
1.25054931641
1.36926269531
1.40173339844
1.51092529297
1.40887451172
1.40124511719
1.19683837891
1.27307128906
1.41241455078
1.30035400391
1.11975097656
Repetition end
1
Repetition start
1.30065917969
1.35186767578
1.34295654297
1.17517089844
1.10125732422
1.12921142578
1.00482177734
1.27685546875
1.42065429688
1.39093017578
1.36047363281
1.48937988281
1.46063232422
1.36950683594
1.3173828125
1.33251953125
1.29217529297
1.19927978516
1.25372314453
1.03802490234
Repetition end
1
Repetition start
1.17242431641
1.20172119141
1.17175292969
1.23590087891
1.34448242188
1.52685546875
1.80548095703
1.57489013672
1.69958496094
1.43615722656
1.44067382812
1.44378662109
1.39025878906
1.40686035156
1.43829345703
1.43597412109
1.31579589844
1.22906494141
1.17486572266
1.15972900391
Repetition end
1
Repetition start
1.40631103516
1.33587646484
1.13299560547
0.898742675781
1.33599853516
1.16064453125
1.1806640625
1.0966796875
1.39263916016
1.53314208984
1.39770507812
1.2958984375
1.34313964844
1.22387695312
1.30249023438
1.380859375
1.22705078125
1.17193603516
1.16192626953
1.13977050781
Repetition end
1
Repetition start
1.28302001953
1.21984863281
1.39916992188
1.39617919922
1.72436523438
1.29797363281
1.25213623047
1.26177978516
1.51440429688
1.38250732422
1.32501220703
1.36926269531
1.30072021484
1.20642089844
1.56280517578
1.30767822266
1.31384277344
1.31530761719
1.24340820312
1.21234130859
Repetition end
1
Repetition start
1.37469482422
1.20513916016
1.35955810547
1.32623291016
1.46575927734
1.28601074219
1.33325195312
1.34136962891
1.42443847656
1.48883056641
1.52044677734
1.37719726562
1.26348876953
1.24603271484
1.29998779297
1.42224121094
1.39868164062
1.30523681641
1.37396240234
1.42150878906
Repetition end
1
Repetition start
1.35400390625
2.02233886719
1.65173339844
1.71295166016
1.60833740234
1.37896728516
1.625
1.60211181641
1.56518554688
1.53070068359
1.56652832031
1.53088378906
1.36077880859
1.53179931641
1.39752197266
1.35821533203
1.47418212891
1.30889892578
1.25952148438
1.28845214844
Repetition end
1
Repetition start
1.30316162109
1.57904052734
1.60791015625
1.48699951172
1.66259765625
1.61798095703
1.52349853516
1.38775634766
1.33337402344
1.50317382812
1.52923583984
1.46624755859
1.30426025391
1.34442138672
1.30932617188
1.33459472656
1.41766357422
1.32043457031
1.31646728516
1.3701171875
Repetition end
1
