2478 14980 -4594
 5710 16042 -4260
 4226 13021 -3157
 5408 13566 -3820
 6747 12969 -3854
 6532 12959 -3866
 6885 12845 -4104
 6852 12793 -4346
 6767 12843 -4760
 6723 12880 -4836
 6801 12955 -4936
 6870 12926 -4921
 6719 13000 -4842
 6905 13011 -4684
 7168 13003 -4286
 7202 12945 -3928
 7308 13222 -3945
 7030 13376 -3523
 7234 13179 -3052
 7068 12772 -1586
 7028 13158 233
 5551 11350 1269
 4768 10973 3603
 1908 9623 6418
 -1194 6819 9875
 -705 7150 12819
 -904 4726 13832
 -389 1041 15178
 -1634 -383 16547
 -945 -1960 17831
 -711 -3651 16934
 -856 -4864 16980
 1070 -6100 15926
 2393 -6081 16504
 4537 -3809 16270
 3187 -1958 18345
 3025 -6759 20229
 2230 -2112 17137
 5023 -1160 14713
 5718 -881 13570
 9231 -2937 15000
 5444 -6060 15039
 4404 -3455 16265
 4900 -3044 16120
 5126 52 15667
 6627 -731 15258
 6972 -456 14847
 6960 -187 14559
 7352 162 14925
 6646 -411 15449
 6230 -1052 15235
 5932 -1520 15165
 6228 -1410 14893
 6162 -1394 15054
 6422 -1068 14811
 6253 -985 15209
 6319 -1089 14982
 5908 -928 15212
 6409 -869 14953
 6460 -871 15186
 5926 -774 14928
 6097 -658 15019
 6062 -870 14904
 6209 -567 14522
 6672 -132 15144
 6615 -596 14856
 6069 -306 14794
 6164 -20 14683
 6262 -173 14834
 6525 -425 14789
 6624 -225 14975
 6770 -278 15138
 6320 -433 14628
 6004 -149 14648
 6709 -108 14696
 6929 -181 14980
 6264 207 14834
 6719 6 14432
 6543 -162 15131
 5982 -778 14448
 6977 781 13843
 8378 829 13555
 7668 604 14716
 5983 282 15052
 6017 308 14975
 6417 702 14222
 5162 -180 15575
 6463 -335 14831
 6030 431 15043
 5310 570 15582
 9393 763 12167
 5928 1402 14368
 -8626 -3004 23853
 2521 -692 15783
 2591 4250 16845
 -2228 2858 16920
 -5167 2968 14168
 12360 -4881 19858
 -1738 4584 17193
 2745 -825 15176
 1759 973 17725
 3728 1675 17756
 4253 1123 14606
 4911 245 14874
 7464 59 12986
 3077 1376 16071
 4276 2103 16057
 3966 1791 15913
 3735 1644 15876
 2882 1414 15629
 2951 1263 16104
 2764 2036 15684
 3335 2010 15928
 3258 2321 15820
 3242 2448 15321
 3100 2322 15608
 3251 2298 15555
 3286 2276 15318
 3444 2331 15309
 3455 2276 15578
 3565 1813 15801
 3618 2617 15185
 3918 2511 15530
 3316 2521 15521
 3140 2427 15567
 3565 2260 15381
 3712 2026 15594
 3949 2311 15627
 4216 1609 15163
 4674 1553 16349
 3813 2840 15163
 237 1420 15960
 -3502 5914 13453
 9799 -1953 22441
 -1758 5506 17290
 2998 2846 14704
 1396 1507 17463
 2635 769 16789
 5644 1984 14315
 3157 2738 15017
 7773 2609 12909
 8211 3186 13112
 -1029 152 18803
 5873 2829 15182
 3746 2297 15702
 3310 2916 15157
 3952 2345 15625
 3485 2933 15419
 2682 3080 15230
 3227 2810 15667
 3696 2888 15500
 3132 3500 15051
 3599 2801 14860
 3203 3506 15976
 3193 2844 15445
 2189 3150 15228
 2549 3394 15678
 2842 3498 15448
 2108 3165 15556
 3742 3313 15109
 3864 3800 14398
 3749 3406 15245
 4740 3290 15169
 5831 3245 16058
 3779 3812 13620
 1094 3971 12921
 895 2760 16182
 -231 5023 14903
 6114 2040 18024
 2183 4598 16563
 3712 3785 14996
 2928 3048 14831
 4354 3285 15244
 3907 3922 15019
 3669 4545 15199
 3741 4216 14991
 3292 3878 15265
 3524 4449 15071
 3468 4194 15081
 3634 3689 14748
 3326 4017 14989
 3739 4345 14590
 3433 4665 13357
Repetition Start
 5336 4117 9112
 2343 4031 8160
 2375 4579 8592
 2480 3724 9203
 945 4051 14085
 3395 6256 16397
 -721 6831 16289
 -2797 5116 17751
 -1411 6661 21706
 3498 3646 18287
 4615 2635 16534
 240 6349 15248
 1407 5568 18124
 2419 4712 19343
 1960 6157 19277
 2058 3985 17477
 1594 4094 16488
 1894 4840 15696
 2220 4582 14883
 4771 4768 13763
 3287 3070 13578
 3311 4491 13275
 2671 5174 10751
 5295 4165 10576
 3297 5289 10053
 5746 4844 12059
 3418 4394 13984
 3031 5532 13771
Repetition End
1
 2713 5130 14749
 3769 4734 14880
 3422 4257 13559
Repetition Start
 2514 5299 14932
 4251 5495 14656
 3619 5444 13871
 4108 5078 13315
 3717 5358 12792
 3006 5821 9068
 2491 3733 9211
 3805 5825 10052
 2799 5362 12133
 2922 5399 12900
 2236 4828 14167
 7148 6447 16899
 5096 5230 17524
 2996 7444 18087
 -410 6493 18998
 2830 7771 15482
 1744 5354 19558
 3595 6151 16337
 2696 5919 16126
 3870 4620 17049
 3327 4123 17178
 3360 4896 16566
 4374 5830 15674
 4369 3733 14696
 4289 4290 15487
 4301 3798 14727
 4366 4870 13268
 4061 4967 11455
 3395 5241 12045
 1164 6322 12211
 4461 4797 11724
Repetition End
1
 3845 5258 12153
 3844 4599 13293
 3324 4720 14759
 2672 4844 14091
 3088 5272 12496
 3809 4949 10542
 3034 4597 9170
 3793 4066 9559
Repetition Start
 2639 4566 10365
 2640 5035 13962
 -37 3338 14981
 2764 1965 15150
 2797 264 17188
 2951 4219 17448
 4823 6254 18435
 1793 1004 19199
 2668 895 17452
 2178 1692 17318
 1440 1074 17975
 1429 2904 18101
 1714 2887 18365
 3638 3156 17961
 2247 2990 17846
 3080 2416 17462
 2199 2384 17032
 2202 2745 15722
 1561 2712 15336
 3444 2272 15142
 3109 4033 15999
 2020 4093 15192
 787 4572 12987
Repetition End
1
 2093 4779 12387
 4027 5137 9820
 4598 5784 12012
 3936 5098 12953
 2800 5228 12925
Repetition Start
 2100 5809 13401
 3905 4683 13561
 3959 4668 13376
 3327 4053 11874
 2249 5314 8287
 3266 5029 9748
 1995 6043 10463
 -2600 6646 12417
 1466 4738 15558
 4285 2009 15488
 104 2267 18457
 3805 1450 15665
 3653 2715 16908
 -160 4222 18727
 2163 3711 17360
 1441 3598 17251
 1792 4388 18222
 2278 3380 16874
 2018 3985 17928
 2688 2150 18893
 3063 2779 17983
 2878 2204 17356
 2702 1687 17195
 3874 2464 15670
 4044 2717 15071
 4344 3098 13729
 2941 3977 12731
 3385 4585 12571
 1991 4813 10203
Repetition End
1
 4564 5805 9897
 5548 5352 11666
 3180 4899 12611
 3623 5916 13415
 3951 5250 12984
Repetition Start
 2842 5109 11258
 4215 6029 9445
 3597 4994 10607
 2305 6606 11338
 3034 5237 12342
 -662 6876 15814
 137 3114 16466
 5756 1146 18114
 5672 2916 20993
 2516 2674 21417
 4906 2615 18282
 3934 3178 20734
 3299 3013 17218
 2860 3023 17721
 2705 3489 17708
 2232 4466 17525
 3437 3353 16865
 2794 3423 16561
 2667 3302 16430
 2956 3958 16919
 4135 2119 16796
 4113 3230 15630
 5139 3103 15323
 3923 4754 14850
 3837 4541 13180
 2084 6717 11336
 523 7020 11706
 699 6217 12085
Repetition End
1
 2619 6472 11742
 3963 5267 13441
 4378 6206 13276
 4044 6189 13544
 4095 6160 13359
Repetition Start
 3788 5278 13975
 4207 5560 12120
 3079 5544 9940
 2428 5196 7101
 7276 4537 10317
 3807 6361 12535
 -2132 5866 13884
 3856 2250 15783
 2774 417 15825
 2253 445 18072
 305 145 18894
 526 -138 17580
 2662 3383 16772
 2718 3272 20207
 1325 1627 18849
 3676 3430 18597
 3271 3066 18782
 1887 2510 18503
 1112 2436 17684
 2640 1599 16585
 2718 2757 16531
 2738 1436 15878
 2044 3403 15893
 3143 3220 16261
 1197 4331 14576
 2922 4007 12272
 3501 4631 10905
 2425 5749 10500
 3334 6200 11461
Repetition End
1
 1971 5446 14440
 4077 5721 14175
 3528 6346 13506
 2956 5338 14573
 3000 5187 13140
 2271 6143 11747
 1594 5111 8681
Repetition Start
 4725 5603 10693
 3829 4254 11903
 6075 3860 12989
 1415 5531 15929
 5886 5249 17117
 -1372 4059 18579
 895 1608 18012
 3130 1819 18049
 345 3196 17132
 2492 3527 18793
 1755 2837 18059
 1310 886 17351
 1993 1552 18164
 3018 1842 19631
 1795 2881 18245
 2885 2706 16843
 2372 2572 17162
 2702 2080 16529
 1753 2489 15524
 2884 2544 15501
 5966 2986 16653
 2095 5188 14142
 3274 5202 13050
 4170 5085 12295
 4935 4767 11585
 3785 5718 10869
 3415 5161 11287
Repetition End
1
 3691 5930 13917
 2242 5784 13354
 3586 6257 13864
 3011 5294 13388
 3769 5448 10772
 3953 5799 9048
 2986 5067 9244
 2322 6863 10289
Repetition Start
 3957 5862 12704
 -802 5507 15040
 3805 2829 15641
 4559 1071 16099
 6091 -1201 19125
 100 2029 18941
 774 1356 19714
 1512 4902 15563
 1389 4090 17859
 3242 2098 19053
 2847 3238 18826
 2919 2195 18255
 2037 3250 17277
 449 2930 17322
 1623 2257 16535
 2744 2742 15813
 4083 4601 14618
 3587 4893 13648
 3812 5381 13723
 4004 4695 12686
 4664 5511 12336
 7003 5306 10981
Repetition End
1
 3351 7479 10223
 3387 7148 10507
 2868 6219 11793
 3291 5667 12722
 3272 6031 12959
 4500 5919 11162
 4150 5633 10891
 3510 5055 10315
 2513 5469 9110
Repetition Start
 3990 4527 13667
 7407 4745 13733
 4870 5235 18502
 6825 8197 18112
 3699 5197 18166
 2130 7293 18642
 3404 5499 17448
 2094 6038 14461
 4671 5354 16599
 2957 5209 17556
 3460 5787 17002
 3067 4915 17662
 4434 4218 16427
 3246 5328 17092
 3585 5250 16247
 2025 5365 14905
 4023 6425 14649
 3748 4435 14714
 3919 5690 12644
 3919 6743 13491
 3256 6029 12160
 3248 6151 11237
 4036 7368 9706
 4412 6566 11017
Repetition End
1
 2033 6388 13038
 2568 7168 14230
 3940 7276 13138
 3228 7011 12931
 4124 6411 11895
 4221 7094 10804
 3073 5480 8372
Repetition Start
 4425 3296 10702
 3852 5257 12242
 4941 6132 14798
 4927 6097 15320
 4530 4463 15370
 6123 5280 15837
 3612 4921 17976
 2924 4468 18374
 3425 3124 18412
 3354 3452 15931
 2099 4285 16797
 1924 3493 16429
 3237 3856 17535
 3155 2360 19540
 2934 2723 18366
 2353 2254 16762
 2339 3435 16253
 2284 3466 15702
 2327 3198 16341
 2332 5208 15687
 3862 3302 14470
 2812 4899 13858
 3954 4048 13802
 3150 5920 13378
Repetition End
1
 2144 5566 11613
 1448 4906 11452
 2148 4195 12941
 2557 4637 13910
 3965 4484 14326
 4174 5302 15133
Repetition Start
 4257 4998 15420
 2495 4322 15270
 1621 2943 14720
 1230 3691 15364
 3038 4383 14471
 3632 3806 14641
 3144 5592 15194
 2166 5196 15552
 2382 4056 15455
 2252 3375 16331
 423 330 14347
 -29 2358 14277
 4370 6057 14183
 4416 6292 12172
 4273 7939 15805
 2152 4744 14553
 3469 7821 15679
 2305 5476 15314
 5186 2618 16230
 554 227 14805
 4847 1366 14399
 3863 2678 16359
 5441 4402 16238
 3379 4151 15012
