Repetition start
1.05474853516
1.43304443359
1.43304443359
1.537109375
1.97674560547
1.72229003906
1.82025146484
1.63598632812
1.76080322266
1.77551269531
1.58184814453
1.55426025391
1.55426025391
1.572265625
1.36846923828
1.39440917969
1.18988037109
1.38238525391
1.33032226562
1.19006347656
Repetition end
1
Repetition start
1.11700439453
1.11700439453
1.14318847656
1.16412353516
1.55743408203
1.64593505859
1.60913085938
1.77453613281
1.80139160156
1.80139160156
1.61590576172
1.61590576172
1.72491455078
1.50164794922
1.61962890625
1.54113769531
1.49536132812
1.48248291016
1.32232666016
1.37237548828
Repetition end
1
Repetition start
1.17462158203
1.53466796875
1.44793701172
1.58721923828
1.41876220703
1.39916992188
1.63726806641
1.76428222656
1.72265625
1.66070556641
1.64996337891
1.61364746094
1.7275390625
1.49609375
1.56262207031
1.26281738281
1.21160888672
1.43011474609
1.16455078125
1.12121582031
Repetition end
1
Repetition start
1.18658447266
1.65081787109
1.72796630859
1.5703125
1.55706787109
1.65460205078
1.70971679688
1.60205078125
1.73400878906
1.89501953125
1.64019775391
1.67547607422
1.45263671875
1.48297119141
1.51287841797
1.455078125
1.34387207031
1.37622070312
1.07775878906
0.996459960938
Repetition end
1
Repetition start
1.43298339844
1.33312988281
1.27075195312
1.74200439453
1.48114013672
1.42053222656
1.79156494141
1.79156494141
1.51892089844
1.68518066406
1.60571289062
1.5166015625
1.47033691406
1.41339111328
1.61578369141
1.52081298828
1.31530761719
1.31530761719
1.27502441406
1.38061523438
Repetition end
1
Repetition start
1.27813720703
1.32830810547
1.37493896484
1.34484863281
1.67834472656
1.82690429688
1.42840576172
1.65728759766
1.64727783203
1.64373779297
1.59619140625
1.59619140625
1.53240966797
1.48852539062
1.5205078125
1.44567871094
1.42022705078
1.45031738281
1.41772460938
1.3955078125
Repetition end
1
Repetition start
1.40423583984
1.27239990234
1.40673828125
1.58258056641
1.47424316406
1.43884277344
1.94812011719
1.62377929688
1.50830078125
1.48675537109
1.5751953125
1.60858154297
1.65893554688
1.37622070312
1.42065429688
1.44415283203
1.43286132812
1.46734619141
1.46734619141
1.37084960938
Repetition end
1
Repetition start
1.400390625
1.54266357422
1.54266357422
1.98193359375
1.74279785156
1.64147949219
1.92590332031
1.72674560547
1.79473876953
1.75598144531
1.69439697266
1.69439697266
1.67364501953
1.30230712891
1.30230712891
1.54205322266
1.55303955078
1.45343017578
1.42401123047
1.29290771484
Repetition end
1
Repetition start
1.46813964844
1.17193603516
1.40283203125
1.59631347656
1.59631347656
1.70239257812
1.70458984375
1.61865234375
1.77899169922
1.69567871094
1.69567871094
1.55310058594
1.65270996094
1.53820800781
1.52514648438
1.52453613281
1.43151855469
1.39215087891
1.47290039062
1.45556640625
Repetition end
1
Repetition start
1.49206542969
1.45196533203
1.52069091797
1.54138183594
1.67047119141
1.64831542969
1.67254638672
1.73236083984
1.72314453125
1.72314453125
1.55426025391
1.44268798828
1.55493164062
1.60095214844
1.42712402344
1.33203125
1.50817871094
1.43725585938
1.408203125
1.26403808594
Repetition end
1
