Repetition start
1.14265420285
1.13044288852
1.12610836697
1.09420205379
1.06454776203
1.02882630017
0.912450987826
1.09393824592
1.00599939983
1.25718749997
1.17661876569
1.21680824862
1.22196561607
1.23290570853
1.28114359984
1.22005144959
1.3653771349
1.3827672792
1.27580250782
1.32262978829
1.17835084713
1.28289102942
1.30996280765
1.19236363888
1.15289178037
1.20230412966
1.06666882744
1.11938384377
1.04793926309
0.968140764324
0.864019449414
0.916552097799
Repetition end
1
0
0
Repetition start
1.12027379199
1.27769050354
1.27769050354
1.30088340942
1.30088340942
1.3823200847
1.3823200847
1.36373506196
1.36373506196
1.32899924844
1.32899924844
1.32899924844
1.32899924844
1.37114137583
1.42809037207
1.42809037207
1.42809037207
1.27109915821
1.22628995577
1.21564862215
1.20057846236
1.20057846236
1.13457092742
1.13457092742
1.13457092742
1.13457092742
1.13457092742
1.11199623533
1.06641159825
1.06641159825
1.01386359686
1.01386359686
Repetition end
1
0
0
Repetition start
1.0276582784
1.01517206693
1.03096390679
1.02311782722
1.25131386164
1.25131386164
1.25131386164
1.16332829927
1.16332829927
1.17338204119
1.17338204119
1.18592765041
1.35752363578
1.27817336681
1.27817336681
1.27817336681
1.30481697342
1.2356386914
1.37369228892
1.37369228892
1.3774987364
1.3774987364
1.2667801451
1.2667801451
1.26368887151
1.26368887151
1.26343341623
1.26343341623
1.26343341623
1.17985825534
1.16363275679
1.1030153913
Repetition end
1
0
0
Repetition start
1.03113076395
1.03113076395
0.977541465261
1.06769122094
1.06769122094
1.13907529283
1.26829053406
1.14716638234
1.14716638234
1.34482041685
1.34482041685
1.39647599465
1.30645336925
1.28914818479
1.28914818479
1.45415988726
1.40826505559
1.40826505559
1.3202646814
1.28344809286
1.28344809286
1.25029567857
1.25029567857
1.21116425176
1.21116425176
1.21116425176
1.14754983436
1.08290106623
0.978006022731
1.01213160306
1.01213160306
1.01213160306
Repetition end
1
0
0
Repetition start
0.928939688877
0.928939688877
1.13181046366
1.15288272635
1.15288272635
1.15288272635
1.27983038021
1.27225510432
1.20794645198
1.20794645198
1.31660626587
1.31660626587
1.40762021147
1.3107906149
1.3107906149
1.3107906149
1.37523478568
1.37523478568
1.37233184005
1.37233184005
1.39952372476
1.39952372476
1.39952372476
1.27345449343
1.35475670281
1.35475670281
1.24473001033
1.24473001033
1.20369994836
1.21579875544
1.21579875544
1.10854411407
Repetition end
1
0
0
Repetition start
1.05778278981
1.05778278981
1.05778278981
0.981301355005
0.953815339183
1.26311213435
1.21547881543
1.31907775098
1.31907775098
1.31002861754
1.31002861754
1.35046849737
1.35046849737
1.35046849737
1.36887246661
1.36887246661
1.37283757027
1.42590443066
1.40015486671
1.40015486671
1.51900643133
1.3662455311
1.3279480101
1.2644037032
1.2644037032
1.15600538727
1.19186386013
1.18527324416
1.18527324416
1.1834487842
1.06890936404
1.01808451355
Repetition end
1
0
0
Repetition start
0.941063998758
0.962029888712
1.15473991773
1.15473991773
1.17860852565
1.20558931739
1.21344428241
1.28551136346
1.40995503018
1.40995503018
1.37085874695
1.37085874695
1.30853188354
1.40647122709
1.40647122709
1.47832585809
1.47832585809
1.47832585809
1.30414252549
1.31193795545
1.31193795545
1.29736686623
1.29736686623
1.29736686623
1.23020474766
1.20021982377
1.20021982377
1.16155307983
1.16933737022
1.04122941397
1.04122941397
1.20657260601
Repetition end
1
0
0
Repetition start
0.987195023013
1.11443744485
1.18188505561
1.18188505561
1.2461930911
1.24565740198
1.24565740198
1.24565740198
1.27050183388
1.35905723585
1.35905723585
1.40028104526
1.40028104526
1.3502526772
1.47585340407
1.3569338024
1.38995107919
1.38995107919
1.38995107919
1.38995107919
1.35257877471
1.29087069732
1.19935041196
1.2588504794
1.10927615095
1.10927615095
1.21341095542
1.09001182641
1.09001182641
1.11734515525
1.11734515525
0.932912578039
Repetition end
1
0
0
Repetition start
0.997427315086
0.997427315086
1.18078071737
1.14539809811
1.14539809811
1.16605958904
1.36398062214
1.36398062214
1.34026513549
1.47064805656
1.3789156773
1.3789156773
1.36405842061
1.36405842061
1.40384983831
1.34093548474
1.4162167334
1.4162167334
1.30289200626
1.30289200626
1.31232404949
1.21277011051
1.27851719575
1.27851719575
1.24474433552
1.24474433552
1.12309810687
1.11481369856
1.11481369856
1.19910441857
0.994031594748
1.02010766357
Repetition end
1
0
0
