Repetition start
1.26153564453
1.09240722656
1.2314453125
1.10284423828
1.18585205078
1.068359375
1.00964355469
1.22247314453
1.44274902344
1.51556396484
1.60223388672
1.60375976562
1.50708007812
1.42877197266
1.31304931641
1.39135742188
1.26666259766
1.59545898438
1.2470703125
1.23620605469
Repetition end
1
Repetition start
1.1640625
1.16284179688
1.00671386719
1.57391357422
1.45336914062
1.37298583984
1.29962158203
1.31304931641
1.470703125
1.30487060547
1.48449707031
1.44641113281
1.52307128906
1.36926269531
1.13171386719
1.21221923828
1.31274414062
1.39605712891
1.28149414062
1.30969238281
Repetition end
1
Repetition start
1.46466064453
1.25537109375
1.22521972656
0.981018066406
1.13781738281
1.28643798828
1.46691894531
1.68145751953
1.37164306641
1.53491210938
1.1162109375
1.37823486328
1.30615234375
1.52020263672
1.21398925781
1.32275390625
1.38269042969
1.37854003906
1.19683837891
1.23883056641
Repetition end
1
Repetition start
1.05285644531
1.05737304688
1.29699707031
1.12353515625
1.337890625
1.29205322266
1.45355224609
1.28356933594
1.34796142578
1.23052978516
1.33453369141
1.38616943359
1.48284912109
1.43865966797
1.2734375
1.44891357422
1.22735595703
1.39306640625
1.27386474609
1.11401367188
Repetition end
1
Repetition start
1.32415771484
1.15850830078
1.17071533203
1.11254882812
1.20483398438
1.34722900391
1.43719482422
1.45141601562
1.54217529297
1.42028808594
1.43157958984
1.49200439453
1.44677734375
1.62286376953
1.53228759766
1.23175048828
1.36047363281
1.244140625
1.22021484375
1.32366943359
Repetition end
1
Repetition start
1.46624755859
1.40771484375
1.31304931641
1.12030029297
1.05841064453
1.04248046875
1.52740478516
1.70452880859
1.66040039062
1.5498046875
1.52307128906
1.56170654297
1.61047363281
1.52490234375
1.34246826172
1.40856933594
1.37188720703
1.32165527344
1.50286865234
1.27380371094
Repetition end
1
Repetition start
1.34783935547
1.16229248047
1.08648681641
1.20660400391
1.25744628906
1.31176757812
1.41442871094
1.46002197266
1.37939453125
1.6435546875
1.35723876953
1.38977050781
1.44476318359
1.4375
1.28741455078
1.34350585938
1.4228515625
1.32055664062
1.33514404297
1.38317871094
Repetition end
1
Repetition start
1.31201171875
1.08581542969
1.17449951172
1.32269287109
1.37579345703
1.55090332031
1.72674560547
1.47137451172
1.47045898438
1.40222167969
1.60424804688
1.48596191406
1.41412353516
1.46411132812
1.43481445312
1.32196044922
1.181640625
1.25048828125
1.34710693359
1.43933105469
Repetition end
1
Repetition start
1.34930419922
1.27191162109
1.18109130859
1.14892578125
1.10858154297
1.44165039062
1.49310302734
1.62640380859
1.51824951172
1.47265625
1.27331542969
1.46624755859
1.48919677734
1.49713134766
1.24377441406
1.33551025391
1.43304443359
1.46875
1.24005126953
1.34930419922
Repetition end
1
Repetition start
1.36645507812
1.12689208984
1.04949951172
1.47668457031
1.55230712891
1.48175048828
1.44030761719
1.68127441406
1.42224121094
1.46319580078
1.39526367188
1.51116943359
1.57153320312
1.55737304688
1.54718017578
1.30426025391
1.49584960938
1.36370849609
1.40533447266
1.35382080078
Repetition end
1
