Repetition start
1.21594645907
1.21594645907
1.21594645907
1.48823575453
1.4598554975
1.4598554975
1.56623087113
1.45976459752
1.79812439522
1.60755322639
1.65472289301
1.59882190031
1.59882190031
1.66342422508
1.76504185212
1.70972279863
1.70972279863
1.70972279863
1.63297197599
1.46865013727
1.4686933542
1.37706536451
1.37706536451
1.37706536451
1.37327776279
1.28376558684
1.28376558684
1.17500389896
1.08036489456
1.08036489456
1.26564137866
1.26564137866
Repetition end
1
0
0
Repetition start
1.53803666051
1.53803666051
1.53803666051
1.30174264806
1.56423860858
1.66703419222
1.66273249501
1.66273249501
1.66273249501
1.66867598296
1.59631003321
1.59631003321
1.6429819774
1.6429819774
1.6429819774
1.68515448572
1.68515448572
1.68515448572
1.75336785645
1.68007675141
1.68007675141
1.68007675141
1.57260703177
1.50862736623
1.50862736623
1.47335971276
1.4382874066
1.4382874066
1.4382874066
1.25011432542
1.25011432542
1.25011432542
Repetition end
1
0
0
Repetition start
1.16924520261
1.20820469744
1.25293201408
1.44610075977
1.31265247118
1.31265247118
1.37357712135
1.54203847655
1.59331878387
1.63317151321
1.63317151321
1.60601482015
1.61609878958
1.61609878958
1.58766215488
1.58766215488
1.58766215488
1.68802238918
1.68802238918
1.67704575854
1.67704575854
1.64162518236
1.50661890441
1.48607466162
1.41951922699
1.41279057208
1.41279057208
1.41279057208
1.25768517952
1.25768517952
1.23277059842
1.02704218692
Repetition end
1
0
0
Repetition start
1.42417459106
1.42417459106
1.42417459106
1.42417459106
1.35783134158
1.35783134158
1.47465851178
1.47465851178
1.57555837639
1.53422134629
1.63165482749
1.57581420537
1.57581420537
1.57581420537
1.57581420537
1.67059671475
1.63465894672
1.66179184733
1.66179184733
1.66179184733
1.68846589058
1.63199233145
1.56574316093
1.56574316093
1.47271297609
1.47271297609
1.44470152829
1.33063129232
1.33063129232
1.33063129232
1.21403004236
1.21403004236
Repetition end
1
0
0
Repetition start
0.991142152175
1.24423112196
1.24423112196
1.24423112196
1.37347346065
1.50932698213
1.50932698213
1.51169813867
1.55809708739
1.65264609121
1.63485473016
1.54742586317
1.62266496212
1.62266496212
1.62266496212
1.77815360807
1.77815360807
1.68155912762
1.68155912762
1.57434409757
1.57434409757
1.50513640785
1.48520014064
1.37909776719
1.37909776719
1.39371302988
1.39371302988
1.26991896798
1.21143870441
1.07470126499
1.07470126499
1.07470126499
Repetition end
1
0
0
Repetition start
1.29634292155
1.29634292155
1.29634292155
1.31789763948
1.36927197951
1.56698188883
1.65588074518
1.65588074518
1.69020018405
1.67076116184
1.67076116184
1.67076116184
1.62127674977
1.57401607169
1.6301184633
1.6301184633
1.6301184633
1.7525355754
1.7525355754
1.65026305795
1.65026305795
1.5485013735
1.54626838995
1.54626838995
1.51609573846
1.39591002491
1.37673807967
1.2103679148
1.2103679148
1.2103679148
1.17756130914
1.17756130914
Repetition end
1
0
0
Repetition start
1.37986850394
1.37986850394
1.35874065857
1.35874065857
1.35874065857
1.28206287307
1.28206287307
1.23918485314
1.23918485314
1.31132044183
1.51697638449
1.57105664751
1.57105664751
1.57105664751
1.57105664751
1.62162910836
1.62162910836
1.62162910836
1.55330706298
1.62209852057
1.68312475239
1.68312475239
1.68312475239
1.58471177329
1.58471177329
1.49809990432
1.49809990432
1.45687485308
1.4792169913
1.4792169913
1.41158258999
1.41158258999
Repetition end
1
0
0
Repetition start
1.11565599973
1.11565599973
1.11565599973
1.1704006505
1.1704006505
1.28613432158
1.28613432158
1.41150652811
1.41150652811
1.4268295693
1.57482204875
1.52650452385
1.60652844988
1.49330602162
1.49330602162
1.49330602162
1.50236897113
1.6445001862
1.6445001862
1.6445001862
1.69967484875
1.62381781391
1.52232393868
1.52232393868
1.52232393868
1.44634707899
1.39965900825
1.42793661399
1.41465334114
1.24607770335
1.24607770335
1.22513143007
Repetition end
1
0
0
Repetition start
1.2131901385
1.2131901385
1.2131901385
1.28378978946
1.28378978946
1.25091571943
1.42658068179
1.42658068179
1.42658068179
1.51008766979
1.61010856484
1.49703703866
1.66253950715
1.66253950715
1.66253950715
1.63885940847
1.60844892528
1.64667190896
1.57032594746
1.57032594746
1.57032594746
1.57032594746
1.43445847441
1.4011961364
1.41782258859
1.4513834559
1.3782345119
1.34630558359
1.34630558359
1.25880858567
1.17922116846
1.14222649763
Repetition end
1
0
0
Repetition start
1.30365319999
1.34470198698
1.41864845048
1.54169482142
1.54169482142
1.54505530527
1.57976024835
1.62370262602
1.61875623137
1.53905789258
1.53905789258
1.56020771442
1.56020771442
1.56020771442
1.56020771442
1.65326442049
1.65326442049
1.66251004698
1.66251004698
1.60641704059
1.60641704059
1.60419765214
1.60419765214
1.54999802795
1.54999802795
1.50517888656
1.40503932177
1.38315761699
1.38315761699
1.46484297434
1.36871384841
1.23181088986
Repetition end
1
0
0
