503 2484 15727
 539 3163 15475
 2439 3110 16202
 188 2790 15579
 1799 2503 15855
 1694 2265 15878
 1783 2491 16435
 1205 2615 16167
 997 2286 15831
 912 1768 15834
 808 1753 16195
 1352 1455 16125
 868 1388 16177
 1024 1496 15549
 1067 1509 16100
 1190 1386 15925
 1411 1748 15952
 1057 1702 15864
 1394 1736 16029
 1351 1677 16073
 1222 1878 15804
 1645 2061 15888
 1302 2182 16222
 1281 1952 16128
 1387 1935 15780
 1534 1983 16021
 1274 2018 15915
 1270 2243 15822
 1353 2154 15898
 1297 2455 15975
 1396 2404 15681
 1467 2346 15977
 1402 2398 15813
 1314 2414 15788
 1265 2517 15802
 1313 2117 16337
 1838 2046 15604
 1405 1979 15697
 2042 1971 15287
 1247 1597 16356
 903 1819 16770
 2013 1603 15930
 200 2774 16167
 437 3061 15483
 682 2983 15270
 -989 3306 15992
 -603 2653 15649
 1204 1276 16629
 -853 2293 16286
 695 2242 15828
 -132 2173 16175
 163 2223 15779
 -58 2402 15695
 -65 2098 15988
 -139 2467 16151
 1336 1009 15552
 -742 2353 16458
 1526 2635 15301
 262 2195 15413
 751 2309 16222
 -174 1890 16532
 587 1725 16120
 84 1640 16090
 12 1697 16260
 8 1932 15985
 -3 1972 15951
 -379 2205 15466
 -3613 2610 17808
 182 1575 16138
 744 935 15684
 3 1599 15810
 -572 1279 16261
 -473 2372 15865
 -1223 3596 14472
 187 3138 15579
 -834 3158 16245
 -569 1942 16178
 2042 683 16749
 -746 1423 16404
 1059 1530 16092
 -23 1744 16025
 -50 2160 16292
 497 2204 15999
 934 2197 15497
 909 1928 15695
 678 2432 15407
 30 2675 16747
 -961 2150 17630
 314 1786 16305
 -262 2943 17460
 -156 4550 19376
 232 3435 10292
 -969 2609 13707
 2108 923 17723
 1839 884 14409
 958 -627 15667
 2226 -2333 16946
 2666 -2380 16085
 5406 2877 15657
 8041 1647 14387
 8181 -1740 11856
 -3416 -3107 17908
 407 -1426 16606
 2365 572 15339
 -198 -527 16958
 1154 -1509 16333
 1592 -962 15903
 2360 -614 16362
 2913 -1259 17826
 5015 271 15331
 5434 458 14519
 6267 -130 14340
 6665 -217 13647
 3240 393 17340
 5490 298 15857
 3956 -403 15916
 4407 -443 16431
 1822 793 16442
 1935 301 15866
 3195 1067 16076
 1036 1733 16340
 3033 498 16101
 4124 4071 16031
 5966 -26 13588
 5148 1137 14933
 2632 1749 17233
 3777 1271 16445
 3997 745 15894
 3792 589 15707
 3109 1585 15576
 2999 2604 15447
 3122 2809 15077
 1660 1502 15736
 3638 1883 15729
 2504 2767 15847
 3601 2700 15458
 3229 2544 15706
 3482 2764 15467
 3501 2457 15496
 3374 2826 15364
 3218 2926 15186
 3285 2840 15530
Repetition Start
 3605 2984 15002
 3455 3179 14035
 4553 3177 11354
 2879 4337 10682
 2834 6257 11085
 1679 3716 12674
 197 3560 15672
 -1245 4739 14010
 -2568 4725 14385
 170 2295 17564
 902 2041 20695
 723 2604 21504
 234 2553 18861
 2727 5667 17857
 2326 1963 21987
 2997 4632 19556
 3236 1991 19465
 2105 1574 19730
 2351 1462 17700
 3157 1680 17959
 4049 2827 15809
 3145 1551 16057
 6926 4473 14741
 3765 3888 12779
 3734 4768 11752
Repetition End
1
 3138 5211 10770
 6337 5405 9217
 3929 5623 13209
 4835 4939 12778
 4104 4580 13168
Repetition Start
 3783 4795 12075
 3752 5323 9997
 4138 6422 8492
 2275 5570 8649
 3753 3847 14721
 5166 5636 14985
 2765 4702 16345
 764 5302 16429
 -744 3907 18130
 1312 1442 18759
 2966 2765 18365
 437 2178 18764
 1384 3572 19366
 1462 2211 20025
 2482 2288 20184
 1323 1478 19633
 1781 993 15768
 2554 3898 16512
 2781 2051 15029
 1665 4385 15458
 3753 2281 15059
 4552 4117 14204
 3576 4400 13020
 4413 5779 11266
Repetition End
1
 3388 5777 8504
 1845 3932 12953
 6632 4909 13164
 3956 5175 13805
Repetition Start
 4674 5787 13536
 3685 5200 11683
 4167 6441 9466
 2898 6133 7042
 4928 4877 8837
 1050 4478 15549
 3500 4293 16241
 5583 2826 19140
 -2439 4968 19944
 3013 2160 19975
 -1611 2524 17375
 2272 1029 18783
 1178 3003 18400
 1057 647 19696
 2130 1449 21328
 1753 1340 20182
 685 1864 18310
 2374 1518 15998
 3114 2316 16242
 5166 2231 15257
 3220 3647 14671
 4020 4739 13827
 1361 5691 12557
 1194 6208 12895
 1148 6382 11534
Repetition End
1
 5830 5749 10780
 3358 5238 12086
 3642 4857 12746
 5118 4922 12699
 4459 5183 12173
Repetition Start
 3297 5148 9205
 4109 5738 7403
 3374 5488 8462
 5465 3748 12037
 -1588 4736 15260
 2848 2392 16680
 993 2546 17630
 2738 -109 20404
 1260 3438 19117
 951 3223 16856
 2071 1777 18237
 1558 1688 16915
 1274 1083 19508
 1332 1735 19644
 1650 2646 19999
 2815 1837 18919
 1822 3855 16411
 1445 4171 15248
 2008 3622 14369
 3814 5124 14801
 764 5457 13888
 2640 6369 13815
 2914 5551 12406
 425 5545 12282
Repetition End
1
 5075 6120 8987
 3465 6852 11031
 3792 6442 11888
 2187 6272 13949
 4839 6870 12190
Repetition Start
 3969 5843 11883
 4175 5558 9248
 4097 5870 9214
 2460 6286 9482
 3146 5493 11101
 4250 4736 15344
 -591 6429 16235
 2685 4812 16050
 2767 3263 17750
 2549 3454 19264
 3256 2437 17577
 3182 2938 17335
 2600 3274 18571
 1744 1717 20243
 3164 3324 20101
 2569 3387 19149
 541 2916 16724
 3194 3435 15661
 2216 3121 15047
 1976 4064 13952
 4427 4300 12960
 3096 5424 13756
 3703 4498 12242
 4859 5814 12249
Repetition End
1
 4016 5267 9994
 3991 6004 10554
 6172 5177 12336
 5490 6597 12649
 3716 6504 13234
Repetition Start
 4403 6849 12771
 4569 6114 12381
 4019 6515 10979
 3399 6312 8644
 3255 6278 7808
 2043 5497 9540
 1947 4872 13341
 4921 4589 15389
 3282 5419 16324
 3680 6472 17775
 4239 4642 18323
 4076 2352 18964
 3106 3833 18015
 3474 4754 18198
 3459 4064 18064
 3548 4942 17896
 2954 3082 18948
 2505 5064 17830
 1482 4915 15598
 5551 4533 15679
 1630 6205 14837
 3411 5892 13775
 3455 5221 13801
 3004 5581 13069
 4822 8156 11645
 2209 6759 11902
Repetition End
1
 3614 7204 9791
 2555 6721 9104
 4636 7592 12288
 3037 6189 12079
 3548 6243 13854
 3787 6369 11954
Repetition Start
 4814 6011 11258
 3595 6178 9270
 3742 5360 8699
 3711 6130 9928
 1813 6216 12573
 3134 4007 14351
 2147 4625 16402
 1237 5740 16944
 2824 3412 16364
 2931 4584 19413
 1299 1728 19210
 2495 3065 17924
 2995 3743 18061
 1565 2980 18225
 1911 2294 19466
 2261 2941 19406
 3118 2724 17710
 1928 3937 15228
 3892 3349 14771
 3459 4287 14890
 5564 4450 13298
 3473 4918 13245
 5015 4450 13986
 4889 3834 13152
 5141 5978 11543
Repetition End
1
 6893 6092 10163
 3921 7014 10512
 3227 6467 12761
 4889 5356 12634
 4435 6401 12926
 3981 6498 12238
Repetition Start
 4342 5662 11490
 4782 6214 10500
 3472 4946 9372
 3433 6234 9576
 3424 6532 11715
 2302 5495 14744
 4655 5729 15026
 1185 6800 15719
 5623 4347 18321
 3940 1428 18739
 4656 509 19861
 4316 1399 18377
 2423 2311 18240
 3362 4035 18887
 3627 2681 18038
 1694 2441 19034
 2355 3821 17812
 3202 3183 17123
 2813 4673 14173
 1818 3295 14247
 6147 4566 13961
 2070 3779 14639
 4116 4321 13634
 3550 6113 13919
 4357 5312 12296
Repetition End
1
 5149 6267 11081
 4912 5865 8326
 3197 5990 12135
 4818 6271 12521
 3883 6317 13404
 3295 6232 13430
Repetition Start
 3300 6233 12574
 4028 5774 11037
 2924 6488 9939
 2558 6891 9375
 1880 6297 9986
 2732 6747 11400
 3454 7206 12960
 1607 6876 16687
 2453 5005 18368
 2960 2890 18613
 4543 3588 18516
 2763 4120 17992
 2217 4356 17555
 2520 4114 17085
 1779 3263 15820
 2304 3105 18614
 2282 2166 19951
 3764 1701 19064
 384 4303 15691
 2324 3670 16170
 1645 5000 15236
 4087 4037 15355
 2622 5535 13943
 3279 5935 14850
 3600 5197 13526
 2437 5598 12282
 4734 6992 10381
Repetition End
1
 4197 7587 9949
 3951 5061 10028
 4246 6868 12362
 4041 7053 11873
Repetition Start
 3877 7821 12494
 5177 8084 12129
 4257 7013 11118
 2305 5884 8219
 3386 7552 7525
 3072 6577 7546
 6308 6239 11647
 3103 5424 16906
 3355 6216 14706
 164 7421 16013
 2013 5379 17949
 2619 6514 18413
 1905 4509 16888
 2783 4505 16685
 1650 3553 17657
 2211 5615 16933
 2878 4728 17506
 2502 5518 17728
 2970 4476 18070
 1824 6136 17389
 1339 4394 15107
 2234 5448 13687
 2377 7531 14600
 2501 5740 13817
 3742 6287 12314
 3032 6934 13059
 2776 7294 12111
 3335 6435 11851
 5273 7764 11261
Repetition End
1
 5286 7514 10558
 2813 7353 11727
 4248 6506 11455
 2990 6779 13734
 3720 7292 13091
 3428 7660 14405
 2885 6256 13516
Repetition Start
 3834 6558 13919
 3315 5985 13856
 3667 7454 13211
 3878 6343 12040
 4809 7290 14650
 4995 7936 15600
 3817 4586 15817
 1329 1465 15778
 1956 6348 12694
 3301 6754 11278
 4185 7193 10331
 3469 7208 16054
 948 5669 15470
 3546 3361 14699
 3130 2023 15727
 3145 1406 15764
 3439 1599 14527
 5351 3034 15246
 5438 3391 15421
 2823 2271 13787
 2706 3308 15507
 1013 3191 16020
 1122 1979 16323
 1788 4899 17516
 1704 5894 16268
 757 7802 13390
 -1082 9278 12429
 -1054 9715 10216
 765 9474 9457
 247 10331 10158
 454 10783 9173
