Repetition start
1.10037441133
1.09801273395
0.996418959692
1.00079361523
0.956199208404
0.847312846699
1.12497609166
1.20832165933
1.22970009213
1.12100577425
1.30255272241
1.46140450775
1.35292422598
1.41107854112
1.25901302657
1.22098756147
1.35502966027
1.30454355291
1.3554099466
1.24412056025
1.21822755265
1.23262458893
1.23451609197
1.11416648002
1.14942188957
1.0611509654
0.949273669063
0.806505621449
1.08088762738
1.10273064739
1.10374785486
1.13817239999
Repetition end
1
0
0
Repetition start
1.00585847132
0.996015323095
0.881199980223
1.02319283691
1.17547662566
1.17547662566
1.1740690641
1.22113820524
1.2834560328
1.34864811816
1.30640412943
1.30640412943
1.24082270808
1.22536300212
1.17620189087
1.16336861674
1.29713092284
1.32247472516
1.21427143667
1.14371293925
1.18657856409
1.18577854495
1.08006220904
1.11787938155
1.08623410195
1.08623410195
1.14413300216
1.04546268942
1.09116451328
1.0509178718
1.03395606407
1.11694889255
Repetition end
1
0
0
Repetition start
1.07341470798
1.09249253536
1.24981252486
1.12629375969
1.12629375969
1.0227077026
1.30885641109
1.30885641109
1.08589093019
1.08589093019
1.02324265161
1.31315082638
1.2307783691
1.21113643397
1.2502219033
1.2714485641
1.2714485641
1.13284389518
1.13284389518
1.31481851711
1.20654189582
1.20791209589
1.13098227372
1.13455971279
1.22943937599
1.15818833411
1.16914549845
1.08111975249
0.989501053334
0.977618922078
1.03337967307
1.12766514933
Repetition end
1
0
0
Repetition start
0.988973316809
1.11409802842
1.13794004403
1.08892385053
1.20978930551
1.25873570444
1.35680997079
1.20459426304
1.31188050335
1.26244496477
1.23930793012
1.2718272677
1.3441018944
1.31288680127
1.25604169154
1.207948509
1.17345422194
1.1978662456
1.17873509753
1.06191879567
1.17652674737
1.13137632127
1.13820824255
1.13820824255
1.11673524179
1.04647122076
1.06394644761
1.1153689001
1.14112048949
1.1880143802
1.15197273683
1.16085521116
Repetition end
1
0
0
Repetition start
1.09892371162
1.22640542677
1.10187813113
1.16302996164
1.17679523234
1.17679523234
1.17679523234
1.26434707438
1.20206991136
1.27877551368
1.16591280415
1.27033873774
1.27078629446
1.33977903343
1.33764182513
1.26443711507
1.2448300109
1.26425214324
1.11405897916
1.15281938661
1.1582688559
1.08308832404
1.12293258085
1.03183110438
1.03183110438
1.03183110438
0.988240112986
1.03358274023
1.14280129397
1.1621678522
1.1621678522
1.1621678522
Repetition end
1
0
0
Repetition start
1.0684614586
1.0684614586
1.10337299674
1.10337299674
1.22187378711
1.20812729574
1.20812729574
1.09371941387
1.09371941387
1.39364782769
1.23221455506
1.28790551195
1.25290655232
1.19848477707
1.18027659259
1.18027659259
1.26961689147
1.34076750166
1.3337930679
1.22095304601
1.21907478064
1.20930584068
1.11859296377
1.20963043459
1.20963043459
1.08782861728
1.11933959404
1.11933959404
1.03257900093
1.03257900093
0.990102520277
0.990102520277
Repetition end
1
0
0
Repetition start
1.02599748002
1.02599748002
1.07555841487
1.1900517769
1.23845700542
1.28660927175
1.290227228
1.27408318298
1.30007932242
1.30172654191
1.16774048696
1.28950204436
1.20139311947
1.29274659395
1.29274659395
1.29274659395
1.27158076863
1.27158076863
1.27158076863
1.24977255928
1.16964163473
1.16964163473
1.21063153647
1.16998850134
1.22192646983
1.05596181039
1.05596181039
1.21635601391
1.21635601391
1.17844818082
1.07439038899
1.04421533424
Repetition end
1
0
0
Repetition start
1.15169972025
1.15169972025
1.10513356691
1.12086948617
1.02999721458
1.02999721458
1.04902486892
1.01592778681
1.09848538745
1.09848538745
1.11888089753
1.20490894336
1.39376497052
1.2472685445
1.26880550621
1.34282515686
1.18366060918
1.30307914627
1.29241505376
1.40431990227
1.32335133402
1.32335133402
1.22043375629
1.22239754228
1.16722382038
1.12124570455
1.18493151681
1.10792528884
1.07791980228
1.05021488071
0.917529802686
1.09933585497
Repetition end
1
0
0
Repetition start
1.18321310979
1.18020457658
1.20038430361
1.17112934232
1.18411463113
1.18248601733
1.20535685934
1.15178490197
1.13116694832
0.993453809695
1.04747753632
1.14441779619
1.17956612765
1.32808820589
1.26302643378
1.38985389858
1.35388247017
1.25985168341
1.30492547857
1.31069144178
1.34425126889
1.29712756122
1.25049769805
1.16579553709
1.10375731362
1.12149833563
1.17600222187
1.13202954069
1.10148061286
1.01672436195
1.0764116169
1.02458327162
Repetition end
1
0
0
Repetition start
1.06766734122
1.03960015075
1.09728473947
1.17524974
1.15870519406
1.15415932793
1.25214510828
1.19519395957
1.20520362324
1.23617341066
1.33842541385
1.31045084174
1.17670918281
1.17670918281
1.20740529471
1.2454507194
1.2454507194
1.34582799933
1.40945861789
1.28941667055
1.19708422022
1.19708422022
1.11969934368
1.14866845572
1.12313531279
1.08602299285
1.17626388599
1.10753727031
1.0820213104
1.04277686343
1.05487385269
1.11881185532
Repetition end
1
0
0
Repetition start
1.03321670531
1.02754765108
1.13976955179
1.13976955179
1.18959518424
1.15327920445
1.27758025975
1.30824459314
1.1985562464
1.14963343041
1.14963343041
1.23083869126
1.35452751906
1.32321112199
1.29842239152
1.12586113635
1.24822240291
1.23544502659
1.23503797117
1.10573339664
1.11814179711
1.13977272056
1.15954710963
1.16379699463
1.08279361791
1.08279361791
1.08058200623
1.03391264222
1.02890796661
1.10054572843
1.10054572843
1.1000938771
Repetition end
1
0
0
Repetition start
1.04395437817
1.24427176852
1.26417615165
1.12556501777
1.12556501777
1.12556501777
1.30980462091
1.26646068587
1.37305981398
1.21759677086
1.21759677086
1.25261638824
1.22967297692
1.21753718785
1.21753718785
1.26397198293
1.2390263133
1.29431369504
1.2482930181
1.18381275851
1.16468175795
1.19040285601
1.12554197535
1.31128023013
1.22224073997
1.14149131438
1.06925952586
1.06925952586
0.920088544354
0.988772202476
1.1269904747
1.15085298641
Repetition end
1
0
0
