Repetition start
1.00695508701
1.0769024652
1.15624953766
1.15624953766
1.15624953766
1.30512454371
1.30512454371
1.30512454371
1.30512454371
1.30512454371
1.30512454371
1.27339037855
1.27339037855
1.27339037855
1.2002817562
1.2002817562
1.2002817562
1.18251948658
1.17395040158
1.17395040158
1.1339231604
1.1339231604
0.98229116742
0.98229116742
0.828545789606
0.843239888327
0.843239888327
0.843239888327
0.877818897288
0.877818897288
0.76679094733
0.76679094733
Repetition end
1
0
0
Repetition start
0.967912704348
0.967912704348
0.967912704348
1.02869229051
1.02869229051
1.02549624671
1.02549624671
1.1504680125
1.1504680125
1.1504680125
1.23107239736
1.23107239736
1.29139147812
1.29139147812
1.29139147812
1.25520903952
1.25520903952
1.23211959572
1.06531165437
1.06531165437
1.02212571384
1.02212571384
1.02212571384
0.975825745184
0.975825745184
0.927873358104
0.836193671592
0.836193671592
0.789740490696
0.793989834822
0.793989834822
0.793989834822
Repetition end
1
0
0
Repetition start
1.00053770726
1.00053770726
1.13138631788
1.13138631788
1.08902652755
1.17453902072
1.0978964614
1.0978964614
1.18375243014
1.18375243014
1.11082128321
1.17502105097
1.17502105097
1.13816760497
1.13816760497
1.11160788677
1.11160788677
1.11160788677
1.00852777914
1.00852777914
1.00852777914
0.911195650622
0.896727487432
0.896727487432
0.896727487432
0.795947650254
0.795947650254
0.683597799017
0.837272865362
0.837272865362
0.875025846747
0.875025846747
Repetition end
1
0
0
Repetition start
1.04147117946
1.0976252806
1.0976252806
1.15786418651
1.15786418651
1.15786418651
1.15786418651
1.15786418651
1.15786418651
1.14233609432
1.14233609432
1.17857803506
1.17857803506
1.18030947747
1.18030947747
1.22434829594
1.14579476017
1.14579476017
1.09731405667
1.09731405667
1.08872991304
1.08872991304
1.08872991304
1.02368078361
1.02368078361
0.839496531902
0.809954477325
0.809954477325
0.809954477325
0.804415196112
0.842222002398
0.842222002398
Repetition end
1
0
0
Repetition start
0.885128702525
1.04005750183
1.14839110313
1.13516603519
1.13516603519
1.18919544843
1.18919544843
1.18208236319
1.18208236319
1.14300414889
1.14300414889
1.09444755041
1.09444755041
1.21572160282
1.21572160282
1.21572160282
1.15688042917
1.11252770771
1.11252770771
0.994165607581
0.920056677416
0.905754245614
0.905754245614
0.905754245614
0.905754245614
0.840037181669
0.840037181669
0.840037181669
0.840037181669
0.762853815995
0.762853815995
0.83027446893
Repetition end
1
0
0
Repetition start
1.09796774337
1.07071496887
1.23933453845
1.19253722745
1.10884217946
1.10308035816
1.15218160426
1.15218160426
1.15218160426
1.15218160426
1.15218160426
1.20815982032
1.20815982032
1.20815982032
1.20815982032
1.15007474704
1.15007474704
1.15007474704
1.08132345758
1.08132345758
1.08132345758
1.02990254058
1.02990254058
1.02990254058
0.874864178147
0.874864178147
0.874864178147
0.874864178147
0.829124236948
0.829124236948
0.777197996689
0.835278755067
Repetition end
1
0
0
Repetition start
1.01689936942
1.01689936942
1.07126774762
1.07126774762
1.13686154639
1.13686154639
1.13686154639
1.13686154639
1.10414882318
1.10414882318
1.10414882318
1.13096402891
1.13096402891
1.18803971348
1.18803971348
1.25091184796
1.15485622841
1.07809892049
0.978257855329
1.02626021796
1.02626021796
1.02626021796
1.02626021796
0.833625110816
0.833625110816
0.833625110816
0.833625110816
0.897325735939
0.856138594195
0.856138594195
0.772392699149
0.772392699149
Repetition end
1
0
0
Repetition start
1.15125276355
1.15125276355
1.17416872932
1.17416872932
1.17416872932
1.17423367913
1.17423367913
1.17423367913
1.17423367913
1.22875078101
1.22875078101
1.22875078101
1.25894279222
1.23640236775
1.16617362551
1.09826874868
1.1273718722
1.1273718722
1.1273718722
1.01715828074
1.01715828074
1.01715828074
0.92484433211
0.92484433211
0.92484433211
0.843987654401
0.744397201759
0.744397201759
0.771430634184
0.771430634184
0.771430634184
0.771430634184
Repetition end
1
0
0
Repetition start
1.05854544054
1.1569566758
1.15764840401
1.10654872536
1.10654872536
1.10654872536
1.20360389845
1.20360389845
1.20317372775
1.2071024633
1.2071024633
1.11758002141
1.11758002141
1.0431769124
1.04539474234
1.04539474234
1.01631184791
1.01631184791
1.05005887702
1.05005887702
1.05005887702
1.05005887702
0.997033033505
0.997033033505
0.793418160293
0.793418160293
0.793418160293
0.709619592204
0.709619592204
0.709619592204
0.914653819115
0.914653819115
Repetition end
1
0
0
