Repetition start
1.0731585733
1.00520839366
1.00520839366
1.09172088038
1.09172088038
1.23568158623
1.11757442136
1.11706966666
1.36209852101
1.43513026777
1.20140011022
1.27531022904
1.36493329997
1.28686888478
1.30154324743
1.2100997642
1.34711360511
1.28309296726
1.21822212017
1.11229634638
1.11229634638
1.18465269986
1.1715402268
1.13660735964
1.13660735964
0.994593972223
0.994593972223
1.04536091859
1.03841510122
1.03841510122
1.05399038094
1.15589107117
Repetition end
1
0
0
Repetition start
0.998271571581
1.01038830962
1.11310703353
1.17093762419
1.17093762419
1.21105979486
1.21105979486
1.28388192964
1.37422888033
1.33739368231
1.33739368231
1.32769915822
1.29418700066
1.2446978697
1.27460078045
1.27460078045
1.27460078045
1.35764198303
1.38428896541
1.29419540148
1.2869005714
1.14917372927
1.14917372927
1.22647666175
1.22647666175
1.08999482
1.11041870686
1.0852443246
1.0852443246
0.958212277508
0.958212277508
1.04715205733
Repetition end
1
0
0
Repetition start
1.13240914234
1.13240914234
1.13240914234
0.979134023491
1.02922167856
1.15693114329
1.15693114329
1.15693114329
1.14843177145
1.24445360939
1.25471761039
1.35342551423
1.27618029743
1.27618029743
1.24863655714
1.24863655714
1.28521273584
1.26034888582
1.32437133191
1.31250993123
1.31250993123
1.24422832401
1.2521522084
1.15947030883
1.15947030883
1.17686585053
1.17650774598
1.16851994735
1.09685519369
1.08461375652
1.02935327053
1.02935327053
Repetition end
1
0
0
Repetition start
0.985675905833
0.985675905833
0.985675905833
1.04607020409
1.10497728112
1.10769967727
1.25630054615
1.33070878133
1.20165856589
1.30229705408
1.22424469466
1.22721644451
1.24111605266
1.20763258939
1.27654032419
1.36972297305
1.33104235195
1.2013920993
1.2487384659
1.21427859257
1.21427859257
1.27013002507
1.162967607
1.15116178219
1.16530147644
1.16530147644
1.16530147644
1.09300714198
1.06821924194
0.997079694145
1.03087619307
1.03087619307
Repetition end
1
0
0
Repetition start
1.07870042862
1.07870042862
1.25327489086
1.25327489086
1.22272331005
1.23913298234
1.26589663999
1.26589663999
1.36211695044
1.38366180944
1.35615995329
1.26294558111
1.23904535563
1.23904535563
1.23904535563
1.31262489843
1.33904001747
1.33904001747
1.26753048594
1.25174500882
1.29087249089
1.27117241784
1.25659515724
1.25659515724
1.18318217742
1.07084811341
1.07084811341
1.11990400645
1.11307355884
1.0518419202
1.02734874137
1.09729250892
Repetition end
1
0
0
Repetition start
1.0027066682
1.0027066682
1.0027066682
1.06197593541
1.16972194772
1.19250392845
1.19250392845
1.28868589391
1.28868589391
1.31409167808
1.34628846238
1.24840546622
1.24840546622
1.33321232188
1.33321232188
1.26694531802
1.280496092
1.35765337582
1.34061189797
1.27890145255
1.24558284803
1.18913798237
1.18913798237
1.15288598509
1.11465939666
1.1358916987
1.11913500114
1.09332030405
1.05865249787
0.997743745296
1.09714699535
1.14385951155
Repetition end
1
0
0
Repetition start
1.05564719971
1.08084532236
1.08084532236
1.12992229739
1.27307085744
1.15440595502
1.30747570557
1.30747570557
1.33120150606
1.34349350644
1.34349350644
1.26212632827
1.2473095341
1.2473095341
1.18234963229
1.26424174895
1.32875827249
1.32875827249
1.26433990132
1.20827319161
1.17899779501
1.27548184441
1.27548184441
1.19422041645
1.16459505809
1.16459505809
1.12562847464
1.09542508261
1.09859964278
1.09859964278
0.994638910182
1.02532706291
Repetition end
1
0
0
Repetition start
1.14048270749
1.13111635526
1.18873410032
1.43450005179
1.43450005179
1.29011329969
1.27423657756
1.20725639645
1.26933634069
1.26933634069
1.26140492703
1.26140492703
1.26140492703
1.29366657638
1.29366657638
1.29366657638
1.29961744575
1.09440389058
1.09440389058
1.31961214378
1.31961214378
1.30953061174
1.30953061174
1.25823202452
1.29600040118
1.22216387972
1.16300954656
1.14887765313
1.16428523045
1.06986417395
1.06986417395
0.972622104796
Repetition end
1
0
0
Repetition start
1.04668531194
1.04668531194
1.22726841373
1.22726841373
1.16368131029
1.16368131029
1.27824182175
1.3350965198
1.3137846674
1.3137846674
1.3587658301
1.3363197042
1.36388557888
1.36388557888
1.45723648007
1.45723648007
1.27660749664
1.28905175233
1.28905175233
1.23353178915
1.24615930666
1.24615930666
1.21328283348
1.20792325247
1.17967776901
1.19073845487
1.17155252629
1.1398368196
1.08787568457
1.12138735685
1.12138735685
1.09388865035
Repetition end
1
0
0
Repetition start
1.1245821286
1.1245821286
0.944604754526
0.944604754526
1.18806484868
1.0988449926
1.0988449926
1.34410297116
1.38462071407
1.38462071407
1.35252993749
1.34123402664
1.34123402664
1.29619843432
1.25623212477
1.32320300956
1.32320300956
1.30133775886
1.26848029872
1.25624504071
1.25624504071
1.27697249655
1.27697249655
1.27697249655
1.15143596971
1.14281874674
1.20305132021
1.15492536407
1.16721261788
1.08458639903
1.16641076899
1.06265269788
Repetition end
1
0
0
Repetition start
1.03925268684
1.00758159565
1.13732147296
1.10750515438
1.26470457711
1.26470457711
1.13381276693
1.13381276693
1.24619042909
1.32895126166
1.32895126166
1.30173581842
1.33756263917
1.32301692101
1.2356580226
1.24512240091
1.28259972389
1.35128502533
1.33437981895
1.19704439257
1.19704439257
1.12975222328
1.12975222328
1.14837221362
1.21530785696
1.26298951884
1.17368246244
1.1215053577
1.03192485958
0.883101681802
1.0988455435
1.14033828359
Repetition end
1
0
0
