Repetition start
1.45697021484
1.40924072266
1.38299560547
1.03594970703
1.09362792969
1.11535644531
1.35546875
1.74462890625
1.78674316406
1.55871582031
1.65991210938
1.71716308594
1.63421630859
1.43719482422
1.49096679688
1.52484130859
1.41979980469
1.34118652344
1.29644775391
1.25152587891
Repetition end
1
Repetition start
1.36480712891
1.25885009766
1.35162353516
1.47296142578
1.47296142578
1.57250976562
1.71173095703
1.34680175781
1.34680175781
1.67120361328
1.71899414062
1.7001953125
1.53137207031
1.53784179688
1.46520996094
1.20361328125
1.34869384766
1.19360351562
1.23315429688
1.30364990234
Repetition end
1
Repetition start
0.967834472656
1.001953125
1.24664306641
1.36767578125
1.40155029297
1.47277832031
1.64849853516
1.51531982422
1.44915771484
1.61120605469
1.51904296875
1.51556396484
1.4013671875
1.45947265625
1.35827636719
1.4404296875
1.36553955078
1.24200439453
1.34484863281
1.11572265625
Repetition end
1
Repetition start
1.20635986328
1.20635986328
1.61505126953
1.61505126953
1.65032958984
1.65032958984
1.73840332031
1.96246337891
1.96246337891
1.96246337891
1.81414794922
1.68969726562
1.51257324219
1.57000732422
1.62658691406
1.6708984375
1.42999267578
1.42797851562
1.32897949219
1.12707519531
Repetition end
1
Repetition start
1.41595458984
1.15002441406
1.33624267578
1.28308105469
1.74713134766
1.61956787109
1.57464599609
1.68206787109
1.51953125
1.86639404297
1.62976074219
1.68426513672
1.47320556641
1.443359375
1.32550048828
1.490234375
1.50067138672
1.25549316406
1.13104248047
1.3701171875
Repetition end
1
Repetition start
1.09313964844
1.06402587891
1.31396484375
1.60076904297
1.71685791016
1.52490234375
1.56359863281
1.65533447266
1.63751220703
1.65124511719
1.58435058594
1.46228027344
1.50073242188
1.32208251953
1.38433837891
1.42797851562
1.37536621094
1.32708740234
1.35034179688
1.13189697266
Repetition end
1
Repetition start
1.26293945312
1.49774169922
1.60949707031
1.77001953125
1.77691650391
1.72784423828
1.66613769531
1.63098144531
1.72021484375
1.70697021484
1.61828613281
1.46929931641
1.42047119141
1.32330322266
1.39532470703
1.45635986328
1.36737060547
1.36737060547
1.46795654297
1.55743408203
Repetition end
1
Repetition start
1.19976806641
1.50750732422
1.50750732422
1.59851074219
1.91174316406
1.81237792969
1.87133789062
1.87133789062
1.81427001953
1.59686279297
1.67242431641
1.47589111328
1.43310546875
1.37384033203
1.39978027344
1.57397460938
1.39874267578
1.4345703125
1.29309082031
1.29309082031
Repetition end
1
Repetition start
1.49493408203
1.48779296875
1.58074951172
1.58612060547
1.49444580078
1.63439941406
1.72485351562
1.65441894531
1.65362548828
1.56817626953
1.51538085938
1.365234375
1.42584228516
1.42584228516
1.34197998047
1.28747558594
1.28747558594
1.52008056641
1.447265625
1.20422363281
Repetition end
1
Repetition start
1.22668457031
1.16479492188
1.46899414062
1.45050048828
1.66583251953
1.75262451172
1.70147705078
1.60687255859
1.47229003906
1.60406494141
1.46276855469
1.626953125
1.626953125
1.55725097656
1.43432617188
1.28240966797
1.32373046875
1.29229736328
1.40991210938
1.31793212891
Repetition end
1
