Repetition start
0.806683954825
0.806683954825
0.824919549585
0.941193610034
0.941193610034
1.04472455631
1.04472455631
1.01540638882
1.09554561632
1.09554561632
1.23554105851
1.23554105851
1.17307989644
1.22769159843
1.40140567554
1.35468917602
1.35468917602
1.49270415474
1.49270415474
1.31126794009
1.31126794009
1.31126794009
1.17915500534
1.17915500534
1.09393921646
1.08141341973
1.08141341973
1.03231876976
0.959676374401
0.959676374401
0.763023557376
0.732362955902
Repetition end
1
0
0
Repetition start
0.824011132455
0.824011132455
0.824011132455
0.857653580034
1.28082797031
1.28082797031
1.2818512291
1.32775430695
1.32775430695
1.38218090213
1.38218090213
1.38218090213
1.31117390017
1.35514173218
1.35514173218
1.35514173218
1.4891288689
1.4891288689
1.36925107127
1.36925107127
1.18630972299
1.12400656455
1.12400656455
1.12400656455
1.07140610681
1.07140610681
1.07140610681
1.07140610681
1.04427887393
1.03154739152
1.03154739152
0.87507664183
Repetition end
1
0
0
Repetition start
0.745148006917
0.745148006917
0.688753380823
0.964035019568
1.06725416778
0.984840264191
1.00722715471
1.00722715471
1.21408500927
1.21408500927
1.21408500927
1.21408500927
1.60468551228
1.60468551228
1.28039695964
1.28039695964
1.28039695964
1.45301598222
1.45301598222
1.39345604856
1.32686712078
1.32686712078
1.18410092526
1.18410092526
1.18410092526
1.11053258147
1.11053258147
1.10041732986
1.01066545757
1.01066545757
1.0194077015
0.818224704651
Repetition end
1
0
0
Repetition start
0.801127375255
0.801127375255
0.695772139646
0.695772139646
0.944216830169
1.10562130378
1.18539776564
1.32143270215
1.31881575703
1.27118793964
1.27118793964
1.27118793964
1.27118793964
1.46294981527
1.60031824509
1.38820235313
1.23935747159
1.23935747159
1.14483822361
1.02414077154
1.02414077154
1.02414077154
1.01347733801
0.984860260883
0.918390976408
0.633963083437
0.633963083437
0.633963083437
0.633963083437
0.633963083437
0.512749234952
0.512749234952
Repetition end
1
0
0
Repetition start
0.782401823681
0.987731505522
0.87436730211
0.87436730211
0.87436730211
1.24075287621
1.24075287621
1.22156534796
1.22156534796
1.37911442571
1.40900336766
1.40900336766
1.42522659095
1.42934442922
1.34165918068
1.34165918068
1.34165918068
1.34165918068
1.22679040395
1.22679040395
1.16468049133
1.16468049133
1.14553701261
1.14553701261
1.04099192243
1.04099192243
1.04099192243
0.956121446268
0.956121446268
0.931275768132
0.931275768132
0.931275768132
Repetition end
1
0
0
Repetition start
0.539816736465
0.807502141044
0.733708355537
0.733708355537
0.807112645737
0.807112645737
0.807112645737
1.02582236329
0.995066176315
0.995066176315
1.06726814205
1.06726814205
1.14684650934
1.14684650934
1.21887045962
1.21887045962
1.52862627909
1.52862627909
1.45072298308
1.45072298308
1.36302125468
1.27977620383
1.19751338044
1.19751338044
1.07417021728
1.07417021728
1.04997021634
1.00705071239
0.968817835402
0.968817835402
0.968817835402
0.807591607405
Repetition end
1
0
0
Repetition start
0.610830808553
0.610830808553
0.786615924593
0.714260650412
0.797116205698
0.797116205698
0.797116205698
0.948313145679
1.24078045485
1.24078045485
1.20555356692
1.20555356692
1.54520844142
1.349509241
1.47548954697
1.47548954697
1.47548954697
1.49114516063
1.49114516063
1.37193711608
1.37193711608
1.23661415956
1.07361579099
1.07361579099
1.07361579099
1.07361579099
1.11109246201
1.06408876605
1.06408876605
0.952654638469
0.952654638469
0.851563731464
Repetition end
1
0
0
Repetition start
0.726574479794
0.726574479794
0.726574479794
0.689005790375
0.796759307167
0.739026447913
1.13054003679
1.13054003679
1.17605640512
1.17605640512
1.325431849
1.41009494009
1.41009494009
1.30570281948
1.27199144258
1.27199144258
1.63332137364
1.63332137364
1.63332137364
1.45653122665
1.45653122665
1.3177829754
1.3177829754
1.09685216245
0.967225840799
0.967225840799
1.21300681874
1.1550232156
1.1550232156
0.970542719845
0.825061137109
0.825061137109
Repetition end
1
0
0
