Repetition start
0.826881466943
1.05161223294
1.05161223294
1.18621062563
1.18621062563
1.18621062563
1.06765102566
1.06765102566
1.06765102566
1.16141909606
1.16141909606
1.16141909606
1.31538935644
1.31538935644
1.32461405933
1.32461405933
1.16464823189
1.16464823189
1.0455929375
0.948497468743
0.948497468743
0.948497468743
0.800218430889
0.800218430889
0.92941862113
0.92941862113
0.711324240744
0.711324240744
0.808181482526
0.808181482526
0.860817751544
0.860817751544
Repetition end
1
0
0
Repetition start
1.05080941847
1.05080941847
1.12290786215
1.14318796169
1.14318796169
1.24718503044
1.24718503044
1.13578572112
1.08827301715
1.08827301715
1.08827301715
1.3290536593
1.3290536593
1.24416459239
1.24416459239
1.15496148181
1.15496148181
1.15496148181
1.15496148181
1.02968880215
0.900759712336
0.900759712336
0.900759712336
0.83861678564
0.82881191168
0.82881191168
0.82881191168
0.82881191168
0.712762907424
1.04264887001
1.04264887001
1.04264887001
Repetition end
1
0
0
Repetition start
0.955757800287
0.955757800287
1.07130558867
1.07130558867
1.07130558867
1.14374452867
1.14374452867
1.18329035613
1.15341773659
1.15341773659
1.15341773659
1.15341773659
1.12454887624
1.12454887624
1.2012824124
1.2012824124
1.27676277772
1.27676277772
1.08133041498
1.06915721009
1.06915721009
1.06915721009
1.05522922449
1.05522922449
1.05522922449
0.84987314887
0.802303405033
0.802303405033
0.802303405033
0.746651331278
0.786718100895
0.786718100895
Repetition end
1
0
0
Repetition start
1.07344216279
1.07344216279
1.07344216279
1.05736435521
1.17401878249
1.19120454488
1.19120454488
1.19120454488
1.19120454488
1.1640734848
1.1640734848
1.20481051468
1.20481051468
1.20481051468
1.15324336513
1.16741264303
1.06336424193
1.06336424193
1.06336424193
0.936845598707
0.936845598707
0.895884294317
0.895884294317
0.792480193753
0.792480193753
0.792480193753
0.792480193753
0.792480193753
0.739974776572
0.739974776572
0.755287728028
0.755287728028
Repetition end
1
0
0
Repetition start
0.893083302133
0.893083302133
0.965072222543
0.965072222543
1.09866147491
1.20742544046
1.20742544046
1.20742544046
1.13557332293
1.13557332293
1.22026835214
1.22026835214
1.22026835214
1.08431866277
1.08431866277
1.08431866277
1.08431866277
1.08431866277
1.27060660228
1.27060660228
1.16542106115
1.16542106115
1.11030325705
1.11030325705
1.11030325705
1.03045565002
1.03045565002
0.973548847278
0.973548847278
0.973548847278
0.861197649876
0.850177292268
Repetition end
1
0
0
Repetition start
0.91752583187
0.91752583187
0.944180009231
0.944180009231
1.11383397118
1.11383397118
1.11383397118
1.0808880513
1.18326329978
1.18326329978
1.17881939538
1.17881939538
1.18234815617
1.18234815617
1.24131231997
1.21503345505
1.21503345505
1.13317219844
1.13317219844
1.05162664178
1.05162664178
1.01465007683
1.01465007683
1.01465007683
0.754402911192
0.754402911192
0.754402911192
0.754402911192
0.714930057527
0.750719909564
0.750719909564
0.750719909564
Repetition end
1
0
0
Repetition start
1.02201642318
1.02201642318
1.02201642318
1.02201642318
1.02201642318
1.09833579393
1.11103058068
1.19593235381
1.19593235381
1.17290397292
1.17290397292
1.19942497909
1.19942497909
1.19942497909
1.19942497909
1.27950723826
1.27950723826
1.21303249764
1.09453043002
1.09453043002
1.12943896426
1.12943896426
1.00226413815
0.788577487809
0.788577487809
0.788577487809
0.788577487809
0.782498949228
0.757792327553
0.757792327553
0.757792327553
0.892255591251
Repetition end
1
0
0
Repetition start
0.936002224307
0.936002224307
0.936002224307
0.975319210168
1.12467042248
1.12467042248
1.14839342415
1.19555258521
1.19144334892
1.23381125729
1.23381125729
1.23381125729
1.23381125729
1.23381125729
1.25071333707
1.25071333707
1.16225017208
1.16225017208
0.996136348412
0.996136348412
0.996136348412
0.830424665033
0.830424665033
0.843147398197
0.870642673555
0.870642673555
0.644931937427
0.644931937427
0.811205628431
0.904993950293
0.88402011022
0.88402011022
Repetition end
1
0
0
Repetition start
1.07950764088
1.18399305029
1.18399305029
1.09757856522
1.22177433925
1.27724249465
1.27724249465
1.27724249465
1.12403482519
1.13570872558
1.13570872558
1.01697735799
1.01697735799
1.04335470952
1.04335470952
0.870875532247
0.904547759532
0.904547759532
0.904547759532
0.904547759532
0.904547759532
0.904547759532
0.661854497977
0.661854497977
0.661854497977
0.661854497977
0.77135018739
0.92305398366
0.92305398366
0.92305398366
0.92305398366
0.928229314388
Repetition end
1
0
0
Repetition start
1.08552813361
1.08552813361
1.08552813361
1.08552813361
1.08552813361
1.07028013897
1.07028013897
1.19786368768
1.19786368768
1.19786368768
1.12488167193
1.12488167193
1.25499481117
1.16173282421
1.16173282421
1.21962670741
1.07508500631
1.07508500631
1.07508500631
1.08462040087
1.08462040087
1.08462040087
1.06450522409
1.06450522409
0.924401883356
0.924401883356
0.917094902323
0.717114967842
0.717114967842
0.717114967842
0.717114967842
0.769189964657
Repetition end
1
0
0
