Repetition start
1.46398925781
1.48217773438
1.51013183594
1.26452636719
1.17370605469
1.30334472656
1.09533691406
1.37860107422
1.44818115234
1.42663574219
1.24395751953
1.47058105469
1.83569335938
1.51452636719
1.60107421875
1.49249267578
1.58984375
1.32928466797
1.35852050781
1.33245849609
Repetition end
1
Repetition start
1.18853759766
1.54907226562
1.54504394531
1.49987792969
1.63818359375
1.57971191406
1.53442382812
1.53442382812
1.63946533203
1.93707275391
1.93273925781
1.79821777344
1.59307861328
1.55346679688
1.55346679688
1.60571289062
1.27496337891
1.49371337891
1.49371337891
1.27142333984
Repetition end
1
Repetition start
1.08953857422
1.08953857422
1.13989257812
1.50177001953
1.33374023438
1.33862304688
1.6044921875
1.90106201172
1.98468017578
2.14477539062
2.14477539062
1.9072265625
1.82897949219
1.73669433594
1.51318359375
1.50250244141
1.50250244141
1.6015625
1.49554443359
1.34130859375
Repetition end
1
Repetition start
1.00964355469
1.13873291016
1.095703125
1.18634033203
1.42840576172
1.58013916016
1.64013671875
2.1953125
2.05731201172
1.98944091797
1.70574951172
1.72473144531
1.64971923828
1.78570556641
1.58227539062
1.63433837891
1.36248779297
1.62847900391
1.49603271484
1.1796875
Repetition end
1
Repetition start
1.05700683594
1.10565185547
1.10565185547
1.05694580078
1.30932617188
1.30932617188
1.58489990234
1.84606933594
1.55487060547
2.01623535156
1.67694091797
1.95263671875
1.93188476562
1.94689941406
1.78240966797
1.52520751953
1.67980957031
1.40106201172
1.51525878906
1.439453125
Repetition end
1
Repetition start
1.00799560547
1.17352294922
1.19342041016
1.18255615234
1.55444335938
1.60095214844
1.85693359375
1.81567382812
1.77380371094
1.84710693359
1.75524902344
1.89123535156
1.86279296875
1.68518066406
1.62976074219
1.62976074219
1.5673828125
1.60925292969
1.55181884766
1.36584472656
Repetition end
1
Repetition start
1.09655761719
1.02331542969
1.11059570312
1.42590332031
1.85455322266
1.91833496094
1.98126220703
1.64965820312
1.98278808594
2.11456298828
2.10101318359
2.07720947266
1.95941162109
1.44720458984
1.61956787109
1.74096679688
1.58020019531
1.46881103516
1.40997314453
1.40997314453
Repetition end
1
Repetition start
1.02868652344
1.00238037109
1.13128662109
1.41680908203
1.39447021484
1.80261230469
1.77618408203
1.93804931641
1.92541503906
2.20977783203
1.64074707031
1.64074707031
1.9287109375
1.51110839844
1.57293701172
1.37109375
1.61712646484
1.58319091797
1.68005371094
1.80859375
Repetition end
1
Repetition start
1.11981201172
1.19586181641
1.03991699219
1.23004150391
1.19519042969
1.52984619141
2.00384521484
1.70111083984
1.87072753906
1.82672119141
1.85412597656
1.740234375
1.91558837891
1.84100341797
1.50122070312
1.55023193359
1.56842041016
1.67181396484
1.51458740234
1.52062988281
Repetition end
1
Repetition start
1.01446533203
1.18884277344
0.992980957031
1.22406005859
1.19342041016
1.78619384766
1.76965332031
2.00872802734
1.72241210938
1.86932373047
1.74169921875
1.80993652344
1.52416992188
1.81042480469
1.64721679688
1.66864013672
1.46789550781
1.58728027344
1.49908447266
0.99267578125
Repetition end
1
Repetition start
1.15423583984
1.46984863281
1.67346191406
1.52185058594
1.65014648438
1.65014648438
1.87426757812
1.99450683594
1.47467041016
2.25592041016
1.61444091797
1.91528320312
1.87182617188
1.61517333984
1.75885009766
1.56530761719
1.41943359375
1.52740478516
1.58807373047
1.34167480469
Repetition end
1
Repetition start
1.322265625
1.09997558594
1.22821044922
1.53619384766
1.70983886719
1.97589111328
1.58148193359
2.00701904297
1.88464355469
1.64776611328
2.02593994141
1.84936523438
1.74749755859
1.75744628906
1.76879882812
1.53552246094
1.51843261719
1.83306884766
1.47229003906
1.50128173828
Repetition end
1
