Repetition start
1.15472412109
1.08715820312
1.15869140625
1.28686523438
1.107421875
1.51617431641
1.55688476562
1.86657714844
1.53167724609
1.60711669922
1.89886474609
1.61883544922
1.51361083984
1.41973876953
1.43469238281
1.65838623047
1.34954833984
1.40325927734
1.39581298828
1.21911621094
Repetition end
1
Repetition start
1.01275634766
1.18450927734
1.18450927734
1.59429931641
1.84857177734
1.66766357422
1.66766357422
1.62353515625
1.91143798828
1.68438720703
1.70111083984
1.91271972656
1.86285400391
1.81573486328
1.56439208984
1.67633056641
1.45318603516
1.44671630859
1.44671630859
1.52270507812
Repetition end
1
Repetition start
1.20867919922
1.27349853516
1.27349853516
1.51483154297
1.74456787109
1.74456787109
1.99597167969
2.07659912109
1.68432617188
1.62475585938
1.61907958984
1.94049072266
1.81286621094
1.75134277344
1.56488037109
1.61224365234
1.32690429688
1.29559326172
1.29559326172
1.20178222656
Repetition end
1
Repetition start
1.16302490234
1.60089111328
1.08758544922
1.59216308594
1.46643066406
1.58251953125
1.67706298828
1.67706298828
1.65478515625
1.74255371094
1.58642578125
1.58642578125
1.68127441406
1.68127441406
1.50286865234
1.46722412109
1.46722412109
1.53466796875
1.23864746094
1.33526611328
Repetition end
1
Repetition start
1.26800537109
1.91339111328
1.91339111328
1.68511962891
1.8017578125
1.74420166016
1.74420166016
1.95837402344
1.75219726562
1.91015625
1.78668212891
1.78375244141
1.78375244141
1.55853271484
1.64025878906
1.47778320312
1.41711425781
1.48309326172
1.36614990234
1.19989013672
Repetition end
1
Repetition start
1.06573486328
1.36199951172
1.25305175781
1.75415039062
1.75415039062
1.71710205078
1.82202148438
1.85534667969
1.6064453125
1.63836669922
1.57598876953
1.55487060547
1.52893066406
1.53161621094
1.40625
1.50622558594
1.40582275391
1.45922851562
1.40100097656
1.25152587891
Repetition end
1
Repetition start
1.43255615234
1.43255615234
1.52337646484
1.61932373047
1.81909179688
1.81909179688
1.72796630859
1.72796630859
1.55755615234
1.73797607422
1.61016845703
1.48583984375
1.54998779297
1.45922851562
1.5498046875
1.49224853516
1.53961181641
1.53961181641
1.46697998047
1.36138916016
Repetition end
1
Repetition start
1.37170410156
1.41772460938
1.64007568359
1.64007568359
1.63006591797
1.75054931641
1.94006347656
1.94006347656
1.66857910156
1.73980712891
1.53033447266
1.49749755859
1.74444580078
1.74444580078
1.23809814453
1.60186767578
1.60186767578
1.57940673828
1.52569580078
1.43927001953
Repetition end
1
Repetition start
1.49523925781
1.49523925781
1.53637695312
1.90466308594
2.00122070312
1.46722412109
1.82659912109
1.76348876953
1.76348876953
1.76348876953
1.67681884766
1.44580078125
1.38909912109
1.38909912109
1.43615722656
1.43615722656
1.41912841797
1.41906738281
1.49597167969
1.53607177734
Repetition end
1
Repetition start
1.72912597656
1.72912597656
1.9736328125
1.81188964844
1.75500488281
1.92401123047
1.67218017578
1.74841308594
1.63604736328
1.51654052734
1.68701171875
1.63598632812
1.50616455078
1.4453125
1.4453125
1.4453125
1.28466796875
1.36895751953
1.22674560547
1.22674560547
Repetition end
1
