Repetition start
0.832543685428
0.777375016949
0.777375016949
0.912708120666
0.890506173874
0.979954447874
0.979954447874
1.09146130921
1.0113722915
1.22212558876
1.18587272603
1.28318429814
1.20486200642
1.43102412201
1.20334189955
1.20334189955
1.08733242651
1.02207079843
1.09953810967
0.947132773768
0.947132773768
0.974151821178
0.838065118115
0.739114402255
0.739114402255
0.739114402255
0.739114402255
0.870317108615
0.870317108615
0.870317108615
0.848582061023
0.967951466635
Repetition end
1
0
0
Repetition start
1.16527164469
1.10257903669
1.10257903669
0.97645766077
1.14191167746
1.1675546065
1.1675546065
1.1675546065
1.20748794119
1.20748794119
1.19832527787
1.10598975464
1.10598975464
1.10598975464
1.10598975464
1.27764795338
1.31082206145
1.2168917795
1.11979579056
1.03797864135
1.03797864135
1.03797864135
1.09504448377
1.05694526857
0.881323108701
0.881323108701
0.898012203644
0.730885845584
0.730885845584
0.490912519326
0.729858000315
0.89096798483
Repetition end
1
0
0
Repetition start
0.907741581121
0.858561963507
0.917576568102
0.917576568102
0.984446693262
1.06499477744
1.11009829744
1.23139469185
1.38522211898
1.38522211898
1.38522211898
1.12583525103
1.20659210185
1.12831662299
1.12831662299
1.34007203546
1.20377882927
1.17657380783
1.05487041477
1.03255021787
1.03812722548
1.03812722548
0.900493593183
0.900493593183
0.900493593183
0.899937799245
0.884825466566
0.884825466566
0.856846527285
0.761303874276
0.761303874276
0.778229309659
Repetition end
1
0
0
Repetition start
0.843259814713
0.843259814713
1.08545690303
1.08545690303
1.17621428573
1.17621428573
1.36988344734
1.36988344734
1.26412564964
1.26412564964
1.26412564964
1.26412564964
1.25203522757
1.25203522757
1.21331856038
1.21331856038
1.40936627147
1.17868105796
1.24030858967
1.21955154116
1.07833049205
1.07833049205
1.07833049205
1.06850091042
1.01915201537
1.01915201537
1.01915201537
1.01211875387
0.991601196283
0.863468208178
0.95495726985
0.95495726985
Repetition end
1
0
0
Repetition start
0.843658424635
0.843658424635
0.843658424635
0.843658424635
0.834162981084
0.961009257436
1.1643868081
1.1643868081
1.0894296673
1.19872323712
1.19872323712
1.29961888757
1.29961888757
1.15523258114
1.24906389381
1.26290853548
1.11357042506
1.11357042506
1.09457940432
1.05172394013
1.05172394013
0.971717183909
0.971717183909
0.971717183909
0.977656647949
0.977656647949
1.02616118951
0.778148096002
0.778148096002
0.913817915023
0.913817915023
0.913817915023
Repetition end
1
0
0
Repetition start
0.777380817814
0.777380817814
0.777380817814
0.660526155071
0.660526155071
0.80075016194
0.916998827649
0.916998827649
1.03304129056
1.0727030291
1.14521267529
1.29655464364
1.33323350889
1.33323350889
1.44614626703
1.44614626703
1.44614626703
1.36063377701
1.36063377701
1.36063377701
1.24391099886
1.20378742312
1.11226874537
1.07834261101
0.981904731755
1.03631652548
0.999995684242
0.895242972196
0.880702852777
0.739098006277
0.739098006277
0.77459474166
Repetition end
1
0
0
Repetition start
0.811291768302
1.05010530293
1.05010530293
1.20564309174
1.20564309174
1.20564309174
1.20564309174
1.15793629865
1.17485343883
1.17485343883
1.40961852217
1.31010772749
1.42380426986
1.42380426986
1.32475644563
1.28201717721
1.08420592269
1.08420592269
1.08420592269
1.08420592269
1.03940415681
1.03421074134
1.0722116429
1.0722116429
0.962794645374
0.9512462254
0.792191215841
0.792191215841
0.703338850138
0.64786591961
0.64786591961
0.64786591961
Repetition end
1
0
0
Repetition start
0.894514412701
0.876437666533
0.876437666533
0.876437666533
1.07680654763
1.09120054628
1.09120054628
1.0403368349
1.0403368349
1.10413591118
1.04483718885
1.04483718885
1.34168762834
1.34168762834
1.30325702237
1.30325702237
1.24983432834
1.19727689791
1.11065964296
1.11065964296
1.0686850496
0.983413311676
0.983413311676
0.975869384844
0.945834167632
0.804629173295
0.804629173295
0.727516970203
0.727516970203
0.727516970203
0.618172770555
0.618172770555
Repetition end
1
0
0
Repetition start
0.79536046528
0.79536046528
0.86434441903
0.936399103529
1.1222686808
1.1222686808
1.17218838157
1.39914792546
1.39914792546
1.23618210025
1.37580057431
1.37580057431
1.25895698824
1.25895698824
1.25895698824
1.27944843472
1.27944843472
1.19476102748
1.19476102748
1.19476102748
1.19476102748
1.12967965584
1.11620930215
1.11620930215
1.02410488718
1.02410488718
0.924410086276
0.924410086276
0.88402469297
0.714388274915
0.714388274915
0.714388274915
Repetition end
0
0
0
Repetition start
0.818475489698
0.818475489698
0.818475489698
0.926095323766
0.926095323766
0.93469089619
0.93469089619
0.954787202224
0.954787202224
1.11428293539
1.09204472883
1.09204472883
1.2427372076
1.2427372076
1.30827889427
1.30827889427
1.30827889427
1.20316255344
1.20316255344
1.20316255344
1.28510210393
1.28510210393
1.16278998215
1.13611931251
1.02463021739
0.985470778755
0.997573458448
1.00266757017
0.97310975238
0.960080425552
0.960080425552
0.914393179736
Repetition end
0
0
0
