Repetition start
1.55029296875
0.812927246094
1.09747314453
1.13391113281
1.47570800781
1.55676269531
1.82318115234
1.70367431641
1.64965820312
1.89154052734
1.82568359375
1.73669433594
1.69976806641
1.64080810547
1.62469482422
1.64752197266
1.64752197266
1.49603271484
1.14868164062
1.24255371094
Repetition end
1
Repetition start
0.838745117188
1.384765625
1.46649169922
1.32873535156
1.32873535156
1.58081054688
1.74969482422
1.64318847656
1.77825927734
1.77825927734
1.84692382812
1.71697998047
1.60076904297
1.61859130859
1.46203613281
1.64367675781
1.57366943359
1.57366943359
1.54376220703
1.28790283203
Repetition end
1
Repetition start
1.09838867188
1.04724121094
1.26080322266
1.45257568359
1.69573974609
1.76281738281
1.76281738281
1.59936523438
1.73455810547
1.67419433594
1.75225830078
1.70452880859
1.65600585938
1.58428955078
1.57757568359
1.44671630859
1.49267578125
1.49145507812
1.49145507812
1.41644287109
Repetition end
1
Repetition start
1.06762695312
1.11566162109
1.31707763672
1.16223144531
1.73291015625
2.07220458984
1.80212402344
1.80212402344
1.72485351562
1.71496582031
1.65167236328
1.71203613281
1.55053710938
1.35009765625
1.56481933594
1.37384033203
1.40600585938
1.46826171875
1.27941894531
1.27941894531
Repetition end
1
Repetition start
0.873046875
1.11761474609
1.16851806641
1.38415527344
1.61260986328
1.93786621094
1.47857666016
1.75549316406
1.83666992188
1.89501953125
1.97009277344
1.7451171875
1.60821533203
1.65838623047
1.73681640625
1.54650878906
1.42614746094
1.50811767578
1.55737304688
1.55737304688
Repetition end
1
Repetition start
1.11047363281
1.02398681641
1.12603759766
1.57543945312
1.57543945312
1.25860595703
1.36096191406
1.56500244141
1.47619628906
1.60522460938
1.83374023438
1.69854736328
1.82800292969
1.65789794922
1.63299560547
1.58294677734
1.24627685547
1.34838867188
1.45166015625
1.19903564453
Repetition end
1
Repetition start
1.01947021484
1.17242431641
1.39782714844
1.36376953125
1.560546875
1.369140625
1.54431152344
1.74505615234
1.56628417969
1.90777587891
1.87274169922
1.68499755859
1.58819580078
1.87438964844
1.46466064453
1.28784179688
1.39324951172
1.12438964844
1.44323730469
1.37347412109
Repetition end
1
Repetition start
1.25225830078
1.54974365234
1.25915527344
1.74536132812
1.638671875
1.638671875
1.85540771484
1.80731201172
1.77685546875
1.703125
1.60559082031
1.81799316406
1.71228027344
1.65954589844
1.54058837891
1.46459960938
1.3046875
1.3046875
1.16229248047
1.16229248047
Repetition end
1
Repetition start
1.14752197266
1.15075683594
1.35864257812
1.45263671875
1.64099121094
1.63531494141
1.63854980469
1.75799560547
1.86956787109
1.66619873047
2.02020263672
1.697265625
1.92193603516
1.50396728516
1.48913574219
1.63616943359
1.55169677734
1.17077636719
1.26312255859
1.30480957031
Repetition end
1
