Repetition start
1.03912119054
1.12676621909
1.01332157161
0.940439723309
0.990352971501
1.05712871067
1.03152627206
0.850057499094
0.702482388151
0.721643083029
0.721164602144
0.761512116991
1.05175244641
0.990361350381
0.920663726847
1.19416704957
1.38759911356
1.24506053422
1.33236995429
1.40080108506
1.36626224817
1.26758300651
1.01050948261
0.942909775291
1.03771866216
0.878615481705
0.933895535155
0.8238524328
0.703636325244
0.936634814866
0.858595034639
0.909070533895
Repetition end
1
0
0
Repetition start
0.87570009366
0.753217740997
0.753217740997
0.743281799995
0.874506623952
0.9972240916
0.9972240916
0.891634713817
0.891634713817
0.999313127909
0.995164823281
1.47455677671
1.44431642283
1.44431642283
1.26136203276
1.26136203276
1.29769228553
1.27150312167
1.27150312167
1.27150312167
1.34383364628
1.17377583202
0.944804435345
1.03675557691
1.03675557691
1.00803324958
0.994480977882
0.994480977882
0.889292060415
0.852694852213
0.922768364037
0.922768364037
Repetition end
1
0
0
Repetition start
0.806460676834
0.90824350657
0.79874896611
0.720649350235
0.720649350235
0.907288361365
0.907288361365
1.05625499874
0.934176644112
0.974663094624
1.21743161774
1.21743161774
1.50247093546
1.50247093546
1.34497132494
1.367919896
1.367919896
1.35246889366
1.29249576348
1.21986095522
1.08974932532
1.07271193508
1.12066291878
1.01576971527
1.01576971527
1.01576971527
0.878793645639
0.878793645639
0.882531463147
0.882531463147
0.802480181709
0.929945230823
Repetition end
1
0
0
Repetition start
0.796289067272
0.654764964499
0.796644483678
0.918998801836
0.918998801836
1.20678680994
1.08788643533
1.08788643533
1.08788643533
1.08788643533
1.48088451124
1.45023215019
1.24799349795
1.26131098096
1.28673131568
1.28673131568
1.28673131568
1.28673131568
1.30859336568
1.19275388013
1.08627404343
0.996059276882
1.12972587808
1.12972587808
0.972047864468
0.954012572825
0.966601806767
0.866114607812
0.781850514882
0.802791558617
0.802791558617
0.802791558617
Repetition end
1
0
0
Repetition start
0.733549737372
0.733549737372
0.733549737372
0.733549737372
0.829050143369
0.895119723359
0.895119723359
1.16081490909
1.16081490909
1.07687571091
1.27717025261
1.32086189538
1.32086189538
1.34620963974
1.34620963974
1.28165366775
1.28165366775
1.30734297204
1.30734297204
1.30734297204
1.30212445973
1.27412613872
1.08869462121
1.00363901864
1.09876465748
1.00376226268
0.94548309182
0.94548309182
0.956721144668
0.811829292418
0.884065437309
0.815889354594
Repetition end
1
0
0
Repetition start
0.73116484028
0.73116484028
0.73116484028
0.73116484028
0.914159694216
0.887048336568
0.949622743294
1.16842847407
1.1087294265
1.2718665681
1.33743563663
1.30630524641
1.30630524641
1.30630524641
1.24932043856
1.24932043856
1.31719700752
1.28687688033
1.14000267205
1.14000267205
1.14000267205
0.982759006436
0.982759006436
1.03857007225
1.05958417541
1.05958417541
1.03632882302
0.974445178204
0.974915655092
0.974915655092
0.976749871398
0.967145641111
Repetition end
1
0
0
Repetition start
0.798224050541
0.89883427566
0.89883427566
0.932736114589
0.932736114589
0.932736114589
0.932736114589
1.06167996717
1.02278633369
1.07863765256
1.34567617824
1.34567617824
1.19337494117
1.25972467548
1.25586975265
1.35848845424
1.35848845424
1.35848845424
1.22090394619
1.21360350129
1.1170593435
1.1170593435
1.09844805372
1.09844805372
1.01414693604
1.01414693604
0.966648030624
0.966648030624
1.05845134734
1.00505722245
1.00505722245
0.95039212148
Repetition end
1
0
0
Repetition start
0.752161487594
0.752161487594
0.866227370217
0.866227370217
0.828143169096
0.814409410324
0.929017157868
1.0429494656
1.07135324103
1.11239889046
1.22851212415
1.22851212415
1.24083849544
1.2714943629
1.26479897358
1.29812686604
1.29812686604
1.29812686604
1.35855248796
1.15448329117
1.09813020357
1.09813020357
0.988975998786
1.02653806881
1.02653806881
1.02653806881
0.942664688331
0.942664688331
1.12250770729
1.12250770729
1.03442005934
0.974795147959
Repetition end
1
0
0
Repetition start
0.717274158723
0.717274158723
0.717274158723
0.717274158723
1.03825934281
0.934637174935
1.32625349521
1.26359985506
1.41264498777
1.41264498777
1.41264498777
1.22874980174
1.28225734119
1.28225734119
1.28225734119
1.28225734119
1.32008198131
1.27365787039
1.27365787039
1.36662060974
1.22812600014
1.22812600014
1.22812600014
1.13013833206
0.965405291111
0.982052502292
1.02872609196
0.99507683849
0.99507683849
1.08243579911
1.07533251678
1.07533251678
Repetition end
1
0
0
Repetition start
0.806301641474
0.806301641474
0.81526354165
0.826847007981
0.826847007981
0.723414137074
0.86414865354
0.958433964446
1.28664333607
1.21647291019
1.10892228339
1.32039956082
1.37080930955
1.14045163202
1.14045163202
1.29262671888
1.29262671888
1.07848245804
1.16297802396
1.06613354462
1.01472034144
0.873652271759
0.925076715568
0.925076715568
1.02859412277
1.02859412277
1.08734083751
1.00719602715
0.977474858389
0.977474858389
0.9254629759
0.9254629759
Repetition end
1
0
0
Repetition start
0.835304252136
0.835304252136
0.824663263834
0.824663263834
0.876774610434
1.20207840431
1.14757612908
1.14757612908
1.22305009672
1.30518849114
1.35093379006
1.47834888133
1.33514437221
1.41249283587
1.41249283587
1.41249283587
1.35575576321
1.23351360094
1.23351360094
1.12191018505
1.12191018505
0.948677964655
0.948677964655
0.987834395908
0.987834395908
0.921566560031
0.94281858538
0.94251694787
0.94251694787
0.901768389486
0.590565003648
0.590565003648
Repetition end
1
0
0
Repetition start
1.00984593151
1.00984593151
1.001791506
1.13136647933
1.18178966938
1.18178966938
1.31535455394
1.50683943204
1.3615835243
1.29735052772
1.37216172236
1.37216172236
1.21401115233
1.21401115233
1.21401115233
1.17416136862
0.90648071049
1.03362471988
1.03362471988
1.03362471988
1.03362471988
1.03362471988
1.03362471988
0.919553338679
0.816324626913
1.01153409775
1.01153409775
0.975577861306
0.975577861306
0.975577861306
0.854779917639
0.854779917639
Repetition end
1
0
0
Repetition start
0.957562550187
0.90463810244
1.08981838334
1.08981838334
1.08981838334
1.11595625487
1.11595625487
1.2908419638
1.2908419638
1.2908419638
1.2908419638
1.5056417397
1.5056417397
1.26702653436
1.26702653436
1.31522294978
1.31522294978
1.36352777438
1.36352777438
1.38125892292
1.38125892292
1.38125892292
1.15626681483
1.15626681483
1.15626681483
1.05269407751
1.06805412946
1.06805412946
1.06805412946
0.954679507364
0.954679507364
0.954679507364
Repetition end
1
0
0
Repetition start
0.683820180177
1.00515527433
1.00515527433
1.00515527433
1.00515527433
1.0350075543
0.896778488532
0.896778488532
1.36128468218
1.36128468218
1.33531611056
1.33531611056
1.56673705087
1.49456362876
1.39817949797
1.39817949797
1.3245499599
1.3245499599
1.10099716594
1.10099716594
0.848805577874
0.848805577874
1.08825286163
1.08825286163
0.881421960462
0.881421960462
0.881421960462
0.957109185374
0.957109185374
0.844928609245
1.03829876538
0.984405549272
Repetition end
1
0
0
Repetition start
0.984669249697
1.05420289916
0.93097265157
1.23559831108
1.07844887755
1.02008231387
1.06331279814
1.02198478192
1.0018481484
0.96002661557
1.05197791202
1.0363976089
1.00862045762
1.13980861411
1.06734563688
1.08131274836
1.08644510831
1.02572431675
1.14000713584
1.09231768045
1.09617524337
1.11942154253
0.879883119454
1.13498804568
1.32602783707
1.04487023092
1.123425211
1.18646836173
1.06332227851
1.14015608287
1.04228382445
0.986721649604
Repetition end
0
0
0
Repetition start
0.867903649973
0.867903649973
0.928200552415
0.928200552415
1.21618272214
1.29106200361
1.29106200361
1.45776068323
1.45776068323
1.45776068323
1.45776068323
1.39130415164
1.39130415164
1.4609374847
1.45195812243
1.45195812243
1.38928441194
1.38928441194
1.17178029949
1.12715349614
1.12715349614
1.03858834218
0.905877223709
0.96551963168
1.10189468367
0.90801790256
0.899613601635
0.793885654587
0.793885654587
0.793885654587
0.731548381007
0.731548381007
Repetition end
1
0
0
Repetition start
0.810363781024
0.810363781024
0.858687659136
0.945065783391
0.945065783391
1.1225845397
1.1225845397
1.2246119957
1.2246119957
1.2246119957
1.27405171413
1.26205947279
1.40417123638
1.29773046246
1.35216498177
1.35216498177
1.35216498177
1.27957297833
1.21262235331
1.08710879169
0.955210738931
1.03210974567
1.03210974567
0.96288308456
0.96288308456
0.915569469246
0.901581425691
0.68054239179
0.692033294783
0.813801314799
0.813801314799
0.813801314799
Repetition end
1
0
0
Repetition start
1.01422080941
1.18339042995
1.18339042995
0.937353138547
0.937353138547
1.13477293593
1.13477293593
1.32112895816
1.32112895816
1.32112895816
1.32615258929
1.32615258929
1.32615258929
1.32615258929
1.30693722966
1.30693722966
1.48939737385
1.44987997486
1.254942638
1.14091626459
1.07462297984
1.07462297984
1.06214672414
1.05912086693
1.05912086693
0.884740424903
0.884740424903
0.884740424903
0.861308493358
0.898884819461
0.694886004448
0.824399153234
Repetition end
1
0
0
Repetition start
0.875904354577
0.875904354577
0.924960174702
0.924960174702
1.144003727
1.06514573793
1.06514573793
1.21417295084
1.28181621496
1.29967340771
1.32483866481
1.32483866481
1.32483866481
1.32483866481
1.16372199487
1.16372199487
1.16372199487
1.36253977426
1.23316173442
1.23316173442
1.23316173442
1.17395862038
1.00449949948
1.05625585048
1.08057413387
1.08057413387
1.08057413387
1.05264582996
0.932117789808
0.932117789808
0.85661180546
0.853415681937
Repetition end
1
0
0
Repetition start
0.94133081965
1.08186994307
1.14598093563
1.14598093563
1.48152901847
1.48152901847
1.30269028648
1.22577095459
1.22577095459
1.22577095459
1.14740565065
1.19816855567
1.19816855567
1.15706333023
1.15350814924
1.12197990651
1.12197990651
1.10048991938
1.13365431617
1.02194006768
1.02194006768
1.05937789717
0.941261676118
1.11809382322
1.04429081373
1.04429081373
1.04578119399
1.02864653149
1.02864653149
1.01963062277
0.998781754839
0.998781754839
Repetition end
1
0
0
