-313 5 16256
 -312 -40 16401
 -224 -17 16305
 -302 33 16403
 -291 29 16257
 -324 94 16457
 -224 105 16224
 -282 100 16341
 -190 86 16455
 -41 -68 16337
 -379 -41 16622
 500 -543 16403
 39 -570 16240
 863 136 17498
 -1128 -650 16323
 -136 -864 15307
 -160 -1097 16721
 -1274 -23 16227
 -452 -765 15942
 -857 -935 16441
 -1883 -829 16337
 -2790 -845 16400
 -2613 -1184 16488
 -4171 -1040 16952
 -4126 -109 17756
 -3339 696 16781
 -5662 4413 15850
 -6469 5898 16652
 -2876 2921 16089
 -2355 4501 14431
 -3636 3790 15389
 -2681 3687 16606
 -3758 3780 15647
 -485 3804 15994
 -3215 5432 15254
 -3632 4805 16019
 -3490 4402 15133
 -785 4459 16510
 813 4261 18909
 -631 8363 19198
 1101 9987 12069
 733 3176 16643
 4007 3243 16705
 -698 6410 16831
 -768 5284 14859
 -1015 6034 12680
 -2643 5862 14675
 619 -1110 16143
 -3514 2193 16370
 4450 1019 17099
 -192 1507 16189
 1051 -207 15638
 -661 411 16541
 -1189 934 17515
 6216 2181 14330
 6444 2912 13626
 4397 2896 13737
 -702 1062 17448
 2523 826 17793
 2106 1566 15857
 2543 1555 15644
 1933 676 16474
 1915 651 15409
 2790 421 17581
 816 1089 18522
 -2384 4885 15437
 -106 4607 14080
 -4552 5381 14907
 -3726 6799 15962
 -8665 5568 15186
 -2818 4883 11967
 8815 -6658 21008
 -8823 4734 19621
 411 1750 16601
 737 3043 16269
 2894 3587 15587
 3709 6014 14516
 5104 6639 12526
 5687 6111 12775
 811 3712 19331
 2002 4137 16297
 2528 3579 16065
 1654 4002 16754
 431 4147 16354
 652 4733 15041
 3202 4596 16786
 -571 5968 17464
 1965 5261 16789
 3617 6424 13792
 4351 3258 14840
 4489 5480 15600
 3637 4533 16279
 3607 4841 15008
 3869 5433 15339
 2940 4676 16037
 1585 5984 15751
 2237 5648 14918
 3086 5175 15332
 1387 5787 15487
 2514 5004 16142
 2288 5327 16171
 2097 5398 16386
 2270 5738 15998
 2623 5580 15475
 2218 5811 14928
 3645 5535 14918
 3509 5337 15364
 2571 5828 16492
Repetition Start
 4123 5315 14548
 3416 5760 15108
 3537 5860 15345
 3054 5780 12294
 4156 6084 10478
 2551 8434 11194
 1182 8159 9889
 2939 6008 12407
 2351 7584 14235
 -2716 6151 14511
 288 6162 16137
 -2656 6506 19877
 -2567 6282 19659
 -4230 5105 19506
 -1177 5524 19747
 -169 6219 24026
 -570 3364 22020
 -954 5119 22067
 616 7793 18400
 1605 8861 14649
 2781 8596 13076
 3205 9849 12994
 1847 8815 11117
 1829 7876 12553
 2651 7811 11369
Repetition End
1
 3698 9370 8073
 3275 7884 4510
 2132 8285 7314
 2951 6761 7173
Repetition Start
 840 9544 9089
 3251 9091 13038
 2341 8782 14191
 2946 8960 12668
 556 5154 21130
 -2471 6680 21673
 -1162 4652 21650
 -94 6039 20916
 2719 9822 19196
 3561 8668 19437
 3199 8144 18119
 2894 6358 16849
 3368 6053 16031
 5365 7062 13881
 880 7120 12889
 2341 8985 13147
 4339 7477 9015
Repetition End
1
 1850 9769 5563
 460 7578 7338
 1506 11940 6528
Repetition Start
 4043 7854 5954
 872 9186 8618
 5133 7063 12409
 551 9782 11519
 675 6273 14984
 2459 7718 16111
 641 7703 22803
 4446 8966 19105
 3723 8659 22758
 2453 5262 23533
 1594 8100 20272
 4520 7337 16597
 1659 7505 15628
 3677 8229 12711
 5457 7585 13198
 2487 9577 12439
 3277 8125 10574
Repetition End
1
 3963 8851 7759
 3074 8052 6505
Repetition Start
 1539 8121 6882
 3003 8745 6909
 2644 8896 6412
 865 9956 8616
 3281 9034 11088
 1755 8357 15777
 4036 5752 17084
 4013 9264 22691
 4068 8410 21229
 2279 7884 22432
 1718 4957 21272
 971 6615 20672
 18 7373 19638
 3663 7421 18173
 2687 6014 17223
 1786 9231 15760
 2328 7858 12137
 3095 10257 13329
 4532 9314 10665
 3248 7741 8339
Repetition End
1
 1739 10555 7205
Repetition Start
 2923 6107 8288
 1059 9174 7882
 3775 5961 7581
 3057 10255 8140
 2907 8695 14365
 4845 7832 17569
 -829 9258 17046
 3555 7549 21930
 512 6321 20642
 1195 7887 22910
 3054 7316 21282
 2081 7865 21952
 3957 6986 18260
 1036 6059 17894
 4059 7479 15984
 2940 5568 14447
 3665 7630 13531
 3246 8616 11722
Repetition End
1
 2776 6927 9497
 7118 7007 7810
Repetition Start
 1059 8741 6715
 3154 5965 10108
 2451 8643 8459
 6424 5839 7112
 2651 9707 13110
 4274 6788 15168
 3636 8195 18593
 383 7960 21405
 3690 3461 21911
 2474 7926 19863
 1545 6866 20347
 2628 6749 21609
 2310 8245 19965
 2665 6680 18265
 1573 9453 15676
 2315 7789 15576
 3985 7845 14536
 1574 9903 13948
 1176 8877 12325
Repetition End
1
 2288 8602 8913
 4137 9291 6553
 3047 8168 7674
Repetition Start
 2152 7885 7929
 2700 8455 5611
 1664 8204 8328
 2398 9813 11151
 6352 10081 13952
 4110 10135 17185
 3639 10273 18549
 -2615 8815 20828
 3998 10393 18095
 3721 11514 19410
 4050 10206 20167
 4153 11345 18535
 3110 11084 17909
 2147 7434 14130
 3720 10108 12707
 4592 11756 12176
 1107 11720 13063
 1529 11211 11325
 1803 9975 11323
Repetition End
1
 3387 8676 6952
 3273 8773 5789
Repetition Start
 2536 6052 8266
 2963 7459 6001
 3967 9381 5187
 1330 12012 9871
 284 11132 11431
 4935 7947 16652
 2826 8121 18154
 2950 8010 20793
 3725 7142 20679
 3176 11669 21360
 1089 5692 20101
 3443 8806 19351
 1184 7897 15677
 3323 7733 14715
 1852 7253 13359
 4370 8199 13926
 3977 8086 13876
 4481 8635 14410
 4862 11020 13750
Repetition End
1
 4177 9346 10070
 4684 9506 5683
Repetition Start
 935 7751 9661
 4023 7176 8394
 1636 8193 7209
 3969 8835 7349
 697 8205 10680
 2171 8886 14008
 4197 8960 19674
 3330 7395 17146
 3342 9056 18252
 3275 6916 19738
 3858 7293 19227
 2846 4415 21251
 3907 7001 20477
 2502 9355 18306
 229 6652 17715
 2845 6917 15637
 2683 8468 14546
 3689 10949 12753
 2736 9685 12394
 3465 9583 11866
Repetition End
1
 5599 9384 11184
 5121 8835 7461
Repetition Start
 1868 7948 6805
 3075 8100 8303
 1795 9501 4973
 3451 9666 6938
 2359 8158 9036
 2876 11246 15143
 4503 7404 17087
 3229 9409 19854
 2454 8532 21925
 2037 6217 19966
 3035 6948 20644
 2037 5028 21471
 1783 8076 19795
 3656 5337 15979
 3572 10761 15329
 2907 9638 14443
 4009 9699 13631
 4696 9936 11614
 2097 8193 14003
 2256 9591 12203
 3705 9680 12621
 3186 11040 10335
 3618 9061 3585
Repetition End
1
 3921 6080 9231
 2823 8205 8363
Repetition Start
 4231 5844 8836
 4272 10475 9335
 7930 7139 12349
 -1344 10569 15709
 1969 7684 17383
 4071 8179 18458
 4704 8773 19201
 -556 6535 18182
 4814 9784 22363
 1860 4575 20016
 -863 9736 22507
 3680 9299 17689
 2555 7652 16256
 5032 9445 14340
 3906 7317 14423
 2560 8820 11876
 3364 8534 13127
 2394 10292 13333
 1913 8386 11683
Repetition End
1
 4626 9410 8836
 2988 6897 8033
Repetition Start
 3576 8462 9626
 1586 10025 6411
 3960 9504 6659
 5547 7853 10198
 1775 9120 14274
 3706 9782 14526
 5202 10302 16869
 2259 8051 15601
 5168 9223 18492
 4157 9411 17310
 5304 3711 17982
 5105 8113 19975
 5294 6064 18942
 4261 6502 17868
 4044 9138 15612
 4894 8657 15429
 2153 7338 15667
 3023 7709 14146
 6601 8880 14552
 -572 9770 14924
 876 10434 13287
 2756 9422 10530
Repetition End
1
 2235 9681 8420
 2811 7812 10341
Repetition Start
 3826 8686 11758
 4162 9350 12336
 3266 9289 13238
 4334 9276 12752
 4808 10490 14089
 3153 8913 14124
 5171 7812 14132
 1977 6864 12145
 3805 6059 14768
 -440 8592 16310
 2309 7844 13490
 4046 10734 13394
 219 6917 17635
 -1481 7529 15812
 914 8377 13440
 7215 14437 17015
 2014 9713 13881
 2720 10733 15216
 2575 5136 16249
 3393 4335 14490
 3684 4783 15332
 4656 5278 16170
 3436 7562 14181
 4283 7472 14860
 -97 5914 15425
 2598 6853 15806
 -131 5276 15669
 302 6698 15874
