Repetition start
0.665971665036
0.904487155232
0.938927854542
0.938927854542
0.830865329637
0.830865329637
0.830865329637
1.27844278785
1.27844278785
1.27844278785
1.3160207634
1.42494703213
1.42494703213
1.15955900945
1.15955900945
1.15955900945
1.28366474517
1.34390420362
1.34390420362
1.26971021271
1.26971021271
1.26971021271
1.26971021271
1.1739508379
1.1739508379
1.09138186249
0.952960824898
0.952960824898
1.04848376895
1.0030434348
1.0030434348
0.802272824047
Repetition end
1
0
0
Repetition start
1.15488426154
1.15488426154
1.15488426154
1.35743618141
1.28061871125
1.28061871125
1.28061871125
1.10183221816
1.20066660046
1.20066660046
1.37252019654
1.30353071274
1.30353071274
1.30353071274
1.30353071274
1.29344546038
1.29344546038
1.29344546038
1.29344546038
1.15195902528
1.15195902528
1.15195902528
1.15195902528
1.08740039101
1.08740039101
1.02978463894
0.981959820155
0.981959820155
0.981959820155
0.981959820155
0.981959820155
0.910068163886
Repetition end
1
0
0
Repetition start
0.633401790614
0.927473680108
0.92780003767
0.92780003767
0.92780003767
0.958701517379
0.958701517379
0.958701517379
0.958701517379
1.08980680218
1.08980680218
0.906790666602
1.10338288918
1.25841060776
1.25841060776
1.29644751828
1.27548303021
1.34684566225
1.34684566225
1.22963406696
1.22963406696
1.12070533789
1.00029076879
1.00029076879
1.00029076879
0.992678638985
0.992678638985
1.02228465742
1.02228465742
1.08118540104
1.08118540104
0.891542424375
Repetition end
1
0
0
Repetition start
0.425852524628
0.80197169045
0.861682838269
1.01798922752
1.01798922752
0.947831433214
1.05980585003
1.06582824707
1.45963901428
1.45963901428
1.45963901428
1.13175554294
1.13175554294
1.33838348638
1.33838348638
1.30032278121
1.30032278121
1.30032278121
1.38090997547
1.2107760091
1.2107760091
1.19307348351
1.03427017544
0.925667260794
0.925667260794
0.925667260794
0.998147586138
0.97292078205
0.876159753006
0.876159753006
0.885962716422
0.885962716422
Repetition end
1
0
0
Repetition start
1.03630947078
1.15677116866
1.22235447691
0.304287115536
0.304287115536
1.13210420828
1.13210420828
0.955409981113
0.955409981113
1.01088282579
0.962750734223
1.13528541111
1.07418257219
1.2051622077
1.06424407656
1.06424407656
1.2820698816
1.2820698816
1.23399771133
1.21806617345
1.0871716046
1.12521749785
1.11389720173
1.02592186745
0.986564277479
0.997221192723
0.997221192723
0.833405854626
0.833405854626
0.833405854626
0.626852874228
0.48517820843
Repetition end
1
0
0
Repetition start
0.860045228042
0.87819819858
0.88492770742
0.906885659972
0.906885659972
1.22493763529
1.22493763529
1.08051334739
1.08051334739
1.08051334739
1.08051334739
1.18707131817
1.25787099116
1.25787099116
1.25787099116
1.28151413765
1.34261770143
1.24794520679
1.24794520679
1.21150463421
1.0939131564
1.0939131564
1.08897831097
1.08897831097
0.995136371237
1.00964101063
1.00964101063
0.973434600244
0.905810089054
0.709247577037
0.709247577037
0.709247577037
Repetition end
1
0
0
Repetition start
0.783865436946
0.969007650076
0.969007650076
0.969007650076
1.16944891456
1.16944891456
1.16944891456
0.955260856092
1.15903451584
1.19054028981
1.19054028981
1.19054028981
1.19136412812
1.19136412812
1.19989817164
1.19989817164
1.23971835387
1.23971835387
1.4171157181
1.07004886534
1.0637067733
0.966357054033
0.966357054033
1.05095438789
0.978239307869
0.978239307869
0.951473761948
0.910500582038
0.910500582038
0.747388552532
0.747388552532
0.747388552532
Repetition end
1
0
0
Repetition start
0.8904927076
0.89462667481
1.00022380902
1.10233416651
1.15076581766
1.41325134121
1.41325134121
1.41325134121
1.17387499216
1.17387499216
1.41510424915
1.17325466798
1.2282358421
1.2282358421
1.1393660381
1.1393660381
1.1393660381
0.898885965372
0.898885965372
1.09136610968
0.926710790842
0.926710790842
1.02356751723
1.02356751723
1.02356751723
0.943705299879
0.943705299879
0.943705299879
0.965149167019
0.965149167019
0.922651202538
0.922651202538
Repetition end
1
0
0
Repetition start
0.914587988557
0.914587988557
1.03576976301
1.08740197547
1.08740197547
1.1919515925
1.1919515925
1.15593727335
1.15593727335
1.25147513282
1.25147513282
1.21502946158
1.21502946158
1.21502946158
1.21502946158
1.17867479688
1.17867479688
1.20946456943
1.20946456943
1.26108301905
1.26108301905
1.08803663353
1.08803663353
1.10297298255
1.10297298255
1.05480849314
0.897038274119
0.909614782575
0.977645473805
0.977645473805
0.977645473805
0.87546144605
Repetition end
1
0
0
Repetition start
1.04099471731
1.04099471731
1.04099471731
1.14978961433
1.14978961433
1.12612420113
1.12612420113
1.32276674576
1.32276674576
1.42613411025
1.12962396042
1.28052934436
1.23992653278
1.0797427331
1.0797427331
1.13295436333
1.13295436333
1.07059239814
1.07059239814
0.970416270342
0.960595616721
0.960595616721
0.960595616721
0.960595616721
0.936250119706
0.852236491954
0.852236491954
1.02458576767
1.02458576767
0.967194901039
0.967194901039
0.967194901039
Repetition end
1
0
0
