Repetition start
1.00015554299
1.00015554299
0.96147637842
0.96147637842
0.880340854932
0.754608091971
0.753748173027
0.908652629158
0.908652629158
0.952768401758
0.898979978984
0.983931360108
1.08185853337
1.08185853337
1.3195142082
1.18877729625
1.18826225248
1.18826225248
1.38399651318
1.38399651318
1.36561105304
1.31576489919
1.2342294912
1.2342294912
1.2342294912
1.09929206905
1.09929206905
1.1196033593
0.989797539073
0.838310634386
0.838310634386
0.828492184424
Repetition end
1
0
0
Repetition start
0.709247054417
0.965619339201
1.2050012969
1.2050012969
1.02344542602
1.35861447178
1.35861447178
1.35861447178
1.14324666541
1.24326388489
1.25858792843
1.25858792843
1.25858792843
1.28188791183
1.2818189512
1.16699023067
1.16699023067
1.16699023067
1.05375808808
1.05375808808
1.05375808808
1.09203006356
1.09203006356
1.09203006356
1.04504361736
1.04504361736
1.04504361736
0.970936066062
0.970936066062
0.970936066062
0.801026957893
0.801026957893
Repetition end
1
0
0
Repetition start
0.735125001452
0.735125001452
0.735125001452
0.783653771754
0.834569172107
1.05391139863
1.05391139863
1.05391139863
1.17512230928
1.13806258073
1.37178957772
1.37178957772
1.37178957772
1.25289065091
1.34251719995
1.34251719995
1.27239818521
1.27239818521
1.27239818521
1.16096472426
1.17485646382
1.09416714275
1.00731930198
1.00731930198
1.00731930198
1.01817291581
1.00450940141
1.00450940141
0.966043731876
0.966043731876
0.966043731876
0.828402106239
Repetition end
1
0
0
Repetition start
0.697621412358
0.697621412358
0.697621412358
0.786709428276
0.786709428276
0.955555605352
0.955555605352
1.0085533971
1.0085533971
1.21862039886
1.21862039886
1.04572376784
1.44303377658
1.28863579739
1.28863579739
1.26929739045
1.26929739045
1.29425828424
1.25294132629
1.25294132629
1.16423128972
1.16423128972
1.12241138059
1.12241138059
1.0509171398
1.0509171398
1.05877422364
0.918900507971
0.823879818585
0.823879818585
0.817748998382
0.817748998382
Repetition end
1
0
0
Repetition start
1.04321706688
1.04321706688
1.04321706688
1.04321706688
0.992766164633
0.983612497513
0.983612497513
0.983612497513
1.36158338614
1.22725542049
1.22725542049
1.33601618279
1.33601618279
1.33601618279
1.33601618279
1.33601618279
1.35616146548
1.293121725
1.10035499038
1.10035499038
1.10035499038
1.10035499038
1.16086254391
1.16086254391
1.16086254391
1.16086254391
1.11598390989
0.942719443881
0.960960670905
0.768957849061
0.768957849061
0.768957849061
Repetition end
1
0
0
Repetition start
0.619784883387
0.730844133484
0.730844133484
0.884379205677
1.08660772793
1.2789188205
1.2789188205
1.2789188205
1.43109899816
1.43109899816
1.43109899816
1.35019885989
1.35019885989
1.40719058714
1.29455302956
1.28240697802
1.28240697802
1.24641623554
1.24641623554
1.24641623554
1.24641623554
0.968141553139
1.05135241482
1.05135241482
1.05135241482
1.05135241482
1.05135241482
0.97834139927
0.97834139927
0.97834139927
0.97834139927
0.928431600284
Repetition end
1
0
0
Repetition start
0.564730912462
0.749879819957
0.75095563594
0.787168841328
0.787168841328
1.04762142708
1.03966290114
1.03966290114
1.23584319875
1.45519166158
1.45519166158
1.32210315089
1.33718335607
1.33718335607
1.18748255453
1.18748255453
1.18604812364
1.18604812364
1.18943979854
1.12658413312
1.12658413312
1.12658413312
1.07987599611
1.00597657567
1.00597657567
1.06187952732
1.02827858727
1.02827858727
1.02827858727
0.882685266036
0.882685266036
0.882685266036
Repetition end
1
0
0
Repetition start
0.63606496021
0.63606496021
0.688001455231
0.688001455231
0.688001455231
0.74291741969
0.929075506477
0.929075506477
0.929075506477
1.01703125359
1.09728930405
1.09728930405
1.28790894247
1.28790894247
1.26247013087
1.26247013087
1.46142795434
1.46142795434
1.25499142574
1.29101152896
1.11716100688
1.11716100688
1.07405594199
1.03218257886
1.03218257886
1.03218257886
1.02226176321
1.02436004074
0.96653493743
0.96653493743
0.81728633644
0.81728633644
Repetition end
1
0
0
Repetition start
0.494008917464
0.644941222688
0.799748985857
0.799748985857
0.841839424173
0.841839424173
0.893910390377
1.090360753
1.090360753
1.090360753
1.09819518126
1.34518942973
1.3820248505
1.39123606115
1.39123606115
1.36796363326
1.18062752572
1.18062752572
1.18062752572
1.13646866646
0.989433186417
0.989433186417
0.989433186417
1.05601624217
1.12712901873
1.12712901873
0.963211211252
0.919988441489
0.888760792822
0.888760792822
0.778735355294
0.778735355294
Repetition end
1
0
0
Repetition start
0.921159161242
0.921159161242
0.921159161242
1.12131597895
1.2635785117
1.2635785117
1.2635785117
1.4126461204
1.4126461204
1.4126461204
1.3643078259
1.3643078259
1.28933111629
1.28933111629
1.20289456031
1.20851766856
1.20851766856
1.1697037132
1.05614697882
1.05614697882
0.990764838872
0.990764838872
1.0123479389
1.0123479389
1.0123479389
1.00417672495
0.89018126359
0.89018126359
0.89018126359
0.909087814622
0.878016458027
0.878016458027
Repetition end
1
0
0
