6448 7015 6950
 6482 7652 6260
 6741 8251 5801
 4921 8723 6021
 4611 8869 5715
 5563 8334 5474
 5872 8196 4545
 6608 6500 3295
 -82 7654 5133
 3792 12486 178
 2172 12507 -880
 186 11512 -1257
 808 11063 -2011
 553 12288 -3288
 1548 12448 -3663
 917 12289 -316
 4377 9183 1823
 4709 9206 4987
 6263 8225 5774
 6700 7791 5544
 6270 7938 5397
 6275 7680 5181
 6437 8076 5539
 7579 7547 5857
 7043 6947 5822
 6183 8391 5437
 2929 10039 5586
 -761 11010 5424
 -443 11122 5307
 -746 11320 4813
 -196 10925 4912
 -56 10830 5758
 229 11736 6033
 1422 9599 5316
 3389 8876 5546
 5702 10884 4197
 3946 10761 4209
 1838 10106 5324
 4191 7104 5853
 3141 5124 6492
 1130 2791 10385
 -3233 1640 15809
 -3680 1275 17312
 -3366 -1847 15956
 -2634 -4395 15575
 232 199 16354
 -4251 4191 16396
 -3949 4699 20030
 410 7011 15704
 -1454 3799 15891
 2765 1735 14993
 7314 -9798 16114
 6603 -5040 12796
 8996 -3953 13473
 8160 -441 12876
 6137 174 12806
 5961 902 12840
 -2768 -1594 19023
 2731 -7436 19608
 -3228 -5343 16644
 -9201 -3331 15020
 -6121 -1606 15947
 -2773 -4607 20048
 -2057 -4615 17161
 502 -1936 16158
 7783 -438 13013
 4244 -1630 15334
 4728 -864 14516
 4811 -861 14285
 6000 -1467 14008
 5916 -607 13898
 6506 -1175 13229
 6758 -1126 14008
 4313 -1759 14784
 10 -3492 15529
 5818 -2071 20317
 -2148 -574 12902
 -2488 3428 15470
 -2186 548 17263
 -6343 -1413 19865
 -7157 -4041 16771
 -10377 1571 13051
 -250 3948 10991
 -3527 -11205 20468
 719 -2090 16332
 3150 414 16005
 8787 629 12262
 5290 -2721 9338
 -3873 -2365 18241
 6003 -323 15595
 58 -2662 16308
 2421 -2627 17078
 -350 1572 16519
 -1747 -1022 15669
 -734 -471 16631
 39 677 16431
 1453 600 16239
 2523 -668 15983
 2462 27 16184
 3456 172 15882
 -349 1706 11175
 6493 -4433 21006
 -1936 2773 17020
 2101 -1100 15906
 1128 -1541 15361
 2325 958 15608
 2126 1433 15212
 1144 723 15358
 1305 361 15903
 1276 769 15898
 950 626 15291
 1314 1219 16092
 1162 780 15490
 1239 901 15737
 1109 1091 15749
 2068 877 15431
 1449 518 15350
 1005 1194 14061
 1944 1306 12782
 875 1398 12545
 -43 113 12405
Repetition Start
 -789 1192 13472
 1221 3225 16881
 879 3675 19064
 -545 -791 17466
 840 1250 18969
 271 -610 21541
 283 -1452 21652
 -85 -688 19069
 -97 -577 17121
 328 -340 15533
 -98 410 13104
 -542 1074 15180
 6076 1772 9786
 336 1310 13172
 626 1561 14003
Repetition End
1
 2107 1199 15525
 59 1289 15513
 1030 1558 14052
 370 2342 13581
 1432 1530 12010
 905 488 12830
 -2065 1421 14079
Repetition Start
 2443 -423 17037
 102 1631 18325
 134 -238 18728
 -624 2101 20316
 2168 719 18468
 -12 341 17827
 -927 -1621 21695
 -572 -1200 20341
 -194 -725 18908
 -1066 -302 16834
 1127 -685 14699
 486 -301 13728
 34 1703 13472
 5603 1633 10115
 1025 1167 17012
Repetition End
1
 1578 1438 15192
 1268 1670 15811
 118 1530 14340
 273 2226 12453
 -1323 2127 11252
 242 997 13084
Repetition Start
 -1789 1022 15523
 -2167 2124 17288
 -892 2828 18503
 562 3396 19079
 -737 1247 18842
 -53 2530 18250
 -691 2446 19517
 -37 -137 20918
 -452 -617 17700
 -300 -439 17509
 -836 150 17268
 1411 -543 13842
 -675 1514 13040
 -1063 2748 11873
 963 1472 12769
Repetition End
1
 305 783 16460
 1060 1919 14525
 1595 1900 13759
 343 936 12027
 -328 677 12047
 438 416 13506
 197 -403 14612
Repetition Start
 2299 1229 17393
 -2451 1640 17071
 1802 1166 19115
 567 -417 19504
 1410 275 19018
 939 -103 19717
 822 908 18855
 -210 -578 19117
 87 -455 17416
 -1012 890 15290
 -1388 844 14588
 -673 781 12943
 2361 765 11867
 517 1340 12291
Repetition End
1
 1316 952 14950
 1746 1473 13851
 1559 1625 12857
 22 1452 11503
 2443 1155 12773
Repetition Start
 -1220 1490 14505
 -683 1464 15729
 637 1896 17889
 1245 1306 19700
 1581 -1261 18495
 582 -613 19975
 2238 262 17622
 1353 -925 20753
 749 -1097 19048
 153 -676 18178
 -2033 -195 16759
 -1456 32 15884
 73 817 14086
 -2309 1495 13655
Repetition End
1
 3243 930 13930
 -1446 1251 14240
 525 1103 15404
 573 1808 15685
 918 593 14408
 -233 577 12672
 365 1683 11612
Repetition Start
 86 1647 14942
 -1333 1752 15312
 -434 1584 18175
 3810 233 17293
 242 882 19365
 -216 -315 19310
 242 684 19358
 -95 374 20334
 180 -227 19905
 137 -227 18564
 -796 125 17211
 -980 62 16595
 577 513 12336
 1146 488 11647
 -853 2272 12058
Repetition End
1
 -650 1874 14125
 94 2002 15148
 1102 1480 15562
 1365 1607 15051
 548 1620 13125
 837 1163 12986
 -935 1389 11279
 -847 1579 13835
Repetition Start
 1994 1733 16535
 2987 765 17729
 -769 -500 18180
 -738 297 19578
 949 -601 19184
 157 -619 19641
 -243 -40 20962
 272 -1672 19802
 -1903 -1492 17769
 147 -905 18482
 -603 -513 16402
 -2248 478 12714
 -711 1997 12644
 -557 1866 12262
 -2555 4911 13530
Repetition End
1
 1794 2196 15356
 858 1550 15754
 1403 2435 14725
 1564 2271 13060
 431 1609 12286
 -449 2220 13054
Repetition Start
 -1877 1717 15123
 1028 970 15917
 -1267 1459 18325
 -1302 2761 18566
 -2298 1444 19399
 -411 797 19500
 190 275 20212
 -118 510 20485
 351 -202 19038
 -300 -509 16310
 -49 1024 13567
 866 642 13772
 -251 1322 14201
 -202 1760 10417
 1323 1025 13185
 1120 1309 14727
 468 1807 14363
Repetition End
1
 -272 1487 14950
 -1098 1084 12705
 1304 650 11639
 -1837 1278 14426
 1300 1579 18247
Repetition Start
 719 34 17672
 43 638 19388
 -2233 235 17842
 91 417 20013
 868 1049 20882
 276 66 18414
 72 221 18606
 -254 -735 16644
 -1539 1896 16919
 14 1568 14182
 -1193 1601 14685
 -696 2524 10523
 -1700 2605 12249
 684 1451 15038
 1287 3057 14842
Repetition End
1
 1220 2649 15683
 1182 2240 14389
 195 1502 11953
 -1235 1977 11077
 923 898 14058
 2057 160 18058
Repetition Start
 3377 520 17454
 380 1274 17485
 -375 92 19622
 330 -746 18412
 -851 581 20536
 17 177 19033
 1174 337 19945
 1219 -1228 17529
 411 -1273 17720
 611 -898 17407
 -39 -103 15145
 209 -83 15024
 446 1163 11683
 1908 -708 12437
Repetition End
1
 3258 90 14864
 -754 979 16230
 382 1110 15307
 863 465 15406
 -494 860 15793
 -89 469 16176
 -745 233 15612
 -2482 -2068 14283
 380 139 16162
 1260 2131 15812
 333 2807 15511
 1583 751 15079
 -1071 711 15339
 2226 1770 16103
 1196 -760 16170
 2581 -1046 14349
 2266 460 17028
 1690 -450 14602
 441 390 16205
 1062 -677 18173
 -1235 635 18329
 -701 5426 15952
 -3473 7586 12445
 -1904 7395 10594
 -2411 8939 9634
 -1328 8953 9551
 -1327 8698 8791
 2270 9273 8284
 2900 8512 5505
 4178 8915 4202
 3896 9415 3930
