6279 8660 13775
 5986 8813 13709
 5799 9088 13597
 5582 9216 13530
 5667 9276 13606
 5557 9436 13492
 5846 9543 13407
 5645 9953 13243
 5327 10122 13247
 5379 10274 13044
 5100 10400 12812
 5130 10569 12889
 5057 10459 13059
 5045 10486 13067
 4831 10542 13156
 3895 10735 13289
 3697 11376 13109
 3147 11523 12746
 2639 11810 12781
 1981 12076 12729
 1960 11896 12441
 1661 11842 12430
 2432 12078 12542
 5707 10307 12027
 4474 12940 11685
 4375 13412 11799
 5641 13076 11049
 6275 12722 10656
 6444 12188 10416
 6321 12022 10591
 6387 11583 11335
 6502 10931 11809
 6126 10525 12519
 5202 10156 12816
 4788 10999 12807
 3843 12741 11720
 5599 15004 9921
 4542 15832 9230
 4322 15472 8655
 3965 14953 8999
 2602 14699 9344
 2510 14412 9703
 2237 13373 10640
 3251 12650 11793
 4700 11955 12054
 3884 11095 12949
 5710 10763 12963
 5578 10905 12642
 5284 11069 12471
 5301 10875 12675
 4743 11064 12947
 5184 11056 12758
 4412 11662 12737
 3803 11017 12789
 5704 10413 12326
 5428 10036 12696
 6897 10138 12932
 6401 10038 13146
 3531 11304 13309
 3430 11087 13506
 4500 10144 13758
 4041 9827 14029
 8028 9284 12560
 6591 10391 12541
 4551 10886 12461
 4573 10964 12803
 4903 10570 11774
 6836 9721 12452
 5280 8250 13055
 5886 10264 13021
 -1020 10736 15096
 1343 7364 15111
 -2378 5839 15848
 -1450 5893 15906
 -1989 6516 16536
 -1702 5249 16746
 -1910 4249 15819
 -1329 4278 15425
 -1217 4853 14559
 -1074 4617 14520
 -57 4284 14781
 1584 3830 14209
 839 2724 14761
 1837 2009 15911
 -235 2141 17978
 699 1768 17107
 2560 1655 16983
 3055 1278 16827
 1378 -1101 17501
 4260 -643 15184
 5083 1350 14414
 3682 -1203 16769
 5698 -4777 19502
 1068 2056 15121
 3843 -193 15174
 3281 -653 14136
 5578 -1770 15698
 3628 -2134 16185
 3898 430 16241
 8754 3065 14837
 6713 6307 15046
 7354 7020 14233
 9605 6142 13282
 7692 4228 13893
 7532 5607 14629
 6501 5105 14401
 6467 5143 14290
 5564 3443 15432
 551 6880 19890
 5253 5000 17399
 1008 3194 16198
 2864 5858 17873
 76 5212 15845
 -1667 7066 12556
 -4015 7812 13053
 8220 366 16950
 -2137 4038 16489
 2991 5380 15988
 2171 5536 16143
 2948 5859 15414
 3470 5877 15326
 3367 5876 15841
 3562 6270 15587
 3868 6703 15389
 3682 6688 15325
 3786 6650 15014
 3724 6589 15095
 3696 6836 15364
 3604 7194 15357
 3385 6964 15197
 4367 6506 14963
 3282 7311 15275
 3544 7206 15114
 4884 8208 14345
 3645 7527 15380
 4517 6321 15235
 5432 4484 14466
 691 9278 15887
 4159 8499 16627
 2125 5482 15083
 641 5657 15410
 4340 5296 14390
 2932 7625 16657
 3515 7655 15400
 4746 7119 15293
 4698 8325 15485
 3565 7803 14506
 3985 7942 15099
 3985 7733 14813
 4350 7860 14992
 3608 7493 14742
 3673 7706 14998
 4166 7397 15085
 3789 7912 14101
 3764 7624 12906
 4853 8085 11080
Repetition Start
 2651 9546 8748
 4513 9251 8759
 74 7965 13204
 -494 9265 14384
 683 8070 14532
 3366 7852 15786
 2270 8772 18102
 -1285 6754 17948
 -1722 7744 18484
 2684 12349 19170
 3049 8861 20120
 3643 9912 22059
 3271 8952 19254
 3376 8725 16903
 4173 8558 15185
 4869 9650 14039
 3973 7096 14830
 3863 9478 11936
 2239 8029 9317
 3442 10270 5163
Repetition End
1
 3434 7407 5726
 2063 10247 7165
 5070 9306 6460
Repetition Start
 4878 10592 6803
 1833 9617 10080
 2380 9546 18536
 1086 8137 19331
 4506 8799 19378
 2453 8354 20905
 3108 8734 19379
 1943 9337 20050
 2364 6182 23483
 3119 7807 20799
 3469 8253 17252
 4005 8695 15732
 4320 9092 14381
 4963 7315 14649
 3655 8823 13944
 3914 9209 10268
Repetition End
1
 3730 8689 4119
 4305 7573 2172
Repetition Start
 3652 9605 6592
 4109 8933 5537
 4160 10702 10846
 3699 12278 11888
 2947 7021 14226
 2285 8349 14050
 1909 8098 18068
 866 9820 24373
 280 7289 19669
 993 5920 23037
 2554 7792 21307
 2899 6246 20620
 2755 7019 17875
 2076 7578 16411
 2035 7785 16134
 2182 9035 13704
 1339 10293 13085
 3110 8199 10140
Repetition End
1
 6937 7958 3177
 1360 6533 5935
Repetition Start
 3462 8993 8912
 3678 7844 7409
 2808 9393 11967
 2112 11765 13611
 306 7302 17994
 -2079 9000 19581
 2207 8190 19873
 1550 7185 19487
 3436 7350 22554
 1697 5330 25616
 4203 7958 20888
 3388 8438 18156
 2103 7724 16963
 4140 6616 14854
 4840 6699 14402
 7637 6979 12383
 6290 8565 10653
 4982 7752 4793
 639 7619 3481
Repetition End
1
 4717 6573 10833
 4054 10676 7026
Repetition Start
 1193 10059 7856
 -2629 12039 10490
 3344 6589 12273
 6172 7957 17659
 5089 6012 18399
 3321 4861 21815
 4030 7793 21353
 2518 5833 22470
 1716 4785 22860
 2519 4922 21275
 4161 6908 18411
 3324 7022 17429
 4007 9598 15623
 6343 8784 13172
 4387 8305 12537
 4268 8244 12109
Repetition End
1
 3410 8481 6597
Repetition Start
 4404 7539 1411
 358 7766 10705
 5463 8582 6404
 276 8677 9975
 5831 10979 11311
 1686 9958 12798
 836 8702 15144
 1749 8242 16795
 6686 8245 16915
 7677 7693 22564
 5313 4882 22647
 3913 5838 21197
 2391 6846 19674
 1594 8288 17712
 4319 8049 15043
 4040 8150 14601
 4673 8913 13075
 3689 9712 12001
 2334 9019 9396
Repetition End
1
 3370 9100 3337
Repetition Start
 419 8874 4608
 4394 10170 6585
 3578 8079 7673
 2136 11102 6538
 1387 8216 13114
 2457 8300 18394
 865 10187 16900
 4169 10019 22873
 3626 3306 21559
 3565 8553 22328
 1429 6460 23518
 3131 7542 20942
 3764 8226 18129
 2616 8744 15037
 4008 9047 15280
 3107 9526 14267
 2517 9228 12334
 3251 8779 10345
Repetition End
1
 307 7872 9597
Repetition Start
 5060 10508 2385
 3413 4985 9536
 3862 10606 6558
 2698 8373 8320
 3562 10255 15008
 4975 9891 15770
 1540 10426 18987
 4567 8684 20916
 7092 4928 19572
 5336 8117 18438
 -898 11807 23998
 2761 7932 22337
 2374 9460 19262
 4249 9192 14846
 5291 8039 12590
 1245 10730 16682
 3870 9321 16008
 3002 10580 11485
 1360 9369 9649
Repetition End
1