Repetition start
0.94398101717
0.94398101717
1.10067623584
1.33660256691
1.33660256691
1.26195029889
1.3698833712
1.3698833712
1.3698833712
1.3698833712
1.27437616343
1.39313848518
1.39313848518
1.503872305
1.503872305
1.19122388257
1.15954701164
1.15954701164
1.15954701164
1.05795573437
1.03546783148
1.03546783148
1.03546783148
1.05729426088
1.05729426088
0.834425318287
0.834425318287
0.84624338183
0.897531568884
0.897531568884
0.897531568884
0.689800806966
Repetition end
1
0
0
Repetition start
0.71963922289
0.71963922289
0.71963922289
0.79725599998
0.79725599998
0.929300798806
0.929300798806
0.954240882486
1.22267993319
1.032096454
1.032096454
1.53542374569
1.53542374569
1.51997458014
1.42516823877
1.360393351
1.360393351
1.25870044387
1.25870044387
1.19073846738
1.19073846738
1.08003940651
1.08003940651
1.05628669967
1.05628669967
1.20698803605
1.20698803605
1.20698803605
1.20698803605
0.866275073218
0.889459399376
0.889459399376
Repetition end
1
0
0
Repetition start
0.722546275251
0.750907133289
0.850565149117
0.850565149117
0.768417981215
0.768417981215
0.927317961549
0.927317961549
1.13816726948
1.00188060037
1.18684439851
1.18684439851
1.18684439851
1.08859911129
1.08859911129
1.40829657537
1.06105242143
1.27804008367
1.38900843028
1.38900843028
1.38627097328
1.26516378647
1.02894901101
1.02894901101
1.02589594606
1.02589594606
1.07586027955
0.943431890951
0.904798636256
0.904798636256
0.904581303285
0.740407369927
Repetition end
1
0
0
Repetition start
0.741036290236
0.793793819844
0.727017993072
0.781318249106
1.10560718586
1.2487549318
1.47075989476
1.4705376513
1.15549138191
1.15549138191
1.24413125291
1.24413125291
1.19358989219
1.19358989219
1.27553718449
1.27553718449
1.17600973102
1.17600973102
1.09266214426
1.02387423515
1.02387423515
1.13345674578
1.13345674578
1.07956091999
1.07956091999
0.940846654766
0.850554083524
1.02632732114
1.02632732114
1.00140475535
0.795003760242
0.795003760242
Repetition end
1
0
0
Repetition start
0.687700277656
0.932251649891
0.932251649891
0.835358706754
0.913714030673
1.28868035663
1.31399999208
1.31399999208
1.18418256667
1.18418256667
1.37506589948
1.35754507178
1.35754507178
1.33193414787
1.33193414787
1.32210042336
1.230736275
1.210253213
1.15581430461
1.15581430461
1.05607347551
1.05607347551
1.05607347551
0.994789071313
1.049041428
0.966476896105
0.966476896105
0.966476896105
0.966476896105
1.04518713214
0.922946852351
0.76067977375
Repetition end
1
0
0
Repetition start
0.701957254817
0.701957254817
0.960417455585
0.960417455585
0.960417455585
0.874537452136
0.874537452136
0.930991828578
1.34311072812
1.34396265809
1.49362115993
1.41820187531
1.41820187531
1.28960728693
1.28960728693
1.06260865371
1.06260865371
1.15309079412
1.18652522554
1.13627391973
1.07688070101
1.10259518172
1.10259518172
1.0435807954
1.0435807954
1.0435807954
1.08663146226
1.01097090709
1.01097090709
1.02827830469
0.926003501869
0.968575900338
Repetition end
1
0
0
Repetition start
0.746889045017
0.712287901484
0.934463528758
0.971884333084
1.06769179839
1.44157949947
1.20435733971
1.34950541083
1.28144798552
1.10136230658
1.05900178063
0.947750673284
1.26440506291
1.18102280725
1.10353164155
0.983277490522
0.83091455392
1.02177845093
1.13452598451
1.21891056434
1.18443012273
1.06551454627
1.14000250049
0.998430057208
0.988180619043
1.12495957905
1.00725291855
1.09601208552
1.11235309358
1.12364000828
1.09438515511
1.01619565961
Repetition end
0
0
0
Repetition start
0.970181340262
0.970181340262
0.853109920197
0.853109920197
0.988503476364
0.988503476364
1.10999806799
1.13270017297
1.13270017297
1.16638140955
1.16638140955
0.891731190111
1.10680245766
1.10680245766
1.24684393881
1.24684393881
1.45667076509
1.45667076509
1.41436757043
1.41436757043
1.30999816715
1.30999816715
1.16491903724
1.16491903724
1.16491903724
1.16491903724
1.17143547399
1.00470584909
1.00771833135
1.1436919253
1.1436919253
1.00873023579
Repetition end
1
0
0
Repetition start
0.860761968906
1.1283082203
1.1283082203
1.00556002486
1.10948751443
1.10948751443
1.3085846559
1.3085846559
1.07463480088
1.22391717686
1.22391717686
1.11878609493
1.11878609493
1.26480340192
1.26480340192
1.26480340192
1.26480340192
1.18605426727
1.36557032991
1.36557032991
1.01745652517
1.05539512385
1.05539512385
1.11420266185
1.11420266185
1.01173205533
1.01173205533
1.03247184329
1.01483788801
0.956821299899
0.984719830999
0.984719830999
Repetition end
1
0
0
Repetition start
0.92036098278
0.90992991658
1.15721889767
1.08275521844
1.29516329032
1.31301177072
1.16940868885
1.31824369135
1.31824369135
1.31824369135
0.994812770024
1.00692329435
1.20995140072
1.20995140072
1.19206871782
1.11492215578
1.11633079533
1.10528971095
0.994105870552
1.06288523562
0.839848498398
0.945383016068
0.945383016068
1.07500776618
1.03787682581
1.04103413471
1.04174711711
1.07370099508
1.01910227853
1.01910227853
1.02568036663
1.11318461517
Repetition end
1
0
0
