Repetition start
1.07736871634
1.15549894536
1.15549894536
1.2663995998
1.2663995998
1.2663995998
1.25043501735
1.25043501735
1.25043501735
1.26264424527
1.26264424527
1.26264424527
1.19445947521
1.19445947521
1.19445947521
1.02794481325
1.02794481325
1.02794481325
1.05955428186
0.883982326389
0.883982326389
0.883982326389
0.889248206248
0.838484284805
0.838484284805
0.838484284805
0.838484284805
0.712937933515
0.712937933515
0.712937933515
0.771387922318
0.926536384877
Repetition end
1
0
0
Repetition start
0.962669323915
1.06474102397
1.1656419724
1.1656419724
1.23842612331
1.23842612331
1.14082871865
1.21989949591
1.21989949591
1.21989949591
1.21989949591
1.23446689034
1.23446689034
1.23446689034
1.20471030144
1.20471030144
1.07554039368
1.07554039368
1.07554039368
1.07554039368
0.978743418145
0.868101096257
0.868101096257
0.868101096257
0.868101096257
0.868101096257
0.862885917575
0.723429508453
0.723429508453
0.723429508453
0.723429508453
0.703564879786
Repetition end
1
0
0
Repetition start
0.934259207434
0.934259207434
1.03536456909
1.05676436625
1.07606036895
1.07606036895
1.07606036895
1.25958687897
1.11897386603
1.11897386603
1.1452513763
1.1452513763
1.2700828381
1.2700828381
1.2700828381
1.09900619266
1.01989545565
1.01989545565
0.984770916611
0.984770916611
0.984770916611
0.984770916611
0.858993707947
0.858993707947
0.858993707947
0.890999951407
0.691039462242
0.741557039216
0.741557039216
0.790189610815
0.790189610815
0.790189610815
Repetition end
1
0
0
Repetition start
0.926275871629
0.926275871629
0.926275871629
0.960649202876
0.960649202876
0.960649202876
1.13945853997
1.06853049092
1.06853049092
1.06853049092
1.06201882546
1.09764183449
1.10589825135
1.14288181768
1.14288181768
1.21699105087
1.21699105087
1.21699105087
1.00774189051
0.983522176297
0.983522176297
0.983522176297
1.0083788419
1.0083788419
0.922698435114
0.809330135008
0.756705372531
0.756705372531
0.596576194716
0.596576194716
0.596576194716
0.596576194716
Repetition end
1
0
0
Repetition start
1.02830206301
1.14943976685
1.14943976685
1.08069483653
1.08069483653
1.15869151074
1.10369031924
1.10369031924
1.10369031924
1.10369031924
1.18940755447
1.18940755447
1.18940755447
1.19497569644
1.08616420897
1.08616420897
1.01017647544
1.02545177822
0.934636345885
0.934636345885
0.921476862086
0.921476862086
0.921476862086
0.844522833098
0.844522833098
0.844522833098
0.844522833098
0.844522833098
0.675157107176
0.675157107176
0.675157107176
0.745852106718
Repetition end
1
0
0
Repetition start
0.963978176432
0.963978176432
1.07861605463
1.07861605463
1.07861605463
1.11521026231
1.11521026231
1.11521026231
1.11521026231
1.11521026231
1.14135414001
1.1438038145
1.1438038145
1.0941258551
1.0941258551
1.08270261607
1.08270261607
1.23445570507
1.23445570507
1.14264761885
1.14264761885
0.979119769159
0.979119769159
0.979119769159
0.979119769159
0.979119769159
0.927909772254
0.864812453151
0.864812453151
0.866777514293
0.852474275729
0.802245764056
Repetition end
1
0
0
Repetition start
0.888656209451
0.888656209451
0.830028884774
0.830028884774
0.830028884774
1.06780186181
1.11904275177
1.11904275177
1.15228124869
1.10188250087
1.06833731648
1.06833731648
1.06833731648
1.06833731648
1.13681684149
1.13681684149
1.12892978637
1.15864911748
1.15864911748
0.956596162728
0.956596162728
0.956596162728
0.956596162728
1.10534588599
1.10534588599
0.942512910391
0.905648568378
0.905648568378
0.905648568378
0.892322230229
0.892322230229
0.892322230229
Repetition end
1
0
0
Repetition start
0.975017706698
1.02885535577
1.11810063511
1.11810063511
1.14286584899
1.14286584899
1.14286584899
1.14286584899
1.14286584899
1.12013979775
1.21058362128
1.18599359747
1.18599359747
1.18599359747
1.00977919033
1.00977919033
1.09700841045
0.997588546983
0.997588546983
0.997588546983
0.918817786957
0.918817786957
0.837353596506
0.837353596506
0.920964207328
0.920964207328
0.920964207328
0.920964207328
0.736631803853
0.663735718825
0.663735718825
0.663735718825
Repetition end
1
0
0
Repetition start
1.0736377133
1.0736377133
1.0736377133
1.0736377133
1.0736377133
1.0339529295
1.16444801021
1.0885768914
1.0885768914
1.16984398317
1.16984398317
1.16984398317
1.16693359451
1.16693359451
1.09101602443
1.00991978382
1.00991978382
1.00991978382
0.89409252094
0.89409252094
0.89409252094
0.967263677398
0.967263677398
0.893653243003
0.894278861343
0.894278861343
0.894278861343
0.894278861343
0.690619532965
0.690619532965
0.562274112645
0.562274112645
Repetition end
1
0
0
Repetition start
1.0059922251
1.0059922251
1.0059922251
1.05827023958
1.05827023958
1.22220499956
1.22220499956
1.22220499956
1.22220499956
1.22220499956
1.21283518162
1.12838637779
1.12838637779
1.17731754556
1.17731754556
1.12213073017
1.12213073017
1.12213073017
1.12213073017
1.12213073017
1.12213073017
1.05273456963
0.98043790328
0.98043790328
0.961321071892
0.922839413921
0.922839413921
0.922839413921
0.947129696011
0.595090848479
0.873538039124
0.873538039124
Repetition end
1
0
0
