-2861 1884 14717
 2330 4945 13300
 4675 10028 14104
 2594 9602 13060
 -407 5500 13682
 9306 -135 12771
 8175 -5082 17900
 10361 -850 6833
 12539 -2565 8982
 8753 -830 11337
 6439 -2349 10592
 6428 -2096 12960
 2328 3853 16018
 -5866 -1559 20871
 423 -2786 16438
 -7132 694 17435
 -2933 -2085 14128
 -5451 3224 17028
 -6130 -1891 15216
 -3552 1393 16922
 10670 -3200 16627
 1994 -38 17245
 -710 -2425 14945
 -2110 -5319 17775
 -41 -6886 19206
 -5839 -3638 18140
 -3645 4889 17164
 1921 996 13958
 738 1773 15940
 -2304 2839 16615
 65 2539 14492
 277 2664 14521
 -857 2961 14597
 59 5286 14535
 -1093 4570 15137
 129 2914 15075
 -9245 2013 20496
 2071 -783 15799
 -654 1959 16383
 643 4281 12505
 -5006 1212 19197
 1140 -2781 18365
 -1470 -5374 17118
 3006 -4205 14455
 1968 -2908 16018
 6495 -3756 13378
 6846 -3464 12472
 8370 -2793 12903
 7416 -2933 12624
 6894 -2473 13364
 9644 -112 14145
 4627 -2999 13298
 4924 -3412 13911
 6354 -2135 17085
 3955 -2587 17022
 593 -1883 15901
 -11081 1172 12774
 -3886 1488 18044
 -8317 4435 17683
 2790 -1895 17468
 -873 -2456 13639
 6993 542 12054
 3484 -730 16589
 5817 1167 15371
 2692 1550 15568
 4311 584 15072
 10238 114 9150
 -201 -2230 12750
 -6395 -4958 21243
 -1564 1078 18446
 -5678 2186 14435
 -1540 136 15601
 1034 89 15575
 2327 977 15808
 2310 993 14921
 1115 -89 16314
 2193 -136 13615
 6594 2145 14607
 682 861 16659
 1669 328 15877
 1360 224 15262
 2948 693 14443
 2589 1186 15592
 1747 1648 15436
 1106 1120 15102
 1094 960 12701
 1785 1404 11932
 150 283 12705
 1897 2394 12466
 623 2560 14197
Repetition Start
 715 1534 17147
 243 2046 19412
 826 1915 21236
 530 1797 23238
 189 1330 17991
 2075 -514 19948
 472 -261 17644
 1186 -1505 17572
 620 -596 16444
 951 749 15126
 1231 1442 14310
 524 4512 9678
 434 2354 9441
Repetition End
1
 1605 2500 12954
 603 2559 10535
 2069 796 11904
 225 2889 15519
Repetition Start
 -297 2439 16883
 401 2251 17739
 2312 1054 18355
 229 1028 19675
 1899 1100 19438
 2353 403 19717
 1455 692 18873
 966 76 15436
 3105 -390 16800
 1625 886 13903
 3241 1143 12291
 -676 2688 9531
 -76 2386 10455
Repetition End
1
 1000 1676 11430
 4359 2481 11506
 271 1563 15145
 1180 1833 15717
Repetition Start
 2247 2043 16831
 348 1757 17227
 899 1759 18079
 479 41 18457
 810 -591 22580
 1757 1193 18724
 1598 -578 17824
 1009 -52 16005
 -1535 1802 14603
 -1133 2534 15734
 -1235 2450 12636
Repetition End
1
 2579 1281 12585
 -1768 2088 9755
 2248 1951 13928
 1778 2706 9861
 3233 3473 12293
Repetition Start
 -3652 2991 13822
 -940 2482 17044
 -374 3729 17883
 1537 1117 18348
 -2354 1741 18494
 1735 158 20667
 -840 772 19769
 1007 -274 18256
 222 369 17573
 -1104 -244 17425
 -279 1364 13924
 1091 1281 16100
 -126 852 14927
 -1887 3327 12227
 1423 -220 12238
Repetition End
1
 572 1230 12724
 942 1929 10538
 439 1931 12898
 2071 1223 15371
Repetition Start
 1325 2606 16226
 -469 2391 17402
 -2651 2670 19159
 -720 2883 20653
 674 16 20219
 -121 1006 18959
 -212 548 19583
 678 2145 17450
 1144 992 17697
 1513 1552 15696
 -1328 1528 13134
 810 2372 13348
 952 2769 10511
Repetition End
1
 1110 1795 10064
 2814 1836 11240
 263 3052 10945
 -243 2967 11933
Repetition Start
 -47 2693 15148
 -605 3184 16815
 3106 4087 16176
 1955 4403 19809
 3123 1749 18234
 38 3870 19738
 2898 495 19125
 2991 1367 18054
 1599 -373 17518
 837 903 15316
 1537 653 14932
 593 1859 13943
 2305 2900 13973
 -2409 4737 10596
Repetition End
1
 1902 3524 11062
 1946 2248 11219
 1852 4217 10815
 586 1707 10642
Repetition Start
 1044 1461 14247
 -784 4155 17169
 373 3035 17071
 -998 1720 15419
 -12 1657 20111
 -915 3280 19321
 419 2134 19680
 1443 590 19538
 498 547 17908
 889 -497 16900
 -139 87 16242
 1619 1282 15071
 1419 1568 14788
 993 1279 15095
 1788 3812 11245
 877 1279 10110
Repetition End
1
 3230 1336 11559
 2395 1416 11669
 2487 1807 11574
Repetition Start
 -1379 3507 15440
 -1465 2419 16716
 -76 1639 17347
 -168 1946 18067
 709 -368 19140
 -793 2969 18568
 -890 850 20454
 -549 1326 20854
 75 1100 19588
 -2185 -230 18342
 -586 -505 17091
 -1309 133 15188
 -2381 1364 14196
 -841 2314 13555
 -1896 2623 11243
 -568 588 10334
Repetition End
1
 1750 1930 12286
 -892 2133 11306
 -180 2159 11444
 -273 1781 14517
Repetition Start
 503 1485 16770
 929 1837 17876
 -603 554 18220
 453 1401 18850
 -143 1521 18628
 201 942 18448
 1965 -222 20518
 544 536 18756
 -550 708 17271
 179 1202 16238
 1075 43 16392
 -458 1015 15008
 -199 353 15234
 27 1631 14821
 110 3538 9179
Repetition End
1
 1828 1542 14192
 2176 1600 10794
 632 2399 10917
 -2302 3070 13097
Repetition Start
 2000 2387 15463
 532 2519 17461
 -99 1599 17223
 -455 2351 18105
 2512 478 18613
 3033 1600 16908
 984 1239 17929
 338 1579 18854
 1597 2016 16659
 358 864 17217
 -2065 -222 17310
 906 -1455 16167
 411 375 15985
 -2416 2964 14158
 -1593 3641 13280
 997 5120 10700
Repetition End
1
 -1481 1327 14711
 1755 2491 12872
 397 4658 16811
 1182 2856 15478
 530 2842 16392
 -1529 258 15486
 -2585 -495 15907
 -1094 -201 17464
 -1071 5100 17100
 -1866 1718 16624
 27 1124 14882
 5486 8238 17839
 -2964 322 17859
 -456 -3798 17686
 -1222 -3438 18940
 10091 -731 12414
