Repetition start
0.705078125
0.705078125
1.06329345703
1.06329345703
0.829223632812
0.786682128906
0.796020507812
0.796020507812
0.8447265625
1.00042724609
0.839782714844
0.839782714844
0.839660644531
0.869445800781
0.727233886719
0.727233886719
0.755981445312
0.737731933594
0.739685058594
0.802551269531
Repetition end
1
Repetition start
0.837463378906
0.837463378906
0.837463378906
0.868896484375
0.868896484375
1.10845947266
0.946533203125
0.946533203125
1.02337646484
1.02337646484
0.954772949219
0.954772949219
0.998352050781
0.998352050781
0.952331542969
0.811462402344
0.811462402344
0.926330566406
0.741271972656
0.910949707031
Repetition end
1
Repetition start
0.904296875
0.904296875
0.993469238281
0.933776855469
1.0107421875
0.961120605469
0.89990234375
0.951477050781
0.94091796875
0.755432128906
0.755432128906
0.755432128906
0.755432128906
0.810974121094
0.705078125
0.863647460938
0.797241210938
0.797241210938
0.797241210938
0.797241210938
Repetition end
1
Repetition start
0.73486328125
0.927429199219
1.10357666016
1.10357666016
1.10357666016
1.03601074219
0.89453125
0.961975097656
1.08850097656
1.08819580078
1.05859375
0.897827148438
0.897827148438
0.944152832031
0.709106445312
0.709106445312
0.919921875
0.955078125
0.897583007812
0.883178710938
Repetition end
1
Repetition start
0.738952636719
0.935180664062
1.291015625
1.18579101562
1.18579101562
1.27099609375
1.04211425781
1.04211425781
1.06689453125
1.01800537109
1.13836669922
1.05603027344
0.884521484375
0.937683105469
0.995971679688
0.959594726562
0.973083496094
0.973083496094
0.909362792969
0.909362792969
Repetition end
1
Repetition start
0.849182128906
1.05828857422
0.909973144531
0.909973144531
1.07568359375
1.05078125
1.09985351562
1.09985351562
1.17797851562
1.17797851562
0.943237304688
1.08435058594
1.08435058594
0.917541503906
0.917541503906
0.965515136719
0.864685058594
0.864685058594
0.899780273438
0.876525878906
Repetition end
1
Repetition start
0.861999511719
0.799682617188
1.14849853516
1.09588623047
1.19177246094
1.19177246094
1.06420898438
1.10589599609
1.20166015625
1.25964355469
1.11889648438
0.875854492188
0.786193847656
0.786193847656
0.786193847656
0.759521484375
0.759521484375
0.865905761719
0.912536621094
0.664367675781
Repetition end
1
Repetition start
0.781555175781
0.692932128906
1.00219726562
1.00219726562
0.922241210938
0.922241210938
1.03448486328
1.15997314453
1.15563964844
1.060546875
1.060546875
1.10241699219
0.969909667969
0.736999511719
0.99853515625
0.936279296875
0.921752929688
0.91650390625
0.888671875
0.888671875
Repetition end
1
Repetition start
0.859069824219
0.860107421875
1.32781982422
1.32781982422
1.06396484375
1.11822509766
1.11822509766
1.11822509766
1.11822509766
1.52233886719
1.06604003906
1.08258056641
0.926574707031
0.945739746094
0.877075195312
0.762512207031
0.701721191406
0.694946289062
0.694946289062
0.694946289062
Repetition end
1
Repetition start
1.13458251953
1.35174560547
1.35174560547
1.29229736328
1.29229736328
1.09417724609
1.21789550781
1.21789550781
1.28674316406
1.09429931641
1.17022705078
1.17022705078
0.883422851562
1.01330566406
1.07745361328
0.876647949219
1.00073242188
1.00073242188
0.911804199219
0.946472167969
Repetition end
1
