147 -11487 10512
 114 -11388 10393
 41 -11375 10570
 86 -11278 10534
 118 -11412 10519
 4 -11260 10448
 153 -11291 10475
 101 -11311 10639
 52 -11363 10553
 115 -11268 10370
 15 -11507 10573
 120 -11671 10305
 -39 -11236 10663
 -127 -12029 9938
 80 -11735 9888
 -225 -12169 9862
 -47 -11545 10146
 -50 -11518 9931
 -12 -11742 10126
 203 -11657 10260
 -16 -11500 9845
 78 -11475 10340
 88 -11433 10300
 -151 -11974 10181
 -126 -11458 11242
 103 -10877 10815
 94 -11121 10591
 466 -11621 10758
 515 -10528 10904
 -488 -11411 11038
 -458 -11089 10645
 -180 -11015 10074
 -542 -12259 9563
 -937 -11789 10577
 -313 -11366 10192
 -372 -12040 8900
 -683 -12097 9686
 -364 -12153 9776
 -466 -11577 10452
 -280 -11669 10005
 -589 -11801 9778
 -632 -11801 9761
 -557 -11576 9834
 -497 -11548 9871
 -435 -11626 10019
 -378 -11766 9990
 -423 -11659 10173
 -426 -11623 9923
 -387 -11563 10158
 -541 -11905 9837
 -418 -11817 10280
 -1468 -12467 11160
 -500 -13572 11131
 441 -12927 11151
 1373 -10668 11132
 187 -12865 11119
 1134 -11531 15200
Repetition Start
 -2140 -8821 14960
 7366 -1612 17131
 4335 -913 15069
 4724 2031 15742
 6143 2124 14972
 5659 3206 13209
 4832 5950 15143
 4653 7307 16119
 5360 6573 14750
 4470 5942 12885
 5997 7966 14225
 5581 9135 14108
 5622 9604 12874
 5482 10959 12881
 5825 11802 10868
 6507 13528 8324
 6237 14516 7113
 6171 15110 5507
 6453 16242 4242
 6309 15263 3058
 6265 16448 1695
 5881 17759 -1129
 5734 18704 -2709
 6007 18888 -2421
 6082 19115 -1348
 5704 16850 1171
 6452 15551 4661
 5702 11613 8153
 4869 9398 10001
 4137 8515 13707
 4599 6921 14275
 3149 5537 13477
 5335 5427 13342
 3548 1254 14149
 3801 0 16760
 1731 -5758 20840
 3896 -7117 11865
 3232 -9413 7170
 2636 -15892 14485
 -1294 -12936 13091
 399 -15663 9564
 -2167 -14589 11000
 4193 -7521 14736
 4725 -3245 14026
Repetition End
1
 5743 3547 16212
 6702 2545 14654
 4195 3486 13461
 4686 7389 15793
 5870 9507 13888
 3908 8567 11314
 4592 10891 10153
 4850 13634 8625
 4864 14064 5927
 4892 14745 6438
 4730 13915 1085
 4587 17728 -872
 5243 18440 -980
 5087 20908 -8548
 5222 18872 -2774
 6633 20828 -1003
 4395 14661 1932
 4997 12918 5871
 4304 9156 12477
 4057 6637 13847
 2869 6481 12367
 4050 4704 11092
 4014 4165 15686
 3190 1484 16412
 3068 -864 15982
 1730 -4301 19869
 2690 -5890 12617
 573 -14769 11191
 220 -18311 13103
 776 -9561 10700
 633 -14018 10122
 -183 -13586 11151
 -345 -10114 11184
 575 -11099 10945
 55 -11589 11855
 262 -10351 11403
 679 -10488 11093
 1156 -9394 11639
 360 -10795 11487
 416 -9900 11961
 634 -10299 11712
 287 -10806 11229
 449 -10108 11505
 358 -10763 11193
 802 -10017 11994
 464 -10176 11650
 329 -10510 11648
 443 -10721 11455
 622 -10060 11853
 542 -10237 11697
 217 -10166 11671
 434 -10109 11815
 628 -10301 11548
 471 -10320 11717
 526 -10261 11666
 407 -10188 11737
 548 -10373 11804
 502 -10170 11800
 506 -10294 11730
 535 -10278 11730
 560 -10112 11703
 461 -10222 11851
 542 -10278 11776
 685 -10097 11739
 245 -10144 11881
 83 -10005 12110
 412 -9974 11985
 211 -9973 12129
 334 -10174 12010
 550 -10121 12021
 608 -10068 11964
 421 -10133 12071
 244 -10164 11598
 356 -9783 11782
 405 -10160 11876
 807 -9921 12026
 237 -9910 11687
 783 -9792 12199
 -26 -11526 12089
 -698 -11198 13171
 -1262 -14383 12413
 213 -14971 11771
 2228 -7655 12918
 4315 -4392 16022
 4209 1445 16947
 4722 2377 15785
 4871 6322 15914
 3896 7345 11955
 5419 8528 14151
 5304 9734 11757
 6095 10629 9091
 6324 14429 7838
 6304 13996 5293
 6431 15585 3592
 5668 16580 171
 6114 19385 -5033
 5424 20433 -4236
 5539 18767 -3180
 6267 20375 678
 5786 16934 1440
 5583 14863 4590
 4786 12697 8418
 5505 10214 10876
 4731 8238 11982
 4307 7579 13422
 2901 5717 11937
 5192 5467 17992
 3969 1397 14444
 4578 523 16116
 2824 -2606 17738
 3754 -3932 17300
 2577 -12551 10370
 268 -14012 12994
 2648 -7854 10517
 -120 -13996 12811
 -1068 -14105 10585
 -1580 -10169 11592
 -540 -11015 10617
 744 -9939 11748
 358 -10538 11505
 79 -10735 10894
 -381 -12059 10159
 -342 -12357 11330
 -471 -13023 11512
 -1135 -10484 11925
 2148 -15070 5477
 917 -6916 6376
 431 -6430 7000
 3889 -22181 32767
 188 -1225 1102
 -1277 -8747 13945
 -1882 -17294 6678
 1332 -13324 8837
 1959 -10185 10724
 878 -11297 9728
 -219 -11957 9769
 34 -12370 9370
 -764 -12121 8893
 -185 -11504 9658
 121 -12262 9605
 -70 -11986 9396
 82 -12198 9342
 117 -12264 9372
 13 -12148 9428
 -278 -12284 9375
 66 -11917 9559
 -48 -12209 9281
 0 -12223 9511
 41 -12107 9508
 6 -11994 9512
 -168 -11910 9652
 -38 -11942 9686
 -21 -11819 9882
 97 -11993 9750
 16 -11836 9835
 -75 -11901 9864
 -7 -11854 9910
 -262 -12089 9878
 21 -11870 10032
 8 -11860 9803
 91 -11817 9958
 93 -11877 9877
 -133 -11807 9919
 -100 -11936 9803
 -237 -12060 10008
 -449 -11767 10176
 -215 -11266 8855
 -1543 -14227 9439
 -1199 -15524 11133
Repetition Start
 402 -14743 12609
 6010 -853 14197
 4417 -4136 16666
 4018 -968 15443
 4573 2220 14498
 4968 4728 15088
 4796 8064 13091
 3843 8993 14623
 5548 10395 12345
 5069 10086 10478
 5599 13069 7247
 5050 13798 6080
 5316 16203 3944
 5722 18920 888
 5561 17411 -3800
 6809 19728 -4662
 4739 19647 -2702
 5788 18488 45
 4580 16115 2384
 4738 13612 6106
 4859 10444 10721
 4465 7978 12204
 4569 6839 12810
 3881 4596 10639
 4603 5139 15226
 4453 1948 16185
 4078 -1947 16274
 3085 -6264 21054
 2845 -12083 13698
 1422 -11276 6961
 -3 -14652 8170
 145 -16427 11240
Repetition End
1
 -1652 -16721 11695
 5913 -1231 14979
 3738 -2338 16558
Repetition Start
 5190 1874 15676
 4885 6402 17054
 4891 7880 13941
 4715 5996 10800
 5956 9821 11947
 5958 10569 9767
 6561 13895 7971
 5508 13644 4850
 5401 15923 1894
 5443 18672 -675
 5078 18403 -3561
 5664 21052 -7634
 4712 19898 -3421
 5940 20571 666
 5015 15659 1664
 4379 13192 6573
 3564 9606 10668
 4207 7986 12336
 2586 6397 12442
 3467 5317 11991
 4534 4837 14868
 2766 2960 17360
 3714 -621 15250
 2735 -2838 17001
 1818 -9363 18345
 2174 -12030 12730
 1653 -8057 7798
 2342 -12878 13324
 791 -14235 12059
Repetition Start
 537 -10346 8364
 -2000 -13392 9960
 -1732 -11035 11709
 26 -12872 8992
 -127 -11748 10027
 -505 -11611 10146
 -602 -12349 9228
 -981 -14146 9136
 -1577 -13723 9217
 -1308 -16769 11169
 3128 -10012 13129
 2246 -3409 16070
 4832 -1027 16884
 2569 2191 16831
Repetition End
1
 5167 4682 15874
 2710 5649 12083
 5556 7392 12988
 4591 9058 12379
 5981 10004 10344
 5858 13214 8589
 5941 14665 6847
 5791 15530 3225
 5247 17394 1286
 4835 18088 -2101
 5293 19498 -3638
 5204 19483 -4607
 6089 18282 -2202
 3983 18317 757
 5189 14619 3506
 5081 13725 8220
 4712 9291 10405
 4816 8030 12601
 3776 7151 11830
 3347 5084 12474
 4173 4023 16603
 2612 503 13756
 2354 -651 17226
 3339 -5940 20320
 1881 -14525 9736
 300 -8005 1958
 1373 -21520 10630
 8 -12113 7815
 -591 -10645 10954
 -2952 -13692 7690
 -323 -14706 10208
Repetition Start
 -3542 -20909 10238
 491 -9999 11164
 2255 -4728 15035
 4420 -1400 15541
 4974 3901 16374
 6074 2908 16287
 6273 4917 13949
 5878 7214 12151
 4917 7307 12561
 5577 11663 12579
 5548 11053 9678
 5929 14005 6711
 4892 14525 5663
 5072 15159 2770
 4806 18020 -225
 5633 18901 -1697
 5505 18755 -5094
 5371 19912 -3233
 4317 18406 -1258
 5216 17435 1314
 4672 15813 2582
 4845 13861 5668
 5110 9325 10829
 4906 7832 10241
 4208 7072 12683
 4134 3670 13488
 5014 6743 15926
 3861 912 11557
 4482 848 15671
 2836 -3224 15785
 4009 -8012 19212
 3083 -6258 6241
 -473 -18560 7209
 -940 -18872 12594
 721 -12208 9458
Repetition End
1
 -1224 -9378 10898
 -1565 -17774 9076
 -3522 -17866 11476
 752 -7082 15364
 5816 -4278 11528
 3880 1117 15740
 6187 3328 16133
 4458 3960 16034
 6013 5771 14453
 6404 8772 16081
 5275 6686 12069
 5891 9798 13014
 6197 11309 10009
 6321 12743 8533
 6376 14550 7895
 5546 13945 5929
 4961 18954 4505
 4309 17941 -2960
 6709 19961 -3126
 5464 17071 -1598
 5820 16797 506
 6289 17632 2529
 6086 16781 4180
 5063 14803 5515
 5596 12321 9226
 5711 10925 10910
 4603 8208 11606
 3380 5291 14488
 2493 4135 11672
 4568 5364 17588
 2904 1083 15015
 3294 -2535 15932
 3091 -4531 21010
 3942 -7503 8714
 691 -16811 8694
 1434 -16631 15007
 -213 -13131 8445
 -1412 -10455 11471
 -1725 -17164 10412
Repetition End
1
 -1324 -16501 14056
 328 -14556 10704
 3205 -3553 14860
Repetition Start
 2364 -3341 13534
 3188 198 14397
 4419 5684 18225
 4408 4540 15750
 4500 5905 13053
 3595 6828 14157
 4351 9686 13842
 5225 10083 12587
 5778 11960 11233
 5320 13090 8208
 5227 13897 6357
 5423 15344 4709
 5828 16431 2719
 5550 16945 -231
 5928 17951 -819
 5763 19523 -2856
 5840 19165 -1649
 5707 17388 324
 5997 18458 2122
 5678 15938 2525
 5473 15988 4937
 4846 12418 7956
 4329 8360 13017
 3976 10835 13221
 4078 8104 10806
 3770 6276 12193
 4762 3982 15094
 4558 3692 14486
 3429 -370 15207
 3398 -4009 17448
 1777 -10034 17865
 1158 -11008 7165
 1211 -11394 9374
 1739 -15338 13467
 -750 -11593 10644
 874 -11247 12575
 -1831 -13775 10505
 548 -12737 11327
Repetition End
1
 2386 -7599 15833
 4014 -5485 13655
 2144 212 16726
 2911 2816 16936
 4012 4425 15864
 4151 5157 15517
 1705 5651 14367
 3012 6975 14150
 2808 8508 13851
 4787 9984 13785
 4674 10994 11182
Repetition Start
 5212 12375 9548
 5154 13701 7875
 6276 15020 6669
 5878 15768 4359
 4991 16378 2877
 3637 16411 -346
 5174 17707 1882
 5928 19421 -2640
 5969 19371 -1395
 5971 17413 525
 6152 18805 1572
 5265 16032 2299
 5334 14003 5693
 5329 12691 10279
 5355 8739 11331
 4130 6927 13482
 3418 5599 13834
 3612 3957 12484
 4223 5170 17160
 3926 130 15135
 2608 -1188 15360
 4131 -4461 17210
 2630 -10027 16865
 2155 -14389 16395
 2881 -9428 8491
 2811 -12893 12065
Repetition End
0
 557 -15535 13102
 1579 -10825 9649
 -22 -9906 13153
 -602 -16446 9789
 -1342 -16242 11055
 -825 -11120 15421
 941 -288 13049
 5421 -1391 13978
 5512 1254 18606
 4302 2516 18416
 3294 1715 15509
 4243 4268 15165
 5376 5104 13930
 4006 7486 14371
 3378 9262 14951
 4942 7861 12573
 4146 11250 12338
 5442 11909 9540
 5211 13883 8889
 5400 14483 6864
 5686 16428 4844
 4867 17121 3385
 4535 16122 1781
 4288 16747 -1379
 4804 18969 204
 5463 18873 -2811
 5159 18676 -908
 5396 18887 1815
 5122 16166 2383
 5527 15745 4468
 4429 12740 6916
 5931 11178 10885
 5400 9475 11653
 4583 8532 12761
 4218 6744 14293
 3204 6398 16145
 3889 3723 14318
 4605 3146 16785
 4359 1656 16765
 3221 -1113 15371
 3435 -3785 17499
 3788 -8232 17550
 1429 -12045 11751
 1989 -14612 12044
 2512 -9377 11836
 880 -15131 12071
 -920 -15539 12766
 -533 -9009 12408
 4792 -3935 13607
 3998 -876 17753
Repetition Start
 4486 -1042 17518
 2747 1463 15631
 3890 4195 15360
 3616 5347 14219
 4126 8299 12941
 4500 10022 12397
 5709 10774 12000
 5252 11307 9765
 5888 12790 8595
 6081 14009 7058
 5693 15035 4998
 5948 16327 3851
 5123 16107 984
 4542 16369 -913
 5073 18494 -29
 5595 19460 -2905
 5602 18803 -1600
 5037 17543 -415
 6413 19619 688
 5394 17575 416
 5493 16048 4332
 5245 14231 7339
 6601 11003 9422
 5527 9980 10986
 3792 7708 11740
 4684 6620 14203
 4218 5896 15294
 4736 3695 15093
 6006 2085 15688
 3921 1234 16192
 3399 -1078 15425
 3725 -4512 15146
 2855 -6853 18593
 3408 -7545 12808
 2174 -8429 11965
 1983 -12273 12174
 405 -11811 10583
Repetition End
1
 492 -13506 9071
 -90 -13603 11507
 -1524 -19597 13248
 276 -9776 13347
 6130 -5859 14242
 2352 -3965 13699
 6785 -221 18309
 4004 718 15842
Repetition Start
 4744 2252 15412
 4852 6296 16025
 4532 6892 14649
 6084 8029 13350
 3215 8774 11869
 6447 11070 11761
 6033 11580 9251
 6612 13164 9008
 5927 14037 5514
 5906 16585 4170
 5115 16742 1256
 5179 18093 -379
 5149 18175 -2486
 5168 18830 -3467
 5308 18682 -1360
 5670 17559 18
 5032 17372 2150
 5644 16628 2917
 5800 15202 5390
 5550 13552 8500
 5504 10570 9082
 4366 9050 12244
 4947 7554 13059
 4493 6541 14459
 4255 4141 15174
 4067 3571 14379
 3688 2604 16631
 2957 -59 15710
 3043 -3350 15068
 2924 -6550 19196
 3455 -6671 11531
 2495 -11199 10585
 2583 -13986 13480
 2970 -11159 8941
 6 -10359 12034
Repetition End
1
 265 -13755 11085
 -3339 -17882 10420
 2619 -8976 12423
 1343 -3441 15523
Repetition Start
 4115 -2428 15956
 3220 -1563 18370
 3849 2239 14877
 1934 3361 17155
 2170 3703 17662
 2515 4188 13612
 4241 6525 13296
 4029 8741 12638
 4687 11522 11665
 5318 12114 9548
 4571 13473 8777
 5146 14348 7371
 5099 14417 5080
 5083 16163 4632
 4567 16460 1418
 3768 17796 -1136
 4635 17640 -405
 5131 19083 -4188
 5075 19014 -2127
 4792 17711 -625
 5403 19363 889
 5041 16833 1548
 5081 15682 4360
 5118 13908 7466
 5578 11222 8967
 4904 8863 11324
 3034 8147 13541
 3781 3658 13490
 2596 4536 14984
 2587 4703 15393
 3796 1879 15717
 2211 -1465 17453
 2663 -3672 14667
 3735 -7069 20271
 2681 -9442 12807
 1076 -12064 10840
 2664 -12166 9972
 1936 -12407 12299
 161 -12258 11148
 -341 -18981 12798
Repetition End
1
 -261 -14680 11530
 6051 -5925 17937
Repetition Start
 3024 -2135 14183
 4796 -1613 16350
 3646 1259 16642
 4411 2555 14620
 3939 4741 14186
 5365 6917 14181
 5563 8810 12758
 5884 10444 11787
 6249 10366 9822
 5428 12899 8568
 5572 14360 6010
 6086 16053 3488
 4888 16723 2461
 4555 16619 539
 3388 18769 -1181
 4533 19751 -4489
 4901 18618 -3689
 4691 18769 -3211
 5037 18398 524
 4546 17584 1540
 5030 16381 1773
 6208 16123 5918
 5973 13245 8167
 4608 8172 9833
 4335 7986 13766
 3613 7916 13277
 3909 6343 12176
 3863 4540 14554
 4025 4390 15091
 4423 2795 14690
 2635 207 16321
 3002 -2793 17180
 3847 -3783 14957
 3542 -11732 20729
 3859 -9129 10409
 1057 -11560 9044
 1247 -15451 9913
 2350 -12931 10011
 765 -21678 10537
Repetition End
1
 -2590 -12854 9515
 8352 -6871 16983
 5112 -4683 13336
Repetition Start
 2966 -2143 16409
 4045 1748 15855
 3139 3602 14254
 5162 5232 13991
 5149 6175 14154
 5507 8252 12397
 5685 10226 11423
 6051 11505 9895
 5305 13713 9368
 4994 13799 6970
 5791 14685 4972
 5255 16409 4487
 5085 16499 2515
 5124 16878 953
 4314 18094 155
 5511 18842 -2212
 4852 19225 -2836
 5011 18110 -1733
 5215 17376 965
 6000 17414 774
 5377 17340 4470
 6404 15508 5206
 6078 14507 6800
 5694 13153 7776
 5598 11487 9096
 5523 10952 10895
 4885 9785 13459
 3871 6819 13163
 4736 5840 14935
 3319 4758 14562
 3203 3030 14865
 4283 2146 16546
 3773 389 15281
 2700 -1421 15669
 3614 -4569 15124
 3065 -7508 20364
 4009 -10976 12996
 2866 -8794 13232
 1821 -8252 12017
 2144 -9676 13575
 2364 -9433 13896
Repetition End
1
 2044 -9192 11719
 -494 -14322 10891
 -1479 -13395 8025
 -534 -13367 8876
 -2153 -16583 10832
Repetition Start
 72 -10638 13328
 46 -6562 14593
 5627 -7058 14407
 7536 -2636 16078
 5830 -2573 15511
 5859 -104 16920
 4438 474 15252
 2661 1893 14870
 3621 4534 14658
 4042 7020 14806
 5542 8643 12736
 5140 10851 12279
 4455 10756 10738
 5347 12360 9698
 4125 13870 8600
 4639 14208 6891
 5402 15510 5349
 4446 16792 3869
 4353 16604 1755
 5266 17861 -96
 5675 18071 -190
 5303 18650 -2145
 5721 18890 -854
 5571 18154 426
 6021 17912 2035
 5389 16420 2095
 5536 16598 4341
 5408 14753 6079
 5105 13268 8861
 4754 9524 10190
 4780 8565 13242
 3779 7906 13350
 3767 5610 13419
 2956 4811 14386
 4068 4260 17215
 1438 2082 15185
 2918 1335 16776
 850 -1960 15558
 2607 -4943 16236
 1539 -8077 17904
 2222 -8114 10220
 -558 -10910 12323
 -1548 -17389 13425
 -1484 -14610 8813
 157 -17979 13866
Repetition End
1
 -3690 -15533 9044
 9659 6659 20750
 4307 -4172 14398
Repetition Start
 6222 1185 17306
 4134 1793 13801
 6193 5430 13933
 4614 6503 13402
 5221 9653 10606
 5918 11136 11090
 5651 12396 8625
 4862 13493 7383
 5612 14211 6182
 5598 16125 4463
 5181 16656 2497
 4875 17349 1178
 4014 18126 -257
 4847 19156 -1157
 4849 18674 -1863
 5279 18264 83
 4799 17508 1152
 4711 16962 1818
 5293 16449 4081
 5350 14659 6553
 4824 11763 9225
 5272 10929 10799
 4727 9868 12459
 4210 7263 14423
 3531 4864 13009
 4123 6249 12919
 4077 4535 14637
 3973 2773 17504
 2525 -601 15903
 2241 -3106 14192
 3131 -4348 18174
 2504 -11148 18587
 917 -9305 8837
 1468 -10980 12172
 2751 -13339 11659
 1299 -13262 9870
 180 -17843 10829
 -3174 -13606 12539
 3832 -4029 16928
 3085 -4784 14346
Repetition End
1
 5322 676 15687
 4971 1288 15789
Repetition Start
 4532 2265 16088
 4279 3048 16492
 4280 4081 15646
 3695 5887 14282
 4399 7711 14358
 5189 8399 13932
 5783 9482 12319
 5915 11455 11396
 6137 12916 9586
 5232 13760 8715
 5128 14558 8148
 5092 14928 6328
 4777 16674 4919
 4033 16331 3490
 4757 17112 1787
 4423 17111 -251
 4174 19309 -984
 5228 18082 -2843
 5259 18816 -1689
 5126 18687 1574
 5212 16576 965
 5042 16478 3508
 5106 14762 5957
 4713 11474 9487
 5797 10786 9569
 5422 10614 12569
 4145 7382 12698
 3793 6985 13651
 2915 6053 11970
 4850 8371 17408
 2526 4120 14869
 2364 2477 13715
 3217 1223 16564
 2980 -3534 16080
 2900 -6053 20403
 1667 -8380 13932
 1905 -9415 10899
 1711 -11581 13618
 1094 -11693 11811
Repetition End
1
 -22 -15931 12705
 -746 -13220 14086
 3113 -4519 14823
Repetition Start
 2914 -3580 15233
 4111 -46 17505
 2887 -536 15927
 3244 3152 15607
 1792 4793 16095
 3072 6058 14642
 2817 7019 13049
 4755 9173 12227
 4878 10919 12783
 4897 10887 11133
 5029 12366 9979
 5951 14391 8018
 5873 14992 6636
 5740 15076 4738
 5365 16054 4476
 5159 16495 3027
 5238 17465 1630
 5647 19022 194
 5232 19115 -868
 4579 18631 -874
 5296 18395 1352
 4637 18107 1744
 4807 15889 4416
 5033 13973 5737
 4645 12583 9918
 4614 9362 12853
 6167 6863 13217
 4368 7279 14201
 4404 6841 12726
 5027 6253 13607
 3597 4449 15893
 3778 2886 15097
 2805 453 14334
 4445 -351 17268
 3026 -1685 15911
 3615 -5987 14598
 5070 -9103 19936
 3297 -11812 9389
 1982 -12211 10894
 1967 -13581 11572
 1357 -15284 12312
 -3881 -16818 13290
Repetition End
1
 -746 -9419 12362
 10795 -4783 12510
 3851 -3151 17681
Repetition Start
 5810 -251 15256
 6569 2283 14699
 4946 4331 13646
 5451 6237 13758
 5506 8043 12047
 5668 9939 12260
 6511 11375 11236
 5820 11650 9850
 5980 13885 9084
 6127 14441 7930
 5444 15456 6272
 4971 16724 4336
 4516 16740 3747
 4672 17139 2380
 4742 17658 947
 5068 18701 -607
 4404 18683 -638
 5867 18607 -113
 5318 17678 1167
 5520 17440 1965
 5040 15822 3506
 5242 13331 6423
 6011 11878 9261
 5681 10175 12315
 5267 7724 13308
 3482 6438 14420
 3357 3386 13759
 5165 2415 12919
 2201 2875 16761
 4174 -120 17088
 3688 -4475 14686
 4966 -7266 19589
 3790 -11730 13486
 2652 -14232 8756
 729 -18040 15759
 1130 -15779 11349
 1664 -4683 15992
 2762 -6239 12894
Repetition End
1
 3310 -3758 18586
 4342 -2034 15805
Repetition Start
 3501 285 16612
 5073 1832 14869
 4557 4827 14452
 5726 6996 13933
 5713 8652 12063
 5292 10022 11353
 5508 12130 10664
 5271 12282 8393
 5645 14177 6817
 5119 15052 5129
 4351 16582 3757
 7701 17587 -90
 3695 17939 -1262
 4489 19232 -842
 4914 18595 -1330
 4894 17885 636
 4964 18292 789
 5416 16893 1661
 5658 16138 3856
 6079 15629 5110
 6721 13058 6786
 6103 11745 9229
 6243 10571 12169
 4967 7754 12823
 4036 5870 13533
 3287 5348 14823
 2998 3988 15208
 4494 1218 14970
 3548 603 16244
 3385 -2811 15565
 3371 -5745 19263
 3848 -8939 15514
 1718 -10845 10816
 1046 -14011 13647
 880 -13480 11135
 1040 -11673 10548
Repetition End
1
 -576 -14943 12752
 -1482 -12055 14028
 2123 -9552 11798
 1640 -2626 14893
 2526 -3525 15857
Repetition Start
 1482 310 16566
 3087 2587 17046
 3935 2466 15976
 3002 1974 15928
 3615 1949 14628
 3782 3704 14743
 3975 6801 16170
 4932 7787 15306
 3992 8307 12771
 4843 9901 12932
 5738 10539 12335
 4991 11642 11260
 4989 12599 10373
 4861 13313 9149
 4422 13962 7442
 4738 15371 5429
 3820 16504 4217
 3502 17322 1539
 4826 19386 145
 6571 18954 -2838
 4066 19611 -2409
 5391 18878 733
 6023 16572 469
 6338 17261 2204
 5466 16057 3710
 5355 14618 5885
 5785 13150 7897
 5744 10551 11441
 5023 7531 12160
 5150 7599 14263
 3858 6215 15278
 2882 4068 14713
 2863 4025 13926
 3728 2641 15912
 3732 748 17466
 4195 -1156 15256
 3534 -3689 14527
 4431 -4635 15498
 5405 -7563 18678
 3099 -10196 8661
 1789 -11000 11278
 1829 -12518 11491
 708 -11803 12396
 -1543 -11993 10153
 -515 -9691 11319
 343 -8941 12336
Repetition End
1
 569 -10555 11477
 255 -10704 11628
 210 -10482 11809
 183 -10673 11643
 261 -10513 11792
 369 -10679 11435
 -53 -10097 11949
 364 -9981 11998
 46 -10484 11318
 5 -10300 11396
 71 -10336 12128
 373 -11132 11979
 73 -10062 12211
 -399 -11341 10877
 -159 -12541 11021
 371 -11068 10973
 -170 -10659 10822
 -383 -11262 11050
 11 -10950 10837
 116 -10930 11048
 257 -11889 10039
 57 -11245 11029
 15 -11373 10318
 127 -11346 10579
 167 -11323 10554
 184 -11411 10339
 116 -11294 10553
 -18 -11355 10524
 -102 -11538 10622
 67 -11399 10665
 152 -11308 10616
 153 -11371 10559
 130 -11196 10797
 155 -11149 10613
 128 -11206 10681
 127 -11210 10727
 193 -10812 10650
 118 -10943 10845
 336 -11061 10871
 110 -11268 10633
 338 -11026 10953
 213 -10919 10953
 203 -11023 10604
 264 -11060 10565
 340 -10930 10931
 268 -11072 10762
 249 -11115 10686
 164 -11190 10598
 239 -11151 10888
 223 -11125 10798
 283 -11342 10657
 25 -11229 10147
 501 -11574 10952
 266 -11456 11834
 264 -9461 11355
 268 -10593 10952
 235 -10594 11179
 302 -10620 11751
 415 -10021 11682
 249 -10518 11500
 352 -10284 11684
 112 -10480 11686
 291 -10498 11589
 1 -10701 10963
 366 -9840 11301
 541 -13232 11167
 -1319 -9637 10477
 -925 -9853 12342
 -407 -10120 11337
 -917 -10472 12199
 -333 -10820 11771
 -584 -11951 10341
 63 -13544 8307
 2507 -12638 10917
 1923 -7865 12450
 -2498 -7469 11754
 -6794 -9522 12101
 -4207 -6785 8101
 -8692 -4270 13574
 -7739 -8686 13318
 -1562 -11766 13265
 764 -11338 8990
 -218 -15333 9009
 -1995 -14466 10464
 -2575 -13177 8866
 7556 -10552 3710
 10854 -6523 10405
 8267 -9997 6175
 9307 -9756 7408
 4295 -9087 10015
 -12565 -16991 18716
 -4423 -9417 13861
 1467 -13442 6886
 -4676 -10317 10207
 -6935 -8113 13587
 -4224 -7801 12254
 1047 -12836 9201
 -1826 -11803 9359
 -655 -14608 8692
 789 -11824 8920
 -975 -10529 10627
 -1292 -11971 9469
 -418 -12296 10555
 -482 -14060 9369
 2451 -12680 11946
 4832 -10239 10784
 5557 -8765 9610
 8827 -7600 9137
 10472 -7998 9266
 8259 -9004 11037
 5003 -9720 13248
 2052 -9169 11079
 -4568 -12470 14504
 -7123 -10405 7044
 -2268 -9437 11740
 -1798 -10870 10246
 -1834 -11727 9140
 -3047 -13550 8209
 -667 -11840 9469
 -1734 -12753 9579
 -422 -7030 14154
 377 -10340 11145
 -1716 -13487 9863
 -917 -10028 8258
 -1411 -13553 7055
 -240 -11723 10108
 -564 -12152 10586
 -766 -9216 12899
 -2309 -15004 10371
 -6605 -18203 11357
 -2632 -13632 11388
 8011 370 17889
 4271 -4020 11388
 3627 -362 15710
Repetition Start
 4220 1628 15481
 4121 2748 13803
 4642 4476 14087
 5514 6904 15158
 5501 6327 14438
 4846 9634 14874
 4325 8962 12535
 5342 11127 10829
 3979 13097 8734
 4544 14477 6658
 4721 15637 4756
 4577 16395 1595
 4909 18679 -229
 3952 17566 -1629
 4916 18137 -4526
 4764 18932 -2416
 4974 18908 -1007
 6179 17903 921
 6230 16196 1372
 5758 16381 4441
 5449 14521 5123
 5293 11393 8342
 5428 11567 11873
 3762 8908 11594
 4488 7023 11412
 3642 6324 14649
 4586 3893 14311
 3827 204 13384
 3732 926 17056
 4098 -4925 20752
 3554 -8806 13673
 2678 -11651 8094
 1011 -12859 10598
 -1900 -16254 9297
 629 -13436 9941
Repetition End
1
 322 -10310 11778
 943 -9699 10707
 462 -11517 11569
 812 -14284 9149
 -706 -16509 9401
Repetition Start
 1609 -9594 12360
 5538 -3634 13491
 1994 -1338 17299
 1820 221 16503
 1821 2613 15913
 2807 5755 13907
 940 5842 14583
 1892 7490 15827
 1025 6133 13614
 2844 8736 14641
 2511 9515 13546
 4470 10881 12109
 4597 12062 10706
 5581 13646 9134
 5200 13825 7609
 5097 14543 5800
 5351 16644 4052
 4886 16512 2064
 3605 17014 125
 5011 19140 -1092
 4874 18938 -2720
 4859 18470 -746
 5027 18290 1113
 4638 16954 2209
 4854 16374 3494
 4592 15660 5891
 3487 13619 7560
 4658 11860 10069
 3593 10333 11711
 3872 9473 11846
 4621 7884 14195
 2560 6690 14346
 3513 4485 13189
 3801 3515 14921
 3636 335 16091
 4164 -1971 15568
 4881 -5822 22543
 3513 -12161 9814
 1458 -14904 12224
 2006 -13603 12987
 -445 -15172 13446
 -2935 -13895 12974
Repetition End
1
 9576 -5236 13656
Repetition Start
 3814 -2429 15680
 4376 -2124 15940
 5715 1357 16553
 6045 2794 15388
 4457 3469 14495
 5544 3510 13078
 4992 7554 13959
 5423 9313 14253
 5119 9718 13069
 6658 10219 11622
 6197 11661 10400
 6360 14145 8484
 5536 14047 6382
 5703 15053 5365
 5219 16203 2211
 5348 17249 678
 5036 16128 -1442
 4605 19534 -942
 5405 18765 -2493
 5518 18271 -1466
 4982 18490 250
 5174 17650 808
 5851 16733 2204
 5386 15828 3827
 5140 14555 5691
 5750 13352 8127
 5659 10669 10155
 4757 7729 11594
 4319 7813 13451
 4861 6671 14241
 4196 3997 12749
 4483 4344 15279
 5595 169 15707
 3925 -1312 14752
 3465 -5775 16917
 5171 -11431 19748
 3122 -15308 4616
 -1885 -23010 10925
 -984 -16496 12330
 -6774 -12509 10888
 8367 -5206 17501
 613 -4439 16578
Repetition End
1
 4265 -802 16166
 2469 2158 15215
Repetition Start
 3985 3721 16186
 4307 2926 13696
 4378 6555 13972
 4961 8576 14692
 5311 8852 12282
 6537 11016 11370
 6591 11225 9167
 7130 13405 8252
 5582 14312 6429
 5977 15307 4076
 5536 16689 3032
 5087 16985 1361
 4867 17854 115
 5033 18461 -278
 5168 18477 -4468
 4539 18739 -2500
 5074 18245 -1003
 5314 18277 398
 5322 16965 1037
 5652 16467 3634
 5527 15185 4549
 5708 13179 7161
 5113 12538 8476
 5226 12401 10990
 5279 10550 11582
 5013 9169 12438
 4477 8944 13700
 4318 6808 12819
 4152 5951 14785
 2557 3018 14459
 4050 3820 15564
 4078 1709 15017
 2851 -544 16382
 3550 -2706 14310
 3937 -6090 19560
 4655 -11100 14725
 2271 -8473 10365
 3339 -11479 11475
 2809 -12747 9316
 783 -14197 11025
 309 -12274 10417
 -768 -11241 9568
 -1146 -12442 10351
 -201 -10906 10783
 461 -11662 10099
 937 -11483 10106
 982 -11586 10247
 589 -11495 10271
 609 -11802 9922
 1289 -12416 9491
Repetition End
1
 1246 -11567 10242
 188 -10831 10213
 -921 -11498 9752
 -1453 -11273 10591
 2712 -14073 8673
 1933 -12562 11479
 2310 -14046 7011
 90 -12062 9414
 -90 -11256 9850
 -305 -12406 9277
 2155 -12242 9078
 435 -12313 8770
 544 -12535 9273
 873 -12123 9282
 623 -12440 9637
 615 -12169 9799
 796 -11883 9615
 327 -12121 9731
 833 -12226 9768
 1006 -12233 9620
 1083 -11498 9760
 757 -11882 9743
 1077 -11833 9783
 829 -11882 9880
 807 -12184 9993
 904 -11976 9949
 915 -11995 9835
 878 -11801 9771
 922 -11803 10018
 868 -11713 9859
 875 -11830 9750
 833 -11707 9826
 980 -11572 9921
 756 -11820 9949
 917 -11664 10199
 746 -11796 9970
 868 -11877 10007
 840 -11690 9980
 891 -11885 10119
 729 -11693 9866
 887 -11902 10030
 829 -11778 10119
 924 -11858 10089
 774 -11956 9556
 902 -12527 9290
 823 -11115 10753
 769 -11627 10606
 791 -11662 9811
 628 -12199 9704
 47 -12378 9397
 1504 -11521 10191
 943 -12282 9523
 -133 -14395 7098
 1368 -8444 13067
 54 -12153 10062
 1889 -11775 10492
 473 -13280 8836
 -1188 -13537 7716
 274 -8482 12816
 716 -11516 10667
 1195 -12572 9787
 2452 -13519 7285
 978 -13558 8450
 -398 -12071 11108
 -377 -8918 11952
 696 -12668 9674
 950 -9776 11833
 1525 -12783 8831
 2446 -11468 10888
 1461 -11396 10629
 187 -11922 10328
 -1571 -11190 11165
 326 -12485 10576
 773 -15084 14949
 -3112 -16802 12755
Repetition Start
 7280 -9998 11162
 11076 2504 16200
 5598 -3754 15461
 9547 1664 15148
 8772 1553 12490
 8122 5729 13612
 6367 5634 10724
 5927 10815 12572
 6733 11150 9724
 6016 12578 8132
 6024 13952 6612
 6165 14982 5234
 6491 16198 2667
 6088 16828 668
 4400 16090 -3275
 5355 19470 -2861
 5316 19142 -6141
 5977 18234 -2804
 6444 18849 -1696
 6614 15677 394
 6503 16177 2685
 6287 15099 4683
 6315 13571 7432
 6031 10360 8433
 6440 11484 9922
 3864 7556 11968
 3278 5051 13883
 4849 3908 15426
 3301 1324 14450
 3904 -1457 15907
 3714 -3595 16940
 5909 -8788 20092
 3561 -11294 10902
 1965 -11310 10955
 2157 -12403 11574
 -391 -16260 10283
Repetition End
1
 251 -12397 10562
 -992 -9813 11739
 -573 -11843 10451
 197 -10864 11237
 600 -11225 10462
 928 -11450 10616
 635 -10907 10989
 669 -11328 10687
 475 -11681 10574
 33 -10215 11299
 -430 -11746 10283
 766 -11427 11694
 -806 -7507 10703
 1019 -10578 11069
 2032 -11646 12735
 773 -10065 12747
Repetition Start
 3794 -3195 12971
 4921 -6840 14442
 6061 -5291 16160
 1950 -5267 17203
 1947 -3024 14221
 3383 -3735 14139
 4163 -2509 15665
 2833 2503 17820
 2210 -115 15756
 1905 1306 16220
 1529 924 16416
 2564 1837 16741
 2110 832 15723
 2862 3222 16100
 3903 4089 15582
 4006 7418 15236
 3648 8348 14426
 4945 8692 12937
 5426 11348 12501
 6196 11363 10987
 6327 12814 9566
 5841 13522 8501
 5764 14461 6760
 5333 15106 3981
 5595 16853 3066
 4952 16975 1595
 4872 16384 -749
 5338 18833 -830
 5272 18224 -2341
 5418 18896 -2613
 5534 17956 -1488
 6236 17938 -202
 5585 16894 1220
 4624 16576 2134
 5656 15412 5475
 7051 13461 6187
 6120 12631 8865
 5311 9708 10707
 5896 8933 12406
 4195 7269 13030
 1656 2787 15628
 3921 1809 14273
 4399 -692 13784
 4897 -1271 16750
 3323 -5685 14332
 3659 -11103 23891
 2360 -11333 8865
 2973 -13369 9691
 4001 -13376 10726
Repetition End
1
 2714 -9264 12085
 -68 -13539 10937
 -337 -12020 10808
 1429 -11419 9809
 608 -10630 11467
 2326 -11877 10299
 328 -12371 12572
 -595 -12812 13097
Repetition Start
 1727 -9513 17146
 1444 -4552 7925
 4596 -775 15582
 5206 1255 16311
 5490 2637 17424
 5633 2204 16301
 4898 2793 14481
 4484 3098 13814
 5756 5225 13673
 4586 6255 16161
 5344 8498 15526
 4767 8862 13856
 4826 9495 13732
 5259 10264 12014
 5461 11567 9877
 5930 13967 8651
 5486 14740 5804
 4853 15795 3693
 5361 16733 1880
 4752 17353 150
 4035 16602 -2045
 5145 19530 -2758
 4817 19002 -4872
 5485 18428 -3730
 5824 17977 -1430
 6690 16945 -13
 6239 16378 952
 6293 15900 3806
 6911 14014 6373
 6797 11924 9094
 5944 8849 10577
 5683 8602 12263
 5691 5645 13596
 3411 3813 13019
 2905 5673 16425
 3593 1295 13113
 4179 -702 14354
 2835 -2377 15995
 4008 -9752 24970
 5191 -11431 9251
 2549 -11019 9807
 798 -19460 13938
Repetition End
1
 -282 -13724 6630
 -437 -10068 12111
 -270 -11873 10319
 1744 -10660 11129
 1847 -10782 10490
 -1169 -17497 7383
 -497 -15180 7766
 -1395 -11306 14106
 1238 -9348 15380
Repetition Start
 4262 -5485 11924
 3959 -1420 15770
 4408 -1315 16641
 5549 2783 15861
 6513 3859 14850
 4796 5259 16339
 4461 6221 14461
 4343 7406 13957
 5750 8478 13034
 5303 10777 11676
 4690 12105 10129
 4180 14149 8820
 4343 14625 6052
 3927 15871 4758
 4421 16836 596
 4513 17511 -131
 5623 17991 -2268
 5511 18471 -4428
 4782 17472 -4711
 4908 18080 -3661
 5764 17576 -2217
 5840 18191 -728
 6843 17462 -494
 5983 16592 814
 6111 16354 2957
 6011 15824 4623
 5725 14664 5997
 5684 13076 7557
 6029 12762 10118
 5406 10668 11366
 4624 8539 11598
 4436 8416 14574
 3738 5604 12043
 4012 4606 13292
 4126 3320 16529
 3878 260 14466
 3846 -1963 14537
 3485 -6021 14230
 7288 -7540 21264
 3504 -12490 7506
 2765 -10234 13311
 340 -16276 6942
Repetition End
1
 1044 -13010 9959
 345 -8533 12826
 -1138 -13098 9357
 -90 -11035 10925
 382 -10830 8797
 -464 -14742 7622
 -707 -15457 10661
 -876 -15654 12834
Repetition Start
 1169 -4312 13494
 9069 -1949 12482
 1945 394 16977
 7643 975 15672
 4516 2223 15461
 5084 3970 15160
 6281 5593 14851
 5772 5507 15890
 3405 5042 14331
 4736 8226 14839
 3851 8017 14514
 6060 10179 12071
 4793 11925 9752
 3632 13941 6942
 4282 15885 5540
 4640 15894 2748
 5020 16987 1947
 4602 17369 -376
 4519 17843 -1830
 5044 19393 -5309
 5420 18443 -4654
 5414 18717 -3158
 5088 18914 -62
 5669 17566 680
 5034 16561 2341
 5489 15992 4378
 5597 13734 5862
 5098 12764 7732
 5418 12310 10291
 5165 9284 10418
 4094 8909 12291
 5678 7112 12622
 2060 7251 15300
 1482 4393 14382
 1602 3735 14910
 1798 1226 14487
 3210 -3199 15064
 3331 -4706 15513
 5737 -10041 18100
 1932 -10033 8116
 481 -11306 13637
 -2858 -22746 7461
 -1148 -12905 9346
Repetition End
1
 -711 -10050 13358
 95 -8306 12270
 -409 -12145 8787
 1119 -11481 10696
 439 -11480 10129
 -124 -12017 10364
 184 -11903 9577
 1210 -11445 11017
 943 -12203 9132
 1075 -12527 9250
 1292 -11457 10475
 582 -11655 9711
 574 -12368 9578
 610 -12153 9139
 741 -12344 9744
 986 -12101 9280
 722 -12538 9255
 1214 -11228 9853
 1298 -12431 10387
 434 -11638 9346
 228 -12070 8538
 523 -11935 9149
 157 -13435 8597
 19 -13470 9027
 -53 -12835 8851
 500 -12418 8979
 1899 -13149 7292
 1674 -13034 8201
 1431 -13341 8005
 1415 -13022 7742
 1463 -12394 8265
 1233 -12732 8678
 1010 -12576 8162
 1334 -12988 8391
 1328 -12280 8926
 1370 -12794 8829
 1528 -12686 8572
 1480 -12879 8165
 1393 -12541 8681
 1434 -13276 8977
 1683 -12958 8558
 1964 -13139 8800
 1736 -13146 7847
 1705 -12957 8626
 1078 -12873 8857
 936 -12758 8832
 1148 -13374 8500
 1390 -13170 8224
 1879 -12929 8658
 1290 -12750 8746
 1487 -13019 8664
 1190 -12657 8914
 1554 -12807 8443
 1261 -13243 8769
 1406 -12537 8423
 1439 -12668 8850
 1603 -12614 8539
 1669 -13018 8583
 1756 -12886 9089
 1531 -12600 8769
 1469 -12710 8922
 1322 -12607 8636
 1706 -12688 8837
 1687 -12708 8712
 1873 -12722 8878
 1592 -12630 8841
 1590 -12814 8529
 1531 -12872 8663
 1719 -13017 8781
 1568 -12935 8819
 1524 -12875 8519
 1400 -12587 8724
 1551 -12778 8636
 1488 -12749 8677
 1387 -12756 8972
 1583 -12578 8690
 1577 -12730 8844
 1505 -12618 8861
 1490 -12607 8968
 1526 -12448 8872
 1512 -12556 8913
 1467 -12494 8935
 1353 -12563 9027
 1582 -12199 9171
 1540 -12316 9229
 1468 -12440 9132
 1459 -12616 9080
 1518 -12417 9349
 1406 -12387 9230
 1313 -12556 9138
 1640 -12752 9000
 1194 -12720 8916
 1864 -12768 8881
 2417 -12879 8271
 1601 -12807 8627
 924 -12840 8951
 669 -13586 8795
 590 -12838 8273
 843 -12500 8439
 1161 -12395 8833
 771 -12776 8793
 340 -12680 8814
 575 -12395 9076
 454 -12632 9239
 18 -12101 9360
 60 -12311 9299
 -85 -12179 9167
 223 -12146 9394
 541 -12751 8988
 260 -12119 9439
 298 -11855 9739
 -6 -12574 8889
 487 -12259 9441
 818 -12130 9364
 486 -11927 9531
 305 -12365 9138
 284 -11989 9445
 385 -11967 9394
 554 -12142 9321
 336 -12026 9668
 324 -12230 9622
 365 -11843 9644
 390 -12159 9796
 477 -12271 9255
 548 -12308 9361
 280 -12173 9463
 439 -12179 9353
 353 -12391 9248
 663 -12623 9234
 490 -12112 9284
 373 -12462 9183
 354 -12266 9207
 368 -12383 9151
 313 -12221 9413
 419 -12351 9143
 392 -12572 9272
 25 -12298 9346
 418 -12268 9368
 367 -12417 9021
 393 -12377 9309
 369 -12299 9323
 367 -12394 9239
 298 -12116 9214
 552 -12068 9222
 360 -12253 9361
 419 -12273 9361
 426 -12170 9363
 407 -12306 9240
 441 -12225 9472
 422 -12245 9273
 359 -12174 9371
 693 -12484 9261
 435 -12116 9585
 459 -12321 9309
 373 -12032 9542
 442 -12026 9355
 422 -12007 9490
 384 -12215 9565
 483 -12332 9653
 189 -12056 9568
 424 -12145 9579
 397 -12158 9487
 464 -12036 9668
 467 -11998 9700
 443 -12253 9421
 386 -12280 9365
 565 -12033 9662
 454 -11943 9461
 467 -12370 9429
 495 -11956 9525
 325 -12218 9210
 380 -12264 9723
 374 -11772 10041
 443 -12346 9230
 762 -12379 9495
 221 -12407 10369
 -245 -12478 9194
 -42 -12067 9474
 560 -12305 9245
 51 -12289 10422
 1092 -11759 9661
 500 -11588 9393
 864 -12205 9412
 658 -12014 9799
 54 -12129 9362
 27 -12030 10052
 854 -12164 9463
 763 -11899 9461
 443 -11901 9662
 304 -11811 9908
 339 -11540 10006
 594 -11866 9629
 500 -11833 10063
 493 -11860 10093
 448 -11864 10016
 361 -11564 10282
 562 -11886 9836
 791 -12035 10221
 334 -11848 10290
 -591 -11963 9400
 -652 -11772 10143
 1478 -10703 10786
 1458 -11482 10232
 -844 -11837 9342
 -1038 -12814 8833
 -332 -11277 10762
 732 -12703 9607
 849 -11559 10193
 285 -12234 9726
 -55 -11874 9845
 350 -12031 9483
 275 -12265 9642
 645 -11870 9789
 423 -11915 9946
 224 -11898 9684
 351 -12298 9840
 530 -10575 10347
 282 -10985 11737
 -9 -13116 9277
 -1457 -13865 11903
 1424 -10905 24455
 -1284 -10402 10593
 208 -9025 13770
 -1012 -6139 13458
 14583 -9480 14286
 4145 -2882 20308
Repetition Start
 8703 -5249 12848
 6422 1239 12499
 6653 4844 11365
 5639 8813 10931
 4841 13870 10213
 4585 12081 6887
 3892 13317 6012
 5363 15460 4129
 5022 17363 1614
 3458 18360 -2649
 6336 18419 -4188
 5298 18681 -5911
 5746 19904 -3574
 5341 18602 -430
 5805 16713 813
 5523 15190 3449
 5904 14285 5953
 5172 12979 8008
 4969 11889 10515
 4640 10004 11420
 4426 7980 12598
 4771 6137 11747
 4901 6323 14374
 4895 2399 13142
 3791 927 16282
 2006 -2371 15709
 3480 -7056 23697
 3418 -7763 7036
 1202 -14821 8844
 -1506 -22075 8886
 405 -13900 9635
Repetition End
1
 -3264 -16897 11971
 2689 -12281 12931
 3820 -7066 16823
 6625 -4305 13535
Repetition Start
 3801 -224 15184
 4382 1792 16403
 5162 5169 15530
 3880 2997 15819
 4826 5270 13906
 4714 6972 14907
 4045 8306 14178
 5255 9629 13476
 5177 10556 11453
 5502 11772 9322
 5276 13563 8573
 5325 14434 6543
 5596 14849 5358
 4885 16085 2227
 4075 17590 -1525
 4535 19214 -2371
 5520 19259 -5129
 4812 19295 -2654
 5384 19258 -466
 4937 17290 45
 4909 15645 3018
 3611 13790 6117
 5953 13682 9908
 4462 10664 9864
 4471 9977 11946
 5021 7956 10951
 4295 8168 13155
 4947 4395 15337
 3491 2851 14663
 3441 710 14837
 4590 -1330 16567
 4642 -6023 19898
 5583 -11169 12955
 2418 -16671 9905
 3373 -14988 12410
Repetition End
1
 18 -15400 14094
 -852 -9668 14082
 9221 -4223 12321
 667 320 16161
Repetition Start
 3451 2388 17505
 4757 872 15081
 5719 2751 15485
 6146 4065 14039
 7664 4651 14125
 6073 5658 14251
 7111 7753 14308
 7608 8759 13631
 6576 9571 13155
 5725 10753 11157
 6981 12104 8618
 6604 13937 8194
 6070 14183 5651
 5955 15150 3694
 5429 16606 980
 4789 17752 -813
 4785 18024 -3199
 4863 18912 -3660
 4708 18979 -3183
 5249 18137 -1041
 5320 17270 416
 5852 16612 1759
 6110 15584 4692
 6465 14922 6180
 5684 11934 7355
 5990 11779 10311
 5953 11258 11605
 4662 8810 12208
 5201 8466 14591
 3456 3699 13347
 3477 4873 14925
 4735 3306 14927
 4816 777 15457
 3427 -314 14815
 2938 -2355 15865
 2116 -6764 20182
 -1152 -15033 8441
 1169 -15615 9103
Repetition End
1
 2825 -19658 9389
 575 -14890 13276
 -2543 -11718 14671
 8576 -6012 11711
Repetition Start
 2988 -3167 14677
 4268 -874 14908
 4260 5194 17331
 4993 4531 16942
 3715 2439 16708
 4745 1535 16713
 2492 2550 16383
 4743 3623 15179
 4196 4459 15525
 5266 6445 15845
 4548 6673 14533
 5714 8142 14510
 5437 9115 13825
 5937 10173 12328
 6478 11041 10707
 6074 12964 9482
 5606 13381 7728
 5405 14820 6348
 4821 15021 4638
 4422 17527 3538
 4835 17338 822
 6133 18027 -1506
 4755 18612 -1855
 4663 18185 -332
 5031 18320 224
 4913 17546 1423
 5189 16975 2214
 4786 16211 4140
 5486 14298 5894
 5689 13971 9628
 5251 11782 9574
 6127 9147 11855
 4205 7999 12511
 4253 7039 12876
 3436 3595 14751
 3794 2517 14327
 4244 1135 15467
 4543 -508 17093
 2544 -3368 14396
 4832 -4695 15224
 3564 -8815 20868
 3776 -11469 11178
 2613 -13375 10223
 4250 -13931 13020
Repetition End
1
 2772 -13976 14198
 -595 -13356 14950
 2980 -7221 13566
 5593 -3147 14289
Repetition Start
 2974 -1110 17131
 4534 -2369 15946
 2686 2453 16814
 5265 2046 15443
 5167 4395 15375
 4241 5450 14324
 5406 7345 13894
 5804 9670 13151
 6231 9793 11308
 6248 11669 9963
 5245 13016 9438
 5789 13366 8007
 5238 14502 7056
 4455 16856 5163
 3809 16457 3588
 3580 17185 2287
 4486 18415 1053
 4797 17717 -1381
 3903 18548 28
 3519 18397 764
 4694 17486 2013
 5000 17115 2547
 4294 16640 4592
 5189 16208 6534
 4418 13458 7277
 4933 11931 10345
 5393 10711 10558
 5434 8907 12580
 4143 7678 12433
 4884 6743 14640
 4542 6112 13544
 3596 2472 15454
 4738 292 14643
 3457 -1338 15457
 3738 -3913 15536
 2105 -5551 12732
 5831 -6445 20265
 1614 -13436 4214
 1481 -19183 12229
 -1997 -15707 5349
 -2221 -11713 10290
Repetition End
1
 -363 -11615 10521
 235 -10969 10833
 -44 -10543 10751
 33 -12010 9800
 656 -13526 7575
 -2082 -16236 11107
 -3484 -10975 12826
 3612 -11268 12411
 8237 -8103 16849
Repetition Start
 -1001 987 15895
 3356 674 15488
 4432 1313 15398
 4447 758 15800
 3931 917 17165
 4831 1380 15202
 4716 3490 15455
 3488 5016 15515
 3465 6784 16322
 4347 7913 14141
 4295 9553 13790
 4218 9969 11239
 4359 13162 9793
 4335 14309 8098
 4680 15236 5993
 4893 16174 2888
 5183 17325 1333
 4484 17318 -629
 4942 20038 -2596
 5982 19374 -4258
 5795 18605 -1955
 5311 18753 -1252
 6514 17403 -668
 6088 16846 1031
 6029 16182 3469
 6050 15089 5980
 6099 10608 8886
 6402 11272 9884
 5228 9702 11656
 4239 7570 12164
 3386 5906 13193
 4709 4803 14169
 3505 2044 14570
 4760 -45 15504
 3316 -2778 15675
 4339 -7596 25884
 1891 -10804 7215
 1601 -15011 11174
 4307 -15176 7211
 865 -15627 8695
Repetition End
1
 62 -9872 10820
 -217 -11951 9603
 -140 -11464 9897
 401 -11487 9911
Repetition Start
 1033 -15019 11917
 -2038 -20075 7737
 -1432 -13354 11156
 -1884 -7046 11870
 8212 -6019 13628
 6979 -3782 14864
 4046 -2162 17121
 5459 -23 14142
 5677 1703 14189
 5577 5394 14957
 3900 6561 14970
 6005 5860 13363
 3478 8227 14584
 4307 9639 15642
 3933 9891 12324
 3986 11662 9268
 3833 14658 7848
 5552 13830 5454
 4575 16709 3302
 4515 17700 1524
 3731 17349 -1875
 5395 19881 -4145
 4787 18221 -4285
 4676 19392 -2725
 5060 18390 -430
 5728 17724 961
 5500 16085 1762
 5522 15886 4808
 5063 14959 7305
 5661 11392 8863
 6002 9653 10749
 4129 8065 11921
 3498 7372 12548
 4881 4629 12044
 3204 4029 14465
 4087 320 15234
 2997 -2150 12835
 5023 -8834 30227
 3548 -16760 5982
 836 -9639 9911
 -355 -23198 6701
 -1769 -13509 9314
Repetition End
1
 382 -7678 10666
 -176 -11752 10997
 420 -11015 11578
 306 -11797 10936
 986 -11615 9297
 489 -11797 9921
 -188 -12468 9506
 13 -11900 9935
 361 -12250 9988
 -198 -11554 9951
 -68 -10010 11063
 708 -12160 8820
 -1790 -14127 8716
 1389 -19271 10966
 648 -12684 13159
 -1301 -5439 10981
 6957 -2621 18292
 2882 -3862 14427
 6495 1645 15785
 5229 1250 15549
 5432 2305 15221
 5597 3809 14539
 5753 4308 14542
 6789 5435 16480
 5534 4721 15760
 4951 6446 15544
 5195 6636 14341
 4485 8393 13601
 4705 10389 11708
 5536 12205 11002
 4595 13030 9307
 5163 14501 8304
 4478 14532 6115
 5210 16074 4409
 4676 16482 2807
Repetition Start
 3990 16649 404
 4495 16946 -1467
 5033 18597 -1198
 5202 18670 -4553
 5468 18863 -3390
 5580 17982 -1545
 5904 18507 15
 6214 16952 1603
 5826 16661 2422
 5562 16331 3621
 5103 15369 5394
 4921 13816 7793
 4867 12262 10271
 4271 9670 11327
 3689 9411 12781
 3681 8701 13993
 3449 7002 15125
 3419 2746 13401
 1022 3836 14412
 2169 2049 14619
 1068 1266 16947
 2315 -3634 14449
 1127 -4673 13789
 2043 -6675 16735
 3401 -15117 13098
 2178 -8751 9747
 1711 -17343 11677
Repetition End
0
 -829 -13990 6368
 -439 -9191 12636
 -744 -11556 10217
 417 -11457 10910
 632 -11589 10774
 164 -12094 9947
 330 -11376 10560
 445 -11008 10659
 904 -12627 9597
 -1664 -9635 11769
 -1935 -13728 11337
 396 -12143 13204
 112 -14306 11565
 -122 -7323 17456
Repetition Start
 2766 -166 14391
 5024 -2042 14698
 3413 -3314 15247
 4035 -618 16741
 2623 2201 15777
 5581 3515 15158
 5207 2771 16538
 4531 1137 15450
 5127 5143 16359
 4771 4138 15335
 4253 5587 15131
 3845 7305 15268
 5208 8896 14040
 5477 9267 12147
 5544 11625 10176
 5761 13298 9252
 6053 14143 8519
 5800 13553 6202
 6194 15380 4615
 6031 16918 2941
 7149 16725 1217
 4845 17428 1137
 5813 17833 -395
 5900 17673 -1018
 5931 17672 -1224
 6304 17865 -1215
 6282 17630 -791
 5902 17788 -5
 6335 17173 670
 5322 16320 2455
 6068 16892 3779
 6268 16204 5330
 5757 14535 6894
 5609 12852 8678
 5110 10917 10836
 4246 9953 12503
 3856 7727 13248
 3383 7129 13900
 3242 5386 13899
 2307 4062 14475
 4463 3207 15125
 3778 531 15929
 3959 -1887 15302
 2563 -4035 13808
 3742 -9110 25075
 3791 -12528 8958
 2025 -9939 12520
 -261 -14141 11420
 -1097 -19260 9174
Repetition End
1
 178 -11433 11540
 -982 -9663 11858
 -59 -9888 9386
 -491 -13544 9733
 304 -13929 9803
 788 -11353 9296
 605 -12195 9470
 315 -12387 9017
 868 -10988 9583
 672 -12636 9949
 142 -12348 9407
 606 -11914 9923
 586 -12054 9694
 559 -12122 9380
 799 -12116 9617
 796 -11963 9803
 637 -12015 9680
 607 -12275 9560
 284 -11475 9880
 625 -11824 10152
 548 -11789 9767
 673 -11414 10176
 801 -11944 10156
 521 -11472 10019
 696 -11816 10060
 662 -11543 10390
 610 -11586 10047
 615 -11598 10387
 558 -11603 10278
 658 -11456 10009
 577 -11649 10132
 581 -11285 10222
 581 -11652 10139
 418 -11741 10282
 579 -11453 9979
 558 -11972 10487
 471 -11302 10204
 747 -11713 9990
 580 -11704 10161
 526 -11758 9958
