5223 16902 -652
 4926 17393 -744
 5571 16911 -1003
 4301 17250 -922
 4779 17337 -699
 4561 17213 -1057
 4864 16979 -1230
 4723 17483 -1488
 4671 17466 -1093
 4498 16927 -1459
 4787 17201 -1599
 4564 17460 -1183
 4424 16992 -1715
 4664 17086 -1295
 4657 17037 -983
 4604 17464 -1706
 4659 16926 -1575
 4348 17058 -1470
 4849 17568 -1787
 4402 17028 -2354
 4465 16814 -1990
 4491 17358 -1990
 4589 17177 -2250
 4621 16972 -2083
 4657 16922 -2424
 4636 16886 -2483
 4792 17260 -2334
 4676 17138 -2258
 4874 17152 -2012
 4785 17131 -2097
 4552 17210 -2021
 4619 17256 -2051
 4611 17272 -2220
 4749 17253 -2177
 4355 17352 -2262
 4631 17340 -2035
 3882 17469 -2207
 4809 17479 -1834
 4817 16328 -1709
 4926 17282 -1505
 4831 16870 -1354
 4506 17521 -1213
 4550 17093 -1388
 4623 17431 -1451
 4330 17097 -1444
 4409 17302 -1434
 4716 17371 -1346
 4526 17153 -1381
 4570 17173 -1456
 4581 17215 -1505
 4522 17269 -1413
 4557 17269 -1331
 4559 17241 -1391
 4521 17146 -1478
 4450 17211 -1403
 4490 17192 -1573
 4496 17182 -1437
 4537 17190 -1499
 4492 17276 -1536
 4382 17233 -1640
 4410 17421 -1561
 4447 17329 -1645
 4526 17299 -1785
 4270 17459 -1505
 4249 17236 -1543
 4182 17004 -1064
 3708 16840 -1102
 4625 18338 -946
 3795 16803 -1283
 4166 17180 -1043
 4599 17626 -1172
 4271 17772 -1372
 4610 17870 -116
 3446 17372 -410
 4004 17358 265
 4068 16952 603
 3709 16945 443
 3758 17697 641
 3762 16982 819
 3877 17387 848
 3638 17359 656
 3760 17497 731
 3598 17247 691
 3869 17271 1075
 3689 17356 518
 3667 17533 527
 3701 17262 380
 3762 17432 717
 3603 17048 498
 3711 17571 461
 3575 17393 374
 3712 17178 483
 3993 17649 608
 3736 16968 310
 3925 17352 518
 4056 17175 565
 3317 17428 8
 3383 17918 388
 4439 17248 -377
 3782 17623 -111
 4099 17270 72
 4012 17556 114
 4086 17417 -42
 4725 17441 341
 4424 17302 512
 4550 17382 1171
 5086 17125 1417
 5192 16388 1628
 5332 16988 2576
 5803 15073 4269
 6418 15728 5822
 7079 13119 7027
 6737 11814 9345
 6473 9108 9788
 6078 8498 12051
 5877 6067 14265
 5336 2749 15534
 4957 406 14661
 5136 -2295 14698
 6214 -3579 16975
 5697 -9880 20220
 1046 -13124 10583
 955 -7246 12153
 -878 -14081 10338
 -373 -11436 12565
 -51 -8439 13064
 -1162 -8986 12631
 -873 -9664 12615
 -1726 -10002 13815
 -2039 -10802 11136
 -2294 -9489 12915
 -1462 -8932 13685
 -820 -9072 12502
 -190 -8546 11800
 -551 -11234 12011
 -1250 -10263 12839
 -2439 -9904 10764
 -853 -9040 11176
 173 -10121 12294
 -450 -9800 12282
 -890 -9951 12426
 -738 -10394 12461
 -426 -9176 12678
 -609 -8848 12536
 -759 -9050 12537
 -741 -8824 12374
 -550 -9409 12957
 -133 -9199 12875
 3 -9224 12571
 -91 -9098 12425
 -274 -9015 12657
 -415 -9091 12595
 -510 -9004 12703
 -447 -9095 12636
 -51 -9190 12644
 -345 -9015 12620
 -202 -9260 12550
 -332 -9017 12680
 -509 -9137 12627
 -353 -9049 12815
 -203 -9158 12604
 -293 -9068 12682
 -265 -9177 12498
 -260 -9080 12476
 -229 -8851 13119
 -230 -9204 12475
 -148 -9152 12658
 -327 -9170 12810
 -183 -9017 12563
 -230 -9116 12511
 -363 -9189 12653
 -129 -8971 12136
 -227 -9120 12427
 -308 -9135 12635
 -364 -9160 12588
 -347 -8984 12632
 -414 -9111 12668
 -356 -9075 12663
 -312 -9196 12512
 -320 -9133 12595
 -370 -8929 12346
 -667 -9111 12612
 -367 -8442 13066
 -403 -8666 13023
 -618 -9467 12635
 -771 -9098 12796
 -641 -8492 13343
 -634 -8429 13287
 -447 -8283 12291
 -285 -8813 12910
 -1991 -9536 12471
 -1733 -9552 11763
 -1179 -10360 11753
 -1093 -10467 11379
 -1033 -10324 11675
 -1814 -9926 11676
 -1922 -9688 12685
 -898 -9465 12589
 363 -9821 12788
 827 -10090 11948
 683 -7643 13161
 151 -7509 13618
 466 -8085 13264
 490 -7522 13281
 301 -7186 13762
 237 -7858 13839
 -4 -8098 13772
 166 -7936 13233
 -199 -8587 13355
 -199 -7869 13496
 39 -8142 13359
 121 -7809 13891
 -754 -6976 13935
 -211 -7850 13570
 809 -8071 13441
 789 -9236 13228
 799 -8050 13754
 1235 -6722 13371
 1124 -9180 13440
 466 -8876 12620
 -57 -8767 13457
 1006 -8676 12599
 -1122 -9547 11643
 -305 -10364 12521
 -277 -10977 11024
 662 -10336 11417
 -40 -10282 11439
 -67 -10080 11834
 10 -9871 12000
 -241 -10017 11713
 -245 -10709 11539
 -312 -10404 11751
 -167 -10114 11707
 -108 -10038 11676
 -100 -10104 11683
 -237 -10231 11722
 -166 -10206 12073
Repetition Start
 -6 -10407 11682
 -462 -9987 11723
 -1164 -12319 9696
 -2285 -11892 12541
 -2799 -16316 12326
 -111 -12278 16044
 2562 -1000 16041
 7255 82 17739
 6760 -399 14032
 6767 1982 13214
 7429 3853 12816
 7202 9465 13052
 8456 11987 10814
 7188 13280 7321
 7518 13269 5702
 7131 13699 3475
 7148 15056 2805
 6663 16039 363
 5986 15815 -2280
 6233 19379 -3760
 6266 18407 -7791
 6084 19307 -6247
 7370 19082 -3567
 6198 17295 -2085
 6249 14827 2031
 6456 12036 6941
 6033 10150 8967
 5848 10097 10859
 4949 6720 10580
 4169 6651 10603
 5128 3882 13612
 4047 2245 15834
 3795 -2258 15112
 6500 -5137 19463
 -1326 -28114 12817
 -3394 -18502 4553
 -3573 -14736 7777
 -2900 -11814 10597
 -1788 -9543 12038
 -1751 -10952 11926
Repetition End
1
 -2227 -15690 8814
 -476 -13525 15295
 -5043 -13028 13042
 197 -13344 13455
Repetition Start
 3476 -2523 15182
 5287 1009 16401
 7510 4470 15954
 4752 6788 13857
 6168 8057 11071
 6341 9846 11009
 7127 11238 6451
 6559 15258 5432
 6784 15169 3819
 6524 14623 490
 6251 17367 -1471
 5521 16494 -3495
 6442 19861 -5705
 5268 18826 -7251
 5645 18507 -5057
 7301 19182 -1660
 5676 16182 -272
 5783 15287 3294
 5639 13503 5612
 6407 11967 8935
 5279 11700 11151
 3321 9149 11592
 3494 7045 12557
 4230 5506 12379
 5430 5636 13566
 3578 1852 14862
 4529 1004 13521
 1827 -4284 23004
 4704 -10647 3512
 -6525 -30007 -5134
 -4315 -15066 7552
 -827 -10561 10367
 -2623 -11228 10988
 593 -7073 10677
Repetition End
1
 -946 -13421 9082
 -8205 -18605 12303
 -7942 -19290 12988
Repetition Start
 7317 -4042 10226
 5257 -3710 15303
 8771 1935 16402
 6339 3289 14904
 5866 5444 13510
 4571 6699 12831
 6650 7524 12244
 8469 10059 12361
 7767 12378 9613
 7137 12997 6774
 6773 13492 5689
 6517 15175 4191
 6217 16144 2217
 4774 15144 485
 5282 19951 -3342
 6330 19016 -5149
 5497 18929 -3213
 5464 18499 -616
 6520 18581 1392
 4881 15731 1966
 4503 14622 4590
 4672 11537 7473
 5046 11015 11275
 4903 9197 12456
 4123 7385 10152
 5214 9672 13303
 4204 5080 13512
 2677 3382 12381
 3148 1615 14992
 1848 960 13658
 2873 -5441 24236
 -152 -12603 11807
 1116 -11163 12644
 -1187 -15198 5325
 -3226 -12388 9620
Repetition End
1
 -1779 -11749 9053
 -905 -13612 9920
 -2684 -24242 9986
 -1227 -9959 7275
 5632 -2299 17675
Repetition Start
 3514 513 16279
 4922 2328 16877
 7264 5165 14484
 5282 5422 12298
 6710 8519 12657
 5895 8756 10141
 8063 10830 8062
 8546 13587 7273
 7689 12784 4450
 7408 15096 2264
 7672 16021 374
 6382 15229 -3022
 7584 20234 -8936
 6190 19054 -7827
 5705 16778 -5802
 6282 16976 -3853
 7289 18023 1364
 6192 15043 1069
 6511 14288 4539
 6132 11816 6669
 5661 10465 10277
 5868 10983 11424
 4816 6976 12409
 5366 6822 16457
 3421 4129 12292
 6385 5232 15675
 3894 -921 14264
 2148 -2991 24170
 2556 -12600 15171
 176 -11891 10894
 -424 -16472 10327
 -950 -12561 8860
 -2382 -9575 9983
 -3901 -13995 6574
Repetition End
1
 -10087 -17569 14577
 -727 -16183 10960
 360 -1167 16700
 -1839 -3027 14494
 3390 2596 14638
Repetition Start
 3401 5776 16158
 5497 7261 16362
 3944 7733 13657
 4903 8725 13215
 5651 9417 11480
 5399 11739 11339
 5509 12360 8493
 6933 13760 6457
 6646 13283 3968
 6954 15782 1896
 6955 15920 -210
 5538 17410 -1462
 5776 19610 -5306
 6115 18698 -9548
 5327 17715 -8294
 5794 17608 -6944
 5924 17303 -3346
 7569 18805 -814
 6174 15792 -962
 6558 15684 2197
 6182 14591 4102
 5834 12346 6889
 5422 13160 9933
 5933 11758 10844
 4449 9490 10344
 4396 7766 10983
 4630 6182 16064
 2700 4334 15176
 4492 4032 15652
 3418 979 16050
 2552 -4406 22883
 2405 -7404 12787
 827 -9270 8680
 -1637 -15625 13031
 -2800 -15854 6394
Repetition End
1
 -976 -11904 9835
 -6532 -23489 13155
 216 -12520 15540
 4744 1456 12094
 2628 3375 13958
Repetition Start
 6222 2969 16315
 5314 4005 16029
 6003 6380 14227
 4609 6438 13861
 4765 7978 14750
 4958 10040 13375
 5766 10744 11466
 6901 12255 9659
 6752 13830 7333
 6937 14291 5211
 7017 14744 3347
 6997 15434 1800
 6478 16087 -104
 5464 17624 895
 6359 16101 -1524
 2144 20136 -13300
 4824 18981 -6160
 6006 14044 -5789
 8098 17940 -1234
 4072 16051 -233
 6520 15781 3306
 6994 14503 5519
 4657 10952 9122
 5046 9186 11126
 4497 7431 12627
 5862 6052 13447
 5466 5996 14230
 5222 5643 16023
 4011 394 17455
 5809 -1704 23319
 2160 -9472 14604
 -1683 -15892 12312
 -2265 -18708 13590
 -1942 -12833 14906
 5947 -293 16174
Repetition End
1
 2913 648 17435
 5236 1376 15313
Repetition Start
 6368 4092 13082
 7170 5599 13185
 6442 4797 13858
 7164 8559 12719
 5495 10818 11046
 7593 11672 10341
 7004 12169 7360
 6848 14310 5479
 6010 14448 3255
 5492 15435 1046
 5016 15716 -1681
 3590 16202 -4360
 5923 19613 -8159
 5107 19118 -7483
 4253 18179 -6252
 4518 18006 -2223
 5615 18187 -963
 5185 15081 297
 5979 15815 4242
 4824 13456 5778
 5787 13562 8953
 5920 13351 9667
 2807 7705 11490
 3591 7545 12686
 5289 7899 14210
 3686 7259 14369
 4956 6924 17305
 3268 2340 14290
 3146 431 18768
 -369 -5837 13667
 1189 -7609 5969
 1771 -12746 6004
 -2505 -19849 8628
Repetition End
1
 -3696 -18924 13573
 -3168 -14066 12582
 4784 856 14834
Repetition Start
 3354 3513 15511
 4344 3179 15541
 5960 6220 17838
 6778 8159 15186
 5146 5511 12883
 5212 6016 13790
 6649 9373 12717
 8093 11417 10984
 8586 13707 7849
 8400 11345 6712
 7424 13946 4800
 8642 15053 3503
 8387 15107 2503
 7722 16159 -623
 5927 17486 -3583
 7059 19569 -7175
 6596 18083 -5907
 5787 17761 -3833
 7694 18342 543
 5830 17401 1633
 5581 14787 3732
 5744 12279 6897
 5537 10807 10647
 6130 10367 11422
 6065 9381 11946
 4084 6778 13201
 3956 5459 13975
 8535 8968 16777
 5771 2946 14323
 4932 1253 13362
 4229 928 17960
 4536 -6368 21329
 743 -16463 12318
 562 -18248 15917
 412 -18029 14483
 8290 -4891 17282
 4279 -17 13727
 5421 2459 16683
Repetition End
1
 6093 3587 14981
 6367 4629 14413
 5777 6863 13676
 6937 8861 12134
 6749 9387 9363
Repetition Start
 8909 14066 11517
 6212 11181 7982
 7006 14288 5409
 7266 14492 5354
 6436 13335 3006
 7106 17371 1213
 6414 17536 -3470
 5486 18651 -8489
 6952 17878 -7416
 5695 16005 -6171
 6256 18092 -2831
 7103 17278 1418
 6175 15371 1398
 6507 14590 4840
 6619 12326 8083
 5876 10371 10350
 6048 11631 9025
 6168 11215 9061
 7264 8593 11655
 5432 4922 16661
 5220 4024 12720
 6348 4702 15154
 3809 1146 15395
 5367 -1548 19521
 2936 -7813 15988
 -994 -18580 14465
 -919 -16723 12505
Repetition End
1
 -4245 -17314 14699
 8052 -4745 16054
 2508 -3615 12560
Repetition Start
 5125 492 13629
 6506 3428 16048
 6551 5262 16124
 5878 4846 14693
 4887 6745 14269
 5987 8694 14169
 6511 10825 13268
 5771 10370 10316
 6984 12391 8610
 6686 13067 7230
 6830 14646 5581
 6938 15973 3774
 6235 14561 2517
 6319 16531 1034
 8145 19846 -5084
 6561 20436 -8601
 6824 16869 -6092
 7041 17907 -4569
 7344 17803 289
 7701 16349 776
 6735 15092 3529
 6798 13636 4262
 6379 11033 5877
 7006 13941 11224
 5796 11220 11276
 3580 6961 14144
 3385 7004 12573
 6602 10515 13788
 5796 7617 14152
 5651 5364 15658
 5429 1596 15028
 5908 1471 13808
 4726 -3195 19971
 4694 -11648 15527
 809 -14903 11882
 2189 -14733 13499
 -1456 -14835 15624
 6782 -7928 14126
Repetition End
1
 5036 -2125 16285
 6634 1542 15982
Repetition Start
 6245 4802 15896
 6474 4830 12695
 6673 6971 12039
 6070 8752 12365
 7483 10898 11103
 5993 11721 10070
 6189 12248 7531
 6925 14273 5918
 6341 14687 4817
 6566 14318 1886
 7038 16527 1304
 6057 16495 -3032
 7490 21769 -5050
 7466 17723 -6973
 6268 18187 -4662
 6158 17812 -1756
 7732 17695 -703
 7068 15176 -437
 6733 14573 2780
 4846 13606 5282
 6197 12053 9202
 6710 10683 10519
 6028 9419 12063
 6393 8914 12019
 3654 6224 14570
 4559 5566 11284
 1977 5876 14999
 2662 1571 17659
 3953 -582 14465
 4064 -3699 22134
 1435 -11057 15028
 79 -16749 14189
Repetition End
1
 -705 -14101 16053
 4161 -9365 15877
 4948 -2767 19057
Repetition Start
 5567 -547 16127
 5822 1602 12555
 5200 7450 14251
 5346 7880 12040
 5612 10863 12038
 6618 10661 8601
 6709 13038 6897
 7190 13758 6151
 5864 14841 5462
 6974 15144 1886
 7911 17915 -2665
 7625 18197 -7090
 7201 20022 -4935
 5625 16550 -5584
 6145 18506 -2585
 6605 19579 129
 4901 16413 1166
 6203 14903 3603
 6549 13545 5484
 5741 12566 8070
 6189 11955 10761
 4856 10071 11639
 3113 7808 10198
 5683 6635 13656
 3256 5690 15231
 3838 3405 14302
 3963 1751 15702
 5535 -1266 18761
 2422 -9095 17859
 -514 -15317 13919
 1054 -13379 16156
 6 -13623 14435
Repetition End
1
 4591 -3941 17828
Repetition Start
 3245 558 18684
 6150 2810 16618
 4229 4992 13846
 5482 6650 14283
 5403 8902 13366
 5766 10004 10184
 6825 11554 9004
 7197 13337 6923
 6840 14867 5976
 5353 13849 3329
 6292 16270 92
 5889 17676 -1716
 4494 17406 -3012
 4853 16990 -6595
 4765 17723 -5414
 5453 18011 -5378
 4986 18142 -10189
 5084 17976 -1641
 5988 17199 -1828
 4860 16296 -601
 6404 16461 1739
 6186 13824 5224
 5280 12525 7964
 4369 11246 10635
 6383 7106 11841
 3754 6583 12229
 6699 5617 14639
 5174 3297 15341
 5543 -419 14704
 7362 -2904 25016
 3259 -12432 13381
 -254 -14240 12667
 1227 -11014 18092
 1261 -17082 11581
 4909 680 21035
Repetition End
1
 5014 723 19061
 6302 511 15480
Repetition Start
 4095 3520 13029
 6810 8196 13147
 5952 8269 10102
 6460 12360 9351
 5948 12922 5563
 6447 13638 4047
 6622 14583 1897
 6925 16646 -461
 5749 15445 -4443
 5675 18293 -5434
 5639 17626 -10345
 5511 18887 -6927
 5743 17557 -4259
 6855 17961 -2487
 5594 16312 -527
 5923 14970 1278
 6876 14429 5668
 6243 12433 8482
 5189 11023 9577
 4710 9339 10322
 5816 5909 12089
 5295 7569 12295
 5642 3549 14454
 5176 1852 15499
 5975 -1497 18450
 5455 -8130 19476
 661 -15095 11106
 1132 -13582 12331
 -1051 -16047 15310
 4358 -9627 15108
 5405 -1608 17847
Repetition End
1
 6650 270 15767
 6764 3100 13471
 7093 6867 13404
Repetition Start
 7099 8275 11480
 7487 10445 9249
 7499 11794 7265
 7657 13858 6337
 6797 13538 4740
 6282 15634 2321
 6108 16562 1804
 5583 16201 -841
 5312 16769 -2540
 3792 20054 -3872
 5338 18555 -4210
 4635 18715 -3306
 5240 18138 -2027
 4462 17990 -401
 4708 17265 1497
 4310 15764 3069
 3379 15214 5531
 3625 13494 8119
 4687 12325 10067
 5118 10410 10958
 4891 8532 11008
 4679 7101 12883
 3773 5132 13506
 5156 2982 14222
 5564 445 15691
 5357 -1126 14992
 4064 -5886 24307
 4321 -9889 5390
 431 -19353 11398
 -655 -17468 15198
 -689 -12162 8747
Repetition End
1
 -3079 -6819 12170
 -3839 -11494 9296
 904 -9572 10818
 453 -16059 11583
 -3042 -15047 9798
 -5068 -16431 11157
Repetition Start
 3284 -6995 11379
 8707 608 14320
 4836 1768 15274
 8059 3806 16467
 6362 5620 16581
 6143 4122 14210
 6765 5293 13719
 5863 8797 12030
 7152 11714 10204
 6551 12495 7407
 6260 13308 5187
 6297 13498 3535
 6218 16252 1440
 6499 17313 -482
 5361 16911 -3153
 5497 20254 -3860
 5996 18958 -7549
 5351 18089 -6036
 5004 18404 -2396
 6155 18206 -1440
 5341 16162 -212
 5458 16196 1521
 5896 15981 3976
 6041 14101 6426
 5794 11918 8644
 5896 11014 10675
 5072 9110 10630
 6960 8835 13758
 5034 4879 13499
 5519 4263 12239
 6558 4347 14893
 5510 -72 15348
 4632 -1613 18741
 5627 -5731 17311
 996 -18111 7365
 2139 -12000 13282
 2551 -7881 13795
Repetition End
1
 1845 -6451 14110
 438 -10361 14763
 319 -9441 11974
Repetition Start
 -826 -10135 12398
 -1737 -12007 10568
 -1513 -11492 10962
 -1110 -9305 12216
 -1923 -10276 10734
 -1497 -14434 10213
 -2115 -14146 12115
 -3865 -12627 14579
 2287 -4918 13859
 4127 -3841 12047
 6255 1637 16364
 6696 718 15541
 7243 2944 15993
 6321 4129 15344
 7622 3349 15302
 5888 3825 13691
 6163 6277 13337
 7375 9625 12124
 7410 10638 12228
 7972 11475 10062
 7061 12332 8823
 6607 12046 7306
 7514 15213 7087
 7026 12372 4872
 7203 16774 3765
 7135 19713 -1245
 5777 15971 -6327
 6043 18200 -8977
 4619 16531 -4602
 5385 16579 -2737
 7293 18764 -872
 6485 17327 1004
 6004 16558 2754
 6045 15490 4693
 6185 13631 5468
 5758 13638 7557
 4449 12493 9928
 3232 8610 11656
 5092 7423 12725
 4447 6209 12217
 2959 6868 14307
 3358 786 15504
 3800 3 14291
 4843 -1187 19673
 2308 -8229 20194
 3095 -10978 7518
 2908 -11084 14583
 1342 -11436 12844
 -648 -10424 11513
Repetition End
1
 -2483 -10076 12267
 -2644 -10929 11635
 2856 -9114 9111
Repetition Start
 -3343 -15902 13393
 -4809 -17397 11029
 -1547 -5816 14428
 2824 -4276 14309
 4375 1267 17786
 4849 -93 14072
 6286 4201 15913
 5669 4854 14695
 4965 6978 11616
 7671 9206 11264
 5155 9532 9707
 6817 13579 9003
 6878 13904 6955
 7112 14573 5152
 6733 13584 2327
 6851 17366 -468
 6161 18690 -908
 4624 14915 -4010
 6430 19424 -4768
 5907 18009 -6266
 6072 18158 -5721
 5702 17731 -3761
 5875 17601 -2318
 5989 17103 -1324
 5749 16381 95
 6151 15761 2397
 6647 15157 4994
 6598 13008 6667
 6571 11593 9023
 6306 12196 10760
 6575 10641 10482
 4455 7897 10939
 4097 6617 13938
 3885 4173 16947
 4116 3880 15761
 3207 367 13867
 3216 -1853 16913
 5831 -4611 18765
 1549 -12324 11377
 779 -10166 10761
 -540 -14599 11636
Repetition End
1
 -736 -9799 11660
 -1289 -10627 11175
 -2447 -12056 8721
Repetition Start
 -7087 -15789 9421
 150 -13733 9484
 3685 -1646 18048
 2441 -1982 16203
 3724 -918 17236
 4290 1354 16903
 3797 1732 15349
 4833 6443 14438
 4839 7525 12766
 5495 9360 10088
 5695 12233 9474
 5693 13072 8394
 6051 14290 6165
 6051 13899 3064
 6476 15136 875
 6604 17997 -1607
 5430 16369 -3380
 5819 18099 -3969
 5398 17543 -6836
 5618 17877 -6456
 6077 17899 -4951
 5993 17574 -2260
 6126 18155 -1790
 6153 16754 -524
 6248 15972 820
 6378 15476 2397
 6106 15085 4260
 6241 15151 5696
 6640 13720 6890
 6325 11600 8765
 5199 9561 10337
 4701 8274 11490
 4065 6242 14817
 4755 3795 13919
 3964 2319 15398
 4059 -999 16630
 3919 -4259 22623
 2068 -8117 14814
 510 -14287 12177
 -977 -13098 14573
 -3274 -14062 15968
Repetition End
1
 -5068 -13343 12512
 6300 504 18721
 563 -1588 15734
Repetition Start
 4347 -609 15263
 5109 3433 14613
 5175 6014 13168
 6334 8498 11741
 6203 10994 8391
 7212 13172 6088
 6870 13780 4782
 6844 15297 1898
 7111 16991 -183
 5814 17613 -799
 5499 15762 -2981
 4956 18198 -4253
 4993 18048 -6324
 5592 18126 -5008
 5422 18081 -3278
 4853 17919 -1963
 5803 16898 -739
 5447 16465 546
 6026 16018 2471
 5887 14911 5649
 6349 12579 8124
 6810 12305 9301
 5863 12462 11294
 3595 6383 10734
 5777 7982 13405
 3882 4901 13974
 5551 2812 14117
 5306 1391 17336
 5627 -3008 15261
 6287 -5392 19515
 1013 -11285 11092
 396 -12588 10574
 1238 -12185 14832
Repetition End
1
 947 -8430 11274
 1422 -6982 13192
 -900 -8988 13266
 -1502 -9011 12936
Repetition Start
 -744 -9186 12999
 -1061 -9642 12030
 -329 -9300 13816
 -2014 -14610 13898
 -5261 -14628 13418
 4498 -5457 14224
 4143 -5587 14466
 2330 -268 16159
 3125 3882 16592
 5075 5268 16694
 4415 5975 14506
 4452 6959 12997
 6019 8895 13063
 7118 11297 11336
 6450 10255 9649
 6877 13757 7103
 7004 14007 5211
 6869 14582 1822
 6806 16537 297
 5442 17027 -1552
 5078 16258 -3934
 4719 19336 -5377
 4919 18517 -8796
 4845 18540 -6673
 5495 18065 -3943
 5907 16930 -2082
 5469 16236 -1364
 5717 16282 1695
 5901 15281 4486
 6119 12604 6086
 5013 12319 8807
 5457 10549 10636
 5622 8668 11372
 4780 6338 11526
 5383 6243 13555
 3040 3338 14766
 3843 -410 13932
 4118 -1969 17277
 3266 -7320 20322
 2374 -9523 8573
 1404 -10173 10903
 -2584 -17615 17052
Repetition End
1
 -362 -11661 10938
 -679 -8974 12469
Repetition Start
 -1463 -10259 11862
 -1749 -8812 12320
 -1410 -9495 11636
 -1466 -11242 11106
 -1211 -11201 10798
 -2897 -17479 14344
 -3100 -17771 10765
 -1295 -4161 11859
 5413 -6357 12919
 2007 638 18016
 3065 -2655 17700
 4237 3698 17752
 4621 2989 14550
 4674 5751 14271
 5568 6016 12059
 5896 9507 11786
 6495 11599 9917
 6388 12703 7842
 6675 14447 6352
 5308 14118 4251
 6132 15649 1540
 6202 16967 694
 5025 16934 -1728
 5152 19019 -7141
 6180 19807 -7698
 4596 18258 -4867
 6781 16146 -4532
 6280 16626 347
 6646 17006 2013
 6272 14995 3685
 7027 13550 6609
 6200 12663 8256
 6533 11193 10812
 4490 7021 11195
 3224 7074 12569
 4069 5484 13530
 3406 4649 16487
 3267 -1065 14511
 3252 -3781 15654
 1570 -5986 23515
 -282 -11224 8660
 634 -8126 14679
 -1537 -15367 10504
Repetition End
1
 -1611 -12110 13237
 -1350 -6147 13703
 -1944 -10285 11001
 -1351 -10812 13404
Repetition Start
 -1942 -11333 13544
 -1100 -11750 13488
 -4769 -17259 10497
 -2323 -5860 16331
 301 -5066 13630
 2973 -1611 16014
 5681 -592 17255
 5117 3624 16592
 4851 3812 16392
 4208 5184 14642
 5872 6411 12948
 4528 9224 10999
 4736 12537 8372
 6349 14701 7332
 5923 14607 5932
 5727 14056 3744
 6581 16655 259
 6663 17945 -740
 5411 16104 -3210
 6413 18368 -4537
 4156 16217 -3744
 5672 17554 -5540
 5536 17701 -6062
 5292 17587 -4987
 5659 17255 -3538
 6420 17388 -2532
 6122 16442 -1764
 6207 16928 327
 6431 15792 1848
 6699 15540 3473
 6297 14428 5501
 6297 13266 8328
 6620 11495 8666
 5698 11541 11108
 3675 10178 12923
 4823 7642 11683
 4520 6388 12845
 2994 4094 14630
 3317 1494 15532
 3624 951 15015
 2959 -4090 24571
 1457 -11015 14661
 -588 -12130 10368
 1186 -8540 16038
Repetition End
1
 -1547 -10710 12519
 -1223 -10441 11726
 -2042 -8384 12840
 -2051 -11083 11371
 -1135 -10238 12029
 -2899 -11916 11903
Repetition Start
 -1324 -9743 13358
 -4021 -14469 12765
 -2065 -9741 14728
 75 -3022 14643
 7419 1096 15007
 6839 -529 14823
 7399 2518 16673
 7658 1720 14377
 6442 4295 15415
 6805 3701 13651
 8465 5448 16125
 5645 4356 14417
 6876 6730 15297
 6840 7878 14147
 7501 8537 13350
 7590 9918 11985
 8066 10116 10256
 7321 12389 9819
 7102 13699 8257
 6688 14054 6659
 6139 14810 4894
 6272 15434 2828
 6352 16964 1231
 5740 17294 801
 5104 15798 -33
 6009 16884 -1494
 5418 18991 -4163
 4105 19607 -12295
 5203 18925 -5510
 6463 14682 -5491
 4771 16797 -825
 5400 17460 2425
 5525 15264 3591
 5379 14929 5041
 5232 13726 7790
 5835 12054 9694
 5856 12384 10988
 5753 9137 11796
 5853 8460 12039
 5390 6749 13760
 4238 5312 13546
 5428 5813 14682
 5390 2494 14945
 4472 1442 15848
 4928 -2417 13974
 6397 -5547 25963
 1928 -10786 11767
 -193 -8473 9803
Repetition End
1
 -1978 -12347 19259
 -2776 -11117 9730
 -1371 -8505 12339
 -2370 -9976 11877
 -1487 -12017 11744
 -688 -9963 13487
 -4034 -14835 13703
 -5525 -10394 14059
Repetition Start
 6061 -1427 16644
 4438 -3206 15824
 3110 279 17687
 4623 1105 15750
 5028 2324 14627
 5970 5392 13256
 6714 9023 13041
 7372 10451 11196
 7798 10408 10340
 8101 12507 8374
 7186 13416 6879
 6637 13748 4939
 5661 15186 2113
 6832 18041 776
 5024 17107 -687
 4048 17156 -3180
 4291 18744 -5264
 3983 17148 -7662
 4649 17810 -5758
 5696 17628 -3988
 6374 17771 -2247
 5885 16603 -661
 6271 16345 580
 6835 15826 2529
 7152 15035 4360
 7408 14944 5255
 6847 13503 7102
 6501 12960 8967
 5675 11451 10447
 4838 9906 10530
 3571 10504 12623
 3074 6912 14263
 5215 4800 13976
 5057 4168 14225
 4343 2760 15699
 3445 -700 15036
 3919 -3329 16178
 4196 -6591 21267
 349 -10986 11100
 1175 -10542 12551
Repetition End
1
 -499 -10024 13320
 -764 -8648 14634
 -424 -8370 11920
 2157 -13955 9924
 -8663 -18643 14397
 3761 -479 13364
 2745 -7217 14231
Repetition Start
 4768 -271 17638
 4925 1273 15001
 6379 3330 15134
 5431 4512 14407
 5694 7536 13310
 6489 8137 11423
 6439 9883 10411
 7249 12801 9215
 6312 13915 6953
 6212 14560 5375
 6068 15721 3575
 5584 16202 1027
 5831 17498 -51
 5470 16715 -1211
 5016 16911 -2793
 5121 19720 -2605
 6052 17433 -5704
 5678 18046 -4923
 5671 17772 -4096
 5836 17501 -2382
 6552 17191 -1286
 6587 16522 802
 5903 17064 1512
 5916 14863 3788
 6147 13713 6783
 6413 13728 7324
 6314 12200 9297
 6280 8764 11021
 5252 6490 12587
 4771 5024 15516
 4640 4026 13899
 4297 3055 12595
 5258 2182 15651
 4336 -2054 14819
 8437 -6165 27386
 777 -11904 5394
 2494 -9262 15258
 892 -11850 16350
 -277 -10484 11726
Repetition End
1
 -2321 -9520 12937
 -2270 -10216 11818
 -839 -10060 11948
 -473 -9383 12191
 105 -9315 12343
 -408 -9618 12550
 -1027 -9685 12355
 -366 -9462 12135
 -252 -9536 12258
 -340 -9283 12533
 -312 -9231 12536
 -743 -9470 12469
 566 -9274 12806
 841 -9331 12345
 21 -9401 13301
 282 -8641 13958
 850 -8365 13910
 -575 -9007 14009
 -4496 -6667 13091
 1348 -2528 14457
 3233 -1681 14418
 270 -2682 13313
 -1896 -5206 15154
 1592 -5618 13454
 198 -7034 16063
 -298 -7435 13628
 -880 -8162 14867
 -1978 -7743 12922
 -2216 -9592 12354
 -2486 -7904 13145
 -3717 -6416 13054
 -3938 -7215 12873
 -2956 -8681 11782
 -2367 -11148 10201
 -3930 -8994 11706
 -1509 -7669 14273
 -1444 -8891 12242
 -1025 -12819 11021
 537 -13911 10459
 -3890 -9386 9968
 -4768 -3228 15110
 448 -13586 7153
 7545 -11269 9412
 4374 -7809 9318
 489 -9450 11821
 -673 -9318 13490
 -855 -10895 14986
 -1308 -9164 10689
 -2147 -9134 13380
 -2360 -8639 12281
 -1842 -8702 12096
 -1235 -10179 12607
 -570 -9126 12369
 -1301 -8884 12527
 -1537 -8948 12710
 -1077 -9179 12500
 -1371 -8966 12344
 -1317 -9810 12290
 -1008 -9173 12439
 -824 -9367 12378
 -1265 -8900 12281
 -1629 -9429 12184
 -1179 -9321 12242
 -1180 -9167 12256
 -930 -9319 12251
 -963 -9174 11730
 -1147 -9228 12406
 -1323 -9535 12107
 -1310 -9249 12176
 -1120 -9280 12182
 -1131 -9236 12361
 -1227 -9129 12365
 -1200 -9214 12405
 -1310 -9214 12436
 -1487 -9154 12490
 -1096 -9070 12449
 -1166 -9078 12324
 -996 -9085 12124
 -1541 -9870 12259
 -785 -9527 11934
 -948 -9806 12194
 -1342 -9304 12029
 -2479 -10068 11992
 -1303 -11547 11226
 -405 -9611 12162
 -442 -10497 11741
 383 -8668 12077
 305 -9353 13084
 1529 -8063 13148
 980 -7804 13550
 1269 -7907 13699
 1460 -8000 13754
 1363 -8105 13787
 424 -8250 13472
 683 -8474 12622
 1012 -8762 12711
 1181 -8665 13020
 -26 -11008 11830
 718 -9762 12736
 -211 -9747 11747
 -166 -9758 12202
 361 -9819 12098
 -262 -10004 12321
 -5 -10132 12024
 152 -10032 11825
 155 -9690 12257
 -443 -9651 12191
 -435 -9980 11690
 -344 -9680 11939
 -483 -10129 11810
 -147 -9761 11703
 -291 -10009 11811
 -408 -9974 11662
 -604 -9775 11975
 -548 -9818 11673
 -355 -10134 11813
 -628 -10160 11332
 -241 -10507 11715
 -640 -9838 11792
 -704 -10028 11733
 -722 -10029 11568
 -664 -9952 11633
 -493 -10083 11668
 -588 -9822 11761
 -477 -10271 11641
 -660 -10158 11602
 -758 -10289 11197
 -375 -10127 11759
 -489 -10240 11472
 -417 -10348 11592
 -715 -10119 12513
 -1076 -10585 10920
 -56 -11198 11083
 1261 -8167 13400
 -1367 -8282 12236
 -1238 -10121 11533
 -1093 -10528 11526
 -2291 -10026 10371
 -2037 -9858 11638
 -2108 -9765 12708
 -1052 -9500 13566
 -2123 -13779 11550
 -1681 -14999 16380
 -2460 -9377 12057
 2724 -5537 17155
Repetition Start
 9039 -5173 15323
 8099 -3266 13876
 7530 4423 14717
 8107 4283 12233
 8307 6741 13184
 7429 8488 12059
 7547 9596 10386
 7615 12098 9774
 7388 13050 7506
 6632 14084 4415
 6623 14740 3784
 6043 16426 1446
 7201 16316 85
 4588 16590 -4045
 8063 19270 -7055
 5353 18792 -8170
 5866 18034 -4372
 6375 17695 -3628
 5039 17174 -73
 6665 14976 3019
 5588 12156 5367
 5541 14028 9030
 3841 9220 11726
 3794 7268 10953
 4391 7281 11552
 7016 8425 14569
 4109 3650 14155
 4370 223 14326
 5101 -3483 28195
 3268 -13877 8144
 2579 -15974 9080
 -1558 -19191 8302
 -1277 -11659 13445
Repetition End
1
 -5011 -16879 12648
 3534 -13105 14721
 965 -2274 12518
 2875 1843 17154
Repetition Start
 3479 3525 16943
 4681 3318 16318
 7055 3220 13511
 4989 6177 13247
 6852 9673 13669
 6121 8695 13322
 6531 8572 12522
 7011 12211 12225
 8104 12171 10070
 7585 12263 6371
 7942 13745 4645
 7963 15285 3083
 8115 16779 399
 7161 16637 -255
 6245 15856 -1959
 6054 17157 -2743
 6568 18722 -3965
 6066 17885 -5184
 6462 17800 -3764
 6288 17629 -2202
 6631 17329 -1352
 6275 16720 -238
 6134 16423 856
 6771 16070 2084
 5470 15863 4226
 6924 13595 6553
 6647 12137 7994
 5252 11660 9966
 4729 7993 11669
 5691 8078 12436
 3941 6665 12699
 5675 4591 14358
 3629 3332 14548
 4895 -858 16804
 5086 -2583 21776
 2659 -8098 16530
 862 -11639 10127
Repetition End
1
 -670 -11915 15473
 -2934 -14362 12163
 -1974 -16631 14069
 -2488 -11166 11634
 7947 1760 16010
Repetition Start
 5861 -2100 17017
 5306 728 17319
 7128 2048 13849
 7105 5753 14247
 6226 6704 13472
 7028 9713 11835
 7395 10356 10953
 7477 10666 7924
 7667 14974 6493
 8105 13900 4973
 8066 13792 3689
 7802 14969 1027
 8789 16406 -1350
 7013 16511 -2489
 5289 18534 -5581
 6286 18463 -6538
 4968 17075 -7136
 5499 18090 -4774
 6171 17711 -2370
 6388 17791 -2059
 6095 16655 -156
 7161 16503 1662
 7062 15073 2821
 6955 13591 6209
 6386 12403 8827
 6072 12019 9328
 5909 9479 10762
 5389 6067 11824
 6623 5165 12510
 7063 5722 14211
 4795 3037 16381
 5882 -903 15278
 5731 -1395 15095
 5747 -4183 22297
 -603 -11597 10229
 -2300 -12268 16663
 -2791 -14050 8528
 -2359 -10261 12929
Repetition End
1
 -3077 -11763 10814
 -1075 -11563 11610
 -2509 -8428 11030
 -3002 -10226 13734
 -1730 -13088 16716
Repetition Start
 -2645 -10910 15463
 7620 -4860 13606
 2112 1334 16069
 6797 -1815 16071
 5199 2157 16377
 6472 2981 15323
 5472 5704 14999
 6415 5784 12934
 6551 8586 12273
 6947 10854 11354
 6271 11797 8429
 5871 13759 7286
 6396 15183 5996
 5901 15591 3823
 5827 15355 2045
 5700 16600 564
 5741 17932 451
 5157 17214 -1495
 4977 17722 -3551
 4962 17446 -4018
 4708 17870 -4040
 3847 17555 -3590
 3836 17342 -2545
 3694 17359 -2329
 3821 16928 -2834
 3897 17326 -2856
 3993 17036 -2591
 4031 17360 -2392
 4376 17416 -2378
 4042 17661 -3837
 4429 18009 -4073
 5205 18145 -3624
 5326 17132 -2716
 6003 16569 -1283
 6171 16328 931
 6019 15372 2353
 7289 14522 6267
 6202 12392 6869
 6330 11495 10290
 5315 9490 11113
 6063 7338 12837
 3603 6004 13434
 4238 3386 13365
 4696 5033 16101
 3740 392 15649
 4363 -413 14393
 4579 -4349 22337
 1943 -10880 12910
 1759 -7619 10810
 -381 -13873 11994
 -470 -14394 11805
 1282 -9458 12431
Repetition End
0
 -395 -9320 12075
 -238 -10067 11650
 -535 -12073 11448
 -3724 -15269 10396
 -2904 -9659 14744
 6342 -6392 12922
 6164 455 14255
Repetition Start
 7782 -2040 16284
 9167 -1622 16063
 7235 -494 14798
 7308 3063 15230
 6115 4768 14047
 7437 7291 12777
 7458 8888 12090
 7884 10464 10996
 7245 11488 9374
 7677 12831 8028
 7008 13469 6656
 6886 13687 4501
 7139 15348 2595
 6931 17590 342
 5985 16806 -1208
 5755 16275 -4395
 6153 17644 -4740
 5075 17290 -6005
 5302 17338 -7924
 5195 17756 -6720
 5513 17062 -5507
 5890 17665 -3910
 5866 16817 -2872
 6089 16676 -1554
 6663 16263 -446
 6966 16218 1373
 6989 15666 2993
 7444 14808 4242
 6630 13774 7057
 7338 11346 7881
 6144 8924 9984
 5642 7897 9797
 6790 6922 12285
 5899 2075 14006
 5796 66 14077
 5967 -2088 12955
 9298 -6932 29090
 -1809 -15977 4710
 4095 -12950 12384
 1936 -12023 12464
 -244 -13292 11107
 1694 -10231 10987
Repetition End
1
 -4195 -15292 13345
 -1797 -8225 14328
 5919 -5308 14850
 1995 415 16346
 7029 -2552 13752
 7414 4051 17738
 7559 1557 13788
 7773 3480 14231
 6582 5432 13930
 7081 7465 13010
Repetition Start
 6764 9187 11554
 6533 11378 11119
 7365 12868 8500
 6773 13512 6813
 7378 14114 6116
 7286 14570 4656
 7126 15784 2160
 7049 17629 626
 5592 16108 -1100
 6391 16656 -2577
 5578 20144 -4599
 4310 18085 -5782
 5249 16707 -6673
 6088 17069 -5165
 5816 18056 -3132
 7052 17416 -1671
 5927 16867 -1358
 6537 17057 -151
 6412 15878 2341
 5666 16843 3637
 6909 16483 3096
 7249 16004 2827
 7611 14151 2910
 7860 13065 5037
 7003 15110 8240
 6391 11710 8715
 4959 11651 12014
 3216 6281 9493
 6464 3457 12307
 5664 7263 17190
 3284 210 13402
 3406 -1226 14660
 2382 -5269 26259
 736 -11829 11727
 327 -8521 11616
 -3934 -17527 15729
 -3620 -18380 7975
Repetition End
1
 -3110 -11300 14902
 -3843 -12055 13793
 5866 -3196 16891
 3640 -310 13897
 6653 452 15611
 5880 1858 17573
Repetition Start
 5519 2817 16724
 6534 4238 14265
 5024 5409 14200
 7279 6658 13833
 4875 8322 12756
 6211 10493 12526
 5894 11286 11270
 5704 12483 9983
 6204 12942 8711
 5725 13889 7704
 5342 14509 5831
 6278 14566 3893
 6093 16209 2589
 6386 17798 708
 6318 17565 -462
 5372 15767 -2757
 5400 16929 -3362
 5346 17500 -4431
 5302 17341 -6386
 4764 17240 -7429
 5038 17416 -6439
 5255 17014 -5523
 5862 17219 -4386
 6188 16689 -3082
 5958 16620 -2839
 6257 15971 -1837
 7037 16730 -512
 6849 16607 771
 7283 15928 2520
 7233 15107 3237
 7037 13304 5467
 8381 13685 8337
 7259 12060 9147
 5768 9125 10519
 5119 8841 12528
 4884 6592 13571
 5245 3854 13802
 5214 2306 14203
 4857 302 14981
 5208 -2335 13219
 4570 -5426 23616
 -972 -12386 7044
 1213 -11222 14192
 -3434 -15686 7048
Repetition End
1
 -1615 -12991 10308
 -2203 -11154 10900
 -1589 -11049 11303
 -899 -9414 11851
Repetition Start
 -1241 -10801 10990
 -740 -10180 11205
 -1416 -10846 11131
 -1261 -11449 10282
 -1509 -10630 11252
 -824 -10829 11137
 -1629 -10953 11220
 -1596 -10596 11063
 -1273 -10588 10637
 -1496 -10969 10820
 -45 -10708 10323
 -2326 -10397 10611
 -484 -11011 10572
 -943 -10576 10870
 -1467 -10722 10250
 -1553 -10925 11151
 -1349 -11512 10033
 -1454 -11437 10988
 -1029 -11522 10375
 -1067 -11337 10329
 -914 -10948 10632
 -1313 -10309 10999
 -1411 -11528 10352
 -1070 -11012 10341
 -1189 -10942 10520
 -890 -10894 10835
 -1157 -11164 10901
 -1264 -10874 10557
 -1111 -11119 10315
 -1351 -10832 10853
 -1258 -10825 10517
 -1061 -10786 10758
 -1127 -11110 10863
 -1432 -11005 10609
 -1367 -10859 10687
 -1332 -10910 10715
 -1142 -11118 10647
 -1520 -10903 10878
 -1286 -10739 10899
 -1265 -11064 10547
 -1264 -10690 10599
 -1268 -11021 10710
 -1315 -10888 10804
 -1227 -10693 10978
 -1293 -10807 11047
 -1197 -10680 11041
 -1282 -10682 10940
 -1182 -10578 10990
 -1151 -10737 11076
 -1286 -10685 10948
 -1065 -10600 10808
 -1057 -10487 11060
 -1241 -10653 10995
 -1060 -10617 10959
 -1164 -10544 10958
 -1151 -10583 11072
 -1207 -10666 10985
 -903 -10640 10856
 -1208 -10551 11185
 -1119 -10792 10955
 -985 -10548 10991
 -1131 -10797 10871
 -1152 -10534 11051
 -1217 -10653 10950
 -864 -10542 10867
 -1059 -10442 11201
 -1118 -10661 11021
 -1215 -10520 11059
 -1252 -10484 11015
 -1228 -10468 11237
 -1201 -10496 11015
 -1245 -10520 11486
 -1521 -10472 11115
Repetition End
0
 -1132 -10579 11474
 -1267 -10653 11188
 -1288 -10139 10999
 -1421 -10085 11284
 -1024 -10393 11370
 -1144 -10598 11178
 -941 -10557 10895
 -1293 -10196 11222
 -1296 -10620 11110
 -1158 -10402 11175
 -1011 -10637 11042
 -1190 -10559 11018
 -1246 -10511 11201
 -1236 -10527 11105
 -1365 -10497 11196
 -1086 -10342 11147
 -1139 -10460 11057
 -1139 -10390 11182
 -1133 -10442 11157
 -1214 -10458 11214
 -1253 -10408 11301
 -1124 -10584 11160
 -1094 -10420 11371
 -1139 -10369 11363
 -1172 -10421 11321
 -1258 -10355 11308
 -1169 -10424 11281
 -1222 -10297 11500
 -1201 -10338 11259
 -1130 -10424 11195
 -1346 -10495 11405
 -1232 -10237 11183
 -1124 -10360 11435
 -1252 -10335 11154
 -1014 -10446 11258
 -1026 -10376 11187
 -1090 -10312 11222
 -1077 -10346 11487
 -1248 -10438 11064
 -1241 -10577 11314
 -1124 -10335 11363
 -1055 -10485 11032
 -1003 -10340 11130
 -1072 -10460 11190
 -1123 -10362 11163
 -983 -10393 11115
 -1244 -10384 11278
 -786 -10791 11426
 -1395 -10104 11316
 -1327 -10438 11057
 -1167 -10376 11073
 -1187 -10512 11181
 -1198 -10268 11208
 -1315 -10349 11160
 -1098 -10370 11303
 -1151 -10487 11060
 -1194 -10276 11424
 -1297 -10391 11197
 -1306 -10470 11412
 -1303 -10306 11153
 -1290 -10434 11335
 -1297 -10417 11249
 -1268 -10480 11279
 -1145 -10435 11033
 -1185 -10295 11345
 -1392 -10515 11215
 -1221 -10402 11217
 -1217 -10336 11255
 -1216 -10492 11410
 -1345 -10422 11163
 -1321 -10496 11164
 -1084 -10725 11122
 -1281 -10355 11276
 -1226 -10575 11011
 -1253 -10215 11328
 -1180 -10416 11000
 -1248 -10288 11584
 -1301 -9974 11566
 -1058 -9999 12333
 179 -9214 10808
 -17 -10923 10983
 -2446 -11978 8685
 -4086 -12952 12028
 -4137 -13107 14195
 259 -14237 14316
Repetition Start
 3664 -3632 15037
 7040 -3013 17217
 6055 110 16028
 5969 2729 13828
 6505 6056 13092
 6952 7187 10231
 7282 11282 10097
 6770 11318 8121
 7661 12143 6988
 7385 13914 5643
 7583 13920 3373
 8016 15716 -140
 6799 17152 -2395
 5475 19914 -4749
 6343 18927 -8272
 5779 18953 -7149
 5751 17927 -4710
 6741 17325 -2802
 5398 16391 -1393
 5757 15844 1959
 5878 15002 4986
 5456 10455 7724
 5945 9611 10883
 4435 7950 11419
 5162 5739 13046
 4894 5579 13273
 5032 2946 13494
 4445 -1169 15050
 7220 -5446 24841
 1273 -17616 8621
 -557 -16452 13873
 -1317 -17156 13484
Repetition End
1
 3454 -895 16759
 4383 -2851 17429
 4860 -370 17424
 6369 2188 13685
Repetition Start
 6033 5576 14684
 6324 6606 14543
 6223 8243 11582
 6702 10355 8519
 7184 14310 7683
 6622 12962 5551
 7257 15366 3557
 7028 16028 2378
 5892 15608 -736
 5537 16526 -2096
 6227 18640 -3270
 6906 18530 -6953
 6382 18766 -5139
 5628 18148 -2000
 7761 17137 -1338
 5568 16572 -264
 6718 14754 3201
 6521 13487 6739
 5571 11870 8665
 4928 11507 11534
 5187 9671 10429
 4029 5990 12122
 3866 1877 14938
 4506 1923 14549
 5836 -948 14342
 3361 -3834 15917
 3767 -8465 19425
 1002 -14762 6224
 -2384 -22412 10050
 428 -12746 16005
Repetition End
1
 -5556 -19916 12914
 3510 -9918 10580
 2805 -4040 16066
 3777 -993 18295
Repetition Start
 5105 1073 16915
 3099 4273 14224
 4420 6240 13941
 5085 8007 13497
 7033 9490 10908
 8398 12183 9040
 8491 11891 7143
 7975 12605 5452
 8895 14293 3392
 9185 15629 614
 6555 16894 -1353
 4988 17050 -4728
 6718 19576 -6798
 6739 18453 -7657
 5957 17640 -5059
 6026 17490 -2264
 6543 17162 -705
 6399 15495 1570
 6330 15161 4195
 6137 13199 6280
 5683 11697 9999
 6035 11070 9982
 5188 8758 11428
 5268 6279 13049
 6177 4909 13770
 3183 4633 14388
 4301 4511 15656
 3264 179 14928
 4442 -1572 27614
 -938 -9116 15077
 1883 -10031 13022
 1831 -12974 11792
Repetition End
1
 -1242 -16631 17131
 -2490 -15895 13502
 6869 -3879 15652
 1893 -3569 16155
Repetition Start
 8704 -1331 16422
 6250 2890 14635
 8070 4488 14893
 6097 6270 14611
 5404 7959 13018
 5492 9037 10678
 5240 12229 9339
 5456 14020 7848
 5527 13792 5350
 6351 14635 4546
 6676 15519 1294
 6785 17230 266
 6661 15849 -22
 6494 19288 883
 6215 18469 -10776
 7457 18049 -8461
 5796 16020 -5301
 6321 16095 -3365
 8545 18308 4
 6258 16153 869
 7108 15215 2122
 6539 13916 3755
 7308 14013 6511
 6611 12982 9035
 4887 8662 9829
 5637 8185 12029
 4234 4308 12550
 5429 5573 17053
 2894 331 12132
 6413 2970 15489
 4479 -662 15153
 5262 -5503 19146
 4074 -9501 10945
 -2159 -17119 13329
Repetition End
1
 -2253 -10978 8355
 -936 -12193 12625
 -2218 -11774 10138
 -2195 -10347 11571
 -3641 -14272 11016
 -6723 -15232 7721
 -945 -10131 9937
 4528 -8063 12990
Repetition Start
 1990 2960 14530
 4409 -779 15837
 4283 -372 16131
 4151 1754 15810
 4094 3404 17094
 6029 1493 14405
 4311 3657 14111
 4631 5399 14817
 5643 6940 15610
 5600 7804 15097
 6562 7251 13223
 6034 9053 12897
 7498 10467 12916
 5545 11336 11395
 6384 12754 10512
 6783 14175 8256
 5904 14198 6830
 6240 15178 4748
 6809 15182 3148
 6114 16708 1484
 5211 16527 -238
 5080 16541 -1888
 4863 16958 -3177
 4949 18236 -3959
 4834 18253 -5853
 5262 17493 -6356
 5843 18016 -4297
 5375 18167 -2837
 6265 16590 -2035
 6383 16534 -214
 6674 15938 1267
 6812 15283 3032
 6920 15005 4600
 6486 13533 7228
 6835 12691 8269
 7044 10654 9576
 5410 11426 11354
 5627 10048 10856
 6082 8225 13127
 5283 5897 14710
 4894 4514 13950
 5035 2550 15594
 4596 814 15198
 3739 -1204 14828
 5573 -5004 19999
 1493 -10533 10078
 788 -15241 12124
Repetition End
1
 -413 -13710 11623
 -157 -11241 13731
 -297 -9147 11817
 -2587 -11105 11275
Repetition Start
 -2286 -10434 11287
 -749 -10025 10418
 -944 -11154 9565
 -4997 -18304 11804
 -4705 -12854 12728
 194 -1312 13916
 3499 -3930 13863
 6175 -3116 15869
 5593 -1193 16892
 6566 1001 15433
 4498 2894 16170
 6833 703 13495
 3895 1088 15555
 5952 4569 15223
 4188 5627 15225
 6600 7420 14122
 6903 8677 13110
 7226 10383 11882
 8654 10874 9728
 7159 12962 7926
 7872 14090 6761
 7505 14927 4833
 7171 14765 1490
 6946 15162 301
 5823 17916 -2587
 5750 19833 -3358
 6270 17548 -5779
 5467 18195 -6030
 5576 17877 -5225
 6142 17562 -2046
 6535 17587 -595
 5529 16764 -194
 6763 16586 1619
 6676 15789 3736
 6702 14417 5179
 6916 12895 6180
 7024 12220 8797
 5569 12189 10162
 5761 9931 11565
 4712 8311 14700
 3999 5397 13012
 5270 6488 13814
 6055 5535 15844
 5172 2557 15297
 5716 308 13608
 5579 -384 14826
 6259 -8428 22337
 3009 -8223 8273
 1160 -13595 12447
 -5226 -19460 10039
Repetition End
1
 -2065 -13799 7930
 -1068 -6245 13103
 -2897 -11478 10004
 -142 -9775 12599
Repetition Start
 122 -9412 11469
 -1116 -11195 11390
 -579 -10778 11124
 -1867 -10518 10193
 -2753 -12124 11415
 -3905 -11067 10508
 -4085 -8596 13610
 -203 -8145 17463
 6853 -1880 13623
 7052 -7713 14393
 3855 -4221 17884
 5604 -3874 14159
 5077 1283 15221
 6277 3217 14608
 5562 7127 14941
 6162 7369 15618
 5486 6851 13204
 5582 7113 12668
 5703 9374 12473
 7140 11022 12162
 4578 12753 8552
 5242 15879 8774
 5711 13827 5261
 6911 15984 4672
 6376 14806 2240
 6721 15949 -21
 6920 17479 -2328
 6081 16118 -3588
 5637 15865 -6281
 5331 16852 -6974
 5469 16579 -9589
 5614 16338 -8409
 5690 15426 -12458
 6460 17333 -4520
 6495 16624 -3556
 6528 15955 -2780
 6795 16680 -961
 7055 15842 428
 7008 16237 2103
 6810 16316 2972
 7149 14977 4395
 6187 14308 5858
 6260 14239 7432
 6257 12957 9236
 3798 9377 10320
 5129 10283 12571
 5367 9188 14034
 5190 7201 14939
 3611 4779 13228
 3924 4351 14709
 3986 746 16020
 2873 -985 13422
 4299 -3055 16626
 2733 -6093 16980
 1923 -10809 9034
 -410 -12562 12664
Repetition End
1
 -2399 -17200 7893
 -2311 -13066 9902
 -1256 -9959 11156
 -1011 -10768 11088
 -707 -10586 11051
 -613 -10437 11053
Repetition Start
 -979 -10773 10680
 -974 -10905 10896
 -895 -11120 10592
 -765 -14176 10445
 -5243 -12519 12662
 -3136 -14038 13152
 -774 -4385 14260
 3049 -8105 15698
 5127 -1992 19322
 6018 -2563 15493
 6776 1820 15646
 5236 3086 14863
 5857 5038 14528
 5522 6871 12950
 6165 9119 11851
 6902 10188 9973
 6729 12295 8801
 7371 14690 8001
 6369 12473 7558
 6798 13514 5261
 6610 15183 2335
 6999 17780 0
 5814 16860 -1826
 4758 15758 -2852
 5488 18848 -2725
 5629 16549 -7181
 5665 17577 -7680
 5958 17648 -6217
 6144 17413 -4739
 6507 17440 -2645
 6498 16499 -1837
 6471 15128 -1347
 7335 17026 1647
 6948 15933 2571
 7023 14562 4502
 7599 13019 7110
 6142 11084 8820
 5266 10664 10541
 6601 7734 12883
 5451 6710 14278
 3066 3444 13842
 4310 3186 13836
 3502 -2046 14029
 7559 -9876 32071
 344 -14492 10860
 1199 -5561 14130
 -1394 -15735 10888
 -2159 -16867 8752
 -2984 -8610 11371
Repetition End
1
 -2901 -11746 10574
 -2465 -9324 11432
 -1963 -8349 12406
 -2332 -11914 12592
 -5576 -13173 11926
Repetition Start
 -731 -6052 15472
 1819 -7550 13243
 4328 -2148 17383
 3556 -2171 17459
 4984 -4728 16270
 5538 -1590 15527
 6390 2646 15131
 5484 5623 15578
 4532 6195 14654
 5237 5274 13842
 8183 6325 12857
 6915 7929 12969
 6655 10239 12258
 6812 12603 11976
 5629 13212 8421
 5789 13865 5820
 6048 14973 4418
 6603 15815 3403
 6222 16803 1476
 6083 17227 821
 5640 17244 -1723
 6248 19650 -5242
 5093 18263 -10936
 3803 18750 -7892
 6602 14877 -5179
 7574 16675 -1113
 6617 17717 2220
 5776 16608 2549
 6292 15420 3953
 6141 15039 5306
 5389 14837 5730
 6069 14689 6453
 6833 13446 7571
 6485 11402 9791
 6404 9367 10927
 5274 8063 12160
 6649 7030 12856
 3334 5682 12440
 5012 4545 14851
 3216 629 15153
 2719 -532 9704
 4444 -7445 28251
 -3311 -16770 5652
 -658 -16385 14424
 -1788 -14082 9048
Repetition End
1
 -3183 -11523 9635
 -2359 -9573 12446
 -151 -8626 12966
 -26 -10152 13022
 -1999 -12623 9949
Repetition Start
 -552 -12623 13626
 -2053 -11881 10896
 -2793 -10076 12231
 -1558 -8825 17110
 6204 -4114 14685
 2453 -3451 17055
 4748 -3278 15123
 5277 913 15395
 4118 3558 14671
 5557 6038 14544
 5450 7277 13186
 4453 8595 10750
 6410 10943 10519
 5468 13903 9608
 5706 13232 7383
 6575 14639 6621
 6333 14576 4727
 6842 14774 1879
 7467 17562 414
 6055 17383 -801
 6468 16108 -2521
 5806 17140 -4894
 6274 17460 -4812
 6166 16986 -6420
 5853 16761 -6524
 6045 16851 -6010
 5968 17277 -6143
 6265 17169 -4494
 6446 17430 -3232
 6608 15805 -3351
 6554 16564 -1763
 6909 17131 -759
 6883 16242 -302
 6726 15893 1200
 7078 16594 2460
 7209 15835 3989
 6795 14050 4930
 7824 14076 7563
 6034 12979 8947
 5601 10319 10282
 4710 8304 12914
 4975 6290 13403
 2973 6691 14854
 3169 5403 14709
 3582 1891 13839
 2624 43 13323
 2202 -2244 12303
 3740 -5543 24352
 -3510 -17433 2610
 -853 -14137 10546
Repetition End
1
 -3518 -12872 9490
 -3760 -13134 9270
 -468 -9914 10884
 -1331 -11165 11465
 -3532 -11342 9098
Repetition Start
 -5406 -12733 9257
 -6080 -9150 12684
 -226 -6896 13976
 6800 -6970 14097
 5606 1815 17025
 7799 -3143 13679
 8256 -1364 13571
 8642 3493 12566
 8768 4098 16188
 7786 2700 16330
 7298 3284 16003
 5932 3192 15444
 6852 4995 14018
 7600 7068 14198
 3449 8696 15097
 7055 8520 13762
 5716 9867 13820
 6265 10147 12767
 4655 12324 11310
 4795 12962 8928
 5675 14188 7004
 5559 14094 4061
 6021 15572 1886
 7467 18033 -468
 6687 16418 -1431
 6256 15504 -3965
 6515 17525 -4270
 5741 16684 -6606
 5381 16671 -6488
 5833 17055 -7165
 5430 16948 -6904
 5825 16979 -5847
 5982 16982 -4330
 6283 16962 -3549
 5981 16536 -2239
 6727 16631 -1075
 7181 16676 -193
 7310 15748 1013
 6668 14866 2111
 7037 15731 4271
 6831 15375 4916
 6798 14575 6125
 7093 13295 7480
 7110 10758 9373
 6442 9028 11295
 6396 8117 13934
 3976 6399 13585
 3791 4457 13497
 5441 2766 14491
 3733 1878 14835
 3904 -1534 14777
 4702 -5794 19607
 572 -12973 11750
 -2859 -15895 11735
 -3570 -16274 7495
Repetition End
1
 -2826 -10225 9977
 -1899 -11230 11232
 -1767 -10142 11270
 -1540 -10349 11644
 -3135 -12874 11255
Repetition Start
 -4034 -14044 11867
 -3752 -11529 12943
 3091 -7280 12775
 4461 -569 16392
 4276 -1887 16084
 6406 714 16166
 8079 1685 15049
 6639 1653 14706
 8078 833 14409
 6586 2895 14248
 6764 5907 13479
 7881 8076 13862
 7283 8861 14263
 7008 8590 13579
 6384 8984 11583
 5883 11649 11487
 5801 12222 11047
 5300 13467 9488
 5546 13741 7592
 5899 15005 6619
 6224 15266 5575
 6340 14827 3759
 6658 16106 2190
 7492 17060 715
 7002 16199 -832
 6459 16193 -2538
 6037 16046 -3498
 6552 17677 -5044
 5409 17084 -7464
 5565 16973 -6813
 6061 17953 -6269
 6407 16806 -4595
 6377 16783 -3196
 6467 16694 -2219
 6553 17452 -1910
 6286 16325 -1955
 6184 14953 359
 6915 16841 1801
 7469 17202 1532
 6051 14629 2678
 7113 14506 6294
 6575 14022 7047
 5783 14379 6441
 5315 11560 8489
 5958 12812 10632
 5780 9928 11226
 7071 8881 13896
 6671 6429 13598
 5619 3695 13879
 6679 2658 13983
 5890 18 14237
 4565 -1685 13287
 5868 -5051 23993
 2 -9595 6735
 -669 -12132 13151
 -3578 -18304 7872
Repetition End
1
 -2117 -15912 9262
 -1677 -8235 11431
 -2413 -12575 11614
 -3695 -12896 12945
Repetition Start
 -4746 -12870 12555
 -400 -12578 15150
 3611 -6943 11240
 5567 -191 17187
 6701 -931 15824
 7114 624 15814
 7881 1174 15113
 8309 1139 15402
 6013 2274 13507
 5985 2884 12964
 6451 7397 12496
 6450 8962 13277
 5154 12626 11844
 5651 14229 9656
 5434 13690 8909
 4225 13700 7028
 5522 15117 5624
 5742 15945 4144
 6101 16055 2645
 6573 17527 1460
 5641 17055 -70
 5634 15973 -2190
 5879 17397 -3471
 4854 17208 -3367
 4915 16632 -8214
 4680 16902 -6425
 5014 18850 -5928
 5561 17646 -5731
 5770 18672 -2591
 6662 15597 -2303
 6840 16189 -571
 6503 16213 165
 7187 15841 1356
 7465 15757 3085
 6847 15756 4432
 7113 13087 6413
 7094 11804 8355
 6605 11860 10524
 5601 11968 11369
 4702 8754 12641
 4995 7990 13257
 6281 5852 13438
 4045 4126 13561
 5199 2248 15265
 5152 -510 15029
 1694 -2139 13406
 5003 -5974 25142
 2078 -10807 3986
 -1410 -18251 16074
 -3433 -16339 4561
Repetition End
1
 -2292 -12423 9491
 -1439 -10803 10028
 -3023 -11923 11682
 -9272 -15739 10556
 -1625 -9070 14053
Repetition Start
 5630 -6058 13793
 3473 -1094 16849
 6160 768 15632
 6358 2197 14479
 7371 2371 14331
 7538 3777 14798
 8221 5223 15215
 5809 3988 14423
 7201 5800 14378
 6685 7439 14189
 6760 8288 13373
 5198 9286 12649
 6549 10799 12182
 6309 11575 10424
 6681 14139 9585
 5036 13700 7829
 7104 13213 5723
 6648 14706 3930
 5858 15730 3117
 4904 17543 -1682
 6103 16412 -1936
 4361 16336 -3582
 5124 17107 -4427
 5218 16934 -5113
 5504 17265 -7738
 5250 17389 -6956
 5159 16797 -5649
 5480 17190 -3587
 5809 18008 -1796
 6857 16917 -1682
 6369 16247 -368
 6476 16378 765
 6594 15980 1256
 7200 15788 2202
 7065 15609 2619
 6800 15058 3999
 6517 14126 6588
 7172 15114 6836
 6940 13389 8588
 5708 10442 9699
 6076 10804 12517
 6642 9591 11930
 4690 8735 13423
 4401 5488 12970
 4844 3235 14443
 5357 1537 13014
 3514 -1178 12547
 8552 -7596 26135
 3139 -9718 12579
 1199 -12426 11829
 -910 -15102 9048
 -4261 -13863 9370
Repetition End
1
 -2715 -9976 11103
 -2447 -9517 12245
 -1158 -9533 11106
 -150 -9230 11622
 -807 -10867 10953
 -1040 -11044 10979
Repetition Start
 -1159 -10554 11530
 -1218 -10316 10670
 -1271 -10842 11800
 -1433 -9724 11473
 -741 -10534 10400
 -1103 -10271 11315
 -1921 -10553 11374
 -1652 -10493 11774
 -1687 -9050 11399
 -292 -11240 11436
 2547 -10821 11793
 3791 -10147 12067
 2763 -11126 11696
 979 -11815 10088
 -2009 -7558 12605
 -4272 -7688 12504
 -3306 -10203 10541
 -3512 -8714 12303
 -1306 -9166 11825
 -2340 -10439 10988
 -21 -11310 10718
 1880 -11359 11740
 1831 -9793 11622
 1364 -11932 9818
 124 -11542 10849
 -431 -12628 8882
 -1001 -9100 11902
 -2927 -9658 11800
 -2666 -10768 11114
 -595 -9841 10925
 802 -10748 11011
 314 -10265 11972
 -1522 -11726 9501
 -557 -9042 13538
 -250 -11348 10092
 1832 -11874 10599
 36 -10221 11717
 -2035 -9954 11336
 -2108 -9341 11758
Repetition End
0
 -3655 -12456 9693
 -543 -8253 14392
 1468 -13570 16066
 443 -13159 10784
 -2452 -8144 11809
 12189 551 15197
 7010 -2628 14395
Repetition Start
 9788 392 14690
 8732 3953 13316
 8765 6197 12901
 10388 5783 12262
 9307 9316 11765
 9675 7973 9688
 8142 11569 8141
 8671 13087 6455
 7826 15228 5017
 7010 13735 2863
 8366 15589 -1113
 7683 17317 -2421
 5282 15580 -4456
 4578 18174 -5709
 5107 17419 -7982
 4282 17234 -7989
 5045 17187 -6333
 5916 17530 -3535
 6432 17179 -2878
 6158 16120 -1837
 6817 15960 241
 7144 15526 2190
 7733 14665 3717
 7560 13711 6645
 7313 12334 7525
 6003 11732 9435
 4522 8230 11642
 5844 6620 13081
 6561 4352 12703
 5106 4929 14413
 4831 1007 14435
 2384 -1795 13398
 4752 -4841 31284
 -515 -10752 8685
 -915 -5805 11121
 -6147 -22030 5776
 -3206 -14184 10427
Repetition End
1
 -715 -8608 11982
 -2209 -12073 10284
 -876 -10230 10965
 -1190 -10620 10804
Repetition Start
 -1374 -11656 10481
 -1718 -12027 11075
 -3008 -12779 10663
 -4819 -16785 11037
 -3065 -9088 12571
 844 -6399 15927
 7425 -2088 13693
 6824 -6100 13466
 8004 -2272 14918
 6569 110 14213
 4218 1189 13669
 7780 5627 15282
 2063 4546 15635
 4889 5063 16037
 6753 5103 14845
 6777 6436 14349
 8178 8438 13567
 7462 8888 11452
 6982 11215 11880
 7041 11846 10261
 7040 13442 9533
 6741 13764 8031
 6879 14392 7149
 6557 14480 5779
 6229 15006 4100
 6725 16153 2569
 6446 16508 960
 6550 16827 -1310
 5978 16433 -2922
 5114 16493 -3900
 4910 18582 -5542
 4104 18083 -11154
 5256 16004 -8061
 5124 16873 -6904
 5185 17950 -7544
 5346 16473 -4692
 5283 16868 -3384
 6416 16842 -2879
 6104 16795 -2227
 6165 16822 -1553
 6857 16286 -176
 6972 16096 1390
 6950 16098 3064
 6689 14914 4033
 7016 15108 5636
 6712 13504 6564
 6685 12123 8347
 6770 9529 10238
 5882 9290 11279
 4799 8557 12489
 5798 6766 14725
 6076 3442 13856
 2188 2858 14818
 3638 1357 15805
 3007 -270 13839
 2335 -5897 22232
 435 -7785 8917
 -1838 -8520 14242
 -5836 -15697 8386
 -1859 -13208 10329
 -3728 -10793 10175
 -2933 -12325 9981
Repetition End
1
 -458 -10265 10892
 1455 -12267 10766
 -6107 -11244 12106
 -3251 -9438 14066
 -1907 -11747 12373
 3236 -5530 14610
 6332 -1705 15863
 7207 -5976 13807
Repetition Start
 7310 -4494 14470
 6830 -3309 14969
 9225 380 15293
 8035 1003 14374
 6786 2958 15465
 7573 5024 15736
 9527 3035 13366
 5914 4604 15479
 5701 3681 16154
 7845 4734 15210
 6051 7154 14721
 5390 7834 14345
 4377 9152 12606
 3995 11465 11212
 5103 13239 9839
 5282 13882 8272
 6220 14485 7534
 6842 14012 4732
 8123 15659 3594
 7743 16041 2571
 6110 15968 2000
 7128 18516 410
 7935 18885 -2579
 6567 14242 -4786
 8367 14863 -4028
 6154 14701 -4749
 4095 19873 -5991
 6107 20557 126
 6818 17411 -1593
 8456 14801 -173
 5383 16133 1382
 11052 13800 -1778
 13357 14064 -4354
 11795 12715 1011
 12154 16412 1714
 10550 12494 382
 7975 13141 1214
 9626 17683 2927
 9254 16165 3415
 9212 14916 3423
 7604 15047 4127
 7816 15329 5424
 7796 15464 6503
 6545 13690 7559
 6845 12897 8359
 6612 11153 9683
 4504 10181 11710
 4184 9537 11659
 4580 7947 14555
 5109 5105 14075
 3894 2972 12708
 4648 2305 14705
 3383 240 15835
 2541 -3969 18798
 -3001 -14656 7653
 -4690 -21967 13506
 -3464 -13207 12471
 -4808 -19235 12469
 1656 -6896 13725
Repetition End
1
 2694 -1793 12067
 4265 1802 16455
 5815 4617 16285
 7353 2931 14685
 7070 1911 13730
 7797 3377 13274
 7515 4328 13924
 7123 6269 14204
 7985 6478 15190
 7319 7439 13716
 8053 8262 13255
 9083 9210 12135
 8419 10994 11973
 7602 10536 11050
 8251 10934 9460
 7573 13304 7988
 6888 13637 5613
 6560 14966 3667
 7209 16634 239
 6549 16851 -623
 5862 16972 -2448
 4668 16504 -3803
 4496 18326 -4941
 5282 16879 -6926
 5201 17179 -6503
 4847 17154 -6143
 5002 16928 -4017
 6201 17015 -3121
 6652 17538 -2549
 5594 16741 -2203
 6619 16772 -764
 6889 15723 953
 7166 16094 2530
 6798 15794 3555
 7108 12584 6546
 7399 11976 8754
 6988 13142 9947
 5870 9616 11068
 4739 7061 12893
 4633 5610 13829
 5352 5882 13498
 4511 2961 14838
 3912 199 14091
 3786 -636 12901
 2892 -9895 20764
 -1399 -8939 4583
 -2720 -19631 13334
 -3008 -18188 6606
 -2468 -9354 10006
 -4985 -15661 9988
 -4801 -14712 10788
 1595 -7072 14959
 3743 -2648 13129
 4593 -1450 15994
 5291 -2364 16020
 6596 -275 16184
 6343 3131 15225
 5252 2272 15618
 6101 4499 15220
 5229 2169 14346
 5968 4059 15716
 6450 3321 15305
 5702 4389 14739
 5355 4529 16364
 6751 6649 14948
 5250 6792 13619
 6422 4986 14374
 6489 5450 16772
 6026 6250 17179
 5868 4427 15042
 5895 5191 15441
 6318 6502 15546
 5461 6652 15318
 5373 8199 14249
 6394 8274 13227
 6347 10394 12788
 5962 12706 12319
 5839 12475 10268
 5962 13002 8725
 6058 14121 7386
 6443 14016 5257
 7174 15355 3761
 7315 17185 1453
 7198 17481 -291
 6614 15875 -1830
 6215 16290 -2824
 6369 17838 -4672
 4817 17783 -4734
 5552 16743 -5765
 5789 16710 -4798
 6248 17241 -4183
 6338 16134 -3546
 6418 16364 -2971
 6721 16419 -3282
 6521 16482 -3035
 6617 16508 -2695
 6636 16299 -3367
 6573 16193 -3759
Repetition Start
 6432 16464 -3894
 6385 16408 -4108
 6262 16595 -4433
 6337 16382 -4388
 6280 16522 -4091
 6122 16537 -3978
 6225 16683 -3875
 6312 16556 -3456
 6691 16760 -3606
 7275 16533 -2852
 9815 18468 -2371
 6942 16889 -1756
 4449 18380 -4955
 5518 14462 -3735
 9516 13068 -4087
 9325 13875 -3608
 8761 14268 -6334
 10052 15034 -6638
 9637 12879 -6727
 9851 12740 -11133
 11464 14286 -13233
 11345 13673 -9936
 9112 13854 -2425
 9501 12032 -3083
 9742 14531 -2522
 8541 17042 -2113
 8165 18927 39
 7373 16382 -1281
 7829 16633 -286
 6791 16039 474
 7820 16541 1458
 7552 15461 2292
 7388 14167 4769
 7759 13099 7881
 7760 9912 8674
 6121 10942 11391
 6300 8484 11691
 7222 6146 12255
 7038 4974 14684
 6408 2935 14867
 5249 917 12980
 4317 -1187 13547
 4575 -8515 24930
 -5087 -17293 7406
 -2927 -17132 16518
Repetition End
0
 -4086 -12669 14006
 7098 231 15784
 6129 -4621 15725
 7216 563 15207
Repetition Start
 6927 3363 14633
 8280 5284 14397
 6927 5916 13946
 7659 7285 12718
 8202 8448 12163
 8415 10563 11460
 7340 11575 8314
 8647 13186 6822
 7784 12821 4721
 7571 14385 2321
 8478 16382 332
 7050 17419 -1036
 5899 16152 -3653
 5898 18512 -3425
 6276 17300 -6266
 5822 17595 -6631
 5590 17737 -5337
 6160 17538 -4340
 6698 17579 -2472
 6320 16304 -1784
 7094 16053 -96
 7022 15747 1372
 7430 15259 3322
 7696 14233 5552
 7363 14224 7742
 7255 11646 8179
 7101 11129 9998
 6028 9741 11857
 5932 5594 14530
 6070 7112 14560
 5944 4477 15192
 4812 2431 15687
 3717 398 14534
 4143 -2652 14955
 4080 -7246 19509
 -1280 -13086 11278
 -2963 -14668 13786
 -1106 -14800 7667
Repetition End
1
 -5542 -12820 12403
 -5405 -12106 13058
 2110 -5215 14356
 3259 -5342 12921
 5422 -2666 15640
 7181 -2745 14544
 5807 1168 16084
Repetition Start
 7006 3434 15345
 6812 1340 15245
 8963 1872 12435
 4958 6478 14439
 4588 5332 15591
 4086 6677 16190
 4313 6836 15482
 5183 7347 14645
 5007 7733 14055
 5071 8265 13655
 4921 7908 13729
 5816 9717 13843
 4735 10747 12730
 3814 12475 11695
 4324 13482 9767
 5811 13383 8863
 5361 14171 7512
 6027 14568 6219
 7031 15393 5217
 7028 15311 3562
 6759 15989 2298
 7070 16628 494
 6768 16644 -1136
 5890 16914 -2410
 5713 16736 -4225
 6354 17610 -7546
 6010 18212 -7191
 6555 17622 -6305
 6523 17701 -3196
 8029 17246 -2052
 7082 16088 -1391
 7023 16144 126
 6804 14537 3110
 7723 14078 5847
 6816 9927 7592
 4260 8692 10804
 7223 5960 13089
 1578 9159 15616
 5702 512 12607
 3221 -4943 13019
 5619 -15187 32767
 2077 -21242 5603
 246 -4152 12313
 2274 -5667 12687
 -1809 -18813 6075
 -7038 -10231 19652
 -2793 -2168 17699
 -1820 -8386 8705
Repetition End
1
 -706 -11928 11982
 1573 -9153 12749
 378 -10129 11588
 -524 -11142 11286
 -409 -8824 12753
 -297 -9984 11805
 -19 -10069 12456
