-1615 -18765 21676
 -1415 -18776 21260
 -1223 -19211 21672
 -1141 -19412 21428
 -1320 -19765 21307
 -1204 -19667 21265
 -1216 -19377 21154
 -1400 -19738 21002
 -1227 -19758 21168
 -1268 -19612 21094
 -1350 -19845 21158
 -1323 -19639 21101
 -1187 -19819 21030
 -1169 -19798 21142
 -1221 -19828 21292
 -1129 -19614 21108
 -1155 -19719 21089
 -1294 -19589 21344
 -1174 -19571 21155
 -1142 -19316 21276
 -1100 -19666 21400
 -1154 -19423 21282
 -1097 -19040 21328
 -1235 -18926 20518
 -1445 -18605 22254
 -1291 -18822 21448
 -2341 -19569 20443
 -2797 -20412 20173
 -2379 -20716 20549
 -3492 -20742 20642
 -482 -18382 19654
 -2225 -22746 21515
 -4056 -22945 19064
 581 -21492 17640
 3769 -21497 19207
 2663 -18708 20231
 1901 -16570 21360
 776 -17727 20023
 -1165 -21559 22788
 -3807 -21627 17010
 -3260 -23094 16563
 -5861 -25165 16539
 -8196 -23835 17944
 -4327 -20967 20120
 3264 -19597 17692
 4729 -16638 13082
 -317 -20234 19410
 1057 -24009 23599
 -1514 -23886 16718
 -1919 -21869 22701
 -3880 -19632 20431
 -6860 -22591 16825
 -5056 -20367 19601
 -3488 -21537 19369
 -2142 -22433 18479
 -1863 -21248 19708
 -2246 -22104 19282
 -2709 -21376 19024
 -3469 -21120 19252
 -3189 -21439 19099
 -2821 -21391 19318
 -2757 -21182 19210
 -2874 -21636 19155
 -2925 -21679 19316
 -3039 -21443 19031
 -2952 -21440 19088
 -3051 -21612 18933
 -2798 -21869 19106
 -2605 -21590 18616
 -2696 -20631 19871
 -3126 -21369 19113
 -2726 -21190 19183
 -1962 -21532 19219
 -2871 -20830 20119
 -3204 -21126 18425
 -3187 -20757 19110
 -2654 -20858 19945
Repetition Start
 -2471 -21198 19631
 -2308 -20775 20954
 -3901 -21974 21158
 -3069 -23999 19481
 -5748 -29118 19023
 -1238 -22131 21463
 1193 -11908 25208
 1601 -9679 26429
 2108 -9287 24105
 2647 -5822 21497
 3999 -4668 20365
 3865 -195 22557
 2631 1412 21051
 2675 1566 17806
 4308 4721 16491
 3679 3692 14351
 3573 4634 13239
 3570 6169 12187
 3136 7109 9391
 1234 6406 6869
 1635 7325 2059
 2832 8350 970
 1995 8356 3296
 2723 7857 6338
 2196 6776 8752
 1885 6241 10875
 2612 4632 14231
 2408 2731 16656
 1838 1034 18869
 1568 722 19880
 1822 -417 20857
 1792 -2830 21544
 2261 -3909 22535
 2055 -7254 22970
 163 -9546 23479
 2071 -11529 28038
 1101 -19211 22026
 -2616 -22781 10898
 -4259 -30202 10506
 -5073 -25164 16679
Repetition End
1
 -4472 -31227 22066
 -3112 -24098 18198
 1385 -15291 23865
Repetition Start
 2209 -13617 22740
 3472 -8961 25989
 3945 -7003 23768
 4333 -5198 22921
 3733 -3417 21672
 4547 -584 20689
 4681 81 18534
 3819 2560 16121
 3777 4680 14951
 3922 5659 13227
 3491 5542 11187
 2855 7174 8606
 1077 7573 6403
 1771 8473 -289
 2610 8769 2364
 2228 9611 6294
 2274 7246 7894
 2426 6886 11794
 2257 4823 14535
 2350 2159 15034
 2296 2888 19847
 1744 563 19993
 1184 -3112 19434
 1283 465 24374
 1419 -2821 21252
 623 -5528 23960
 -32 -7372 24809
 -812 -11336 23900
 -433 -12169 26614
 670 -17688 24202
 -2209 -26742 16617
 -3661 -32341 21806
 -2909 -21406 15506
 -2427 -19130 18449
Repetition End
1
 -3191 -21624 20135
 -3653 -19146 13165
 -6565 -27366 19949
 -4248 -24081 19200
Repetition Start
 -4281 -18730 20087
 88 -10900 25741
 2391 -7794 26270
 3329 -6430 25104
 1407 -5441 21782
 1057 -3558 22619
 2313 -1567 23440
 2437 -1349 20473
 4156 1922 17819
 3574 4270 15238
 2791 4426 12897
 2672 6281 11145
 2243 7238 8897
 1917 6755 7103
 2013 8371 4790
 2238 8879 1054
 2386 8223 3354
 3173 8978 5879
 2384 6826 8755
 2631 6243 9511
 3197 5583 12052
 2681 5762 14193
 2642 3895 15116
 2764 2873 17558
 1849 1636 19596
 566 -708 21006
 2020 -3486 20720
 2619 -1753 22450
 2022 -6180 22763
 2081 -6957 25000
 978 -10385 24470
 870 -13802 26201
 1822 -15528 25055
 401 -22819 19201
 -2182 -27296 21857
 -2774 -27443 14676
 -4593 -23919 18354
 -4288 -20504 18968
Repetition End
1
 -2931 -21528 18817
 -3852 -21665 18815
 -1040 -22112 19479
 -2556 -27865 16926
 -3246 -25768 21148
 -2733 -20618 20624
 -1439 -14457 23769
Repetition Start
 2560 -11945 25000
 2937 -8374 25464
 3944 -7134 24742
 3710 -7308 23149
 3488 -4318 23666
 2369 -2763 22630
 2522 -928 21734
 3374 1047 18997
 2921 2987 16278
 2745 5251 15374
 2830 4875 12772
 2112 6591 10915
 2411 7497 9435
 490 7220 5354
 2314 10742 1578
 2508 8384 2703
 2295 8695 3447
 2563 8262 6572
 2739 6785 8337
 3539 6807 10306
 2703 5794 13575
 3105 3696 15724
 2497 2171 17250
 2774 2012 22341
 1332 -1219 19511
 1486 -1112 21198
 1317 -4317 21992
 3924 -3367 23969
 1628 -7525 21310
 1926 -8904 24429
 215 -14142 23839
 2282 -16381 31375
 -242 -21145 14828
 -1234 -26555 18049
 -3987 -29170 20152
Repetition End
1
 -2974 -23546 17849
 -2958 -20016 19813
 -3082 -21987 20003
 -3308 -21352 20968
 -2314 -20234 17632
 -3853 -23698 17244
 -5141 -29537 20186
 -4096 -20764 20644
Repetition Start
 1382 -18420 19929
 2888 -9783 24970
 1539 -10821 24768
 3506 -8588 24809
 1010 -6137 22327
 1365 -4594 22929
 1918 -3257 23357
 1468 -1087 21729
 2681 1686 19156
 1859 2478 15444
 2192 5133 14429
 2101 5423 13103
 2609 5406 11315
 1887 8467 7933
 2525 9948 2669
 2764 9380 -1830
 2416 7023 5946
 1547 6398 5069
 2232 8053 8139
 3706 8216 11392
 3026 5783 15347
 2933 4188 15268
 3169 2679 17474
 2587 1230 19128
 1411 -988 20007
 838 -3465 20951
 1128 -3270 23103
 2604 -5050 23525
 1238 -7941 25037
 588 -9787 23927
 1424 -11950 27030
 1032 -16755 24815
 -617 -22036 18875
 -1154 -30725 24632
 -1006 -20861 20785
 -2047 -21801 19757
Repetition End
1
 -4881 -23299 18808
 -3747 -20800 19672
 -3408 -21020 20064
 -4036 -21578 19385
 -3526 -22035 17724
 -4901 -26974 18753
Repetition Start
 -3672 -22705 20259
 -2689 -19368 23802
 986 -13120 24371
 1622 -7419 26222
 3442 -6875 24889
 2929 -5616 23227
 1909 -4000 22489
 2415 -2659 21539
 3133 761 21331
 2879 1118 18017
 2398 3490 15805
 1863 5119 13672
 2180 6551 11984
 2040 6828 10014
 1031 6811 8366
 774 6551 6830
 2077 7999 5771
 1622 8208 947
 1367 8532 3160
 1485 8033 4038
 1952 7640 6217
 2169 8595 5946
 1599 6479 6250
 2055 6879 12504
 2649 6530 12918
 2991 2985 14826
 3072 1247 16568
 2073 2375 20217
 1817 -658 20820
 1972 -2339 21279
 756 -4325 24089
 1102 -7169 24055
 1770 -7993 24041
 429 -11647 23321
 1342 -17126 32671
 617 -17422 23451
 -147 -16514 15591
 -3447 -28053 21176
 -3986 -25945 14913
Repetition End
1
 -3178 -23619 19122
 -5388 -20154 21282
 -4353 -19461 19053
 -3427 -20672 20186
 -3321 -21060 19902
 -2758 -20743 18224
 -4059 -27814 19665
 -4136 -26709 18389
 -2126 -19368 22596
Repetition Start
 -1731 -14407 26358
 1632 -11628 26828
 321 -12028 25281
 1615 -5585 24892
 1112 -4489 22879
 2797 -2990 20235
 3321 -432 20264
 3165 1863 17501
 2661 4187 15295
 2228 5409 12852
 2053 6367 11021
 2004 7164 8986
 1357 7295 6932
 863 7574 3779
 1560 8723 3116
 1675 8265 1548
 1680 8379 3900
 1838 8661 5837
 2231 6798 7045
 2135 6434 10246
 1813 6924 11344
 2484 4004 13556
 3092 2885 15448
 2149 2778 18199
 2501 1658 19970
 1891 -727 20806
 1215 -1159 22101
 1007 -3027 21892
 1382 -3946 23313
 1887 -5868 24593
 -1350 -9146 23202
 487 -13274 26017
 -283 -16063 26483
 -1829 -26645 17150
 -1725 -28014 27044
Repetition End
1
 -4568 -26273 15491
 -3197 -21146 19482
 -3949 -21980 18509
 -2678 -20793 19952
 -3267 -21578 20610
 -3187 -23827 19815
 -4834 -27381 21066
 -838 -21655 21879
 -1725 -12603 22399
 2787 -8521 24529
 3854 -9842 23334
 3491 -7134 25027
Repetition Start
 3474 -5081 23963
 2014 -4994 23617
 2437 -2434 23455
 2310 -2955 23198
 2968 -1096 22765
 2617 -395 21564
 2524 730 20858
 3360 2447 18426
 2523 3191 16088
 2784 5034 15012
 2338 6163 12269
 2731 7116 8951
 2076 6920 7322
 2895 7301 3960
 2575 8095 1561
 1750 7671 1000
 847 9061 3643
 712 8482 6511
 812 8404 8694
 1226 6414 8007
 2640 6172 12353
 3499 4946 14130
 2652 2978 15653
 3429 2270 18265
 2668 135 21145
 2184 390 20051
 2128 -3282 21337
 2495 -4080 23557
 3320 -6855 23462
 1506 -8758 24098
 985 -10867 24139
 1051 -11470 28778
 2414 -16185 24265
 -1700 -22497 19184
 -1386 -26184 21077
 -3382 -24778 20483
Repetition End
1
 -3958 -21943 18702
 -4818 -20700 19301
Repetition Start
 -3934 -19488 20985
 -3997 -22113 19289
 -2500 -21286 21077
 -4169 -25878 21048
 -6700 -27149 18368
 -373 -20129 20514
 -652 -13739 23589
 724 -8718 26708
 2647 -7533 25380
 2544 -6373 23929
 2664 -6431 23821
 2778 -5304 23013
 1696 -5525 23260
 2844 -1983 23598
 2012 -828 22663
 2808 660 21329
 4118 1094 18729
 4848 2350 15944
 5047 5165 14329
 3943 5089 12117
 3923 6192 10152
 3378 6438 8675
 2119 6502 5575
 2725 9179 -1938
 3873 8746 -1047
 689 7424 5192
 1789 5054 5730
 3104 6795 8393
 3582 7799 11784
 3336 5308 11860
 3124 4821 14540
 2842 2907 17334
 2500 2385 18508
 1991 2167 20594
 1917 2 20722
 1334 -1273 22486
 305 -4063 20860
 1152 -4503 24112
 1106 -6625 24725
 1054 -9062 24037
 126 -11919 23788
 2996 -13629 29599
 1619 -21964 26784
 -557 -22841 21286
 331 -22750 19412
Repetition End
1
 -179 -21521 20488
 -1763 -19462 22025
 -2448 -19588 21731
 -3109 -19646 21600
 -2726 -20764 20069
 -4709 -24057 19992
 -2186 -23070 22074
 -5891 -18732 25900
 -780 -15028 23344
 2615 -8773 26670
Repetition Start
 3197 -10882 23735
 3765 -7564 24599
 2677 -6111 23171
 2571 -5169 22652
 3868 -2064 22127
 3788 -24 20400
 3264 1976 19133
 3727 2264 18484
 3527 3416 16922
 3393 3838 14495
 3018 5402 13417
 2291 7320 10941
 1685 7996 9496
 871 6774 7144
 992 9530 4812
 -82 8784 4465
 135 8274 3653
 599 8117 4521
 964 8045 5397
 462 7923 6133
 1444 7400 8580
 1404 6578 10336
 1605 6702 11998
 2113 6152 13360
 2375 3788 14772
 3427 2611 17388
 3602 1964 18562
 2981 766 20615
 3305 -1031 21628
 3464 -2635 23209
 2923 -4442 21739
 2692 -4774 23317
 2304 -8440 23831
 2633 -10277 25080
 1751 -12791 23155
 4464 -15542 32635
 2669 -21565 20169
 1987 -19491 20720
 1328 -20620 17470
 -1257 -24358 19829
Repetition End
1
 -3870 -22716 18507
 -4245 -22433 21313
 -6000 -28359 21061
 -3008 -24461 20478
 681 -16118 22959
Repetition Start
 732 -11468 24791
 -659 -9952 26161
 2227 -9333 25546
 620 -6796 24393
 1742 -4662 24767
 -20 -2798 22271
 658 -881 21796
 1357 -170 18091
 2547 4059 17387
 2554 4343 15509
 1891 4068 13552
 2254 6720 10361
 2595 8385 9597
 1682 7456 6750
 1404 7228 5963
 1254 8472 5217
 1349 8206 3254
 942 8210 3015
 1402 7771 3750
 1459 8238 4789
 1586 7267 6891
 1289 7297 8120
 1456 5246 10771
 2438 6151 11899
 2274 6017 14459
 2166 3723 16631
 1677 3488 17248
 1506 2941 18547
 1500 304 19768
 1411 -1238 21387
 5 -2257 22410
 1340 -4014 23471
 1971 -6259 25004
 1256 -7134 24981
 1046 -9490 23574
 2174 -12532 29456
 1647 -16655 24045
 -248 -19375 19832
 263 -19726 20716
Repetition End
1
 -132 -22702 22140
 -2126 -21295 21119
 -2808 -18359 20345
 -4042 -20256 21665
Repetition Start
 -4080 -21764 22265
 -3759 -25392 21611
 -4664 -23527 23113
 -715 -17702 22818
 -1154 -15776 18803
 1614 -7908 25886
 4425 -9786 25288
 4402 -6548 26293
 3982 -6861 22942
 3270 -6160 23651
 2848 -7068 23841
 2116 -2952 23482
 2427 -1294 23143
 3078 -117 20972
 3037 1169 20315
 2994 1924 18414
 3637 3766 16233
 3424 5131 14273
 2485 6023 11740
 2330 6978 9575
 2509 7335 8520
 1764 7781 6983
 275 7893 3388
 1005 8942 2365
 899 8109 2207
 1299 7397 3476
 1675 8857 6115
 1621 7622 6960
 2138 6918 8889
 2077 6269 11382
 1969 4764 13974
 2740 3863 15580
Repetition End
1
 665 2146 19005
 1196 -111 20043
 1210 -2479 20960
 1586 -3461 20956
 2284 -4674 25076
 653 -9420 25132
 1308 -10406 25082
 389 -13738 28111
 468 -14985 25187
 -981 -21951 15965
 -1897 -28130 23851
 -1916 -22385 19049
 -2497 -20720 19431
 -4546 -21987 19374
 -3639 -21947 19489
 -6018 -25796 18924
 -2747 -25166 22788
 -2483 -23479 21071
 71 -16007 21686
 -4175 -11054 23614
 4157 -10161 26732
 4249 -9769 25054
 3525 -6786 25957
 2929 -6458 23683
 1969 -4512 22723
 2772 -2725 21592
 3219 -398 22003
 2964 562 18598
 3250 3841 17714
 2770 3014 14259
 1959 5572 11517
 2319 7645 9258
 1542 7528 8465
 -37 6533 4916
 1157 8709 -1713
 -148 7827 2095
 2100 7460 1809
 1463 8534 5957
 2314 7344 8948
 1886 6572 10039
 2643 6989 12598
 2219 4512 14222
 1889 3327 15604
 1920 1506 20052
 1426 -1451 20082
 1268 -2611 22392
 1179 -4246 22006
 1686 -5336 23263
 1103 -7529 23771
 773 -9905 23469
 988 -9889 23663
 417 -13143 31216
 -3316 -30430 9789
 -6222 -32749 18633
 -4887 -24637 16826
 -3609 -21081 19272
 -4340 -22824 17631
 -3482 -19975 20830
 -3953 -20969 19698
 -3116 -21642 18678
 -3533 -21855 18675
 -2204 -23009 16985
 -6534 -29059 18301
 -4232 -23153 22150
 -789 -18401 24353
Repetition Start
 2940 -10741 25094
 2230 -10887 27550
 1333 -10099 23785
 1671 -5215 25390
 1134 -5264 23579
 1708 -3833 22238
 2499 -1810 20381
 1014 986 19703
 2256 3933 18143
 2548 4216 16256
 2030 5274 13510
 2450 5848 9286
 3145 7688 6299
 3065 8255 4472
 3186 7462 586
 3120 7052 3399
 3055 6892 5385
 1648 8290 5303
 763 7929 8437
 -549 8210 8193
 163 5831 9625
 619 4773 7358
 3173 7461 11333
 3620 6680 11483
 2572 5462 12704
 2562 3708 18541
 3814 879 17338
 3517 -399 20599
 2501 -3261 21950
 3130 -4292 21572
 876 -5740 24353
 716 -7033 24554
 1411 -8703 24725
 1492 -11919 23596
 2815 -12322 32193
 -148 -17465 22282
Repetition End
1
 -1904 -21775 19201
 -4516 -30408 20356
 -5086 -22821 17886
 -4463 -18161 21662
Repetition Start
 -2946 -19502 19324
 -2259 -17629 22317
 -2948 -19746 21310
 -2816 -22034 20267
 -4102 -23098 19301
 -4744 -25912 23132
 -2333 -22511 19649
 -1705 -16933 23368
 558 -12956 24484
 -111 -13245 23695
 1435 -8444 25333
 2350 -5765 24065
 1567 -6548 22245
 1869 -4151 23757
 2637 -659 21483
 2747 -520 19538
 3114 1857 18392
 2632 3908 17317
 2644 4348 14311
 3103 5276 11322
 2305 7813 8694
 1754 7813 8130
 790 7199 6235
 1184 9069 1066
 303 8022 2253
 1331 9278 2083
 1254 7718 5470
 1735 9203 7120
 1883 7209 7653
 2452 6845 9960
 3181 6314 11691
 2028 5598 13811
 2048 3183 16901
 2503 1041 18122
 2601 -186 21744
 33 -1663 21318
 1397 -2937 22071
 1004 -4736 23501
 2417 -6677 24142
 473 -11061 25014
 687 -12829 24771
 2727 -12133 28110
 1698 -18646 24645
 -1909 -25323 15687
 -2102 -24626 23615
Repetition End
1
 -4210 -26522 11505
 -4119 -20241 19989
 -4856 -20172 19654
 -4471 -20873 20400
 -3483 -18352 21396
 -3546 -21887 18719
 -2899 -23105 16735
 -4083 -27690 18237
 -3673 -23589 20002
Repetition Start
 -1805 -14638 23626
 623 -16166 21195
 733 -9752 27169
 1735 -11443 23580
 1909 -7020 25330
 234 -7556 20762
 635 -2635 22318
 2385 -2407 20090
 2436 1126 18823
 3071 3894 18007
 3152 4597 15424
 2725 4658 14024
 3166 4457 11672
 4439 8281 9812
 3270 7693 7936
 1211 5896 4760
 2465 8469 3189
 2931 8520 1826
 2218 7835 3464
 2523 8918 5334
 2467 6938 7695
 2997 6745 8996
 2862 5457 13041
 4010 6021 14372
 2994 2679 16383
 3097 2006 17732
 3103 456 20998
 1134 -1720 19849
 1286 -3413 21692
 1036 -4573 23281
 2095 -6331 24077
 -1038 -8753 25240
 -162 -9821 22496
 261 -12678 31064
 -132 -15423 25477
 -2438 -24461 19145
 -3986 -31066 22328
Repetition End
1
 -4265 -24532 15861
 -3692 -18322 21037
 -4083 -21544 19626
 -3056 -20518 20476
 -3117 -19707 20330
Repetition Start
 -3405 -22170 18737
 -2709 -20914 18759
 -3496 -23227 17619
 -7168 -27354 20954
 -4865 -30037 20210
 -542 -14525 24302
 1075 -13795 22023
 1956 -10353 25348
 1066 -10586 25541
 4407 -10628 24018
 961 -8037 23594
 2759 -6526 24148
 2121 -4715 23039
 3189 -1988 22618
 3284 -632 22091
 3434 211 19865
 2726 2185 19373
 2441 3282 16958
 2826 4574 14462
 2583 6478 13002
 2159 7404 10194
 1629 7064 9163
 1466 7028 6568
 724 9319 5596
 1925 8888 4498
 1258 7821 1737
 1360 8317 3000
 1839 7632 4688
 2400 7928 6291
 2161 6816 7357
 2791 7761 7340
 2357 6863 10357
 2643 6705 9950
 2643 5736 12769
 2286 4033 17081
 2931 2112 17725
 1825 570 19896
 1827 424 21401
 1401 -1774 23360
 2172 -3642 21411
 1640 -4364 23317
 732 -7853 24867
 -325 -9493 23952
 795 -11035 22280
 2403 -13470 27890
 1601 -17224 28452
 -2930 -24802 18703
 -4242 -28237 21127
Repetition End
1
 -4235 -24147 15620
 -4472 -21348 19363
 -3512 -20443 19668
 -2956 -20555 20472
 -3326 -20152 21241
Repetition Start
 -2440 -21319 19247
 -2393 -21696 19199
 -3135 -21683 19094
 -3074 -20776 19968
 -3421 -21634 22074
 -2016 -19243 19656
 -4528 -23554 19932
 -5689 -26604 20027
 -2163 -23178 22025
 139 -16675 23337
 755 -16679 24387
 1483 -13730 25998
 2186 -7636 24061
 1228 -7150 23189
 2265 -3725 23299
 3050 -2290 20576
 2958 -273 20116
 2035 1365 18464
 2941 3432 18249
 2655 3624 16443
 2038 5011 14623
 2306 6036 12428
 2360 8169 10284
 1800 7324 10244
 1445 7688 9740
 858 9947 7374
 2308 6846 2313
 2597 7208 3889
 3579 7481 5218
 2867 7820 7368
 3043 8090 11250
 3339 5817 12784
 3836 5672 13868
 2901 5798 14106
 1328 5441 14878
 510 4576 16024
 1413 5676 16198
 2260 5959 14590
 2924 5575 14187
 3649 6005 14530
 3802 5509 15207
 4040 5126 15465
 4131 3863 17105
 4139 1992 18701
 3568 125 20856
 2225 -2526 20982
 1405 -4141 23756
 1885 -6724 23383
 917 -7935 23708
 441 -9946 23202
 -2158 -12342 22368
 5302 -17329 32094
 -3168 -20925 9730
 -2218 -29259 20798
 -4813 -26762 14019
Repetition End
0
 -4267 -20877 19327
 -4131 -22228 18358
 -3880 -21175 19927
 -2430 -20399 19720
 -3506 -21515 18449
 -3336 -21388 18206
 -5103 -24507 19496
Repetition Start
 -4786 -23386 17098
 -6338 -25880 22013
 299 -21098 17948
 -4116 -11176 23947
 3596 -11528 26316
 1914 -16128 23254
 4424 -10170 23285
 5113 -6479 22994
 4451 -5090 21180
 4686 -2049 21498
 4078 -816 19649
 4358 920 18510
 4022 2730 18184
 2973 3505 16182
 2424 4632 14046
 2476 6897 13547
 3027 9619 8970
 1720 6756 2478
 2794 10480 5054
 1701 6491 4769
 2047 6816 4897
 2821 9274 8358
 2222 8121 9926
 2630 6959 10624
 2656 5593 12884
 2796 3918 14767
 3516 3158 17377
 3082 1006 18365
 -14 -2542 19622
 942 -1496 22163
 1691 -5480 21768
 2089 -7411 25411
 1899 -10579 23217
 1266 -11866 23484
 3501 -17818 32767
 -892 -27174 16487
 -1051 -20662 18212
Repetition End
1
 -3776 -32223 17793
 -4950 -24313 17114
 -4714 -19212 21865
 -4167 -22170 18509
 -3023 -20548 20421
 -2242 -20409 18498
Repetition Start
 -3485 -26316 17006
 -8850 -29979 16886
 -3658 -21342 20963
 1083 -22562 22542
 379 -15024 24121
 1712 -14525 24140
 4810 -8924 24529
 2886 -8706 23529
 4045 -6668 22765
 3516 -4572 22328
 4210 -1131 20661
 3829 -112 18735
 4473 2910 17480
 3700 3354 15554
 3441 4703 12917
 3496 7034 10072
 3040 6987 7534
 1425 7490 5826
 3007 9139 4585
 2164 8541 2107
 1928 8662 3476
 2604 8127 5499
 3031 8512 8863
 2606 6156 7869
 2782 6083 10948
 3199 6174 12413
 3094 4221 13902
 3100 3638 16806
 1999 1073 18941
 1748 227 19675
 1305 -1816 21027
 642 -3979 22172
 1496 -6210 23646
 641 -9588 24095
 920 -11416 21917
 1353 -12169 26579
 1345 -15812 31015
 -3425 -27001 14080
 -5735 -28752 16347
Repetition End
1
 -3815 -24911 15903
 -3272 -19584 18886
 -4006 -20861 20424
 -3043 -19960 19350
Repetition Start
 -3637 -20581 20480
 -3858 -21445 19233
 -3902 -21932 18912
 -3416 -21812 19539
 -2286 -22801 18838
 -6633 -29265 22547
 -6720 -29379 17018
 -4759 -20906 20691
 -1140 -15526 19564
 3071 -11624 25378
 2713 -13639 24195
 2204 -8058 24402
 1387 -5804 25370
 1788 -6708 23560
 2662 -4162 23116
 2306 -2150 21691
 3308 -937 21507
 2859 -314 20091
 3287 2321 19605
 2469 2755 16986
 2459 4586 15278
 2161 6650 12714
 2498 6995 10293
 2516 7042 8865
 2187 6631 6495
 2999 8373 6361
 1514 8129 4215
 1575 8163 3039
 1973 7772 4135
 2837 8340 6417
 2245 7912 8101
 3107 7032 8424
 2978 6864 10701
 3030 6192 12347
 2239 5033 15015
 1039 3109 16894
 2234 1858 18735
 2939 -465 19981
 864 -2041 21432
 1466 -698 21207
 2456 -4665 22084
 1847 -7276 24475
 276 -11511 22994
 1992 -11414 24595
 3076 -17339 32767
 539 -23148 22668
 -1490 -18782 17363
 -5017 -30934 18287
 -4619 -24816 14400
 -3573 -18681 19515
Repetition End
1
 -2293 -16066 21483
 -2793 -22878 18838
 -2413 -23409 19696
 -2800 -20711 18071
 -2920 -21936 18727
 -2912 -21710 18234
 -2577 -21338 18701
 -2629 -21561 19001
 -2740 -21565 18670
 -3141 -21629 18536
 -2730 -21766 18923
 -2612 -21332 19387
 -2561 -21174 19681
 -2893 -21371 19215
 -2914 -21325 19280
 -3007 -21303 19449
 -2914 -21111 19684
 -2848 -21042 19403
 -3123 -21087 19513
 -3178 -21217 19257
 -3117 -21074 19643
 -3016 -21213 19492
 -2894 -21132 19546
 -3036 -21068 19489
 -2977 -21079 19596
 -2929 -21033 19465
