Repetition start
1.74469827407
1.73523946324
1.79613682989
1.78789674163
1.73250749391
1.85682024072
2.09231454835
1.79285849126
1.88688157743
1.7771108873
1.60949593154
1.30607006634
1.19693288956
1.09945551268
0.815905106887
0.824918129319
0.638772548242
0.575715077893
0.562883805757
0.681642510485
0.688409174333
0.900797904904
0.897554749659
1.13032158729
1.22370833082
1.31666613597
1.33863130936
1.51914392674
1.56723568663
1.70382920305
1.78172376882
2.30900201883
Repetition end
0
1
0
Repetition start
1.96395489323
1.73433633924
1.75958200718
1.82128006675
1.70367677417
1.29013831878
1.17049282898
0.985210784821
1.01118111409
1.00882855474
0.881235564651
0.565124103016
0.628984588578
0.580966404211
0.718108650354
0.760960130238
0.833477728473
0.919498419034
0.971031789575
1.16470549254
1.34032716872
1.30659178712
1.43620835848
1.53686686933
1.60699753126
1.64041830986
1.54996246179
1.83112574834
1.93835306807
2.03206335253
1.76253457116
1.77810663472
Repetition end
0
1
0
Repetition start
1.50127543674
1.82478210278
1.62205409134
1.54096045957
1.42331707054
1.36397824054
1.1775861824
1.11659603034
0.989032968348
0.732029898977
0.551128115901
0.495630197895
0.549238414738
0.496150445327
0.58129410179
0.605422399654
0.759342931632
0.86761882082
1.05998816799
1.2456038687
1.22157233001
1.282412676
1.41587921933
1.44867552424
1.49630719473
2.15819061673
1.70647545437
1.85759693568
1.80950026214
1.76647715344
1.74373135886
1.74181480976
Repetition end
0
1
0
Repetition start
1.79747091032
1.61000861732
1.62880288169
1.5606792105
1.35141706098
1.27040918071
0.963800851226
0.859029295052
0.803693949635
0.550159008168
0.657506163413
0.548232186025
0.544018386096
0.563566716352
0.634870106828
0.623018775354
0.716591883667
0.804880889783
0.947789992874
0.943436427948
1.12553333184
1.30770591965
1.240892515
1.37359423329
1.52234319362
1.52548905909
1.58241940317
1.55925937532
1.51089204317
1.93979899366
1.78660690665
1.80552986538
Repetition end
0
1
0
Repetition start
2.23548935482
2.01570492039
1.78771661645
1.68568642062
1.66567664371
1.65031667239
1.53137631163
1.41658320266
1.3871859086
1.18633254443
1.25451652584
1.12621121141
0.888681317374
0.819962544952
0.768383966895
0.499207423534
0.436552848935
0.527894513069
0.773194604842
0.839046894227
0.960966288128
1.10083527097
1.19012554624
1.1537904403
1.33149724336
1.4038741453
1.54571741072
1.55889413922
1.71649150823
1.78977730164
2.18248930349
1.91659290472
Repetition end
0
1
0
Repetition start
1.89490259601
1.74720517678
1.63868056148
1.72612658344
1.58171471502
1.53176510915
1.44006379346
1.4075403413
1.45557480726
1.30724751131
1.23338305478
1.13345290695
0.86906271596
0.735193349528
0.540721737746
0.526947865414
0.596308272621
0.596116297909
0.671176527933
0.799461323646
0.873554197544
0.884086419763
1.27471400126
1.32104176775
1.5777642409
1.49011746219
1.59009119048
1.71030110778
2.09725828853
2.16759990785
1.83488163515
1.79666807082
Repetition end
0
1
0
Repetition start
1.84002330029
1.85069161971
2.06343249894
1.86473942626
1.66718551015
1.57784811391
1.5858305733
1.48912526276
1.51360307476
1.43740173968
1.34481664119
1.22679172184
1.08368974582
1.04206050481
0.860989365599
0.810155783371
0.580244811028
0.674923815887
0.64124403388
0.941897309706
1.0882155072
1.17924319041
1.23627494258
1.41923838252
1.4234065333
1.50308672262
2.27589844616
1.84102345163
2.02244067861
1.83318868262
1.88038988879
1.74470469996
Repetition end
0
1
0
Repetition start
1.75182827852
1.77094130199
1.72524114466
1.95687683433
1.93504998828
1.92864085203
1.48938414741
1.65141307715
1.68161312107
1.53113823235
1.52553913576
1.47478418009
1.32034422199
1.24066831702
1.12747466252
0.842587159789
0.761513990611
0.689777149537
0.446991107436
0.558160483785
0.473315461013
0.53398631639
0.508990396214
0.640507332532
0.770484665304
0.941281933708
1.20600521125
1.29892486843
1.32751894895
1.59744114582
1.46902399475
1.78071679638
Repetition end
0
1
0
Repetition start
1.74428626197
1.76959102416
1.80013485
1.7564262784
1.77633688986
1.75579842471
1.82550115355
2.03385464951
2.03909075652
1.97929395634
1.82615326449
1.53596667139
1.44855513507
1.22590475913
1.03389228271
0.919459662167
0.728564616134
0.503023549923
0.570378724264
0.490492604548
0.519138018858
0.65752451181
0.648519191996
0.98189336314
1.08300283687
1.18101721626
1.32216728019
1.55989798016
1.67519232932
1.56069407765
2.21765230874
1.51548391846
Repetition end
0
0
0
Repetition start
1.74428626197
1.76959102416
1.80013485
1.7564262784
1.77633688986
1.75579842471
2.03385464951
2.03909075652
1.97929395634
1.82615326449
1.53596667139
1.44855513507
1.22590475913
1.03389228271
0.728564616134
0.503023549923
0.490492604548
0.519138018858
0.65752451181
0.648519191996
0.98189336314
1.08300283687
1.18101721626
1.32216728019
1.55989798016
1.67519232932
2.21765230874
1.51548391846
1.90719636599
1.91477900932
1.69512795507
1.79065463901
Repetition end
0
1
0
Repetition start
1.48506960428
1.79089442938
1.47378529644
1.47135788374
1.36531346901
1.34007581197
1.29433105045
1.20611261082
1.17211109008
1.01454293856
0.861046039901
0.733068414791
0.658113411243
0.521221383891
0.541088419537
0.472412917656
0.490683611934
0.436134310018
0.584987923154
0.669415084839
0.643428694645
0.828153713196
0.906681502726
1.03611223414
1.10368701819
1.28629363524
1.38343394857
1.52414001626
1.59378172104
1.56621335928
1.58728578527
2.14411841955
Repetition end
0
1
0
Repetition start
1.8678945346
2.01480333266
1.49235805565
1.66936188728
1.59250266336
1.57174062671
1.55669051321
1.56921487494
1.45951944521
1.4148659123
1.3869337466
1.31894437173
1.25219396337
1.13720915071
1.02378968192
0.930486788283
0.802390762909
0.639161791118
0.585855977427
0.538126506072
0.532277844959
0.537434084449
0.72937098547
0.73976819852
0.942228990562
1.16702636924
1.3226561695
1.3240292014
1.41289297103
1.48166908782
2.38557945224
1.95055347147
Repetition end
0
1
0
Repetition start
1.04422507539
1.04422507539
1.09405441646
1.09405441646
1.12076397109
1.12076397109
1.12076397109
1.27792316239
1.27792316239
1.36283137214
1.38080276578
1.38080276578
1.53749842004
1.53749842004
1.53749842004
1.53749842004
1.60293042566
1.60293042566
1.59278931016
2.41467833611
2.41467833611
2.41467833611
1.94134597186
1.94134597186
2.0153593537
2.0153593537
2.03550103263
2.03550103263
2.03550103263
2.03550103263
2.01316169266
2.01316169266
Repetition end
0
0
0
Repetition start
1.75500948156
1.7246354383
1.59745290857
1.45275764539
1.38772059101
1.22314555155
1.15639081304
1.12962168163
0.982824286753
0.979301873428
0.94085718106
0.780679410946
0.714802323897
0.728729260188
0.724763450282
0.724731154889
0.882353053337
0.906531859419
1.10320310303
1.15057623812
1.24636304271
1.34174163988
1.43975792819
1.56645011127
1.55721646957
1.6168267601
1.74678827721
1.61506582993
1.66903363748
1.70891880128
1.8556666339
1.78859481571
Repetition end
0
1
0
Repetition start
1.66624914257
1.79168993196
1.88577057626
1.68422918321
1.55091278662
1.4076673888
1.3247818242
1.22724499818
1.17629468993
1.14530336486
1.07730018813
0.960187035495
0.985365163371
0.859823781655
0.671816959203
0.683450509459
0.751870096255
0.81574129558
0.861665609853
0.912865256095
1.01245146071
1.20221509524
1.32938805715
1.37742077887
1.46909892473
1.58325545547
1.58618782328
1.71303491083
1.99010811631
1.74568402734
1.9467659733
1.80873130971
Repetition end
0
1
0
Repetition start
1.73733246981
1.74636769226
1.79095816442
1.85588726343
1.96028910514
1.93029749646
1.68591062217
1.69979670002
1.80184912928
1.59559368333
1.42842171871
1.44175459625
1.30655053032
1.24401314799
1.09355219858
0.994748647202
0.947293210365
0.847512285691
0.553736186587
0.694351957971
0.754583960888
1.04604231043
1.167839134
1.22267386543
1.34380585809
1.4340862304
1.45431968457
1.57963308308
1.64609526384
1.71856166176
1.83929822512
1.94383578284
Repetition end
0
1
0
Repetition start
1.75144554045
1.82828531113
1.8076735343
1.98985684233
1.85736161805
1.89974191577
1.81692206739
1.81551288765
1.53970812433
1.49432155661
1.49263920862
1.23883948544
0.989822288783
0.887501066923
0.738714741795
0.828193043217
0.627884037026
0.641693880822
0.767135575046
0.873577001773
0.76829756443
1.05116483005
0.992082871905
1.17551952757
1.31308137841
1.31578817064
1.31837136864
1.45800957676
1.53035679136
2.34623081996
1.68627264945
1.9804886943
Repetition end
0
1
0
Repetition start
1.7414060324
1.73802068665
1.77036534055
1.73836796362
1.82699314866
2.01720410321
1.94458474675
1.69548332764
1.71258078984
1.54434992744
1.40762143283
1.30300248288
1.29943883348
1.17761846545
1.11697028456
1.01117789235
0.931647686562
0.870025223176
0.786200689857
0.801163486807
0.596738874806
0.683235316993
0.723715508455
0.905290403896
0.975113325609
1.18190264516
1.33412078953
1.3447941394
1.48203270218
1.49038482297
2.19919181489
2.06521931652
Repetition end
0
1
0
Repetition start
1.75500291828
1.755822141
1.88571104541
1.90233039753
2.03955868643
1.82575062162
1.70504053802
1.78060382805
1.71276334988
1.50325801552
1.42390689841
1.14240529636
0.964962000299
0.748676294208
0.741571876287
0.57207764868
0.593501170621
0.709847906946
0.877131762502
0.790898681756
1.01472552707
1.37444631038
1.38002675784
1.68109003994
1.53394387446
2.14226455359
1.94702803655
1.69916847966
2.18918387538
1.77459224841
1.85431668102
1.78866732077
Repetition end
0
1
0
Repetition start
1.68043957551
1.91250093657
1.70372728976
1.54517225269
1.47248676068
1.36162254455
1.26776363414
1.30383327353
1.19115098345
1.1349088969
0.95833390584
0.879967758448
0.718715169311
0.670482667695
0.828862734344
0.53297970531
0.616976116294
0.751630490929
0.807084977189
0.913044278832
0.98251569463
1.0985059436
1.32128023482
1.45196956669
1.40111951733
1.50659541066
1.30337616269
1.45754072727
1.4116454886
2.29662391773
1.84497073341
1.79525147983
Repetition end
0
1
0
Repetition start
1.75622016098
1.7160109293
1.76381557403
1.73822175042
1.75964566541
1.75847798996
1.75671697387
1.75012788454
1.74631201577
1.74950568634
1.7545996455
1.73156984078
1.75303497105
1.74342532938
1.73473633082
1.7396486519
1.73681489088
1.73622426365
1.73495114483
1.75172906631
1.73566335433
1.75164898281
1.74444350297
1.75067758428
1.73637496061
1.77479529917
1.71588055196
1.76408561657
1.77103650047
1.74603657981
1.92495241668
1.52649298312
Repetition end
0
0
0
Repetition start
1.76508191289
1.62595927026
1.5723675831
1.50612659904
1.4215254485
1.20338739593
1.08978567516
0.955638902241
0.905296319222
0.963841033086
0.7727771165
0.528475373759
0.797834300458
0.63837320011
0.645580417515
0.737876342062
0.76154273029
0.801543747346
0.884681432394
0.978325461757
1.19705425158
1.29192414541
1.2955367152
1.40761428326
1.4114364139
1.5692795884
1.57049066567
1.59261424253
2.32192092756
2.03927330776
1.8817137296
2.14573559704
Repetition end
0
1
0
Repetition start
1.63088207458
1.49319471698
1.46567474446
1.38360046577
1.18724569622
1.13262418464
1.0699020159
0.970135023638
0.896256415778
0.843213135734
0.81385036961
0.778253408833
0.765686220038
0.807588334589
1.01572689316
0.886409449303
0.966524172383
1.10467758781
1.20003095111
1.24834289831
1.28642539865
1.36943477948
1.39671802567
1.53426789893
1.46607265295
1.58975188063
1.55402693182
2.36624071336
1.86333425315
2.36857736029
2.09467103258
1.94790953853
Repetition end
0
1
0
Repetition start
1.70405183517
1.59349404411
1.68236058692
1.5956406622
1.51124812841
1.3516179801
1.34785504741
1.09156143366
1.00283837019
0.953196034364
0.736659476302
0.726563425474
0.717054068863
0.770773690672
0.853494997452
0.871962251194
0.939596807552
1.14195398254
1.22529740148
1.33518562854
1.48669150569
1.37610723201
1.52340273817
1.59239507212
1.56521098155
1.57381735694
2.3195035131
1.52285537724
2.01247629328
2.1375221611
2.00645004609
2.05684104986
Repetition end
0
1
0
Repetition start
1.73980585703
1.84416810039
1.48123317047
1.46625711793
1.56713259355
1.33707800362
1.25162216817
1.12643414552
1.05032761081
0.873527179253
0.991694508123
0.877841365814
0.641372186776
0.669875390801
0.652005710504
0.683693758597
0.789316023332
0.942526400206
0.953217695372
1.1491935311
1.35109884104
1.37793780486
1.46731508577
1.656610977
1.55236650944
2.31110125281
2.18112428116
1.83589661938
2.14537938688
1.96298823327
1.96456393853
1.94609639065
Repetition end
0
1
0
Repetition start
1.09574287261
1.09574287261
1.07358625865
0.925733317571
0.884629948636
0.750823832583
0.730876994672
0.63778071978
0.737786561243
0.737786561243
0.759990526465
0.847866458582
0.819362205748
0.892315550482
1.01102288997
1.01102288997
1.09829770721
1.17028181656
1.33296481053
1.33296481053
1.35166133811
1.42758375174
1.45581900405
1.58191651646
1.58833592729
1.43815730709
1.50153443586
2.46029882318
2.02003819432
2.02003819432
2.21264564003
2.10631771435
Repetition end
0
0
0
Repetition start
1.57220496896
1.47321111941
1.4464793122
1.39394242013
1.29766797044
1.15310256996
1.00826086746
0.804542042261
0.64570883479
0.756047232888
0.871800653303
1.08719379325
1.30823560198
1.4500000408
1.53319953991
1.50266636976
2.43383360947
2.3197029241
1.72875915471
1.75358940079
1.77556090593
1.7463997961
1.74739914513
1.76669024302
1.80800607271
1.78958603329
1.74051790678
1.7876234618
1.75545892085
1.76431772377
1.71926474233
1.76240098562
Repetition end
0
0
0
