20 -8812 13347
 -101 -8646 13088
 -518 -8514 13321
 -46 -8067 13400
 -349 -8018 13722
 -411 -7737 13567
 -273 -8085 13361
 -305 -7913 13399
 -83 -8502 13369
 -292 -8772 12994
 -438 -8655 12811
 134 -9042 13618
 -1270 -8253 13033
 -405 -8370 13151
 -239 -8098 13334
 -567 -8250 13563
 -335 -8097 13362
 -192 -7841 13429
 -245 -7854 13681
 -615 -7762 13934
 -463 -7457 13920
 -405 -7399 13822
 -452 -7547 13955
 -288 -7644 13684
 -114 -7623 13630
 -380 -7670 13783
 -419 -7330 14062
 -180 -7478 13986
 -320 -7262 13933
 -107 -7352 13915
 -46 -7230 14103
 -27 -6955 13946
 114 -6790 14297
 185 -6802 14157
 249 -6756 14374
 -321 -6591 14175
 89 -6926 14346
 267 -6924 14489
 -400 -6916 13801
 -373 -7122 14596
 -361 -6688 14284
 -399 -7069 14306
 -406 -7107 14151
 -371 -7123 14274
 -377 -6915 14249
 -228 -7006 14325
 -432 -6912 14277
 -357 -7120 14283
 -307 -6986 14459
 -148 -6744 14467
 -241 -6693 14291
 -210 -6751 14312
 -254 -6711 14174
 -264 -6587 14040
 -163 -7000 14612
 -224 -6733 14637
 -131 -6895 14900
 -31 -6883 13794
 -162 -6969 14505
 -178 -6893 14351
 -430 -7399 14278
 -469 -7409 14104
 -719 -7470 13653
 -284 -7744 13173
 -610 -7978 13796
 -529 -7646 13667
 -656 -7950 13719
 -400 -7877 13593
 -480 -8074 13482
 -960 -8267 13478
 -751 -7830 13157
 -267 -8455 13188
 -514 -8574 13342
 -658 -7939 13544
 -624 -8283 13291
 -597 -8606 13120
 -1043 -8605 13709
 -105 -8309 13591
 -417 -8034 13483
 -466 -8142 13549
 -430 -8161 13497
 -267 -8122 13282
 -642 -8029 13442
 -492 -8287 13393
 -312 -8429 13316
 -330 -8291 13268
 -597 -8137 13319
 -448 -8305 13357
 -445 -8322 13271
 -440 -8297 13338
 -493 -8248 13406
 -481 -8312 13366
 -782 -8342 13343
 -660 -7926 13579
 -295 -7602 13685
 -150 -7854 13812
 -363 -7531 13512
 -465 -7511 13909
 -213 -7424 14023
 -322 -7634 13949
 -533 -7456 13848
 -200 -7444 13674
 -95 -7612 13895
 -216 -7448 13936
 -533 -7545 13905
 -294 -7272 14201
 -118 -7170 14085
 -245 -7080 13997
 -369 -7054 14260
 -124 -6964 14360
 -155 -6746 14233
 -279 -6769 14238
 75 -6525 14454
 -282 -6958 14042
 -59 -7412 13597
 -149 -7660 13782
 -781 -7464 14017
 -1174 -7466 13680
 -806 -7815 13610
 24 -7955 13626
 201 -7478 13993
 -335 -7355 13776
 -435 -7685 13321
 -628 -7881 13705
 -364 -7497 13848
 -308 -7519 13828
 -370 -7606 13861
 -526 -7596 13794
 -412 -7628 13816
 -326 -7544 13829
 -523 -7288 14117
 -429 -8289 13832
 -546 -8769 13081
 -327 -8653 12819
 -146 -9387 13260
 -2888 -9535 13344
 -2353 -11402 12569
 1707 -7375 11167
 688 -9152 12624
 -178 -11695 13212
 -1726 -11483 13140
 -5131 -15742 16329
 -231 -7330 17925
Repetition Start
 5719 -1142 16114
 6923 5050 15444
 5046 6834 14398
 3624 6403 10839
 5775 8449 10990
 6642 11513 10459
 7628 11308 9401
 3597 14083 8399
 6429 15069 7921
 6373 13491 6882
 5313 13913 6238
 5553 15525 4928
 5990 16215 3405
 6153 15716 2515
 5317 15918 2004
 5655 17041 -117
 4512 16594 -1204
 4413 16733 -2304
 3798 17007 -4584
 3234 15873 -6943
 3261 16248 -8727
 3452 17237 -8856
 3678 16939 -7605
 3864 16555 -6393
 4485 16021 -3556
 4000 16454 -753
 4334 15375 628
 5222 14660 4419
 5523 14274 6610
 5045 12648 6318
 3892 13200 7326
 4036 12256 10355
 4538 11348 12215
 4652 9170 12551
 4339 6566 12724
 3313 4706 13757
 2838 3166 14950
 4278 951 27770
 822 -8872 13681
 1771 -8050 12523
 -880 -20658 10611
 -4326 -11333 13162
Repetition End
1
 -1942 -7408 13091
 -232 -8188 13325
 -2571 -14740 15244
 -9019 -12817 12190
Repetition Start
 5999 -4340 17603
 3571 1723 16894
 5111 3203 13612
 4751 7917 13523
 4631 10865 12774
 3808 11247 10939
 3285 11685 8631
 3089 13508 6457
 3537 16199 4268
 3245 16291 1787
 2979 15212 129
 2657 16669 -2351
 3053 16984 -4538
 2629 17454 -6634
 2101 15835 -8748
 3372 15615 -7596
 3308 17536 -7853
 4990 17205 -7864
 4773 16734 -6697
 6093 16221 -4216
 6141 14326 -1811
 3403 16535 1156
 3800 16133 4507
 3599 14030 6486
 4632 13816 8218
 4452 11469 10919
 3423 11516 10787
 3720 10496 9061
 2265 11551 10677
 3595 9246 13160
 2852 6225 15668
 851 3338 15268
 1140 4278 22178
 3391 -3554 22280
 -769 -14591 13767
 -410 -19263 9528
 -2732 -14605 11806
 -4697 -9333 12289
Repetition End
1
 -2714 -16767 16557
 -4770 -6581 11892
Repetition Start
 10479 -993 16741
 7081 -466 15824
 5606 2884 14364
 7523 8868 11166
 7928 10103 9379
 6794 10348 11285
 6908 10889 10648
 6872 12593 9052
 6246 12595 9228
 7106 12773 6862
 6240 14217 4224
 4626 15779 3244
 4671 16419 1832
 3329 16398 945
 3832 16031 -1843
 2840 15817 -3469
 3271 16777 -5432
 3414 15836 -7123
 2983 15532 -8925
 3679 16713 -10844
 3844 16172 -11317
 3167 15707 -10544
 4093 16333 -8916
 4194 16237 -7020
 3737 15568 -5820
 4670 16072 -3949
 4746 15612 -1979
 5781 14938 1255
 5378 15131 4846
 5893 12705 5818
 4779 12080 9957
 4511 10565 10490
 3661 9547 9216
 3958 8295 11456
 4042 6513 15648
 3708 4804 13044
 4804 2364 13971
 9276 2424 24114
 3527 -8327 11662
 2338 -12045 10791
 -77 -15320 13916
Repetition End
1
 695 -8238 12278
 -3516 -10860 16415
 -2088 -15091 19304
Repetition Start
 -4622 1474 18302
 2959 1011 14531
 3941 4421 14860
 3748 9378 15407
 5079 9325 12424
 4873 10750 9909
 3455 11551 11888
 3829 12230 10151
 2927 14173 9655
 4368 14704 7159
 3953 15852 6186
 3264 14967 5017
 3979 16121 1999
 5164 15897 2340
 4351 15659 607
 4907 15218 -806
 4427 16259 -2603
 5146 17933 -1969
 4107 17946 -2633
 2166 18807 -1823
 6298 17965 -3912
 6401 16974 -4260
 5321 17540 -3506
 4468 16668 -2533
 2479 17148 -942
 5063 15771 996
 3475 15540 4047
 3290 14780 5829
 2682 13230 6599
 2521 13238 8819
 3386 13471 10458
 4406 11676 10804
 3251 10817 11455
 3788 11724 13843
 4627 7728 11314
 5483 7096 12574
 4194 4943 15335
 3885 4470 17213
 6320 -906 23537
 4486 -4000 17457
 -318 -9446 12123
 -1167 -16334 15824
Repetition End
1
 -1408 -15764 17422
 -321 -4512 15770
 -1470 340 16912
 2429 5161 16222
Repetition Start
 4817 5428 15329
 5716 7581 12323
 5821 9492 12471
 6172 9826 9710
 6799 11401 9263
 6068 13825 8783
 5294 13157 7237
 5138 14755 4724
 5703 14962 3152
 5222 14266 742
 4629 16395 -1068
 5083 16059 -2275
 4206 14527 -4343
 3978 17502 -6753
 1910 15097 -7868
 4163 15141 -8903
 1742 15578 -9472
 2817 14397 -12986
 4061 14442 -13489
 4674 15448 -11721
 5101 15866 -9364
 4832 13717 -5193
 3108 14283 -3320
 2162 17586 -294
 2769 15565 1436
 3350 14161 5876
 3360 15418 4938
 3148 13246 6817
 1645 11117 8444
 3126 12317 9718
 1759 11235 11423
 4318 8615 13009
 2468 7999 14458
 2130 5569 13880
 4973 6331 19653
 2618 -8644 19756
 -418 -13305 13113
 176 -17376 15647
 650 -14130 18042
Repetition End
1
 1441 -6413 14777
 3233 2415 15861
Repetition Start
 6855 5597 15665
 6045 7306 13523
 6769 8611 10811
 6221 8994 11938
 5533 10466 10975
 6491 11426 9658
 6435 14047 8897
 5064 13618 7359
 5608 14313 5492
 5012 15460 4269
 4457 16988 1457
 3581 16443 -607
 3372 16205 -2131
 3304 16311 -3710
 3363 16368 -5074
 2665 15734 -7415
 2631 15875 -8447
 2210 15982 -9272
 2117 16022 -9870
 2298 16537 -9644
 2689 16707 -8430
 2864 15638 -6475
 3122 16049 -5348
 3426 16665 -3475
 3840 16877 -1918
 3825 16419 679
 4103 16124 3475
 4403 14796 4250
 4100 14399 5717
 4511 14830 7801
 4005 13613 9059
 4496 12429 9396
 3893 11725 9317
 3254 12280 11876
 5029 9456 14153
 4687 9533 13234
 4500 7739 12164
 4001 4829 13842
 4432 2580 14417
 4009 1722 14828
 6380 -2085 18485
 2822 -4655 15666
 535 -11186 14194
 -2336 -15818 13407
 -341 -8676 10899
 -3162 -10436 11423
 -2223 -8563 13561
 -1342 -8102 13177
Repetition End
1
 -666 -8693 13018
 -482 -8837 13016
 -566 -9215 12836
 -121 -10851 12575
 -3152 -12586 16549
 -6462 -15794 14858
Repetition Start
 6226 -5823 13284
 4519 -426 16575
 3149 5560 16154
 3784 8502 14881
 5418 9790 12540
 4999 9677 10889
 4980 10671 10754
 4274 10891 10691
 4554 13333 9239
 4536 14868 6129
 3065 15487 3789
 3479 15925 1493
 3887 16188 -1012
 3779 16369 -3355
 3756 16924 -4037
 3548 16041 -5198
 3240 15410 -6877
 2941 15699 -8309
 3012 14465 -10216
 2980 16206 -10495
 2607 16061 -10804
 3427 16065 -9876
 3731 15869 -8501
 3985 15818 -7066
 3873 15981 -5040
 4635 16478 -3730
 4660 16068 -2051
 4179 15633 493
 4971 15494 3796
 4522 14248 5382
 3915 14680 6931
 3754 13601 7443
 3960 12073 10594
 3688 9499 10019
 6245 8035 10248
 4168 9344 13385
 3884 6011 13619
 4074 3775 15177
 5331 3001 22599
 5196 -5833 17679
 1660 -10601 11002
 615 -7652 13382
 -2574 -14219 12564
 -1614 -8602 13879
 -1270 -7420 12374
Repetition End
1
 -1541 -5642 14640
 -75 -7060 14703
 -884 -7866 14117
 904 -5248 14865
Repetition Start
 -368 -10883 12949
 21 -15387 13751
 -3495 -7003 16463
 3943 -5350 16710
 3722 -1308 17801
 6064 4997 14862
 7853 7536 13139
 4338 8130 12740
 3674 10409 13452
 2306 10472 11399
 3094 12851 8703
 3205 14023 7234
 1960 15716 4807
 2610 16067 3465
 4342 15190 1578
 3956 16054 -497
 3661 16209 -2024
 3011 16132 -4324
 2973 16149 -6218
 2416 16155 -8120
 2568 15890 -9817
 2528 16401 -10528
 3175 14816 -11727
 4248 15088 -11201
 4404 16440 -9224
 5263 15886 -7454
 5304 15699 -5674
 5674 16013 -3152
 4852 15315 -902
 5033 15008 741
 4329 15349 3619
 3763 14955 6105
 4227 13305 9200
 3565 12455 9281
 3397 9109 10157
 4702 9184 10513
 5103 7368 12489
 4664 3600 14287
 2708 2172 14613
 5103 -11570 28248
 1212 -9845 8301
 1034 -5777 13485
 -567 -9719 17006
 -460 -7387 13543
 -838 -8721 12880
Repetition End
1
 -1123 -7385 14061
 -566 -8761 14223
 -167 -9152 12787
 -763 -8082 13373
 -1058 -8362 13379
 -2340 -12691 14398
 3059 -15990 16380
 -3030 -8604 15051
Repetition Start
 3110 -5555 21770
 5483 3695 13384
 5865 5844 15330
 4954 8852 12450
 5709 9495 12845
 5915 9936 11514
 5770 10876 10275
 5261 11357 9979
 5842 13102 8649
 6379 13768 7747
 2917 14539 6431
 3499 16135 4111
 3865 16392 2653
 3473 16308 1429
 4506 16244 -60
 3764 16491 -940
 3874 16562 -2499
 3308 15565 -5212
 2820 15421 -7604
 2087 16665 -10074
 1747 16270 -10508
 2280 15293 -10513
 2471 15936 -9947
 2135 17261 -7637
 2029 18242 -6547
 4084 16563 -5235
 6260 15062 -4191
 5746 15807 -2039
 6491 13079 1365
 6506 15172 5480
 6462 16146 4987
 4683 13554 6841
 4448 10955 7456
 3588 10877 9766
 3189 10565 12735
 4779 8356 14018
 3520 6190 13667
 2011 4087 14946
 969 -656 15052
 4889 -8348 24422
 392 -6351 5740
 850 -8850 18827
 -2522 -10133 11569
 -2706 -8199 13898
 -1331 -6522 14089
 531 -4539 14682
Repetition End
1
 -4 -5108 14440
 222 -7062 14223
 544 -7852 13500
 -8084 -8241 7078
Repetition Start
 -3693 -13231 16269
 2940 -11267 13360
 4760 4102 13686
 6356 8136 15223
 6884 6057 12374
 6627 9000 11707
 7578 8669 12461
 5190 8521 10490
 5344 10882 9774
 5296 12958 9893
 2883 13875 7845
 3342 15365 5144
 3913 16214 3118
 4484 15195 2584
 4067 16242 1056
 4271 16476 -3357
 2495 13205 -5219
 3163 14782 -7988
 1548 14453 -9766
 2419 14802 -12206
 1670 15063 -12891
 1423 14324 -13106
 2707 15639 -12066
 3315 15829 -10241
 3535 15945 -7635
 3782 15866 -4881
 4560 16145 -4128
 3889 15471 -476
 4353 14421 1941
 3902 15430 5557
 2841 14095 8451
 4262 11569 6774
 3144 11499 8191
 2983 11108 12367
 3478 9511 12922
 4275 7643 12068
 4588 2988 12863
 1258 3141 15509
 1109 2582 26213
 1542 -2433 16983
 -274 -7133 14882
 -6896 -21349 15997
 -3225 -10700 10054
 -1998 -7979 12529
Repetition End
1
 362 -5385 14492
 -921 -7554 13801
 -963 -8806 13374
 -969 -7715 13383
 -1675 -8366 13226
Repetition Start
 -1824 -10629 13074
 -2026 -10414 12905
 -4312 -15544 16993
 1646 -9434 15143
 -1210 -6552 16447
 3750 2297 15537
 4542 4390 14183
 4076 8735 12184
 4308 10112 13538
 2647 9624 11834
 4590 10020 10307
 4585 11347 10310
 4865 12947 9393
 3438 14735 8242
 3357 14960 6746
 3693 15718 4803
 4053 15375 2071
 3239 16329 1622
 4451 17782 -11
 4270 16870 -1492
 3971 15763 -2477
 3977 15507 -4390
 3610 16308 -6253
 2382 16894 -9053
 3534 15681 -10406
 1366 17519 -11766
 2215 12807 -11589
 5342 15431 -8448
 6237 16011 -4727
 5648 14794 -3144
 4282 16889 -2599
 3176 18166 -611
 4231 15027 1451
 4782 14098 4839
 4241 15521 5718
 5202 13892 7785
 5243 11768 10223
 4987 10860 10018
 3721 11717 10456
 4698 9861 12608
 2906 7645 15147
 2338 4336 13646
 4082 2620 15287
 9506 -5671 18990
 -1414 -7103 11820
 702 -8063 12640
 -1754 -13589 19019
 553 -7627 13565
 -2504 -8922 13993
 -1639 -7837 14448
Repetition End
1
 -1139 -7235 14859
 -1220 -10102 14896
 -8001 -13079 17972
Repetition Start
 2355 -10820 14048
 952 -1801 16998
 108 3655 17561
 3622 6571 14291
 4158 7903 13717
 4446 8938 12523
 4707 10083 13660
 4314 9526 10416
 5086 11411 10531
 5150 12452 10417
 4490 13582 11558
 5297 12919 9125
 4951 13319 7658
 5367 14586 5486
 4981 15487 4196
 4724 15995 2236
 5480 15806 -644
 5478 16115 -2129
 4715 16804 -3718
 3790 15692 -5094
 3860 15745 -6329
 2564 16422 -8515
 3006 16711 -11044
 2416 17080 -8446
 1911 16654 -10096
 3843 15991 -10427
 4688 16673 -8444
 6139 14844 -5671
 4558 14788 -2736
 4346 15908 -1244
 4244 16682 676
 4014 15594 3206
 4351 15251 4946
 4737 14461 6447
 4404 13851 7852
 4165 12747 10037
 5142 11934 8315
 3265 13220 10623
 3560 13277 11645
 4280 11752 11069
 3252 9658 12556
 3179 8566 13159
 2932 6933 14214
 2575 3342 14554
 3685 3756 14589
 4149 3274 25100
 1910 -7940 14668
 -1511 -10641 11746
 -722 -14891 13931
 -246 -11514 12538
 -2384 -8853 12618
Repetition End
1
 -1768 -6295 11513
 -3216 -13184 14079
 -4408 -11894 15259
 -5180 -6470 13696
Repetition Start
 4395 -235 14115
 6482 3129 15954
 6779 5360 15668
 7476 6434 13089
 6777 7389 12196
 6298 9150 11669
 5594 10067 10299
 6022 11687 9716
 5969 14019 8603
 6380 14127 6723
 6886 13993 4650
 6212 15496 3434
 4956 14959 1669
 5619 16463 278
 4992 16927 -2104
 3639 16991 -3372
 3525 16181 -4723
 2696 15794 -5591
 3099 15453 -6419
 2946 15890 -7860
 2699 16346 -9247
 2905 16273 -10555
 3837 16066 -9364
 3595 15859 -8874
 3960 16557 -7162
 3747 16000 -5964
 4095 16677 -4487
 4098 16167 -2421
 4837 15515 -1024
 4134 16240 2091
 4471 15100 4301
 4067 14244 6353
 4111 14121 7766
 4139 13091 8087
 3352 12555 10654
 3597 10971 10827
 4034 8777 10094
 2582 9024 12893
 1263 8117 15059
 2641 5526 14495
 2709 2352 14058
 2465 1845 16912
 676 -6444 20263
 416 -6523 8481
 -1476 -14269 17244
 -936 -9640 12828
Repetition End
1
 -1456 -7930 14026
 -1484 -7083 13727
 -490 -8668 14179
 -1540 -7629 13891
 -1547 -7281 13480
Repetition Start
 -1147 -8331 13303
 -715 -9331 12939
 -562 -9687 12817
 -761 -8766 12756
 -1129 -8671 13194
 -34 -8963 13148
 -1287 -8223 12924
 -712 -8329 12771
 -725 -8678 12781
 -25 -8916 12527
 -1749 -7670 12231
 -565 -8221 14170
 74 -7650 13974
 -387 -6821 14061
 -248 -7021 14165
 -527 -6775 14216
 -350 -7098 14004
 -443 -6980 13917
 -462 -7375 13992
 -395 -7804 13755
 -518 -8118 13540
 -608 -8086 13286
 -450 -8371 13476
 -889 -8264 13135
 -793 -8489 13154
 -675 -8793 13142
 -669 -8826 12797
 -652 -8835 12868
 -854 -8905 12688
 -1094 -9210 12317
Repetition End
0
 -966 -9286 12372
 -1003 -9400 12292
 -890 -9366 12590
 -890 -9190 12581
 -914 -9529 12480
 -754 -9577 12347
 -823 -9486 12524
 -835 -9255 12544
 -837 -9551 12406
 -701 -9507 12231
 -933 -9487 12335
 -981 -9472 12328
 -912 -9498 12236
 -1048 -9376 12015
 -854 -9426 12433
 -858 -9507 12392
 -914 -9446 12364
 -817 -9410 12397
 -881 -9407 12403
 -905 -9473 12407
 -903 -9444 12378
 -870 -9383 12471
 -854 -9432 12462
 -900 -9470 12324
 -937 -9267 12231
 -793 -9335 12465
 -939 -9384 12343
 -850 -9447 12442
 -795 -9412 12516
 -888 -9319 12322
 -890 -9297 12314
 -803 -9451 12574
 -862 -9406 12445
 -810 -9310 12543
 -786 -9296 12596
 -787 -9344 12411
 -1028 -9109 12495
 -812 -9231 12495
 -778 -9382 12289
 -504 -9601 12583
 -1222 -10149 12445
 -906 -9524 12386
 -814 -9705 12277
 -749 -9434 12423
 -657 -9233 12506
 -549 -9373 12820
 -536 -9415 12748
 -775 -8940 12611
 -602 -9037 12876
 -716 -8909 12766
 -137 -9257 12773
 -570 -8935 12693
 -972 -8736 13129
 -236 -8394 12964
 -955 -8161 13318
 -120 -8666 13306
 -958 -8694 13192
 -548 -8684 12912
 -559 -8804 13728
 -1259 -9244 12838
 -1184 -9416 12422
 -1204 -9504 13376
 -121 -9585 12766
 907 -9113 12172
 465 -9100 12687
 -459 -9336 12166
 -1002 -10148 11291
 -1468 -10704 11447
 -597 -10164 12022
 -207 -9583 11478
 320 -10091 12029
 508 -9994 11850
 -244 -10168 11687
 -667 -10416 11919
 -557 -10163 11768
 -572 -10067 11913
 -88 -9866 12063
 -68 -9865 12173
 -450 -10049 12032
 -475 -10122 11916
 -315 -9980 11939
 -220 -9923 12101
 -178 -9922 12050
 -336 -9832 11904
 -429 -10088 11932
 -365 -10070 11916
 -305 -9889 11910
 -340 -9960 11953
 -413 -9906 11991
 -277 -9907 11898
 -403 -9999 12095
 -287 -9474 12121
 -649 -9832 11684
 -375 -9877 12086
 -275 -9754 12015
 -349 -9845 12016
 -319 -9767 12135
 -365 -9824 12184
 -380 -9948 12044
 -298 -9841 12105
 -352 -9887 12060
 -246 -9809 12199
 -219 -10207 12727
 -375 -9810 12108
 -303 -9908 12183
 -335 -9801 12249
 -366 -9761 12182
 -299 -9703 12172
 -404 -9807 12121
 -274 -9747 12080
 -332 -9790 12195
 -304 -9741 12094
 -471 -9866 12008
 -296 -9758 12327
 -355 -9734 12165
 -341 -9876 12146
 -243 -9732 12410
 -382 -9769 12235
 -370 -9809 12163
 -299 -9817 12141
 -347 -9898 12158
 -429 -9833 12137
 -486 -9855 11827
 -279 -9726 12120
 -355 -10284 12346
 -17 -11329 10570
 -1269 -10073 9825
 -1470 -15774 12359
 -2253 -14406 16463
 7876 -3800 12537
Repetition Start
 4011 3914 16476
 6603 3826 15359
 6916 7265 13925
 6254 7340 12021
 6551 8765 12257
 6289 11232 10599
 6582 10815 9659
 5988 13181 7013
 3963 15551 4528
 4506 16182 3421
 4651 15411 1643
 5330 16963 342
 5350 16037 -1278
 4394 15714 -6456
 3802 17166 -7630
 3153 14946 -9608
 2203 15175 -8376
 2103 18665 -9318
 446 18525 -7410
 1474 17619 -5581
 2259 15709 -3488
 3436 16865 -142
 3176 15867 1472
 3231 13945 3975
 2836 14740 6399
 4756 14275 7924
 3289 13319 8009
 5544 9190 10830
 4665 8291 9779
 3775 5561 11514
 2949 5048 15415
 4232 2901 14430
 8007 951 31436
 1957 -8563 16561
 462 -12643 11843
 182 -13293 14873
 1187 -8890 13595
 -750 -6248 16049
Repetition End
1
 -769 -8139 13285
 -252 -8303 13306
 -102 -7814 12977
Repetition Start
 407 -8095 13258
 418 -8893 13751
 334 -8533 13715
 -56 -7886 13505
 691 -8661 12768
 313 -9325 12078
 -1843 -14607 16194
 -1403 -11822 18526
 723 -2837 16575
 5297 1143 13689
 4502 4448 14739
 6350 7568 14305
 5219 7895 13462
 5159 8938 11762
 5156 10862 12172
 5668 11341 11511
 4797 10966 11729
 4369 11892 11714
 4806 12716 11145
 3502 13674 8811
 5115 14140 6326
 4669 15074 4538
 4778 16297 2399
 4606 16041 902
 4461 15417 -1287
 4803 16833 -3767
 4139 15394 -4184
 3871 14563 -6077
 2359 16557 -9172
 2992 16125 -11621
 1756 14683 -12973
 2680 14685 -13322
 3554 15090 -12021
 4239 15998 -9820
 5144 15405 -6578
 4453 15767 -3576
 3568 15390 -1784
 4121 14752 1688
 3787 16561 4600
 4238 14942 5243
 4424 14463 6526
 5787 12735 8688
 3137 12355 9709
 3881 11587 9495
 2892 10928 12217
 3848 6463 12138
 1902 5569 13728
 2393 2114 14289
 2775 1646 16180
 1744 -1045 16928
 -320 -10238 12138
 -3007 -21297 4332
 -4350 -11482 10988
 -2447 -10017 14058
Repetition End
1
 -997 -6877 14905
 -1430 -9049 12482
 -1281 -9161 13030
 -843 -9386 12303
Repetition Start
 109 -9325 12151
 -9 -8985 11812
 -6652 -14516 10363
 -5030 -8308 14937
 2950 -3031 15199
 4365 2160 14650
 7142 3483 15211
 7095 6137 14991
 7071 6422 13261
 6986 7671 12497
 4611 8625 13301
 5029 10103 11348
 6851 9999 10835
 2988 13016 10841
 4472 13405 10514
 4279 13591 9551
 4998 13949 7465
 4714 14740 6117
 5319 15412 5102
 5417 16161 3570
 5881 15678 2001
 4764 15838 -1098
 4484 16313 -1941
 3947 15747 -4240
 5012 15725 -6993
 5352 14734 -9964
 3768 16775 -10272
 4421 17598 -10712
 3293 13632 -8916
 2377 15696 -10178
 1965 18211 -8589
 1297 17392 -7634
 1743 15426 -6559
 2952 14725 -5654
 4267 16416 -2887
 3946 16775 -1190
 6553 16018 1648
 5428 16109 3811
 5221 14025 6238
 4625 12036 7224
 4777 9058 10329
 5175 11269 11158
 4127 9760 11424
 4055 7608 12534
 2516 7785 14052
 1717 3546 15105
 2597 1651 14452
 5711 -603 18499
 -930 -5664 11148
 -2702 -22362 17962
 -600 -16046 11910
Repetition End
1
 -2885 -10876 12548
 -1014 -6051 13721
 -789 -6365 15151
Repetition Start
 -1036 -7919 14076
 -1093 -8233 12859
 -1308 -9272 12578
 -667 -9346 12749
 -775 -8528 13162
 -929 -8427 13179
 -694 -8439 13020
 -588 -8318 13100
 -194 -8220 13067
 -1374 -8375 12862
 -848 -8991 12905
 402 -9507 12825
 -3585 -12286 13158
 -6064 -15424 15314
 -2721 -5027 13548
 6542 837 14731
 6419 2778 15779
 6103 4722 13960
 7377 7339 12607
 5676 7655 13013
 8144 8694 11779
 3832 10255 12391
 4472 10350 12360
 4745 12221 9906
 5010 13840 9983
 5220 13542 8206
 5292 13845 6966
 5120 14722 5976
 5363 15710 4149
 4686 16188 2725
 5011 15815 123
 4301 16396 -1082
 3588 15872 -2834
 3613 16393 -4714
 3263 16890 -6334
 2295 15927 -7780
 2191 15224 -9318
 2865 15704 -10625
 2271 16126 -10453
 2414 16620 -9475
 2911 16798 -8443
 3115 16668 -6368
 3632 16559 -4904
 3659 16438 -2628
 3892 15282 -1089
 4456 15308 1212
 4176 17809 4475
 4537 14940 5288
 4981 13328 7684
 3195 13480 8935
 2873 11708 9551
 3297 11838 10435
 2553 10920 11269
 3477 7977 14102
 3088 7691 13329
 3199 5545 13547
 2077 3163 15170
 2121 -280 14432
 7111 -5122 24406
 3166 -6246 14641
 -1633 -16905 15499
 -2588 -14912 7444
Repetition End
1
 -2003 -10834 10973
 -1119 -7427 12545
 -209 -6759 13176
 -955 -8675 12983
 -821 -9406 13283
 50 -8840 13645
 -202 -8062 13602
 -709 -7925 13179
 -1276 -8417 12954
 -935 -8400 13659
 -419 -7428 13061
 -493 -7851 13678
 -584 -8089 13923
 -505 -7856 13509
 -624 -7871 13520
 -627 -8034 13509
 -526 -7807 13430
 -581 -7992 13637
 -490 -8001 13782
 -651 -7993 14026
 -496 -7755 13565
 -437 -8105 13514
 -471 -8075 13469
 -251 -8022 13207
 -319 -7893 13448
 -699 -7454 13253
 -3243 -11047 8318
 -1910 -16585 16144
 -2325 -8689 13528
 1789 -4191 18566
 3970 2720 13120
Repetition Start
 6578 3130 14997
 6995 6193 15066
 8343 7443 13329
 6362 8160 13217
 7697 9228 11294
 4491 9138 12832
 5096 10717 11804
 5067 10920 12540
 4603 12531 10179
 4050 13703 9889
 4774 14175 8149
 4531 14720 5872
 4983 15410 4117
 5078 15668 2218
 4993 16146 689
 4261 15916 -1403
 4668 16296 -4269
 4362 15883 -5857
 3123 14867 -7815
 3143 15339 -10669
 3195 15534 -11651
 2867 14235 -11751
 3952 13787 -11595
 4477 15649 -10524
 4572 15757 -9010
 4683 15291 -7999
 4795 15374 -6104
 3893 15836 -3557
 4558 15712 -1816
 4437 16705 1032
 3685 15444 4307
 4653 14224 6229
 4216 14486 7914
 1835 11849 9509
 3122 10427 10560
 3179 10162 10362
 2557 6095 13875
 2031 5860 14926
 1162 2792 15318
 1092 1806 14575
 1152 -7692 19389
 -700 -9664 8026
 -5231 -15642 9790
Repetition End
1
 -1788 -10895 9772
 -1797 -11138 11038
 -2223 -7101 12612
 -2143 -9925 13691
 -1368 -9165 13279
 -1399 -8682 12509
 -877 -8814 11960
 -1544 -10153 11982
 -1862 -9864 11800
 -2201 -9290 12345
 -2412 -9243 12498
Repetition Start
 -1605 -10126 13017
 316 -8299 11994
 -5283 -9757 13353
 -4551 -16819 12922
 -3758 -12472 12791
 6237 2012 16730
 5066 2546 15922
 6548 2021 16596
 4604 5575 13384
 4633 7935 13654
 2472 8613 12755
 3497 10360 12586
 4782 11467 10242
 4337 13130 9914
 4625 13335 9134
 6054 14139 7685
 5506 14576 6604
 5081 15144 5965
 5976 15552 4713
 6356 15428 2932
 6253 15982 1713
 5619 15764 -51
 5860 15670 -2171
 5303 15987 -3777
 4893 15382 -5334
 3608 16017 -7629
 3066 15529 -9873
 2151 15596 -10792
 2898 15059 -11783
 2794 15733 -11476
 3158 16151 -10211
 3228 16150 -8665
 3395 15211 -6750
 4033 15724 -5101
 4306 16296 -2947
 4469 16175 -1184
 4428 16147 1597
 4794 14647 4400
 4844 14534 5154
 4524 14332 6935
 3651 13310 8424
 4535 10114 9042
 3741 7714 8993
 2953 8455 11806
 2803 7930 13764
 3421 4990 15128
 4020 1807 14457
 4935 1992 19535
 2472 -8006 18338
 647 -4690 12952
 -2887 -12073 14198
Repetition End
1
 -2406 -15721 12039
 -2760 -9742 12681
 -2023 -7994 13260
 -639 -4861 15518
 -1567 -7187 13695
 -612 -8412 14011
 -467 -7471 14203
 -466 -7203 13934
 -874 -7673 13152
 -1083 -7900 13706
 -1239 -6892 14202
 -908 -6616 14333
 -421 -7223 13801
 -1267 -6814 14174
 -1764 -6928 14273
 -1360 -6870 14554
 -902 -7191 13800
 -1652 -7187 13823
 -1568 -7422 14165
 -796 -7207 13690
 -785 -6931 13216
 -1575 -8333 13547
 -2740 -8974 12900
 -516 -8379 15198
 -1510 -10495 13845
 -3074 -12176 12245
 -2107 -17796 15772
 -4884 -8637 16122
Repetition Start
 2841 -1373 14229
 2269 -1675 16694
 6530 2175 15698
 6618 4273 13542
 4488 8207 11585
 3778 9927 14233
 4162 9946 12280
 3031 10522 10505
 3310 12081 9735
 3847 13868 8364
 3359 14884 8219
 3085 15184 6586
 3408 15576 5273
 3742 16053 3447
 3342 16245 1539
 4123 16337 -823
 4374 17210 -2648
 4263 15907 -4187
 3592 15130 -6131
 4008 15130 -7961
 3390 15465 -9170
 3370 15610 -11725
 2627 14157 -12749
 3665 14815 -11788
 4557 17017 -10476
 4772 15870 -8696
 5677 15740 -7484
 5819 16530 -4324
 6620 14393 -1089
 6811 11797 1764
 5605 16197 4396
 3637 15499 6305
 4966 14131 6655
 3147 12536 9316
 4744 10730 9953
 4687 8577 12540
 5441 7645 11562
 2135 7424 12956
 4023 3696 13292
 3501 1580 13874
 7580 1933 22684
 1346 -11453 17426
 -802 -12964 10371
 -2619 -18254 10483
Repetition End
1
 -1372 -11141 11385
 -2357 -9201 11781
 -2069 -7998 13666
 -1373 -6761 14235
 -500 -8867 13126
 456 -8585 13172
 -240 -8737 13111
 -928 -8764 12725
 -753 -7803 13356
 -575 -8105 13717
 -242 -8336 13401
 18 -7976 12968
 -873 -8075 13742
 -805 -8666 13095
 -423 -8767 13035
 -506 -8097 13539
 -768 -8195 13117
 -775 -8701 13097
 -647 -8432 13036
 -542 -8502 13231
 -658 -8888 13071
 144 -8275 13793
 -1178 -10739 11015
 -2779 -13127 15256
 -2003 -5468 12798
Repetition Start
 37 -7287 13521
 7567 -3559 15268
 8553 2958 14477
 5730 3066 15884
 4931 5159 14611
 6799 6837 12460
 5259 7748 12848
 4854 7976 12075
 4177 10068 12896
 5117 11594 11527
 4663 11380 10051
 5191 13189 9748
 5819 13705 8495
 6010 13497 7467
 5994 14328 6780
 5818 15278 5631
 5387 15802 4353
 4517 16455 2069
 5160 15977 1379
 5060 16990 308
 4635 16897 -1238
 3153 16344 -2285
 3460 15596 -4432
 3027 15664 -6034
 3202 15528 -7424
 3306 15677 -9259
 3063 16582 -10672
 2955 15838 -10632
 3236 16262 -9594
 3115 16084 -8288
 3705 16488 -6947
 3980 16411 -5579
 4014 16529 -3588
 4199 16290 -1604
 4613 15645 49
 4626 15199 3041
 4991 14823 4881
 5254 14358 7383
 6256 13679 7353
 5205 10052 7495
 3726 10513 10723
 2970 10961 13702
 4125 7910 12639
 5447 4080 12800
 4299 1488 16008
 4775 2798 21514
 3546 -5787 18202
 1509 -7005 13553
 -1979 -14839 11539
 -3148 -13009 12198
 -3041 -9583 13010
Repetition End
1
 -2099 -9812 13291
 -755 -8176 13977
 -1322 -9331 12839
 -1799 -8504 12728
 -1161 -8880 12916
 -633 -9510 13525
 -1920 -8922 12684
 -163 -11928 11617
 -2202 -12409 16230
 573 -5751 11914
 4998 871 19368
 4878 3766 16448
Repetition Start
 4813 2037 15326
 3652 6311 14018
 4328 8192 12700
 3713 9762 12023
 4625 11333 9786
 4222 12859 8544
 4749 13552 7126
 4837 14747 6003
 4889 15784 3543
 5226 16219 1767
 5105 16054 -310
 4410 16399 -1989
 3882 16639 -3907
 3325 15587 -5130
 2775 14772 -7471
 1979 16053 -9055
 2775 16162 -10522
 -619 14555 -11044
 2185 15440 -10666
 1889 16242 -9791
 2546 16437 -8180
 2900 16984 -6732
 3739 16481 -6072
 4124 16153 -4248
 3709 16225 -2554
 4472 16236 -626
 4110 15382 1316
 5334 15417 3637
 5625 16130 6194
 3411 13673 6877
 5203 12010 6935
 4559 13231 8810
 6025 11893 9605
 3897 9178 11928
 3027 9072 13718
 3798 6448 13411
 2489 6989 13189
 2409 6090 14157
 1940 2662 15319
 2826 262 12528
 9059 -92 32767
 -2324 -16876 12154
 1201 -10838 12150
Repetition End
1
 -4639 -13873 9939
 -3253 -10083 12802
 -2065 -8974 14089
 -786 -5307 14970
 -754 -6309 13659
 -1319 -6913 14279
 -1105 -7566 13664
 63 -7741 13821
 -706 -7746 13780
 -571 -7575 13640
 102 -7021 13423
 -962 -8271 13376
 -1905 -8703 13614
 -1991 -7835 13483
 -902 -8904 12859
 -353 -8273 12876
 -1430 -9301 12607
 -1755 -8905 13132
 -1294 -8308 13222
 -1829 -8147 12935
 -2135 -8258 12745
 -2194 -8140 11980
 1472 -7772 15828
 1858 -8355 13037
 1859 -8990 13567
 124 -8656 12942
 -2127 -7694 12724
 -1099 -8308 11711
 -1421 -9677 13089
 -923 -8777 11839
 -480 -9108 11738
 -1979 -10116 12408
 -2023 -9187 12204
 -2578 -9042 12979
 -3049 -9131 13404
 -1471 -9738 11481
 64 -9209 14322
 873 -10985 14025
 922 -10913 10004
 2468 -5398 12586
 4101 -6621 13592
 4173 -8302 12671
 3525 -9181 11814
 2198 -9348 13103
 2305 -9306 12845
 2224 -9856 12391
 2060 -8986 12534
 2424 -9094 13674
 2372 -8325 12457
 323 -12518 16369
 -307 -13421 9962
 -468 -8357 12803
 -905 -6069 13222
 -1453 -7058 13513
 -2692 -10751 12655
 -622 -9294 12911
 -541 -7529 12790
 -226 -8866 13078
 -590 -9489 12695
 -718 -7893 12814
 -965 -8682 12989
 -1483 -9629 12922
 -141 -9377 11106
 -946 -11031 13487
 -4462 -13060 14524
 -5062 -10909 13233
Repetition Start
 10923 2474 17234
 7750 4505 15277
 6927 4243 12836
 5689 8786 10672
 6751 9224 12728
 8382 8045 13597
 7295 8730 10785
 7723 10104 10143
 7360 11335 10018
 7053 12816 9743
 5497 13879 10592
 5294 13450 9066
 6120 13643 8643
 5230 14296 6873
 5396 15486 4619
 5966 15950 2974
 5894 15936 1834
 5614 16209 736
 5750 16481 -1035
 5378 15091 -3173
 5167 16112 -4366
 4919 15913 -5404
 4090 16113 -6812
 2870 16903 -8582
 4646 16894 -10397
 3240 16251 -9685
 3805 16038 -8623
 4045 16469 -6979
 3873 16919 -4929
 4482 16037 -3145
 5439 15975 -387
 4706 15376 2206
 5131 14860 4080
 5551 13718 7492
 5286 11874 7540
 5191 10874 9868
 3328 11237 8728
 3866 9372 10082
 3024 6855 10733
 2182 3323 14444
 2414 1307 15177
 8165 3685 25478
 2732 -6417 17023
 2162 -10669 13423
Repetition End
1
 -408 -19595 8205
 -670 -10811 11674
 -1612 -8621 12147
 -2539 -6109 14387
 -1965 -7246 13908
 -545 -8611 13023
 -729 -9247 12881
 -848 -8810 13068
 -1062 -8509 13082
 -709 -8473 12851
 -830 -8541 13045
 -1130 -8821 12776
 -1129 -8734 12947
 -1053 -8550 12798
 -874 -8928 12880
 -1046 -8696 13478
 1218 -7000 12554
 -1650 -7526 12622
 -4079 -10589 11333
 -2739 -9961 14783
 -2751 -12563 13741
Repetition Start
 2399 -12972 13409
 -1207 -14680 15843
 6181 3556 13497
 7998 4244 16227
 7232 2859 15080
 8196 6439 11983
 6291 8011 12778
 5818 9509 12194
 4863 10418 11709
 5029 10449 10392
 6392 12382 8752
 4268 15542 9246
 3045 14773 7306
 2920 14368 5732
 3574 16130 3622
 4302 15616 2329
 3609 16987 228
 3788 15656 -1623
 4675 14548 -5189
 5350 15717 -5942
 4588 15292 -8208
 3650 15185 -9446
 4368 14699 -11819
 4108 15190 -11991
 4660 15226 -11449
 4341 15289 -10667
 4917 15720 -8382
 4844 15578 -7183
 5058 16200 -4913
 4813 15164 -1725
 5217 14628 562
 4166 15766 2781
 4540 14867 5578
 4917 13085 6327
 3800 12829 8350
 2064 9428 11437
 1535 7928 11928
 739 4784 13351
 426 3273 15081
 1043 -1288 13213
 -253 -694 32767
 -239 -11844 13852
 -4258 -13706 11907
 -4650 -16598 10063
 -3928 -11940 11411
 -1578 -5980 13486
Repetition End
1
 -656 -6041 13427
 -66 -8855 14179
 -328 -6272 13820
 -176 -8064 13212
 609 -9532 13388
 -2029 -8482 12515
 -857 -7461 13120
 -271 -8122 13217
 -117 -8304 12912
 -455 -9082 12310
 -439 -9376 12645
 -1108 -9803 12932
 222 -8891 12920
 459 -9323 12355
 231 -9504 12780
 -223 -9626 12137
