873 -8114 13622
 499 -7616 13251
 796 -7255 13654
 961 -7904 13537
 1002 -7883 13358
 558 -7679 13427
 175 -8529 13534
 -14 -8188 12721
 643 -8604 12814
 545 -8544 12694
 890 -8773 12834
 695 -8835 12981
 577 -8634 12815
 835 -9099 12757
 574 -9091 12431
 518 -9423 12917
 465 -8614 12646
 767 -8542 12764
 617 -9353 12574
 294 -9875 11962
 1617 -9647 12840
 -107 -9422 13146
 -91 -10418 14574
 -2216 -14346 15026
 2233 -9768 13609
 5427 1985 18854
 5946 5972 16956
Repetition Start
 4779 5450 15132
 1910 6910 11945
 1829 9043 12356
 2122 8378 12327
 2514 11623 12121
 4597 13128 10517
 2559 14768 9488
 1789 14897 4863
 2497 16640 3543
 2023 15771 1887
 1911 17202 -945
 1239 18131 -4322
 648 18455 -8235
 164 17782 -9225
 477 21441 -6511
 620 18710 -5326
 705 16934 -2041
 101 14855 1570
 1116 14129 5714
 1515 13484 7993
 1191 11457 8762
 1149 12287 9798
 2279 11156 11317
 1989 8203 11687
 2549 5503 14136
 2814 4637 14561
 5155 1332 25228
 5367 -6689 15040
 1913 -10159 9864
Repetition End
1
 5895 -23972 13961
 2402 -16079 14100
 -3184 -17981 11339
 2261 -8985 15841
 480 -5503 14454
Repetition Start
 2469 1385 14942
 3107 6965 14525
 1478 8666 15397
 3787 7578 10435
 3458 10353 9772
 5508 12443 9430
 4730 15136 7562
 3678 15344 4979
 2546 15298 2548
 2561 16289 362
 2355 17175 -1164
 576 17611 -5381
 1325 18652 -7853
 767 17625 -8302
 697 20302 -6815
 1601 18085 -4815
 584 18814 -2718
 1417 17068 1416
 2160 13748 5026
 1419 14167 9041
 1332 13371 8973
 579 11033 9420
 715 9085 10179
 1026 9044 12128
 3114 6908 12776
 3115 3033 15259
 1780 3715 15701
 2755 -5025 16511
 4299 -19610 9366
 4009 -21188 2093
 -515 -12295 11726
Repetition End
1
 -947 -650 13307
 -2509 -8575 13020
 1033 -24235 9707
 2338 -15152 7531
Repetition Start
 -998 -4662 16041
 741 1779 15112
 3088 6446 15195
 3279 7328 14349
 3083 7604 12068
 434 9219 15172
 59 9596 13884
 740 11448 12300
 994 13315 10473
 1077 14299 6933
 -214 14959 4459
 -308 16613 2681
 4 17765 1056
 -685 17269 -1525
 -539 20058 -5495
 91 16260 -9372
 -1616 19000 -7850
 416 19517 -6543
 -283 19286 -4572
 1509 17788 -1757
 195 16749 1305
 974 13358 5167
 3118 13618 7734
 2479 11446 9547
 969 11186 10986
 2708 10318 11801
 4226 8329 10643
 1203 3805 12590
 2400 3760 14435
 3765 2752 29248
 9252 -5924 13706
 3995 -11341 5339
Repetition End
1
 2541 -13355 12829
 1475 -14743 10422
 -2162 -10139 12137
 1792 -9106 11888
 1261 -13698 12039
Repetition Start
 -2920 -20279 12860
 -3523 -6612 14526
 2771 -1846 13116
 4000 1618 16114
 4792 7187 14266
 3340 7921 13588
 3616 7406 14054
 3984 9671 12365
 4220 10959 10951
 4717 13153 10086
 4072 14597 7831
 2858 15197 5046
 2728 15708 3427
 1982 16168 770
 432 16445 -560
 810 17194 -4105
 2128 17428 -9313
 1793 18372 -8629
 989 17047 -8219
 1188 17989 -6977
 1163 18043 -5520
 396 18901 -3599
 783 16636 -1015
 1150 16311 1225
 1173 16152 4408
 2871 13384 6164
 2282 12999 9040
 882 11321 9317
 3764 11407 10676
 3828 9183 12088
 3238 6987 13813
 2560 4607 13763
 2973 1178 17188
 6099 -5005 21332
 2018 -4624 11600
 2135 -7905 12351
 3452 -6915 13220
 761 -10299 12768
Repetition End
1
 1870 -11432 12262
 640 -10316 14368
 26 -8422 11681
 1208 -10166 12002
Repetition Start
 -1583 -18889 12260
 -2612 -14587 10098
 2966 70 16293
 2848 -2025 11154
 2366 2685 16635
 2994 3463 15506
 3359 7156 14390
 2562 8342 14014
 2186 7396 16593
 2633 8232 13592
 2552 8913 13134
 3659 10750 13873
 2903 11918 11581
 2381 14581 9613
 1908 15465 6965
 1704 16002 4097
 1329 15869 2686
 630 17108 1446
 607 15766 -152
 -582 18223 -4529
 127 18470 -7218
 -736 18433 -6094
 -25 20185 -4291
 -274 18182 -3575
 72 17919 -2054
 2042 17410 815
 1293 15484 3160
 2064 13549 6094
 2902 12805 7940
 3014 10689 8922
 1568 11015 12233
 2413 9806 12499
 3098 7324 11590
 2964 4802 12427
 2217 2450 15459
 3130 6639 26614
 5695 -10425 14530
 846 -11223 8885
 3394 -11095 11082
 3572 -13679 13871
Repetition End
1
 2114 -11065 10058
 -4 -9307 13501
 -1479 -8013 13252
Repetition Start
 -809 -10393 12262
 560 -9971 11955
 4772 -10359 11369
 1178 -14908 13827
 -988 -12851 13378
 -195 -8131 13976
 8215 -2752 13699
 4813 1920 14424
 5683 5941 15484
 4224 5224 15980
 3855 6804 16192
 5126 4658 12846
 3090 7953 12595
 3225 9942 13437
 2218 11861 13464
 2936 11068 12551
 2799 12313 11233
 2941 12473 9376
 3363 14735 8607
 2949 14910 6028
 2567 16020 4129
 2106 16896 2677
 1811 16962 917
 1410 17514 -789
 890 17119 -2833
 390 17877 -6921
 678 18039 -7050
 374 16986 -8001
 876 17447 -6399
 1112 18999 -5234
 1527 17489 -4371
 1694 17272 -3178
 2019 17251 -1585
 1807 17203 -103
 2864 16327 2220
 2881 15543 4558
 2895 14217 7449
 2001 13545 8540
 1793 11746 9739
 1382 10634 11461
 1523 10510 13419
 2098 9271 13260
 1013 7337 13453
 1153 5875 14215
 1436 1718 14786
 3524 -2561 25713
 3675 -4818 14807
 2959 -7427 12803
 -1062 -18355 16474
 329 -13266 10146
Repetition End
1
 -698 -10216 10675
 -46 -6567 13333
 875 -9599 12183
 797 -11080 11872
 574 -7918 13005
 661 -8772 12815
 511 -10560 12031
 611 -9363 12554
 350 -9005 12776
 756 -9603 12552
 815 -9384 12555
 685 -8864 12791
 717 -8894 12837
 589 -8949 12777
 552 -8702 12684
 471 -8736 12592
 560 -8806 12528
 822 -8601 12977
 765 -8538 13003
 752 -8285 13194
 784 -8129 13304
 783 -8257 13290
 844 -8220 13334
 820 -8057 13626
 886 -8153 13443
 710 -7886 13603
 738 -7931 13645
 760 -7911 13479
 767 -7927 13635
 820 -7783 13695
 729 -7852 13558
 719 -8008 13599
 921 -7962 13607
 723 -7780 13811
 749 -7949 13531
 758 -8078 13435
 812 -7916 13435
 774 -7885 13448
 732 -7975 13420
 697 -8090 13307
 832 -8054 13461
 522 -7962 13138
 784 -7894 13326
 836 -8182 13500
 499 -7943 13668
 687 -7852 13575
 724 -7907 13555
 745 -7838 13477
 637 -7772 13470
 650 -7719 13728
 505 -7615 13713
 698 -7232 13993
 663 -7415 13831
 533 -7619 13759
 480 -7546 13851
 770 -7528 13916
 517 -7712 14171
 1044 -6983 13629
 661 -7921 13252
 963 -8125 13908
 1378 -7526 14197
 1089 -7593 13435
 504 -7491 13294
 506 -7544 13527
 642 -7619 13874
 1181 -7550 13449
 823 -7960 13405
 574 -8020 13322
 757 -7946 13699
 614 -7480 13898
 699 -7527 13743
 1074 -7771 13716
 700 -7723 13635
 682 -7497 13758
 794 -7673 13833
 818 -7551 13726
 643 -7665 13637
 522 -7768 13867
 705 -7848 13653
 435 -7426 13493
 903 -7436 13913
 1045 -7462 13976
 606 -7526 13370
 573 -7440 13759
 610 -7537 13818
 877 -7619 13698
 727 -7643 13597
 729 -7788 13588
 775 -7835 13494
 602 -7895 13468
 812 -8040 13824
 737 -7839 13516
 782 -8005 13434
 787 -8070 13443
 889 -8004 13480
 779 -7948 13463
 652 -7816 13603
 758 -7886 13459
 699 -7806 13362
 902 -7663 13676
 787 -8214 13410
 662 -7938 13597
 895 -7451 13835
 1560 -7921 14298
 1991 -11065 14253
 -1447 -14122 13828
 984 -15367 11007
 2946 -7210 14004
 3979 1551 14176
Repetition Start
 4129 4946 17941
 4117 5894 13878
 3765 7662 13184
 2368 8462 12510
 2262 10996 11183
 2139 13470 9146
 1963 15390 6558
 1849 14562 3229
 1386 15427 1119
 1466 16954 -1353
 950 16213 -5395
 -562 17629 -8117
 -282 16963 -11673
 -283 17593 -9677
 315 19226 -8381
 385 17558 -4804
 1191 16790 -2769
 722 15102 822
 577 13923 4232
 799 14352 8041
 986 11962 8648
 -634 10965 8662
 -164 10531 11695
 1638 9063 12855
 1339 7901 13266
 272 4287 14963
 2097 2670 16003
 3890 -4822 21919
 2888 -5762 12759
Repetition End
0
 2253 -10135 12593
 659 -15314 18173
 -446 -6722 14972
 -1379 -5704 14388
 -80 -7232 12225
 -290 -10343 15316
 446 -13977 15623
 -2159 -8394 12465
 8956 -5990 15134
Repetition Start
 3920 -520 13944
 1094 3972 15950
 4039 7153 17069
 4088 6986 15079
 3210 8058 13548
 3375 7510 13425
 1672 10076 13275
 1638 10014 12755
 1949 12363 11662
 1060 12915 12326
 779 13566 10645
 1120 14500 7812
 905 14986 5913
 746 15771 3893
 687 16833 2324
 1283 16729 -118
 763 16414 -2825
 745 17258 -6253
 -182 18621 -9318
 739 16885 -10935
 1095 18483 -8987
 1158 18164 -7435
 1661 16202 -5099
 1511 16986 -2567
 1291 16381 247
 1576 15367 2565
 2409 14476 4998
 2009 14320 7533
 959 12722 9620
 44 10730 11458
 2908 10043 12310
 2810 9624 13271
 1977 7571 13145
 1190 5020 14658
 1718 2364 14147
 2651 2420 19505
 3822 -6042 16781
 2557 -10592 10509
 2866 -13210 15509
 13 -14804 9544
Repetition End
1
 -350 -10337 12837
 -304 -7957 13243
 1568 -7364 10840
 1914 -12467 12187
 891 -15509 12500
Repetition Start
 858 -9703 14375
 3100 -2253 13552
 4726 -593 13698
 3318 3200 16305
 5094 3257 15334
 4070 6328 15421
 3417 6722 10256
 3070 8760 14430
 2242 7655 15089
 922 12765 13658
 3305 13046 8874
 2468 11084 9329
 3882 13463 10383
 4395 17358 5632
 3016 11055 5109
 3931 18065 4367
 2876 16941 1261
 1527 15866 -686
 1207 16226 -3469
 355 20197 -6296
 647 16100 -11824
 1231 15783 -9051
 1161 21783 -6009
 1695 17442 -6116
 2351 16304 -3869
 1933 17348 -728
 1961 15623 1522
 3868 15652 3889
 2183 15647 5474
 1112 14666 7243
 496 12628 8771
 587 10673 11101
 -35 9708 12133
 554 8806 13571
 298 7306 14708
 1701 4721 14506
 2283 1615 14893
 2141 -193 25137
 4769 -6269 14864
 3331 -8099 11321
 -1901 -11976 20389
Repetition End
1
 1580 -10921 11387
 -857 -10915 12388
 2108 -7277 15035
 695 -7817 13561
Repetition Start
 492 -8634 13979
 -332 -14152 14995
 -1370 -4862 15982
 1370 560 14443
 2595 3059 14891
 3841 6639 16534
 2635 6321 15547
 1794 6468 14480
 4186 6961 12700
 3204 8934 13552
 4659 11095 12012
 1725 12265 12542
 2317 12973 11680
 3140 13463 10444
 3118 14256 8125
 3157 14574 7371
 2759 15594 5412
 2014 15893 3841
 2040 16894 2376
 1558 18160 -1891
 1048 15379 -1903
 1429 18277 -5772
 362 18155 -6408
 -240 16990 -7683
 737 18425 -7146
 1499 18067 -6709
 1804 17529 -5215
 1598 17706 -3095
 999 17069 -1133
 1205 16898 968
 1100 15781 2910
 1212 15067 6264
 1449 14588 8132
 880 13987 11607
 3071 10840 8120
 1863 10294 11275
 1848 10576 13092
 1731 8564 14330
 2321 5730 13290
 2855 4231 14546
 3567 911 14677
 7592 -5138 29960
 3728 -6970 15136
 2516 -4707 11769
 3320 -7503 14304
Repetition End
1
 1366 -12358 15268
 642 -9446 12641
 -1609 -8717 11781
 -186 -7891 12937
 -941 -9846 12767
Repetition Start
 1368 -11208 12649
 -1242 -11401 14446
 2032 -8136 16142
 -4939 -5175 16703
 4402 -1609 16375
 3017 2754 14211
 2982 4126 15188
 3589 5250 15517
 2583 6071 16621
 733 5458 15689
 -198 5823 14750
 -209 6584 14002
 -248 7293 15585
 -405 8621 14765
 622 10825 12953
 -612 11624 13067
 -467 12329 11749
 447 12307 9999
 941 14342 8890
 602 15061 7588
 675 16047 5468
 1192 16685 3365
 1110 16516 1727
 967 16662 278
 1327 16935 -2002
 1780 17009 -3927
 1608 17610 -7346
 407 17578 -9760
 671 17080 -9302
 1545 18142 -7476
 1714 17440 -6351
 1852 17363 -4427
 1825 16978 -3173
 1934 17485 273
 2216 15785 3273
 575 14546 6063
 629 14318 8697
 533 13375 10606
 -101 9440 10138
 1207 8620 12528
 854 8456 14133
 1183 6634 14975
 2221 3623 15210
 1870 2085 14960
 5701 -4633 26724
 5138 -5805 14345
 1816 -9658 12384
Repetition End
1
 -1596 -18318 9063
 628 -11685 11302
 -1380 -10884 11765
 230 -7575 13979
 791 -9927 12909
 560 -9747 13426
 595 -8622 13249
Repetition Start
 730 -9100 12494
 300 -9265 12007
 759 -8683 12641
 817 -8535 12796
 444 -8813 12912
 561 -9064 12703
 812 -8719 13129
 707 -8444 12890
 766 -8766 13011
 557 -8564 12865
 525 -8237 13384
 591 -8303 13065
 489 -8733 13021
 138 -9056 12401
 500 -10221 11622
 1230 -8150 14316
 -44 -14386 14308
 -2273 -13253 13186
 -2213 -785 17488
 5841 -2217 14824
 3590 1253 16142
 3111 4671 16730
 5330 6310 15099
 5367 6516 14281
 5865 6798 13303
 4780 6966 12902
 4694 8695 12603
 4698 10915 13502
 4395 10834 12021
 2723 12732 12229
 2564 12813 11203
 2157 12916 9719
 1487 14434 7701
 1352 15821 6035
 1224 16489 3590
 498 16644 1701
 -201 17140 -300
 -367 17164 -2564
 -854 16149 -4338
 -615 17583 -6645
 -352 17793 -9345
 -935 16917 -9275
 -314 16761 -8533
 6 18026 -6781
 557 17883 -5876
 623 17413 -3321
 1450 17327 -1285
 845 16737 644
 364 15306 1778
 1424 14830 5345
 1446 16666 7275
 773 12143 9325
 460 11113 10562
 2112 10487 10293
 1754 7614 12320
 1120 7754 16029
 2616 5800 15650
 1507 3131 15079
 4310 1911 13529
 2490 -6462 19976
 1171 -10576 12110
 1229 -5864 12179
Repetition End
1
 1757 -8894 19220
 482 -11844 10491
 -2600 -11707 11524
 -294 -7606 13014
 902 -9744 12962
 -27 -8986 12629
 58 -8700 12607
 1306 -9651 12440
Repetition Start
 199 -10925 11432
 36 -10077 12002
 -1010 -11733 12535
 -1514 -13277 14303
 -3009 -7209 16366
 5656 228 14770
 3384 3599 15442
 1505 4811 16861
 4761 3997 14388
 3861 6398 15129
 3542 6088 13230
 2804 8069 13332
 3141 9014 13939
 3509 11438 13467
 3365 11744 11685
 3974 13278 9608
 3390 14438 8033
 3284 15138 6233
 3060 15134 4293
 2435 16109 2037
 1966 16656 407
 1598 17471 -2534
 201 16051 -5350
 -90 18148 -7029
 15 17468 -9350
 -255 17607 -8574
 686 18483 -7167
 612 17486 -6023
 997 18292 -5501
 985 17479 -2706
 1294 16536 -1615
 987 16976 985
 2203 16219 3072
 1754 15639 4931
 1275 14098 6398
 857 13487 8905
 725 10292 11188
 2289 9561 12793
 1725 8597 13645
 2647 5475 14085
 2427 4243 14959
 2329 1552 14352
 7405 -1034 29487
 3854 -3258 14657
 1454 -7812 11115
 3048 -17109 17369
Repetition End
1
 891 -11976 10015
 -787 -12438 12968
 -23 -4755 14471
 848 -7578 13200
 1117 -10010 13057
 823 -10473 11985
 1669 -12336 13046
Repetition Start
 -1965 -13255 14306
 -6629 -11837 16421
 4882 1010 13872
 4582 3357 14275
 5201 2834 15086
 5390 6002 14740
 4066 5086 14690
 3518 5071 14506
 3626 6782 13251
 3211 7965 13609
 1725 9584 12780
 -369 10484 14552
 1572 10631 12619
 1315 11707 11899
 1381 12420 10781
 1745 14242 9147
 1421 14868 7077
 1202 16376 5055
 1165 16587 2690
 595 16656 602
 733 17051 -926
 745 17151 -2190
 381 16373 -4564
 406 17822 -6680
 184 17370 -8928
 -683 16826 -9624
 -7 17032 -8540
 716 17997 -6878
 849 17974 -5449
 448 16624 -4059
 -275 17706 -1224
 1562 16704 2207
 1951 14810 3680
 1442 14637 6652
 -330 11927 9113
 1443 11526 9904
 1426 10104 11771
 194 8736 13486
 -1081 7933 13130
 1519 7949 14259
 1885 6231 14654
 3387 3630 14914
 1497 565 13752
 7451 -3498 26843
 3008 -5973 13002
 3621 -11246 12584
 2077 -12680 18225
 1181 -10807 11337
Repetition End
1
 -2231 -8715 12358
 -887 -7449 14199
 463 -9181 12332
 -136 -8925 12879
 -2738 -10166 12677
 -970 -18866 10284
 -1177 -15221 10045
Repetition Start
 1463 -5203 19795
 56 207 15265
 1965 5714 16035
 1149 5960 15200
 311 5913 16900
 3316 6113 12846
 2131 7559 13488
 1877 8572 14194
 3039 10669 14252
 1095 11855 13664
 1252 11725 12495
 2184 12252 11405
 2473 12421 10935
 935 14044 9211
 2217 14838 7698
 1845 15548 6196
 1773 16443 4279
 1682 16149 2145
 2012 16452 219
 2579 17856 -1855
 1113 16760 -3669
 958 15639 -6416
 911 17143 -8317
 783 17652 -9849
 -86 16643 -10193
 913 17428 -8327
 981 17762 -6724
 1230 16202 -5154
 1248 16722 -3701
 1479 16449 -867
 1733 17206 1667
 1801 15122 4159
 1893 13686 6450
 2257 13889 8906
 1334 13200 11396
 1987 9524 11639
 1522 7245 13004
 1172 5562 12745
 1383 4491 13649
 2481 3004 14361
 2628 5081 20302
 4218 -13318 18750
 379 -11760 7315
 2727 -15077 13942
Repetition End
1
 356 -11960 11150
 -1186 -11603 11592
 -392 -7333 13131
 437 -8040 13021
 2254 -9215 13594
 -61 -8402 12747
Repetition Start
 -247 -9498 11431
 -2073 -13225 16172
 -1514 -17988 12907
 59 -5552 16023
 6097 1326 13904
 3297 1603 16496
 3601 2969 16520
 3980 4152 14902
 2869 5651 13859
 2498 6540 14467
 3902 7932 14369
 355 10722 12371
 1446 12154 12257
 2098 12501 10634
 2195 13526 8925
 2231 15665 6502
 1542 16405 4388
 1530 16236 2540
 1672 16662 175
 1433 17580 -1779
 1262 17402 -3761
 19 16338 -5750
 -156 19299 -9297
 203 15338 -11405
 458 16189 -10933
 933 18290 -7951
 1280 17539 -6338
 866 17027 -5206
 1778 16853 -1475
 1772 15999 1605
 928 16710 3672
 1496 15176 6479
 1618 13871 8185
 121 12963 9653
 929 11509 10111
 2579 9299 10813
 2473 8992 14559
 1164 6714 14175
 2734 4586 13643
 3797 3054 15501
 9989 -2740 26096
 2303 -5997 13494
 4400 -8699 13212
 3099 -5787 13728
 1350 -12623 15368
 309 -9327 12619
Repetition End
1
 -2041 -6271 13585
 799 -7897 13355
 -160 -10582 11316
 777 -10553 11482
Repetition Start
 -213 -15751 15403
 -1526 -2719 16386
 8173 456 17487
 2338 2455 14428
 4242 5192 15478
 1715 3693 15512
 1606 5911 15346
 1590 6294 14850
 1959 5234 15144
 1136 6767 14058
 1590 8979 13884
 2757 9480 14108
 2967 10375 13395
 2500 11495 12337
 2458 12082 11665
 2451 12648 10453
 1950 13453 9154
 2209 14870 7751
 1626 15654 6194
 1931 15846 3294
 1886 16785 1298
 1844 17332 -1643
 2294 18655 -5003
 1478 17055 -8043
 455 16656 -7190
 711 16714 -6794
 505 16335 -6140
 -118 15463 -6090
 871 17534 -5955
 -1596 19650 -4059
 -1744 17765 -5405
 -975 17777 -5913
 -2200 17521 -4953
 -3068 15143 -3039
 375 16949 -3459
 3547 18469 -2767
 4869 16769 -2582
 2290 16870 -514
 2582 17817 598
 3026 16866 1544
 2633 15544 3313
 2067 15320 5473
 1258 15290 8626
 1423 9672 9496
 937 9522 13433
 1069 7716 11906
 261 5388 13191
 560 5325 15364
 1347 1893 12458
 4701 870 30831
 2701 -12458 9817
Repetition End
0
 -455 -16131 15455
 -1068 -11583 11725
 -1694 -10387 12857
 -889 -7869 14015
 535 -6580 14621
 1817 -6949 13042
 1249 -8280 12894
Repetition Start
 79 -7970 13210
 -198 -7512 13567
 -126 -7198 13734
 229 -7119 14525
 867 -6554 14401
 736 -6217 14484
 62 -6211 14432
 264 -6403 14505
 386 -6290 14676
 237 -6435 14641
 45 -6498 14405
 98 -6202 14270
 433 -6231 14574
 462 -6542 14412
 461 -6398 14534
 334 -6346 14480
 272 -6345 14245
 273 -6507 14248
 277 -6741 14054
 415 -6654 14391
 356 -6631 14346
 442 -6674 14175
 468 -6737 14310
 407 -6651 14310
 283 -6557 14267
 292 -6769 14076
 281 -6676 14301
 33 -6543 14215
 340 -6348 14350
 289 -6418 14379
 502 -6659 14091
 377 -6169 14487
 416 -6083 14554
 391 -5987 14978
 743 -5555 15060
 648 -5636 14796
 366 -5756 14369
 862 -5625 14881
 692 -6262 14156
 671 -6914 14334
 822 -6624 14074
 752 -6547 13983
 1008 -6664 14269
 1051 -7312 14045
 1244 -7050 14288
 512 3586 10690
 1432 -5744 15662
 1997 -6366 14548
 1469 -7548 15716
 1508 -6326 14508
 872 -6469 14859
 942 -6113 14591
Repetition End
0
 370 -5254 14556
 -196 -5604 14552
 189 -6061 14541
 186 -6754 13772
 1171 -6725 14528
 3735 -6364 14638
 -2193 -12916 12130
 2244 -18256 15095
 -1647 -11387 13634
Repetition Start
 3109 -5498 16199
 1368 528 13782
 4422 3799 14959
 7153 4758 12863
 9343 8164 12417
 6336 6907 12199
 5941 8559 12005
 5789 10153 12291
 4237 11276 11502
 2215 13218 11445
 2629 13773 10611
 3408 13841 8589
 2584 14555 6642
 2486 16179 4464
 2442 16394 2613
 2299 16461 570
 2144 17896 -1289
 2148 16136 -2988
 1737 15443 -6035
 75 17173 -9421
 258 19490 -9377
 281 17107 -9384
 734 17147 -8081
 1337 17626 -6591
 1144 17274 -4389
 377 16805 -1052
 215 15511 1833
 846 15143 4045
 190 13924 7708
 569 13075 9737
 317 11524 10408
 2220 8505 12565
 2526 9097 13249
 943 5957 14256
 1789 4264 14392
 2370 6018 18756
 3333 -2949 17222
 1796 -10231 9571
 322 -11009 18986
 81 -11465 8753
Repetition End
1
 -1417 -12703 11953
 -134 -8849 13123
 -711 -9087 13372
 -987 -7834 13149
Repetition Start
 -789 -7770 12710
 1212 -12518 11232
 2079 -13055 11326
 -935 -14309 11321
 -2917 -11746 11426
 4722 -6491 18250
 -2317 -3754 13809
 1569 4076 14725
 1608 3205 16604
 1673 4432 15818
 935 6015 15964
 1059 4904 14857
 1415 5925 14100
 439 5949 14539
 468 6245 16308
 1027 6416 15416
 2031 6772 15226
 2872 7019 15220
 2001 7437 14206
 2650 8066 14886
 2589 8593 15188
 2734 8337 15179
 2916 8242 14500
 2630 9060 14012
 2932 10388 13676
 2686 11164 13232
 2095 11777 12458
 2225 12572 11314
 2515 13119 9725
 2232 15630 8169
 1741 14884 5820
 1732 16156 4857
 1785 16920 3227
 1430 16371 -82
 1287 16744 -820
 608 16906 -3423
 -1015 17609 -5880
 52 19823 -7728
 -653 15601 -10086
 37 16366 -9840
 -147 18712 -7779
 760 19001 -5645
 1101 17089 -4993
 632 16401 -3780
 731 17161 -1971
 957 17149 838
 944 15238 2912
 973 14510 6308
 1531 14189 8689
 -601 10398 11546
 1415 9309 11780
 2102 7585 12593
 2573 6764 15352
 1251 5492 15190
 1691 170 13010
 2711 -696 12699
 2246 -8634 17364
 1812 -7638 5686
Repetition End
0
 436 -20310 6902
 -939 -12988 8324
 -2034 -11020 11604
 -775 -6272 15110
 83 -5697 14864
 434 -6825 14049
 1174 -7091 13912
 1429 -7487 13953
 1486 -7582 13741
 549 -7513 13978
 633 -6978 14073
 435 -7182 13925
 493 -7504 13434
 667 -7755 13592
 776 -7422 13343
 785 -7601 13531
 1039 -7586 13532
 1208 -7749 13575
 825 -7499 13444
 1069 -7670 13574
 834 -7802 13773
 841 -7684 13928
 743 -6996 14261
 771 -7131 14092
 732 -7116 14229
 820 -7092 14080
 906 -6805 14090
 791 -7085 13983
 529 -7269 14003
 286 -7030 14001
 627 -6720 14148
 1075 -6832 14420
 1169 -7083 14274
 925 -6805 13934
 517 -7179 14132
 694 -7736 13640
 636 -7522 13970
 555 -7561 13525
 813 -7532 13640
 740 -7687 13625
 1040 -7646 13675
 667 -7742 13618
 719 -7674 13681
 893 -8491 13222
 942 -8137 13593
 574 -7142 13708
 1281 -6889 14174
 1383 -7235 14022
 1302 -7340 13824
 1041 -6942 13946
 828 -6903 13945
 932 -6867 14119
 1065 -6826 13965
 838 -6732 14308
 1173 -6590 14319
 1122 -6673 14229
 1330 -6826 14721
 1391 -6749 14360
 1087 -7028 14137
 1095 -7279 13885
 1397 -7373 13832
 1277 -7451 13481
 1139 -7562 13595
 935 -7717 13759
 1180 -7919 13377
 1102 -7982 13318
 1202 -8111 13295
 1201 -8415 12966
 1050 -8625 13054
 951 -8623 13172
 935 -8144 13178
 941 -8668 13034
 873 -8512 12872
 785 -8479 13108
 860 -8433 13095
 875 -8542 13020
 807 -8674 12929
 1221 -8523 12916
 993 -8545 12990
 591 -8646 13096
 823 -8721 13091
 947 -8639 13195
 706 -8215 13236
 899 -8680 12793
 666 -8911 12849
 950 -8427 12880
 1095 -8530 13072
 886 -8428 13197
 851 -8587 13088
 845 -8634 12985
 874 -8389 13195
 660 -8343 13177
 762 -8726 13065
 1031 -8504 13042
 1299 -8500 13252
 784 -8416 12971
 724 -8396 13142
 743 -8526 13029
 788 -8500 13182
 929 -8404 13239
 825 -8508 13091
 849 -8516 13075
 836 -8439 13091
 786 -8582 13014
 743 -8574 13232
 928 -8366 13228
 852 -8557 13011
 997 -8428 13390
 908 -8404 13092
 879 -8340 13283
 808 -8379 13132
 891 -8416 13188
 866 -8291 13214
 702 -8241 13368
 974 -8334 13506
 922 -8064 13253
 807 -8164 13056
 877 -8217 12868
 787 -8070 13400
 862 -7802 13662
 924 -7751 13700
 785 -7579 13801
 777 -7491 13852
 726 -7297 14026
 696 -7518 13723
 607 -7156 13731
 579 -7664 14008
 1013 -7466 13931
 1072 -7222 14114
 1134 -7545 13231
 1704 -8130 13055
 194 -8021 13827
 -696 -8896 11789
 1561 -12422 12395
 617 -11218 13175
 -303 -7396 18238
 4028 -4024 16617
Repetition Start
 3726 1088 14851
 3582 3627 15282
 3854 3818 13889
 3327 6793 14249
 3242 7225 13398
 2378 9710 14453
 2689 10272 14005
 2924 11196 12406
 3119 12368 11200
 3087 13230 9499
 2758 14687 8290
 1962 15117 6421
 1566 15520 4567
 1762 16951 2436
 1887 16776 -448
 1172 17441 -2357
 513 17552 -6551
 405 17443 -8578
 159 16541 -11233
 632 18110 -9351
 794 17918 -7203
 1203 19051 -6055
 1467 16692 -2981
 600 16389 551
 1386 14095 3198
 1018 15593 5671
 634 14373 7975
 1112 10695 8729
 1289 9532 9606
 380 7551 12928
 1442 6636 16321
 202 2650 13053
 1739 -154 14919
 481 -11035 18651
 1309 -8954 4478
 720 -11765 15367
Repetition End
1
 -41 -14414 6384
 -1490 -13357 11765
 -2388 -9557 11285
 -109 -9063 12453
 -1311 -9124 11807
 -957 -9280 11534
Repetition Start
 36 -14081 12075
 -6282 -16873 12442
 -264 -8307 11530
 -4142 -6976 15732
 2558 1015 13370
 3485 4322 16474
 6430 5880 14203
 6243 6480 13669
 5206 7307 13177
 5293 8024 12628
 4662 10181 12779
 3800 11634 12042
 3785 12548 11197
 3678 13288 9658
 3395 14470 7312
 2711 15226 4751
 1933 16317 2094
 2238 16728 -554
 907 17077 -3162
 -404 17200 -5935
 -367 18642 -9316
 -353 16013 -10135
 -426 18460 -8712
 -135 17579 -6568
 421 18541 -4910
 1601 16618 -1799
 826 17474 1486
 1150 14450 3959
 1910 13823 5883
 2028 13338 8690
 1479 11328 8066
 539 8890 12401
 1041 8542 12951
 2284 7502 14137
 2267 4979 14449
 2388 1571 13718
 7606 1127 29291
 5168 -8111 13038
Repetition End
1
 3590 -16230 8460
 1373 -19281 7732
 -623 -9982 10079
 -890 -9448 12655
 351 -8557 12572
 735 -9944 12585
Repetition Start
 1930 -8511 12965
 -2247 -11384 10406
 -994 -14043 12546
 370 -5062 16760
 4615 -5779 13798
 5435 1908 13247
 6705 3702 15564
 5816 4082 15064
 4011 5497 15347
 4180 6002 13975
 3297 6222 13896
 3006 6548 14103
 2908 8405 15121
 2849 8300 14396
 2854 9438 13509
 2819 11129 14124
 3090 11590 11908
 2963 12581 10877
 3567 13664 9306
 3136 14388 7260
 2869 15409 5005
 2694 16169 2402
 2355 17299 -576
 1752 17239 -2848
 847 16448 -6061
 984 17768 -8818
 332 17509 -10512
 964 18482 -8827
 1882 17632 -6756
 1571 16396 -4453
 1316 17305 -1779
 665 16183 966
 2009 14603 3548
 2531 14263 7103
 -1114 10794 10674
 479 9776 12029
 1152 9644 11980
 858 7655 12911
 668 6128 15507
 3161 3453 13783
 2121 2033 14087
 2561 5898 25513
 3891 -6980 18354
 1550 -14413 6865
 734 -19061 5524
Repetition End
1
 -139 -11804 10589
 -2344 -9708 11653
 -8 -8956 12869
 200 -8892 12773
 483 -8919 13437
Repetition Start
 654 -9195 11856
 670 -9032 11256
 260 -9399 12410
 151 -8254 13054
 227 -8055 13327
 326 -8106 13146
 692 -8359 13616
 324 -8017 13652
 562 -7934 13695
 517 -7817 13596
 580 -7689 13360
 482 -7795 13580
 331 -7665 13385
 914 -8345 13575
 2198 -8180 12861
 -1473 -12593 13348
 -2589 -16520 10220
 2105 -7765 17206
 9613 990 12037
 5078 -274 17314
 3152 1048 14614
 3888 4131 15539
 3063 6122 14087
 3119 7559 14591
 3580 7969 14977
 2731 9542 11542
 2104 11235 12143
 2989 12879 9995
 1714 13948 7702
 1008 14966 5988
 1200 15943 4035
 1265 17716 1121
 984 17266 -2691
 304 15834 -5173
 760 19127 -9198
 -14 15971 -9848
 1099 19321 -8470
 568 18819 -7252
 2140 17552 -6602
 1486 16636 -3195
 1172 16953 -138
 1731 15480 1317
 2558 14784 4882
 1678 14698 6709
 530 13793 8350
 985 9611 10176
 797 9558 12110
 1292 9469 12855
 1028 6603 15701
 1510 5623 14652
 879 2159 14692
 3275 376 29412
 3105 -9006 15048
 1492 -5529 9328
 -77 -14004 13579
 -1355 -16460 10303
Repetition End
1
 -3107 -11952 9368
 46 -6603 12339
 1679 -10604 12846
 498 -12938 11215
 -2696 -18833 11235
 -1840 -10843 13389
Repetition Start
 532 -7502 15092
 5418 -1690 13950
 4550 2834 15421
 5020 2544 14128
 6975 4599 14245
 4617 5606 13861
 4728 6281 15386
 3469 5523 14229
 3532 6585 14156
 3109 8031 14356
 2631 8525 14419
 3417 9788 13986
 2649 9824 13419
 2316 10744 12889
 2073 11729 12366
 2045 12366 12143
 2828 13747 10319
 1740 14500 8130
 1335 15281 5959
 868 14696 3742
 651 17495 2628
 257 18188 412
 -260 16498 -2201
 -1006 17492 -4489
 93 19131 -7029
 86 17526 -9235
 325 18291 -7002
 428 17931 -6120
 725 16722 -2819
 1598 17181 -1275
 1251 16841 279
 1660 15385 3625
 1360 13529 5152
 2207 13562 8946
 1149 10779 11075
 1016 9717 12411
 1113 6728 12616
 45 5536 13442
 1500 3876 15960
 1724 21 14514
 1421 -728 15411
 1006 -12574 15768
 2459 -7230 10971
 1688 -8508 13604
 -426 -16000 9924
Repetition End
1
 -1797 -11497 11148
 -262 -7780 12982
 779 -8230 14275
 846 -8161 13732
 514 -8802 13631
 128 -8131 13552
 1503 -8674 13981
 8 -7881 13343
 289 -7418 13769
 1097 -7580 13905
 1076 -7785 13795
 1127 -7388 13752
 867 -7280 13937
 1258 -7535 14081
 1173 -7326 13652
 891 -7252 13685
 814 -7625 13356
 1119 -7898 13864
 826 -8089 13461
 1313 -7565 13787
 1387 -7246 13423
 1069 -7779 13212
 2223 -7862 13574
 2267 -7263 13121
 1742 -7599 13954
 415 -6706 14232
 -513 -6373 14843
 -267 -6151 14803
 290 -6257 14782
 226 -6194 15171
 277 -6154 14943
 539 -6067 14787
 493 -6103 14783
 148 -5756 14683
 71 -5784 14619
 437 -5652 14875
 313 -5815 14783
 209 -6062 14365
 416 -6234 15564
 1086 -7098 15738
 548 -6232 16464
 2144 -5762 15758
 995 -6195 14382
 2637 -5807 12470
 1756 -5671 12844
 1996 -6038 13905
 1011 -5427 14652
 -570 -5471 14072
 209 -7576 14700
 1006 -7311 15118
 1139 -6492 13939
 695 -6530 14203
 1315 -7532 14107
 -663 -8257 13093
 6 -8010 13767
 693 -7668 13351
 1010 -8029 13445
 1284 -8243 13302
 1005 -8132 13252
 888 -8199 13324
 777 -9101 14170
 2120 -7817 14504
 870 -12372 13928
 -3464 -14962 13538
 330 -8327 14194
 8632 -5564 17566
Repetition Start
 3466 4856 16490
 3105 3364 16186
 4618 5094 14913
 3252 7458 13377
 4135 7366 12487
 3634 9213 12843
 4234 9353 11953
 3759 10876 12760
 3962 11364 12011
 4398 11929 10810
 4056 12988 8910
 5668 14462 7676
 4289 15089 5833
 4147 15967 4451
 4094 15445 2498
 3816 15790 12
 2659 16772 -2256
 1227 16735 -5035
 378 17401 -7587
 529 17175 -10091
 554 18020 -9181
 322 17634 -7997
 1509 17811 -6237
 559 15964 -4627
 1641 16458 -1804
 1532 17298 1966
 1577 14943 4107
 1931 13617 6488
 598 13686 7557
 17 8606 12433
 716 8036 12570
 1431 6962 14067
 1285 5415 15082
 1678 2300 14488
 2440 -788 12288
 5026 -11334 25321
 3114 -9291 9002
 2210 -10280 13129
 79 -15088 9125
Repetition End
1
 -858 -13041 11493
 -1977 -10055 11999
 10 -6264 14233
 -524 -9307 12807
 550 -9310 12480
 1174 -9065 12296
 2459 -9003 13110
 -1838 -11266 10364
 -1568 -10709 13944
Repetition Start
 1133 -9176 17159
 3599 -8156 18829
 2890 -3091 15149
 3252 625 14346
 2273 2235 16828
 4158 5309 15195
 3639 5904 14202
 4158 5906 15768
 2502 5040 14673
 5018 6414 14205
 2672 7247 14635
 3549 8412 15101
 2686 9341 14601
 2651 10361 13643
 3551 10975 12221
 3389 12156 11027
 4023 13537 10022
 2952 15328 8857
 1289 15823 7863
 2636 14817 4124
 2459 15954 3685
 1673 17030 2067
 188 16778 -1276
 -204 16463 -3947
 -700 18795 -5997
 -1212 18142 -7646
 -530 18999 -5973
 -451 18940 -4975
 762 18088 -3725
 -491 16793 -2873
 -218 16835 215
 497 17133 2655
 1530 13890 4386
 1487 13802 7313
 1686 12934 9274
 1134 10811 10795
 900 8563 10826
 297 8555 12526
 2168 7039 13521
 3355 4788 14660
 3999 2323 14765
 6482 393 15918
 3980 -11711 16469
 3163 -6023 10074
 2739 -9357 14132
 45 -9866 11676
Repetition End
1
 -50 -11853 11240
 -2147 -10538 12686
 -1171 -7832 14078
 -429 -8033 12574
 -53 -9407 12704
 473 -8340 13199
 460 -7714 13476
 204 -7941 13435
 292 -7840 13430
 198 -7267 13872
 113 -7138 14259
 253 -7162 14349
 454 -6969 14137
 -41 -7193 14216
 352 -6746 14300
 1119 -6607 14518
 1304 -7217 13856
 805 -7389 13985
 -100 -7919 13367
 418 -7607 13775
 591 -6867 13973
 260 -7456 14567
 -330 -7049 14298
 -157 -7629 13544
 534 -9098 13282
 994 -8364 13460
 659 -6514 14279
 491 -6249 14389
 804 -6781 13057
 332 -9315 14235
 -3820 -13093 14603
 1436 -12476 12712
 2130 -10110 16285
Repetition Start
 291 -4963 17250
 525 -799 15153
 1732 3253 17118
 4503 3287 14451
 4104 6132 15694
 1993 7679 14909
 1603 7099 13115
 1203 9447 13953
 1224 9921 13452
 1661 11441 12056
 1816 12257 11560
 2843 13711 9374
 3266 14812 6681
 2744 15587 4905
 2426 16259 2868
 2414 17360 279
 2269 17513 -1806
 1412 16429 -5374
 415 17783 -8701
 -429 17915 -10300
 1270 17968 -8518
 1192 17944 -6863
 1939 17652 -5497
 1917 16843 -2621
 763 16539 786
 2170 15371 2601
 2000 14562 7048
 978 11969 9554
 1438 11075 11301
 1176 10320 10428
 38 7083 13310
 1737 5557 15650
 2691 3373 14063
 1050 -851 12778
 1412 -13680 20938
 1471 -12342 9973
 1579 -12234 14115
 677 -14452 11177
Repetition End
1
 682 -9915 11050
 -1988 -10441 12276
 -806 -7652 13922
 -364 -8537 12785
 1347 -10169 11439
 1416 -16476 8822
 -3723 -16164 11168
 551 -10011 14819
 3900 -7627 15300
Repetition Start
 499 -312 12793
 5053 2991 13635
 4148 4133 14644
 3781 6169 15000
 2669 6250 15012
 1206 6683 14473
 3715 8724 14245
 3213 8063 14678
 1963 8117 14988
 2687 9447 15114
 2318 8735 12703
 4034 12068 13021
 3125 10772 13760
 2771 10600 13114
 3087 11229 12621
 2475 12536 11862
 3017 13494 10415
 2960 14134 9199
 2749 14824 7507
 2204 15604 5397
 1857 16370 4176
 1171 16959 2199
 427 16856 -565
 -190 17391 -2103
 -1078 18762 -4258
 484 16469 -6823
 -543 18398 -7018
 52 18963 -5754
 173 18510 -4476
 283 19021 -2979
 1455 16381 -2379
 1059 17105 744
 -136 14984 4895
 785 14051 6803
 2683 14265 8275
 1997 12498 9816
 547 10361 11803
 86 10072 12310
 869 9869 12949
 389 7350 13200
 1327 6777 14009
 1158 4327 15241
 822 437 12962
 4188 -1687 32115
 3985 -9292 14371
 542 -7965 11092
 344 -14697 10173
Repetition End
1
 23 -12300 11789
 -431 -8513 12260
 -411 -6107 14419
 -1173 -6938 13739
 -687 -7303 11910
 55 -7523 13326
 580 -7602 13689
 255 -7980 13717
 -139 -7299 13897
 -48 -6599 14140
 117 -6597 14344
 -171 -6821 14573
 -289 -6678 14220
 -148 -6730 14830
 9 -6383 13583
 265 -6826 14429
 304 -7549 13986
 2664 -10319 12883
 -5539 -11999 12537
 -2738 -14856 13444
 61 -5421 16033
Repetition Start
 -786 -2882 17045
 3203 1319 15797
 5515 3775 15523
 4660 5353 14843
 3208 6137 15020
 2787 6436 15972
 4061 5715 14111
 4433 7327 13707
 3955 8826 13635
 3096 10596 13353
 2070 11440 13184
 2363 12173 11453
 2947 13169 11232
 2006 13193 8124
 1760 15325 6244
 1879 16261 4685
 1297 16487 2368
 1514 17506 -417
 1875 17348 -3691
 1708 16555 -6419
 1756 17619 -8917
 1926 18222 -8115
 1853 18470 -6358
 3257 18190 -5418
 2377 17199 -2724
 1854 16999 -887
 2311 15671 2663
 2580 14295 6395
 2019 12914 5771
 3082 10614 11524
 -1284 8955 13548
 -387 5828 12894
 1666 3000 13084
 1278 1043 14115
 2289 -2465 12041
 -955 -19094 16721
 976 -11537 9247
 -2882 -13215 11005
 -3583 -11950 10987
 -695 -13415 13040
Repetition End
1
 381 -10460 13484
 1355 -5256 13326
 -470 -5334 13738
 -4651 -8506 14551
 -5334 -6892 13765
 -5719 -5729 12746
 -7217 -7280 13853
 -4975 -7238 13144
 -4329 -7286 13568
 -4716 -6226 13512
 -6343 -6196 13598
 -6635 -4627 12042
 -6988 -5183 11491
 -8834 -6011 13825
 -7860 -5659 12936
 -7103 -6536 11938
