-94 -6358 14487
 6 -6354 14645
 -113 -6321 14460
 -67 -6319 14454
 -120 -6382 14455
 -33 -6350 14438
 -89 -6349 14493
 -43 -6374 14441
 -145 -6366 14356
 -62 -6382 14464
 -156 -6446 14502
 -103 -6293 14426
 -122 -6411 14455
 -74 -6326 14470
 -119 -6315 14488
 -116 -6369 14460
 -110 -6312 14516
 -64 -6307 14482
 -63 -6331 14482
 -75 -6349 14507
 -152 -6379 14551
 -88 -6250 14410
 82 -6236 14472
 83 -6362 14468
 189 -6537 14412
 -413 -6650 14690
 126 -6813 14023
 -117 -7226 14204
 -93 -6598 14332
 485 -6382 14303
 397 -6372 14015
 162 -6651 14488
 89 -6656 14218
 -16 -6844 14445
 -187 -6781 14265
 178 -6831 14262
 278 -6799 14224
 367 -6893 14143
 111 -6837 14187
 10 -6649 14287
 36 -6862 14203
 213 -6938 14196
 85 -6961 14144
 128 -6653 14214
 515 -5999 14296
 762 -7178 15270
 453 -8275 14563
 -3149 -8903 12405
 -2403 -13473 13857
 -2141 -22163 14722
 -5677 -11220 18295
 3298 981 18340
Repetition Start
 5504 3659 14615
 5205 6107 14890
 4626 7340 13062
 4507 8448 11001
 3976 9494 11697
 3608 11018 10789
 3307 14232 10739
 3380 14195 8435
 3507 14653 6626
 3118 15244 4698
 2880 16286 2870
 3300 16769 1865
 3111 17176 369
 2789 16699 -2067
 2305 17873 -4011
 1899 17900 -6241
 1993 18306 -6788
 2358 18275 -5851
 2225 17966 -4226
 1838 17257 -2451
 2132 17422 1602
 1791 15626 3580
 2563 14525 5881
 2699 12953 8055
 3185 11940 10455
 2692 10263 10178
 4024 8350 10056
 3333 9739 13018
 2495 7171 13758
 2300 3264 14243
 4272 6972 23635
 5584 -8729 15485
 1828 -15323 6538
 300 -21527 10201
Repetition End
1
 -597 -13642 8794
 -2917 -11402 12010
 -2104 -7884 13196
 -1198 -9987 11915
 -301 -11972 10774
 624 -11473 10152
 257 -12596 9761
 -1497 -17186 12542
 -6306 -12913 11119
Repetition Start
 144 -5723 21572
 6076 4538 14636
 6347 5194 13614
 5316 8867 13788
 4472 8765 13167
 3084 9767 12928
 3135 11486 11222
 4310 12223 9883
 3812 15508 8731
 4121 14835 7076
 4243 15062 4795
 2921 15946 2351
 1835 17280 2037
 1575 17331 -154
 1432 17449 -2176
 981 16692 -4508
 1328 17594 -7234
 1539 18380 -7940
 1619 18261 -5912
 2261 16786 -2940
 1907 17099 -738
 2250 17197 101
 2397 16146 3005
 2496 14616 6748
 2670 13274 8130
 1785 10716 9571
 2731 9933 9822
 2098 10018 10332
 2138 10304 14072
 2777 6849 13865
 1510 1938 12803
 1072 -1494 12940
 5901 -13149 22742
 3731 -14117 9692
 2581 -14535 7337
Repetition End
1
 -1832 -16776 2544
 -354 -13814 8983
 -4052 -8320 12598
 -1330 -10217 11081
 -761 -8032 13600
Repetition Start
 -2581 -14012 11053
 -277 -16143 11289
 -1748 -18665 13952
 -8942 -9657 12964
 4019 -4052 16099
 3447 1328 14658
 2841 6488 13763
 1530 9134 13538
 1781 9110 12786
 565 8557 12617
 1719 11154 11960
 1368 12252 10218
 4081 13419 10751
 3764 14638 8129
 4171 14977 4908
 4555 15838 3229
 4323 16371 2414
 3897 17233 750
 3443 16361 -2511
 2926 16552 -6123
 2749 17734 -10732
 3337 17783 -8775
 3254 18404 -7112
 3850 17702 -4730
 4090 17699 -1394
 3627 15894 340
 3252 15446 4000
 2787 16013 7452
 2803 14352 8659
 2026 11524 10391
 2407 11068 11319
 2434 10800 12244
 1637 11107 13049
 1774 8252 12896
 1798 6113 14062
 2161 3049 14770
 1896 2305 15979
 4167 -7069 18357
 2010 -12628 12787
 482 -13802 4856
Repetition End
1
 -1209 -16454 4905
 -1005 -12724 9842
 -960 -9999 11854
 -347 -10735 11307
 -1788 -11786 12705
 -2082 -19123 12671
Repetition Start
 -3272 -7795 12839
 223 -6911 15735
 2260 2376 16432
 3211 5243 15893
 3649 8330 13487
 1801 8539 13044
 1251 9406 11357
 1402 10599 10938
 1979 14164 10749
 -624 15228 8075
 -1203 14835 4189
 -888 15854 2247
 -750 17243 1160
 333 16987 -1511
 -48 17503 -2994
 197 16835 -5003
 594 17570 -6016
 379 18484 -8086
 1034 18771 -7124
 1262 17670 -5939
 802 16006 -4913
 2223 16279 -2064
 1903 17384 271
 2937 16501 3275
 2616 13715 4597
 2408 13711 8070
 1584 12515 10259
 1877 9694 11392
 2178 9686 12315
 3383 9258 13654
 3434 6886 14232
 2878 5463 14909
 3389 1767 15132
 4373 2293 16114
 6786 -7753 16856
 3588 -7775 10676
 2087 -10824 7578
 1226 -11885 12395
Repetition End
1
 1417 -15205 11469
 -491 -9842 10700
 -869 -14651 12116
 -2188 -15783 13237
 2464 -6807 14954
Repetition Start
 1705 -3698 13853
 3032 3230 15687
 2945 6777 15409
 3571 9195 15006
 1677 8056 13482
 2291 8772 12776
 3758 10629 11696
 3088 12188 10636
 3491 14327 10506
 3843 14381 7757
 910 14593 5459
 1597 16042 2969
 1946 16914 1454
 2453 16357 -807
 692 18145 -3416
 2005 16498 -5017
 1377 17997 -4955
 2558 18588 -5510
 2693 17559 -5033
 3859 17387 -4968
 4254 16925 -3980
 4319 15921 -2736
 3424 19531 -29
 570 17438 -1322
 2680 16923 1057
 1879 17035 2158
 2984 15902 5243
 1780 13183 7504
 1075 11103 9161
 -241 10104 11042
 2724 8380 12608
 2358 6187 14945
 2283 3953 14588
 2227 2740 14860
 5207 -3249 22258
 4639 -7702 15014
 3124 -9693 7734
 2773 -15013 12828
Repetition End
1
 1704 -12951 11422
 114 -8747 13531
 -30 -12774 12030
 -1383 -18563 11105
 3328 -7930 13531
Repetition Start
 2569 -4169 12976
 3204 3964 16046
 1759 6611 14785
 2373 8392 13504
 3343 9233 13659
 3257 9517 11703
 2217 11831 10300
 1470 14177 8755
 749 14238 5294
 1153 15185 2984
 1811 16178 963
 2361 17287 -1343
 2107 18392 -4089
 2055 18014 -6774
 3009 16384 -9826
 4195 17750 -7455
 3291 17963 -3156
 3075 18384 -3505
 7224 15921 -971
 3630 18391 258
 3131 16284 -143
 3029 17292 1218
 3004 16930 2036
 2726 16698 2999
 2346 15021 4993
 2241 14480 7360
 1125 11969 9434
 1328 10811 11125
 2517 8297 11884
 1868 7222 13299
 1825 5135 13719
 1355 2958 15635
 3189 5571 27242
 5811 -6471 14507
 2895 -8583 14085
 1394 -13621 11234
Repetition End
1
 1863 -14167 12204
 2657 -18476 10120
 -1345 -12385 14603
Repetition Start
 8182 -7861 17856
 2426 -2457 14248
 6053 2806 15189
 3012 7492 14677
 2758 8572 14881
 3141 8480 12737
 3505 10690 12100
 3181 12295 10004
 1841 13446 6900
 1043 14699 4108
 925 16786 1239
 1076 17650 -2224
 796 17194 -6360
 -79 19094 -6855
 1308 15715 -11425
 455 15086 -10387
 2353 15547 -7884
 2736 17213 -8135
 1846 16536 -4646
 2220 17723 -4018
 1058 17734 -1327
 2045 16843 1100
 3052 15450 4074
 2496 12374 7907
 2699 11619 8117
 1666 10477 11579
 -166 9352 13774
 3669 7936 11731
 2301 6853 14178
 2446 4142 14136
 1627 1899 14106
 1394 -2316 29199
 -555 -7453 15515
 2363 -6361 10022
 484 -7456 14570
 1306 -16948 14105
 -510 -15203 12357
Repetition End
1
 1030 -13143 13077
 3329 -5989 13749
 2516 1416 16880
Repetition Start
 4233 3307 16615
 3355 7618 15482
 1070 7807 14499
 1331 7553 12779
 1317 9034 12598
 2001 10878 11607
 1901 12545 11021
 2128 14041 10556
 2623 14249 7474
 908 14640 4926
 913 16009 3274
 609 17328 2235
 1778 17398 -133
 938 16833 -1156
 1434 17032 -3228
 2296 17818 -5876
 2132 18539 -8383
 2820 17782 -7510
 3119 18700 -5688
 3416 17528 -3588
 3755 17910 -2977
 3588 16379 -80
 3421 16714 3374
 3301 14735 5340
 3113 13703 7527
 3203 11970 8720
 2407 11667 12031
 2007 9772 11970
 1411 9247 13146
 2792 8116 14737
 934 6399 15780
 2409 5681 15233
 2407 2133 15298
 4363 2874 15760
 6703 -5215 18929
 1395 -9094 16994
 1558 -11335 11842
Repetition End
1
 2075 -9493 11046
 405 -12192 12342
 -626 -14792 12229
Repetition Start
 -1343 -13760 15407
 190 -7303 16056
 1727 -684 12787
 4333 3996 15911
 4568 6739 16328
 3339 6521 15029
 2540 6666 14622
 3909 7767 12679
 4038 12772 12361
 2841 11099 10238
 3013 11225 9573
 3306 14014 7828
 3142 15318 4957
 3251 16064 4143
 2795 16132 2174
 2994 16891 -344
 2786 17420 -2809
 2083 17326 -7535
 2496 19350 -7978
 2063 18424 -7510
 2557 17602 -5429
 3475 17870 -3283
 3411 17552 -1595
 2706 16904 1936
 2142 15004 3503
 1930 14371 6360
 938 14171 9942
 1905 12021 10446
 1748 10286 10878
 1593 9261 12109
 794 9827 13729
 2405 6945 14856
 1108 4994 14871
 2463 3765 15765
 3752 -250 13937
 8033 525 22946
 5385 -6199 15137
 5696 -8047 10583
 5348 -10776 8547
 186 -16675 13708
Repetition End
1
 -115 -13514 12439
 -5665 -18038 13568
 -326 -14416 12373
 762 -547 15052
Repetition Start
 1815 3165 15900
 2742 5896 16719
 1773 6546 14759
 478 9193 14993
 -142 6508 13804
 270 7531 13356
 -956 9808 13144
 460 12321 12493
 1555 12728 10769
 1291 13586 8280
 1613 13741 6632
 1937 15879 5055
 1874 16264 2954
 2761 17501 -215
 2192 17985 -1862
 2147 16373 -5312
 2912 17812 -6690
 2579 18456 -7178
 2856 18637 -6548
 3276 17240 -4388
 3320 16644 -2194
 3087 17044 -404
 2648 16571 2176
 3007 15461 5394
 2866 13209 7099
 2321 11782 8682
 2153 12254 11209
 1780 10682 15077
 -434 9349 12798
 1050 8083 11601
 1478 5515 14324
 1165 5234 15281
 1274 2674 15712
 2581 2397 15243
 1769 -6491 18907
 -207 -6892 14540
 -960 -10212 12901
 1797 -9940 14082
 1063 -7587 14128
Repetition End
1
 -1531 -15138 11990
 -973 -16623 14623
 502 -10792 13151
Repetition Start
 3345 -5349 14845
 3808 3578 16400
 4124 4798 16625
 3378 5877 15849
 3411 7150 14606
 2338 6582 13639
 2766 8508 12704
 1765 10609 13094
 2201 12593 11672
 3198 13601 9056
 1967 14246 6457
 2309 15449 4564
 2336 16863 3801
 2567 16732 1696
 2076 16601 61
 1748 17068 -2675
 1310 18057 -3644
 2167 18403 -7045
 2037 19164 -6084
 2284 18674 -4026
 2290 18361 -2047
 2161 16571 -73
 1824 16624 2196
 2028 15832 5194
 2143 13724 6777
 2252 12576 8861
 2065 11792 9936
 2816 10543 12308
 1918 10110 13435
 3109 6907 12246
 2981 4806 13986
 2177 5941 15859
 3054 2971 13838
 3793 5038 22449
 6635 -8084 18089
 870 -7940 7230
 -924 -15849 7592
 -1470 -20128 6430
 -3036 -12773 10848
Repetition End
1
 -1893 -18722 11735
 -4567 -11789 13400
 4093 -5159 12511
Repetition Start
 4187 -582 14212
 3320 2492 17055
 3864 3929 17038
 2949 5054 15663
 5042 6858 15104
 4454 6156 13224
 3640 8596 13066
 3874 10183 12473
 4633 11964 12595
 3919 13351 11038
 3821 13222 8562
 3990 13231 6865
 3961 15492 5237
 2846 15577 4617
 3900 16676 1483
 5238 17105 -910
 3136 16493 -2821
 2748 18280 -4786
 2348 18312 -7317
 2605 18531 -6858
 3034 18457 -5427
 3451 16884 -4571
 3411 17125 -1899
 2836 16954 461
 2196 15872 2397
 3269 15041 5077
 2868 14109 6597
 2547 13526 9755
 1010 11915 10975
 1081 9373 10888
 1671 9343 13780
 1841 8194 15622
 2594 5735 14804
 1732 5396 14582
 1230 2246 15682
 1613 587 20807
 1124 -4644 18466
 4731 -267 12333
 2243 -6942 16196
 2062 -12743 15292
Repetition End
1
 -917 -15633 15036
 4306 -7627 14312
 3352 -4333 16092
Repetition Start
 3802 2112 17318
 3295 2888 17894
 3815 4904 15281
 4498 7008 13602
 3785 7702 13060
 4841 8757 11768
 4419 12218 10656
 4274 13742 8596
 3377 14883 8647
 2711 14274 6125
 2419 14625 4813
 2178 16196 3683
 2632 17393 2382
 2071 17733 1101
 1094 17888 -622
 482 16943 -1985
 508 18202 -3481
 564 18963 -4197
 632 18961 -3803
 811 18339 -1954
 807 18218 -582
 1325 17659 553
 1118 16301 1780
 1184 16357 5412
 1318 14655 6869
 2019 13012 8607
 2688 11294 10223
 2128 9554 11232
 1346 8248 12719
 444 8385 13940
 2054 7369 13999
 2572 4994 14427
 2999 2621 15715
 3558 1063 15163
 6805 -5238 22046
 2920 -8316 9896
 3025 -8418 9691
 389 -12969 13637
Repetition End
1
 -754 -16702 5832
 -3068 -14380 10219
 -2519 -9920 10829
Repetition Start
 -2102 -8148 12207
 248 -12631 10270
 -133 -17237 7988
 -668 -15236 8937
 1501 299 16430
 4479 -3975 16240
 4026 790 16153
 3749 5026 16070
 4164 4965 16176
 6780 6151 13834
 5318 6858 12710
 5251 8400 11507
 3616 10933 12032
 3043 12823 12162
 2927 13096 9490
 2332 14315 7203
 1663 14612 5403
 869 16012 4518
 978 16517 3032
 345 17320 954
 792 17367 -1067
 466 16704 -3330
 811 18001 -5470
 1960 19982 -7639
 1616 18563 -6595
 1783 18051 -5098
 2112 17902 -3160
 2259 17139 -1920
 2645 16615 -750
 2567 16827 2483
 2317 14978 5081
 2325 13988 6730
 1429 12257 8696
 1385 9884 10720
 1701 8900 13120
 1731 8276 14510
 1507 6472 14634
 2597 4306 13929
 2767 571 15499
 3340 -1969 25828
 4055 -7500 14594
 1171 -4624 12629
 646 -8677 14067
Repetition End
1
 -1748 -18285 7674
 -2056 -12634 9032
 -2931 -12189 10093
 -1008 -10317 9540
 -1489 -9893 12230
Repetition Start
 -1213 -10357 12015
 -805 -10754 11356
 -474 -10540 11719
 -711 -10599 11197
 -1306 -10082 11211
 -1669 -10131 11850
 -1338 -9998 11778
 -822 -10340 11686
 -1146 -10390 11124
 -1368 -10820 11127
 -1474 -10245 11913
 -1428 -10229 11744
 -1293 -10295 11664
 -1354 -9851 11592
 -1266 -9651 12035
 -1327 -9415 11941
 -1175 -10004 11837
 -1291 -9844 11854
 -1117 -9604 11968
 -1144 -9864 12002
 -1209 -9823 12289
 -1112 -9529 12208
 -1147 -10001 12215
 -1356 -9251 12020
 -959 -9522 12090
 -1190 -9595 11899
 -1245 -9721 11852
 -643 -9803 12274
 -873 -9296 12038
 -1099 -9489 11369
 -1188 -10290 11931
 -644 -9708 11932
 -764 -8805 12220
 -697 -10416 10990
 -510 -10452 12025
 -1213 -9441 12573
 -1357 -10265 12147
 -1161 -10321 10946
 -417 -8765 12639
 -406 -9150 13278
 -691 -9701 12373
 -635 -9476 12387
 -550 -8932 12138
 -793 -9502 12267
 -609 -9259 12601
Repetition End
0
 -604 -8882 12483
 -486 -9201 12812
 -396 -9021 12723
 -258 -9110 12558
 -506 -8908 12735
 -239 -8998 12468
 -481 -8834 12658
 -563 -9225 12422
 -371 -9207 12206
 -318 -9414 12317
 -234 -9142 12524
 -601 -9191 12567
 -636 -9214 12573
 -118 -9147 12616
 -350 -8905 12410
 -494 -9278 12546
 -425 -9314 12313
 -395 -9278 12587
 -506 -9095 12586
 -562 -9144 12561
 -388 -9191 12577
 -557 -9306 12515
 -549 -9229 12393
 -546 -9087 12586
 -547 -9055 12604
 -375 -9098 12429
 -458 -9134 12546
 -376 -9208 12523
 -532 -9161 12370
 -599 -9207 12572
 -661 -9149 12507
 -784 -9141 12329
 -825 -9139 12577
 -744 -9042 12644
 -426 -9187 12363
 -250 -8850 12757
 -29 -8795 12787
 -275 -9094 12750
 -349 -8998 12726
 -309 -9017 12910
 -257 -8843 12867
 -303 -8692 12952
 -198 -8646 12920
 -129 -8900 12715
 -298 -8896 13043
 -393 -8569 12883
 -374 -8743 12744
 -364 -8980 12527
 -218 -8816 12749
 -448 -8679 12829
 -519 -9016 12412
 -481 -8905 12849
 -410 -8683 12813
 -333 -8691 12751
 -376 -8860 12747
 -402 -8843 12787
 -575 -8916 12940
 -494 -8826 12797
 -561 -9149 12972
 -314 -8974 12758
 -407 -8807 12631
 -564 -8628 12720
 -597 -8886 12701
 -563 -9088 12694
 -549 -8963 12804
 -441 -8803 12863
 -454 -8763 13064
 -624 -8322 13054
 -601 -8609 12801
 -523 -8442 12786
 -469 -8664 12588
 -272 -8671 12802
 -375 -8435 12661
 -522 -8856 12595
 -482 -8672 12734
 -323 -8692 12893
 -269 -8554 12782
 -235 -8671 12652
 -450 -8713 13035
 -149 -8660 13381
 -697 -8724 13149
 -889 -9206 12683
 -698 -8667 12865
 -752 -8706 12680
 -977 -8513 13162
 -569 -7838 12606
 -433 -9822 10400
 -7946 -17275 11615
 -3774 -9927 14785
 6092 2585 16593
Repetition Start
 2600 -1339 12694
 2486 2382 16327
 4401 7812 16451
 4304 7876 14495
 3613 7232 14456
 4032 8138 11979
 2774 10728 11151
 3632 12737 9472
 2155 14123 7100
 1658 14908 5307
 1706 15383 3664
 2071 16088 2051
 1741 17187 -30
 1016 17328 -2668
 1886 17470 -5554
 833 19316 -8453
 1937 18735 -7749
 1859 17676 -6426
 2642 17900 -4103
 2623 16942 -1676
 2126 18068 1767
 3830 15356 2451
 2818 13222 6037
 3143 11585 9582
 2617 11180 10076
 2068 8842 10895
 2647 7111 13284
 3401 6181 13594
 3957 4989 14313
 4241 846 14630
 5551 2353 26556
 2430 -7354 17117
 1407 -5733 12263
 -1433 -8716 10495
 -2162 -11640 16418
Repetition End
1
 12 -8054 12360
 -1288 -10886 12030
 -1629 -9411 13120
 -2237 -10082 13009
 -165 -12229 11191
 -1698 -13709 12762
 -4446 -17774 12953
 -415 -4321 14477
Repetition Start
 -564 -3317 12751
 5041 2397 16290
 3426 4277 15633
 2894 5964 16848
 2437 6674 13906
 822 6516 14462
 3363 7848 13210
 2648 10353 12654
 2980 12582 10910
 2988 12778 10026
 811 14123 7957
 785 15471 5793
 293 16237 4780
 482 16637 3461
 188 17323 2435
 501 18932 409
 695 17800 -2083
 1398 17666 -6044
 1970 19182 -6324
 3139 19496 -3547
 3015 17830 -664
 2820 17051 445
 2743 15439 4501
 1793 14004 6470
 1563 13051 10192
 1802 11368 10463
 2163 9444 11851
 2323 7723 12158
 1842 6423 13407
 1643 4139 11709
 1332 2507 14713
 579 155 16281
 1797 2475 15694
 520 -10313 17343
 242 -10373 9508
 -1693 -22016 12692
 -926 -14705 8235
Repetition End
1
 -3364 -12507 8059
 -1440 -9531 11843
 -834 -8589 12929
 -259 -10390 11662
 -985 -10173 11414
 589 -10640 8726
 -5885 -17637 10908
 68 -7427 12768
Repetition Start
 1487 -7579 17632
 1147 -699 12711
 2033 4680 17630
 6189 5852 15367
 4439 6292 13355
 4100 6814 12621
 4697 8258 12097
 5824 10345 11195
 4538 12496 10802
 3708 12827 10843
 4015 13694 9971
 3913 14252 8512
 2802 14382 7313
 2268 15711 6330
 2656 16271 5491
 2176 16480 4606
 1520 16685 3233
 364 16434 1547
 263 17071 -48
 -64 18175 -2184
 964 18885 -3979
 1000 19331 -3835
 1117 19232 -2116
 1558 17368 -467
 1636 17035 1107
 1962 16920 2476
 1729 15965 5265
 2357 14347 7326
 2884 15041 9002
 2436 13037 8970
 2310 10590 10556
 1755 8810 12944
 1746 8561 15115
 536 7335 14218
 1744 4877 14561
 1495 4431 16603
 884 2586 15011
 2446 -564 23345
 2156 -8056 17580
 2215 -6403 12061
 1607 -11914 14985
 -1823 -8751 11636
Repetition End
1
 -676 -8917 14135
 -755 -8915 10215
 -205 -9834 14363
 236 -9824 12430
 -4476 -16800 11305
Repetition Start
 -3354 -15057 10432
 168 -8508 12024
 1862 -3368 15260
 750 2940 16256
 4670 4599 17201
 4657 6778 16569
 5532 7208 13708
 3719 7263 12494
 1896 9480 13657
 1038 9627 13846
 2281 11729 12249
 1842 13008 11565
 1046 13162 9436
 1447 14507 7184
 1327 14899 6123
 1229 15547 4710
 824 16685 2363
 565 17506 341
 888 17261 -1791
 1082 17020 -4034
 1621 17711 -6033
 1834 18443 -7418
 2380 18477 -7792
 2849 18042 -6118
 3035 16456 -4845
 3061 17078 -3295
 2099 17519 -1817
 888 17767 702
 1879 16502 3071
 2204 14935 4803
 2305 13891 7855
 2289 12355 9012
 1752 11137 10183
 1234 10760 12180
 476 6936 12822
 999 6449 14103
 1004 5787 15452
 1574 3611 15097
 4423 -773 14882
 5690 -1484 26812
 3775 -5313 12813
 1655 -7197 12425
 -2827 -25570 28132
Repetition End
1
 164 -13203 7962
 -3374 -11871 9901
 57 -10576 11843
 -4794 -15017 15206
 -4549 -9604 12614
Repetition Start
 -1339 -5502 14781
 1866 -567 14093
 4543 3847 17520
 2891 3205 16752
 2030 5403 14560
 1565 5142 14390
 2058 6534 13133
 2738 10252 13170
 -819 10548 13246
 -691 11456 13355
 731 11565 11697
 913 12452 10084
 967 14240 7881
 1352 15396 6606
 1316 15986 5871
 1745 16029 3772
 1571 17055 1864
 1177 17401 -793
 641 16086 -1853
 862 17796 -4673
 -237 18933 -6936
 419 17724 -7845
 688 18362 -7541
 990 17883 -5613
 1187 18025 -4046
 1438 17620 -1829
 1824 17305 -752
 1995 17266 1687
 2506 15939 3657
 1922 15094 6215
 2468 13027 8043
 1938 12208 10352
 580 8661 11925
 1273 7773 11781
 1232 6407 12526
 812 5928 16220
 953 3374 15030
 941 1178 13161
 3679 -5359 23106
 -47 -9058 8667
 -249 -4638 8605
 424 -21596 13346
Repetition End
1
 -711 -10067 12540
 -704 -8898 10632
 -1730 -7586 13490
 -2214 -11648 11453
 -2532 -12213 9662
 -2455 -14003 9864
 -2781 -17545 13450
 -1763 -8962 13776
Repetition Start
 278 -2643 15088
 3441 134 15414
 4726 3125 13931
 2247 4343 15255
 3455 6140 14761
 4047 6770 14363
 4697 8372 14032
 4167 7654 12713
 4927 10287 12069
 4574 11497 11805
 4472 12083 11563
 2687 12886 9659
 1773 14064 8084
 1585 15078 6480
 1355 15637 6008
 2908 16301 4352
 1925 16858 2089
 1312 17384 -43
 943 16489 -2743
 -347 16157 -4216
 70 18152 -6873
 -380 18692 -8273
 301 17155 -8242
 946 17680 -6755
 1066 18153 -4426
 1808 17626 -3800
 1845 16327 -1989
 2091 16820 712
 2943 16888 2592
 3019 15784 4513
 3474 14579 5865
 2837 13578 8245
 2168 9743 9321
 2033 10381 13000
 3374 8705 14624
 3322 6871 14344
 3072 5965 14691
 3957 3914 14293
 2823 1851 14829
 5178 2831 24490
 4215 -5568 14441
 4773 -7084 12366
 1152 -14086 12963
 859 -16573 7799
 -919 -13309 8786
Repetition End
1
 -3752 -10668 10590
 -1319 -14403 9765
 -5019 -14661 12786
 -857 -9628 10363
Repetition Start
 4248 -5922 12557
 1092 -201 14324
 1240 2990 17438
 3635 4541 15484
 2732 4732 16577
 2299 4386 15421
 3355 5510 14216
 2790 6092 13647
 3375 8184 14004
 2030 9233 14893
 2692 10275 14346
 2746 10440 12747
 2374 12136 11628
 1565 13156 9490
 1143 14036 7347
 1413 15430 5199
 1663 16517 3902
 1299 16759 1067
 697 17101 -928
 1292 17122 -3951
 856 18317 -4761
 1619 16899 -9212
 2787 17885 -6953
 1799 15498 -4476
 3018 17094 -4563
 1244 20342 -2409
 202 17176 -1791
 403 17465 -368
 -303 16826 2153
 25 16181 4063
 697 15545 5777
 2225 14360 7333
 313 12289 10198
 1142 10168 11614
 -555 9007 12247
 70 6286 11684
 2115 6658 15787
 1629 3150 14291
 2939 716 13316
 8897 -641 30320
 787 -8847 9857
 234 -11981 11895
 -1205 -20180 7868
 -1731 -11484 9494
Repetition End
1
 -2409 -10659 11057
 -948 -9142 12466
 -1518 -10353 11847
 251 -9776 12227
 -2159 -11002 8504
 -2482 -14730 10023
 -1666 -17276 11154
Repetition Start
 -2477 -13942 5400
 -1960 -7646 9204
 -277 1849 15957
 6002 2784 16671
 5201 3614 14954
 5160 5644 13753
 4714 7908 12750
 4318 8736 13795
 1164 9514 12592
 2252 10698 11603
 3111 12168 10107
 3273 13878 8439
 1450 15761 6454
 580 15544 4136
 747 15822 1599
 1290 16207 -589
 -215 18684 -3257
 -1389 18295 -6273
 988 18092 -7387
 780 17400 -8668
 461 18687 -6908
 711 17991 -5676
 935 17043 -3953
 2169 17358 -2906
 2121 17530 -592
 1814 16666 2034
 1887 14522 3990
 2062 13893 7279
 2692 12375 8251
 2479 11715 11901
 680 10758 12678
 721 7783 12409
 2492 3956 12986
 1722 3545 14974
 2616 772 14101
 2747 -1461 12560
 2355 -13742 16631
 2910 -9493 4265
 -884 -16126 14734
 -2231 -17368 6368
 -4767 -11209 8872
Repetition End
1
 -2217 -10616 10318
 -1578 -10228 10565
 -216 -11514 10584
 236 -11321 10728
 556 -11338 12109
 -1408 -12130 10217
 -1501 -12594 11385
 -3526 -15778 11142
Repetition Start
 1516 -14658 14520
 -4774 1125 16444
 77 3246 17638
 2125 411 15631
 2979 4888 14326
 2727 5258 13901
 2591 7006 14265
 2282 8241 14378
 2108 9246 13737
 1640 11397 13127
 2601 11908 11654
 2456 12726 10029
 2470 14355 8486
 1918 15353 6383
 2652 15483 4325
 2830 16238 2238
 2036 17287 43
 1576 17498 -3190
 701 17352 -5364
 1950 18601 -8895
 1400 18014 -8190
 2253 18621 -6669
 3152 17807 -5102
 2756 17856 -2937
 3167 17076 -1945
 2858 16911 -421
 2472 16876 4012
 3108 13420 6013
 3137 12280 8392
 2364 10774 11235
 2279 9032 12547
 2391 6822 12998
 1972 5679 14488
 2309 4100 14143
 2984 2429 15261
 2254 -96 14221
 6899 -6624 29035
 3674 -7015 13024
 -154 -7251 11302
 -3309 -23898 8905
 -1226 -12876 10178
 -1937 -12157 9654
Repetition End
1
 -574 -9010 11270
 -902 -11436 11095
 -3987 -16452 10011
Repetition Start
 -2655 -6378 18545
 1404 -7134 14850
 2994 -972 14728
 3088 277 15543
 3400 2995 16296
 2467 4345 16000
 1001 4911 15040
 2490 6431 13978
 -292 7951 14938
 1008 8734 14501
 1528 9271 13514
 1727 11046 12501
 1611 12024 11353
 2303 12987 10406
 1818 13327 8332
 1833 14927 6805
 1588 16518 4691
 2211 17292 3001
 1819 17835 1011
 914 16664 168
 533 16942 -2413
 -134 17888 -4364
 621 18984 -5794
 1236 18880 -5551
 1152 18651 -4816
 1714 18419 -3191
 1749 18069 -1955
 1869 17366 -106
 1181 17274 1239
 2820 14430 3701
 3009 13315 6660
 2371 12517 9992
 1814 11737 12582
 1218 7897 11852
 1891 5737 14697
 1457 6263 14967
 2525 4477 13279
 1744 2524 14819
 2525 -609 13755
 9499 -5556 26758
 813 -7570 11798
 963 -9771 13739
Repetition End
1
 -545 -19270 8618
 897 -11834 10456
 -1971 -11806 10798
 -1060 -10400 11804
 -776 -8110 12416
 -661 -9877 11693
 -798 -10941 11654
Repetition Start
 -517 -11099 11143
 -337 -13583 11983
 -2106 -12492 14276
 1283 -6477 17787
 2282 -297 11583
 2478 3476 16059
 4535 2697 16074
 2934 5014 15310
 2622 5695 15555
 2921 5069 14260
 2412 5825 13681
 2573 7365 15289
 2429 7547 15339
 2363 8336 14381
 3177 9004 14691
 3833 9951 14042
 3494 9995 12651
 4025 11348 12503
 3594 11810 11693
 2606 13001 11389
 2886 13248 10261
 2694 13907 8763
 2663 14719 7723
 2377 15387 6065
 2305 15982 4402
 1694 16780 2950
 1546 16991 816
 1457 17343 -818
 1250 17249 -2306
 878 16481 -4579
 290 17229 -7001
 1310 18588 -8647
 1064 18055 -8375
 1335 18071 -7001
 1137 18202 -5024
 2226 17289 -3035
 2519 17152 -2750
 1339 17176 452
 1707 15634 3573
 3184 12914 6249
 2430 12342 8945
 2110 11255 11567
 992 8647 12460
 1676 6916 12902
 824 5097 13269
 3832 5554 15740
 140 1179 15387
 2059 -259 13805
 6613 -4717 26961
 1648 -8220 12646
 2810 -9336 11521
Repetition End
0
 -849 -22254 12910
 14 -12024 9496
 -2115 -11403 10569
 -559 -10895 12729
 -920 -14342 13330
 -4162 -11808 12310
Repetition Start
 2958 -5599 14047
 191 690 14726
 3106 2518 15509
 2663 2513 15673
 3686 4416 15756
 2958 4866 15443
 2529 5180 14623
 868 5431 14195
 3842 8251 14294
 1954 7976 14969
 3274 8101 15865
 3322 7727 14158
 2796 8882 13666
 3172 9913 13609
 3460 10669 13306
 2714 10738 13295
 2569 11603 12259
 2405 12667 10849
 1923 13435 10107
 1928 15020 8113
 1647 15644 6275
 1802 16004 4811
 2232 16367 2549
 2244 17635 158
 2077 17877 -728
 2167 16753 -2057
 2213 17339 -3592
 2068 17665 -4581
 2269 18017 -5307
 2502 18013 -5200
 2805 17770 -3946
 2750 17894 -3006
 3131 17873 -2598
 2871 17539 -1793
 2899 17157 -644
 2787 17385 550
 2669 17011 1928
 2541 16414 3630
 2915 14827 4800
 2175 13509 8080
 2714 13254 9404
 2353 12843 11464
 2169 11708 10429
 2985 9476 11032
 2439 6834 13918
 2200 5853 15892
 2422 4005 13559
 1589 2659 14730
 1973 1078 14896
 8205 -3879 20909
 1936 -6491 11528
 963 -11248 11813
 453 -18636 10836
 -85 -12488 9397
Repetition End
0
 -1496 -13703 8590
 -1508 -15446 11313
 -4830 -14441 10945
 5312 -9774 15171
 -355 -572 13362
 2760 2111 16382
Repetition Start
 2939 2407 16121
 2872 4960 16086
 3563 5610 13896
 3024 5630 12410
 4509 7311 13656
 5159 8936 13574
 3669 10408 13424
 4156 11367 12207
 3134 12373 11555
 2913 13268 10638
 2346 13639 7989
 1379 15522 6378
 1462 16290 4852
 1444 15838 3292
 1635 16988 98
 1526 18166 -2023
 809 16920 -3813
 1065 17054 -5366
 1037 17755 -7571
 646 17874 -8663
 1345 18062 -8217
 1946 18142 -6542
 2386 17575 -4965
 1963 17001 -3563
 2313 17163 -983
 2579 17558 375
 2608 16015 2441
 3058 14923 4776
 3432 13477 6691
 2665 12804 8717
 2700 11872 10341
 1711 9950 12274
 2247 8306 13800
 1811 9460 14669
 1714 6708 14652
 2189 3687 14856
 2592 1959 14745
 2703 2104 14980
 5544 -5242 24536
 651 -4922 12418
 654 -5042 11468
 -1890 -11691 13299
Repetition End
1
 -1406 -14333 10879
 -1741 -10627 11816
 -663 -9553 11730
 -792 -11140 10215
 -2068 -15135 14239
 -4103 -17773 8415
 -1628 -8800 16155
Repetition Start
 1803 -796 14301
 2829 1973 15352
 4554 3084 17014
 2977 4588 16598
 4414 4454 15010
 2654 4728 14500
 3488 5877 12955
 4741 7700 12620
 2425 9316 14267
 3970 9816 14794
 3518 8919 12858
 2919 10701 13148
 3189 11661 12939
 2617 12858 11672
 2552 12673 9960
 1810 13256 8046
 1530 15770 6093
 899 15678 4394
 2066 16419 2552
 1867 18227 18
 1111 16897 -2657
 706 17144 -4359
 534 17750 -5885
 222 18330 -8611
 1260 18038 -8676
 1187 18088 -6809
 1710 17564 -4321
 2012 17511 -2891
 1510 16909 -600
 2120 16598 2410
 2719 14579 5288
 3232 12214 7677
 1891 11440 10856
 2944 10117 11852
 1772 7075 11766
 1084 4269 13425
 1159 2261 14694
 1185 868 13620
 2678 -1908 13463
 5961 -9950 24644
 -1046 -6063 4618
 -1735 -17574 13140
Repetition End
0
 -2877 -15650 6352
 -3815 -13294 9322
 -2807 -11427 11287
 -90 -6896 12788
 -704 -10147 12111
 921 -10976 11870
 -151 -9887 11321
 -606 -10698 11933
 -904 -11094 12350
 -1022 -9300 12067
 -815 -9106 12225
 -586 -8849 12449
 -627 -9037 12614
 -307 -9368 12733
 -659 -7964 12049
 -1065 -8943 12735
 -616 -8449 12950
