-180 -10165 11840
 -123 -9775 11953
 -129 -9930 11889
 -82 -10045 11709
 -161 -9993 11783
 21 -10096 11987
 -42 -9905 11768
 -50 -9895 11949
 -95 -10119 11824
 184 -11633 11353
 113 -7678 10836
 -279 -10327 11604
 109 -9180 12781
 -832 -10725 11607
 -627 -10294 11595
 -609 -9483 11875
 65 -9540 12057
 666 -9576 11217
 -498 -9884 12273
 -751 -9150 11869
 -1042 -9567 12056
 -446 -9592 12087
 -502 -9551 12609
 -149 -9285 12607
 -91 -9429 12258
 -273 -9399 12269
 -532 -9322 12417
 -433 -9296 12257
 -449 -9555 12283
 -317 -9384 12232
 -259 -9290 12664
 -547 -9359 12569
 -491 -9383 12430
 -428 -9190 12298
 -211 -9218 12436
 -292 -9279 12359
 -337 -9332 12420
 -444 -9251 12492
 -433 -9295 12541
 -253 -9308 12281
 -292 -9148 12331
 -384 -9128 12566
 -453 -9320 12545
 -351 -9168 12536
 -396 -8985 12622
 -378 -9128 12695
 -373 -9092 12745
 -316 -9428 13108
 -196 -8812 12918
 -315 -9239 13343
 -568 -9223 12584
 -564 -9084 12528
 -243 -8684 13252
 -245 -8173 13908
 -371 -9573 13226
 1170 -12238 10648
 -5071 -17974 10017
 -356 -16528 8730
 1866 -2692 16337
Repetition Start
 1890 2739 16693
 5355 3166 15369
 6284 5710 13858
 4864 7220 13710
 3523 6273 13255
 3665 9355 13598
 3190 8266 12351
 3455 11032 13144
 2020 11335 12050
 2045 12060 10992
 2170 13049 8930
 2495 14393 7131
 2694 16082 5827
 2857 16076 4321
 2918 17051 1811
 2530 16777 -478
 1517 17455 -3524
 1385 17552 -6854
 1220 17883 -8699
 1352 18499 -8684
 2281 18193 -6627
 2593 17855 -4349
 2669 17449 -1606
 2212 16303 1689
 3102 14964 5701
 3641 12895 7869
 3226 12738 10191
 3868 10953 9951
 2538 9878 12189
 2044 8522 13238
 2182 7413 12657
 2504 6157 14888
 2489 3647 13825
 2688 1891 14646
 2657 39 15345
 4996 -6769 14848
 1520 -10560 9683
 1107 -13522 8331
 639 -17080 10704
 113 -11097 10897
Repetition End
1
 -1041 -9348 12245
 415 -11703 14294
 -3085 -16866 11995
 -165 -8159 14077
 6439 -1400 15887
Repetition Start
 3342 1302 15191
 3410 4742 15834
 3387 6733 15298
 3802 6116 14307
 3143 7126 14068
 2397 7711 13945
 2598 9288 13487
 2053 10871 12666
 2298 12330 11974
 1644 13294 9099
 759 15131 6779
 410 17806 4296
 1958 17235 2272
 3907 17732 -189
 3872 17097 2617
 2806 15050 2763
 3199 15524 -92
 1891 25796 965
 569 20554 -2763
 1475 16408 -4055
 1031 19045 -2460
 2440 17514 -2157
 3135 18338 -755
 3668 15755 1278
 2811 15017 4896
 3218 13690 8195
 3090 12256 8273
 2990 7913 9882
 3956 6163 13147
 3312 4496 13669
 2787 533 15154
 7818 -4991 22808
 1773 -10825 11471
 243 -17837 14097
 -1123 -21206 3617
Repetition End
0
 -2931 -10691 9461
 -1507 -10605 10327
 394 -9389 10996
 -2116 -16358 10006
 -3062 -17302 10854
Repetition Start
 2586 -8217 14122
 2018 -2729 14574
 4962 4359 15695
 5756 5392 14549
 4380 6685 14747
 3035 7176 14905
 4234 8662 12594
 3005 8410 12200
 3513 10257 12547
 2916 11539 11477
 3123 13671 9859
 3954 15071 8080
 2839 15130 5740
 2714 16069 3783
 2013 16649 2480
 1996 16971 371
 1398 15966 -2042
 1622 17519 -3427
 497 17435 -6575
 1299 17551 -8655
 1366 18470 -8461
 1595 17874 -6933
 1963 17276 -4161
 1696 17563 -2845
 1503 16837 403
 1787 16266 2424
 1494 15104 4929
 3510 11312 7364
 1362 12382 8742
 1173 9195 11214
 -199 9336 13608
 3444 8145 13453
 2455 4000 13012
 2249 2158 12985
 6254 -5593 19392
 3981 -8832 11199
 2658 -15880 14940
 524 -12462 9745
 -493 -16125 14447
Repetition End
1
 -3015 -14824 9761
 -4261 -22592 7603
 -374 -9692 14142
 -156 -4137 14291
Repetition Start
 1847 2392 14899
 3280 4183 13167
 4004 6955 16870
 6057 7516 14287
 4350 5652 14400
 2529 8157 12731
 2380 9371 13843
 2279 10978 13589
 2675 11718 11630
 4095 14282 10096
 3634 13554 7436
 2782 13725 5439
 3394 15601 3971
 2810 16723 2286
 2052 17376 -516
 1390 17259 -2222
 1168 17873 -5798
 830 18422 -7546
 2029 18674 -8298
 1575 18395 -7048
 1764 18013 -5453
 2520 17777 -3619
 2338 16886 -2214
 2132 16771 -75
 2047 15761 2870
 2794 14207 4444
 2530 13279 7987
 2242 11471 9982
 2932 8223 14051
 1577 9270 12197
 2070 7421 13639
 2940 5191 14506
 2106 2802 14524
 5659 5413 27545
 3242 -8722 14074
 3103 -6260 10710
 -2033 -14959 14591
 -4571 -19144 5684
Repetition End
1
 -2228 -12413 11694
 -3400 -17313 10460
 -437 -9804 12969
 3232 -6055 16905
Repetition Start
 649 286 14205
 4836 1772 14683
 3291 4495 14843
 3430 6002 15612
 3042 5722 15288
 1788 6254 14414
 3697 6299 13168
 1076 8230 15566
 932 8416 15068
 1151 10682 12956
 2701 12585 13544
 2741 10959 11765
 3487 12568 9687
 3320 14324 8270
 3802 15167 6503
 3489 15920 4936
 3728 15914 2958
 3272 15204 1421
 3848 17288 -604
 3418 17103 -2963
 1900 17527 -5423
 1387 17728 -7652
 2209 18812 -7803
 1683 18363 -7460
 1476 17972 -5708
 1982 16990 -4081
 2423 16934 -1747
 2404 17228 110
 2057 15949 2280
 2040 15301 5630
 1751 13197 8250
 1045 11961 10660
 1451 9422 11682
 838 7950 12300
 1369 7413 15079
 2352 5497 14685
 2057 3172 13552
 2055 3021 16457
 3576 -6200 18153
 2502 -7676 10347
 2293 -14662 14051
Repetition End
1
 -2716 -23953 8797
 -4091 -14891 10682
 -862 -11078 14926
 2010 -5854 13761
Repetition Start
 1904 2339 14803
 4677 3675 16839
 4310 4788 16001
 3669 4932 14956
 4254 5850 14194
 5040 5747 12120
 3666 6895 12275
 4422 9730 14514
 5347 10123 13197
 5385 11397 11657
 3128 12758 11503
 2057 12661 9581
 2020 13942 8564
 2202 15271 6420
 2110 15246 3557
 1845 15607 2444
 2117 17360 -289
 1723 18247 -2273
 1413 17592 -4482
 406 18263 -6507
 1100 18806 -6801
 1038 17693 -6564
 974 18293 -4655
 1563 18351 -3333
 1271 17604 -1197
 1711 17143 1011
 1779 16998 2668
 1992 14624 5993
 3245 14128 7000
 2678 13027 9366
 3991 10849 11126
 2073 11306 11749
 1186 10037 13917
 3198 6936 13179
 2817 5604 14247
 4181 3118 11781
 2175 1070 13149
 9077 -8469 26997
 2066 -8143 14212
 3568 -9425 11691
 -588 -13022 11083
Repetition End
1
 1934 -17487 3738
 -3377 -17516 10357
 -5018 -14885 12790
 -2585 -4821 15521
 698 368 12843
Repetition Start
 1783 3030 16896
 1792 4322 15958
 2897 5492 15753
 2060 5149 13836
 2945 5732 13313
 1964 7130 13558
 1561 8483 13985
 1516 10093 13957
 2553 11102 12798
 2054 12073 11420
 658 13313 9381
 1766 14833 7376
 1891 15444 5589
 2730 15758 3498
 1128 17774 1620
 1530 17014 -915
 1416 16501 -3443
 949 17279 -5041
 1256 19273 -8573
 1991 19176 -8451
 2442 18134 -6529
 2636 18006 -4435
 2603 17621 -2470
 2423 16728 -705
 2403 16747 1931
 2429 14675 4021
 3196 13877 6437
 3146 12134 7950
 1034 13554 9538
 -100 10804 12123
 472 9363 13723
 2028 7816 13671
 438 5795 13794
 838 5237 15025
 1572 1851 14520
 2236 5164 23761
 3930 -11663 15836
 2937 -11967 10039
 2838 -15080 4426
Repetition End
1
 1609 -16341 2728
 -2837 -12715 9729
 -6591 -15636 13576
 -1644 -10233 16661
Repetition Start
 325 -5837 11770
 2414 745 15456
 3143 1847 16213
 3459 3410 17408
 2428 4989 14832
 940 5479 14141
 2735 6044 14609
 1690 7038 13973
 1702 10188 14877
 1182 8305 13840
 1158 10563 13610
 670 10538 12545
 1042 12013 12038
 669 13119 10145
 1457 14919 7699
 1535 15358 5827
 1756 16208 4268
 1507 17221 2018
 1636 17746 221
 1677 16978 -1331
 1558 17305 -3795
 1296 18277 -6583
 2959 19464 -5615
 2063 19322 -5080
 2863 18198 -2757
 2828 17683 -150
 2202 16634 1308
 2515 14798 4655
 2526 13374 7610
 3342 11918 8585
 2195 10434 11852
 2947 9249 13103
 1070 7327 12189
 1797 5592 13827
 1169 4985 14992
 3012 2074 15205
 2876 260 14999
 2188 -1985 13335
 912 -11105 16829
 1730 -11762 7282
 677 -22098 9653
Repetition End
1
 -161 -13583 7513
 -2655 -13091 8011
 -1052 -10091 12142
 -752 -10189 11126
 -489 -13170 9459
 341 -13448 11060
 -1147 -16143 11625
Repetition Start
 -3653 -12550 11972
 4278 -5363 21817
 -980 -18 11357
 3394 447 16248
 3241 2464 15663
 3433 5488 14885
 3465 6542 13972
 3403 7452 13697
 3970 7146 14719
 2065 8753 12576
 1238 10806 11762
 1859 12529 11676
 1732 13371 10914
 794 13722 8471
 1477 15062 5996
 2116 15624 4492
 2612 15614 3493
 1766 16785 314
 1471 18050 -3148
 1275 17769 -6237
 1092 19387 -7982
 1260 18771 -8054
 1192 18797 -6451
 2462 18667 -4004
 2699 17910 -1923
 1689 16750 836
 791 16258 2931
 3479 12518 5685
 2070 13986 9124
 3350 12579 10595
 2072 10641 11444
 791 9136 11718
 1697 7056 13722
 3427 5218 13420
 2337 3585 15185
 3671 1342 14314
 2259 1175 14699
 6365 -8124 17444
 2257 -8051 13042
 3238 -10021 7648
Repetition End
1
 1535 -16869 9194
 -1017 -14547 8497
 -3093 -9071 12960
 -1356 -7461 13411
 -1101 -6618 14265
 -1458 -8132 13715
 -864 -8373 14395
 410 -4966 13837
 1129 -11958 10718
 -4671 -14775 9059
 -577 -17343 11027
 2135 2922 16413
Repetition Start
 2780 539 17891
 2270 1460 15408
 854 1989 17056
 3029 4929 15281
 965 4702 14904
 1487 5848 15257
 727 6457 14225
 2076 7724 14267
 2696 8819 13463
 3608 10866 14455
 2591 10748 13312
 2752 11870 11755
 1647 13309 10165
 1630 14024 8550
 1357 14874 6754
 1755 16061 5395
 1927 16703 3596
 1835 17226 1375
 1504 16715 -874
 1537 17296 -1381
 1103 17786 -2879
 1341 18566 -4668
 1491 19192 -5478
 2065 19036 -5629
 1871 18269 -3953
 2583 18208 -1871
 2511 17990 -760
 2770 17050 1523
 2947 15894 4031
 3640 13335 7619
 2937 11434 8859
 2708 10958 10596
 2728 10654 12297
 570 6709 14769
 1214 6024 14085
 2052 4486 13723
 1807 2442 14842
 1365 -40 14483
 2545 -2059 12454
 529 -13760 17027
 1340 -9317 9251
 -2493 -23600 7385
Repetition End
1
 -1492 -15818 8426
 -3893 -12261 8777
 -2374 -10299 12142
 -2572 -7604 12774
 -1613 -8624 12985
 -422 -11359 10491
 -1086 -12278 11766
 -972 -10295 11990
 585 -10126 11962
 133 -9515 12536
 -587 -10045 11940
 -1783 -9992 11382
 -1432 -9355 11747
 -730 -9861 12535
 -266 -8904 12861
 -625 -9297 13251
 -747 -8580 13140
 -911 -8962 12441
 -366 -9495 11903
 -497 -9734 11708
 -1008 -10188 12283
 -328 -9191 11949
 353 -9125 11614
 -83 -9765 11604
 -791 -10542 11257
 -1032 -10407 11700
 -691 -9349 12158
 40 -9149 12658
 -610 -10198 11539
 -1454 -11014 11471
 -2286 -8734 12461
 -775 -7670 14181
 -627 -7455 13326
 -261 -9599 12548
 204 -10639 11121
 -266 -10801 11476
 -444 -9265 12416
 -1777 -8358 12807
 -713 -8160 12757
 -459 -8962 11936
 -325 -10412 11378
 -802 -10092 11774
 -730 -9501 12060
 -530 -8989 12924
 -313 -9128 12732
 -1049 -9088 12387
 -724 -9525 12297
 -220 -9788 12001
 158 -10026 11820
 91 -9644 12686
 -706 -9193 12884
 -1519 -8277 13190
 -462 -8395 13245
 269 -9221 12622
 157 -9977 12035
 57 -9364 12173
 -607 -8936 12344
 -523 -9265 12555
 -205 -9146 12635
 -68 -9018 12412
 -175 -9122 12860
 -311 -9045 12501
 -896 -9733 12262
 -1039 -9228 12579
 -456 -8367 12970
 79 -7911 13352
 101 -8689 13464
 -398 -9248 12267
 -785 -9678 12340
 -1196 -9168 12206
 -410 -8131 13032
 -514 -9692 12152
 -799 -9813 12007
 -1601 -9613 12078
 -625 -9244 12280
 -1242 -9443 12055
 -408 -9899 11952
 193 -9969 12414
 -578 -10114 11441
 -1051 -9929 11711
 -1428 -9492 11829
 -1183 -9671 12425
 -1189 -9677 12436
 -1046 -9491 11978
 -1184 -9588 12254
 -1189 -9608 11851
 -696 -9518 11805
 -739 -9343 12339
 -955 -9222 12583
 -732 -9097 12545
 -778 -9196 12507
 -429 -9335 12681
 -574 -9037 12335
 -787 -9195 12619
 -468 -9094 12644
 -515 -8847 12927
 -607 -8709 12752
 -705 -8915 12716
 -683 -8958 12712
 -567 -8836 12906
 -719 -8810 12866
 -675 -8846 12699
 -680 -8802 12941
 -919 -8828 12987
 -695 -8619 13055
 -615 -8715 12856
 -632 -8857 12726
 -696 -8777 12773
 -627 -8762 12615
 -718 -8835 12775
 -827 -8762 12716
 -919 -8891 12653
 -980 -8927 12431
 -776 -9049 12609
 -773 -8912 12620
 -731 -9059 12609
 -736 -9026 12875
 -628 -8778 12999
 -940 -8863 12661
 -949 -9587 12475
 -349 -9701 13415
 -853 -12974 9631
 -3999 -15203 11296
 -2276 -14847 10748
Repetition Start
 -1203 -9719 12223
 124 -649 15211
 4294 457 16211
 3869 2636 16415
 3857 4005 15276
 3228 4427 14024
 2120 5449 14214
 1381 6146 13979
 -55 8878 14989
 952 10291 14652
 1948 10750 12730
 2676 12277 10341
 2945 13277 7899
 2320 14691 6211
 2416 15835 4499
 1535 16520 2950
 2532 17403 752
 1550 17147 -919
 482 17325 -2313
 1624 17338 -6038
 1039 18308 -8235
 1475 17945 -8684
 1972 17780 -7890
 1970 17359 -6221
 2407 19324 -4790
 2502 16817 -2601
 1891 17428 690
 2181 16111 3118
 2592 13829 6299
 2441 12499 8137
 1540 12294 9918
 634 9929 11188
 240 8031 13110
 280 7155 13709
 1847 4979 13171
 2066 2797 15150
 1437 -529 14001
 4285 -11474 21113
 418 -5200 9223
 -1458 -12431 16118
 -2587 -17579 4148
Repetition End
1
 -3830 -12866 8864
 -1622 -11180 10411
 -1286 -8653 11903
 -827 -10346 11481
 -260 -9211 11774
 -1626 -13055 11009
Repetition Start
 -1633 -9399 11279
 -224 -12999 10890
 -6241 -10701 12107
 -2230 -16027 10947
 1941 -4753 12793
 1130 -1141 13731
 2384 78 16516
 4268 2759 16422
 2688 2997 16173
 4829 5020 14279
 3053 5512 13829
 3323 7172 13979
 2253 8849 14660
 867 11010 13518
 729 11622 11938
 701 12429 10086
 293 13783 8029
 -14 14634 6409
 393 16628 4659
 1128 16435 1687
 954 17451 -488
 901 18494 -3544
 1127 17427 -5331
 635 17857 -6455
 1666 18141 -8565
 2360 18331 -8390
 2321 18190 -6699
 2969 16848 -4083
 3014 16867 -2873
 2876 17507 -398
 2580 16148 2918
 2672 13785 6240
 3246 13051 7896
 3171 12554 10962
 2051 9970 12097
 912 7683 13241
 29 5788 13752
 1094 4270 13699
 1669 1916 14762
 49 1101 14631
 1321 -2479 12592
 455 -13382 13814
 1635 -9317 6038
 -2360 -23998 3695
 -4266 -13694 8041
 -2728 -13226 8633
Repetition End
1
 -1800 -12974 9096
 893 -15052 12335
 -1870 -7749 13860
 -528 -4977 17823
Repetition Start
 -559 1270 15834
 1507 -297 14718
 762 656 14431
 5207 3124 13504
 3235 3162 15371
 2595 4656 15985
 1182 5379 16461
 1549 5548 14718
 1758 7031 14777
 1877 7205 14819
 1811 8582 14427
 1236 9096 12959
 1503 10836 13194
 1669 11764 12043
 1279 12644 10875
 1031 14508 9800
 2302 16506 7960
 3898 16353 5305
 2880 15349 4253
 3457 15487 4559
 3687 16894 2625
 1304 18706 -3841
 136 19212 -2254
 -947 16786 -1770
 1825 19134 -1500
 748 18695 -1885
 2308 18273 -2033
 3465 18405 -348
 3242 16466 746
 1728 15121 2579
 3937 15243 6141
 3162 13272 9313
 3704 11345 11752
 2309 8614 12207
 2446 4806 11823
 2160 4916 14339
 2599 1645 14241
 2246 -2316 12685
 7499 -11598 28531
 722 -8062 11001
 4701 -9264 13684
Repetition End
0
 2135 -18582 8639
 784 -13236 12213
 670 -8958 11494
 -457 -8159 13241
 452 -11287 10918
 -1745 -12055 11738
 -1578 -10126 11642
 -2220 -7895 9055
Repetition Start
 -2220 -11817 10149
 -4679 -14752 9803
 -1706 -14569 11440
 -795 -5359 19489
 716 -1103 13846
 738 713 18237
 3776 1777 15455
 3835 3547 15782
 3465 3728 14442
 2703 5628 14145
 748 6677 15151
 1682 7557 15291
 804 7304 14720
 604 8513 15136
 1572 9497 13879
 2653 10751 13096
 2694 11497 10522
 2781 13717 8793
 3276 15317 7256
 2726 15873 5241
 2626 16360 3772
 2125 18551 1032
 1088 15974 -1017
 1051 16357 -3908
 25 17005 -4188
 2191 17912 -5367
 1388 19861 -4567
 2443 19077 -3767
 3388 18015 -2006
 3523 18691 -301
 3452 18092 970
 3492 16704 1651
 2667 16513 3905
 2375 15839 5790
 2706 12713 7384
 3056 13056 9950
 2632 12709 12127
 3183 8138 11691
 1025 6459 13741
 1267 5586 15144
 2153 3853 13733
 746 1818 14435
 1223 -637 13889
 5253 2803 17320
 3780 -14797 12043
 1490 -9649 11048
 -1755 -18739 3212
 -3720 -10033 9236
Repetition End
1
 -3327 -17322 10673
 -1402 -9156 12286
 -164 -10563 11630
 591 -9972 11796
 304 -10756 11033
 -459 -10091 11422
 -630 -10732 11513
 -896 -10652 10891
 -297 -10282 10851
 -53 -10432 10982
 -3113 -14829 9560
 -3627 -17970 9335
 981 -5484 15811
Repetition Start
 4671 -3679 16073
 2618 1212 17569
 3008 295 15797
 2608 3114 14813
 2641 5453 14040
 4241 4616 13982
 -1525 7045 17471
 497 4718 15124
 2072 6656 14235
 557 8031 15715
 2159 10026 13790
 3022 10710 12183
 2179 12370 12194
 2082 12560 10213
 1861 14367 8359
 995 15459 5890
 1206 16482 3779
 1872 17465 1616
 1788 16832 -601
 1546 16798 -2894
 1057 17151 -4514
 1459 17754 -6034
 1282 17269 -7449
 1457 18456 -7669
 1639 18177 -6045
 2077 17305 -4889
 2377 17477 -3481
 2703 17259 -2065
 2680 17236 -1228
 2779 17222 1140
 2647 16175 2859
 3124 14213 4037
 3477 12851 7405
 476 12522 10432
 -262 11576 11928
 1338 7049 11829
 -128 6098 13794
 -183 5002 14583
 270 1532 13333
 960 181 14469
 2721 2087 31364
 2285 -10465 13747
 2807 -7553 11369
 -1865 -18679 1201
Repetition End
1
 -2641 -15466 3452
 -1547 -15055 8745
 -1231 -6759 10036
 -1373 -9921 12698
 -1355 -10090 11801
 -1168 -9894 11403
 -873 -10291 10963
 -858 -10680 11048
 -1453 -11110 10696
 -1191 -10900 11428
 -1305 -9683 12158
 -1181 -9052 12335
 -1034 -9504 12068
 -1071 -10159 11702
 -1168 -10223 12238
 -726 -9683 13719
 -577 -9815 11434
 -1479 -12581 9962
 -5461 -14350 9979
Repetition Start
 -2056 -17273 8266
 -1846 -9124 15868
 763 -7609 12021
 3987 -83 16775
 4335 1024 17806
 4256 2933 15081
 4912 3237 14576
 4777 2853 14243
 3918 3831 13737
 4309 4424 13929
 3577 7316 15392
 1836 7402 15740
 2230 8305 15392
 2661 7945 15081
 2167 8597 13634
 2312 9788 13392
 1629 10570 14421
 1659 10191 13593
 1098 10987 12238
 628 11886 11252
 437 12883 10730
 617 13833 9497
 496 15658 8428
 626 15598 6605
 346 15749 3787
 510 16922 2042
 634 19117 629
 1765 19436 -2467
 2891 16850 -4196
 1505 15197 -4491
 2910 15896 -4186
 2342 16456 -5322
 1776 18910 -4321
 2074 20860 -9678
 -2155 19849 -4141
 -4025 14183 -3433
 1489 17073 -4775
 3124 16616 -2465
 6668 17051 -1051
 4932 17876 1934
 4864 15169 4500
 2224 14261 7021
 883 13434 10105
 1918 11006 10574
 303 7782 12017
 -671 7454 14511
 -691 5407 14044
 -449 1040 13691
 -453 920 13538
 -1524 -2435 32767
 2562 -11095 13090
 282 -9741 13888
 -2204 -18159 3903
Repetition End
0
 -548 -16124 7127
 -627 -9754 8132
 -924 -10965 9385
 -1112 -9054 11296
 -684 -8736 12238
 -886 -9631 12225
 -1027 -9532 12297
 -412 -8929 12891
 -783 -7703 14589
 2307 -7997 13709
 -1911 -10471 12101
 -3623 -22096 11834
 1545 -12792 7969
Repetition Start
 -976 -7574 14001
 -571 -2686 10988
 3567 1318 14792
 1626 2596 14167
 2236 4146 15268
 1580 4672 14188
 1454 6238 14853
 2094 7392 13909
 1692 9104 14721
 2227 9820 13567
 2562 11402 12019
 2211 11631 10871
 2545 13282 9441
 3144 15639 7573
 2980 15224 5278
 2975 15034 2737
 2615 17225 987
 2145 18092 -1264
 1685 16956 -1783
 675 17530 -4830
 721 19439 -7168
 509 16908 -7767
 1490 17888 -7286
 943 18980 -4568
 1308 17853 -3117
 1876 16971 -1788
 2018 17238 -544
 1666 16802 791
 1553 16620 3261
 3443 15703 5062
 2163 13969 6060
 1323 12510 8017
 -486 11921 11075
 386 11085 15194
 259 7658 13142
 267 7061 13395
 736 6208 14479
 1146 3218 14087
 1736 164 11792
 5703 -5442 20713
 2111 -8677 9896
 2223 -13540 16977
 -1916 -15632 5757
Repetition End
1
 -4205 -12868 8795
 -1478 -11915 9626
 -1881 -8013 11744
 -924 -10353 11977
 -366 -9890 11871
 -518 -9937 12122
 -336 -9866 11741
 -474 -9335 11867
 -605 -9507 11908
 -1002 -10125 11918
 -820 -9655 12018
 -595 -9501 12246
 635 -9437 12306
 2333 -9880 12125
 -3932 -8075 12535
 -3720 -13770 9505
Repetition Start
 469 -11355 11730
 -1993 -15087 10856
 2787 -7659 14187
 4242 -2223 16668
 6212 1962 17098
 4171 1886 15747
 4583 4471 14103
 4510 5856 12608
 4205 6114 14397
 2913 6563 15769
 1082 8415 15159
 -269 8272 14259
 -435 8647 13627
 3132 10184 13115
 1881 10603 12511
 1710 11175 12127
 1866 12302 11719
 1892 13030 10648
 645 15076 8356
 -606 15896 6997
 -617 15886 5476
 -92 16414 3741
 326 17595 1553
 916 17396 -457
 116 16950 -1733
 927 17083 -3312
 1997 17960 -5443
 582 17884 -7325
 1588 18065 -7012
 2150 18182 -5350
 2321 17772 -3592
 2536 16702 -2247
 3207 17627 -1006
 3021 17820 1332
 3214 16343 3468
 3746 14210 6192
 2732 12406 7784
 2646 12847 10307
 1571 9535 12807
 1072 8387 12451
 1000 6786 14362
 1188 4657 12879
 991 3889 14790
 186 -673 13373
 5012 -7854 19617
 403 -6527 8410
 -1136 -19617 16660
 -2952 -15681 6900
Repetition End
1
 -4458 -13077 8171
 -2074 -10089 11018
 -506 -10289 11701
 13 -10411 11803
 344 -9376 12397
 -1133 -9745 11522
 -1667 -9003 10999
 -362 -14417 10812
 -1496 -13301 9963
 -6071 -16960 9780
Repetition Start
 -4963 -7716 12666
 3801 -4496 12480
 5130 66 15641
 4975 1840 14514
 1883 4465 14596
 179 4988 15409
 2850 3688 13813
 1482 5354 14732
 219 6505 15344
 512 6443 14653
 1556 8373 14355
 968 9136 14985
 1084 10264 12710
 801 11559 11706
 663 12747 10755
 755 14892 8987
 846 15547 6777
 858 15622 5255
 1573 16640 3249
 1858 18405 508
 2072 18471 906
 1423 16789 -1829
 1906 16828 -2652
 1925 16653 -3923
 1588 17998 -5306
 1880 18812 -4983
 2631 18117 -3480
 2566 17948 -1732
 2737 17729 -856
 2737 17780 -253
 2798 17955 -138
 2812 16833 1707
 2607 16555 3138
 2287 15193 4419
 2374 14677 5725
 2310 14002 8069
 2098 13407 9966
 2006 11647 11217
 2409 10825 12849
 808 9863 14538
 -881 7580 14769
 161 5109 12984
 1607 4483 13438
 1315 3923 15694
 1523 635 13443
 2423 -2535 10977
 4824 -6195 16788
 -537 -12764 6783
 67 -16366 11774
 -1648 -14554 7017
Repetition End
1
 -2462 -13754 9593
 -2751 -12708 10898
 -1045 -9078 11690
 -1197 -10668 12227
 -1449 -9877 12147
 -1840 -9752 11769
 -1775 -10144 11366
 -1625 -10317 11358
 -1418 -10414 11588
 -1276 -9515 12731
 -801 -9571 14044
 -1595 -13945 10493
 -2479 -11615 12226
 -2004 -13953 7556
Repetition Start
 -2965 -10358 12575
 5399 -3270 16483
 1667 -1319 13098
 2141 628 15688
 1093 1800 15667
 1285 4155 13895
 2812 5538 14333
 3175 7016 14960
 1527 5902 15377
 1835 7193 14500
 1390 8739 13916
 1179 9851 14035
 2084 10172 14317
 1624 10675 12648
 1740 11832 11491
 1301 13162 10771
 535 14653 9152
 409 14745 7238
 416 16668 5123
 930 16775 3616
 1158 18488 1741
 1175 18377 1162
 1728 16278 -226
 1581 16994 -1344
 1812 18130 -3347
 2314 18578 -5184
 2556 18447 -5717
 2784 18116 -4040
 3113 17937 -1845
 2688 16680 -1713
 2522 16656 1451
 2547 16337 3362
 2292 15110 5546
 2009 14172 7227
 2265 12043 8671
 2271 11042 11249
 1515 7578 10105
 697 6810 14203
 2156 2890 16088
 1661 -2691 11642
 2120 6759 32483
 -1317 -11439 13686
 2231 -14180 12760
 -4021 -14490 8632
 -5330 -13014 8340
 -3325 -8702 12739
 -2162 -8819 14684
Repetition End
1
 1168 -7714 12399
 -154 -10883 11592
 -1311 -10488 11524
 -1302 -9560 12713
 -1459 -9316 12166
 -498 -10077 12401
 45 -9178 11478
 -1191 -9521 12099
 -1215 -8998 12859
 -1126 -8878 12825
 -682 -9165 12312
 -331 -9350 12218
 -894 -9441 12541
 -1153 -9025 12758
