Repetition start
Negative
23034
19996
21277
22484
19901
22484
23000
23277
23676
22490
23069
22436
23290
22804
23008
22931
22526
22881
22903
22825
Repetition end
Repetition start
Negative
23837
22222
24442
25494
19481
21843
23687
23321
26554
21978
30616
21764
20365
24128
23386
22255
21911
20789
24224
20827
Repetition end
Repetition start
Positive
20119
20119
23526
25971
30233
33248
33248
34300
29982
29982
27556
25647
22664
17422
17422
17422
15862
15862
16160
18608
Repetition end
Repetition start
Positive
16852
19404
30657
33692
32602
29063
26130
21842
20050
17394
15880
16732
18505
18360
19737
20580
20068
19789
21061
19656
Repetition end
Repetition start
Positive
15909
15600
21525
27073
31047
23693
25607
28235
25070
23098
17793
20485
19612
20834
20094
19031
19181
18964
20154
19851
Repetition end
Repetition start
Positive
16110
16907
24744
25282
26039
25774
22403
21840
20560
15499
15735
17523
18838
18534
18092
18464
17295
19389
18626
18078
Repetition end
Repetition start
Positive
15598
18128
19294
25476
29417
28103
30129
25581
22816
22029
19340
14367
15613
15591
17748
17826
17620
17537
17253
17927
Repetition end
Repetition start
Positive
16551
17440
20644
24399
29040
29693
27705
22957
22282
18808
16955
18042
16840
17500
17862
17767
17549
17151
17931
17769
Repetition end
Repetition start
Positive
15699
16305
21616
23916
26513
30117
28133
27757
26029
22675
21624
18146
15709
17032
16100
17793
18645
18866
18111
19155
Repetition end
Repetition start
Positive
15444
16882
18782
21143
22868
25886
23311
27665
27665
25759
25452
26287
23179
20099
21521
21521
21375
21375
17430
16143
Repetition end
Repetition start
Positive
12856
19046
23639
24677
27393
26537
27391
23814
23128
19534
18851
17902
18727
15218
16659
18250
16475
18516
19344
18557
Repetition end
Repetition start
Positive
18034
17662
17662
22144
19415
26548
25319
26721
26086
26633
24458
25198
20258
24702
21414
19088
20752
20752
18575
18684
Repetition end
Repetition start
Negative
18376
18623
22552
22596
23354
23849
23313
23313
20727
23364
27282
23650
23396
27173
25966
23574
23574
20086
20086
18306
Repetition end
