Repetition start
21603
17284
19874
20848
19618
28488
21890
27741
23491
22679
25655
25269
24532
24100
22738
22695
21660
23525
26989
25071
Repetition end
0
Repetition start
25061
25061
25061
22156
22156
23632
23632
24428
25628
25628
23525
23525
22376
21603
24281
23604
23604
23244
22151
22151
Repetition end
0
Repetition start
14874
18004
21419
21971
24766
28571
32081
31392
32256
31432
28322
25985
26592
26592
25177
22050
23502
15715
19495
17591
Repetition end
1
Repetition start
19680
22978
25531
25561
30179
29098
23391
24097
20346
16600
19168
16935
16956
18816
17358
18147
18285
18007
17017
17811
Repetition end
1
Repetition start
15205
15205
18176
16993
19396
27902
26531
32026
28097
25966
25767
25358
21691
21130
19449
17301
17301
17703
16687
17553
Repetition end
1
Repetition start
18654
20545
22023
26926
27786
28738
25337
25821
23894
23600
15190
16451
18633
16968
18400
17846
17895
18377
17442
17448
Repetition end
1
Repetition start
19666
19322
24350
24350
25310
27727
27171
27392
29565
25217
25055
24120
23768
22052
19486
18356
18356
18077
18077
18077
Repetition end
1
Repetition start
15651
17251
18154
27306
26954
27790
24254
18331
16751
15897
16536
16472
18135
17670
17960
18306
17768
17565
18018
17759
Repetition end
1
Repetition start
13801
17716
23310
20301
20301
27135
22746
28059
28059
24288
28128
27451
25769
24128
23109
24461
19718
20174
18001
18584
Repetition end
1
Repetition start
17507
19455
19455
19455
20312
20312
22664
24641
24641
24641
24641
24641
27600
27600
27013
27013
28311
28311
25206
25206
Repetition end
0
Repetition start
17236
15790
18263
18638
17858
18301
18417
17992
18087
17116
18742
17485
18282
18447
18293
18240
18357
18386
17504
18787
Repetition end
0
Repetition start
19833
22510
26205
26073
25896
29772
26262
23992
23167
19032
19032
16248
16127
15455
16527
17164
18423
17746
19177
19177
Repetition end
1
Repetition start
21367
22631
24474
22230
19993
18075
15495
17732
19579
17936
20440
18476
20471
19997
18420
19686
19503
20415
20778
19799
Repetition end
0
Repetition start
24837
20869
20869
25579
28091
28580
29210
25089
19540
17852
28226
21883
21311
21173
21173
21173
20554
19963
19697
21094
Repetition end
0