Repetition start
18780
20756
15969
19380
20374
20463
18470
19407
20872
19674
19984
18352
18293
18965
18085
17687
18148
17818
18029
18074
Repetition end
0
Repetition start
17558
24296
21793
26744
20277
21059
16406
13715
18687
19780
20013
20129
20505
20184
20359
19677
19965
19819
20114
20070
Repetition end
1
Repetition start
15969
18498
18266
17865
21003
21853
24758
23615
22718
18017
18345
19978
18378
22044
19161
16516
18768
18317
21881
21020
Repetition end
1
Repetition start
20313
19119
22138
19750
23559
19751
22669
22270
20609
18684
18684
16465
17533
16277
16277
18760
19496
17853
18219
18219
Repetition end
1
Repetition start
18297
21507
19932
19342
21482
23285
18761
20644
19761
16426
19552
19610
22693
23096
22260
21776
21420
21711
22450
21628
Repetition end
0
Repetition start
22249
23192
22200
20595
26442
19678
19678
23423
24110
22600
22600
21199
19936
19565
19161
21102
17282
17983
16265
20821
Repetition end
1
Repetition start
19003
19245
19245
22764
19511
19054
23662
23662
21837
20761
20761
22651
23674
21068
20168
20949
20848
18710
20898
18933
Repetition end
1
Repetition start
20133
20133
15109
15109
28069
22990
22990
20851
25168
25168
25168
25397
25052
22978
23276
23285
21429
21429
21217
22989
Repetition end
1
Repetition start
19946
22000
23269
24218
23203
24950
20215
23950
21386
18551
20553
23226
22631
21484
21999
22051
22898
23523
20962
22013
Repetition end
1
Repetition start
17259
17259
24082
21352
23347
23347
22241
22662
27520
27520
26059
26059
21565
19457
20765
20765
19509
21618
19766
17598
Repetition end
1
Repetition start
21178
20466
23369
22963
22174
26386
20567
22290
22276
21524
21451
21857
21502
22469
22339
20968
19611
20777
20069
19923
Repetition end
1
Repetition start
19955
26609
21537
21537
22617
22617
22617
21690
23027
24548
23173
22045
23268
21699
21137
21009
21009
22039
19670
19963
Repetition end
1
Repetition start
17180
21362
25182
22385
24051
24009
24006
25298
21473
19163
19993
18525
21988
20132
21574
21517
22244
24906
22828
23099
Repetition end
0
Repetition start
22296
22885
23562
24562
22497
24594
22859
23303
22014
21337
20097
22050
19793
17328
18433
20107
20799
21777
20915
21337
Repetition end
0
Repetition start
20860
21814
24870
22883
21856
25711
23690
23690
20003
18999
20211
20211
20664
20878
21503
19085
20613
20396
20523
21766
Repetition end
1