Repetition start
Negative
20319
23010
22475
24981
22182
23919
23161
20776
20776
20776
20916
23099
21262
21554
21463
21270
22526
21829
22082
22099
Repetition end
Repetition start
Positive
16197
23119
21714
22628
20817
27574
28728
23726
21173
23041
18350
20612
22630
19288
21154
21762
21523
21718
21656
20957
Repetition end
Repetition start
Positive
20145
19588
23615
21349
24270
28187
25412
21032
17324
21530
19288
19075
23154
22151
23252
21669
21810
22687
22103
22912
Repetition end
Repetition start
Positive
19131
21168
21168
20572
23045
26091
22455
20552
23630
21453
24113
24113
22358
22456
21471
18178
20041
23407
18745
22933
Repetition end
Repetition start
Positive
20738
20901
22982
20484
22127
24963
23267
25629
20906
19842
20564
20989
19519
19884
22619
23207
23324
21865
21977
22102
Repetition end
Repetition start
Positive
23580
26225
23846
24535
25294
25582
23356
18120
20888
20596
21987
23024
22886
22450
23802
22994
22471
22821
22729
22727
Repetition end
Repetition start
Positive
22200
19593
23194
23194
21530
22018
23821
22028
22395
22685
20951
20951
18810
18810
21445
20537
21053
20919
21406
21643
Repetition end
Repetition start
Positive
22078
23456
20126
23037
22548
23522
22562
23439
20943
18793
21606
19702
18302
22699
22100
21073
21536
21952
23404
22548
Repetition end
Repetition start
Positive
21783
24644
25748
23836
22054
20814
19778
16472
19754
20214
17155
16695
23965
21937
22654
22546
24959
21890
24069
24305
Repetition end
Repetition start
Positive
24563
24217
24931
20163
21143
20600
18992
20810
19422
22034
22588
21144
19453
21142
22390
22166
20009
24421
22426
21850
Repetition end
Repetition start
Positive
17831
21530
24534
25323
23855
28305
27562
23023
24071
21383
19995
24027
19351
19351
22355
20766
19965
19965
21405
22647
Repetition end