Repetition start
1.32434082031
1.16156005859
1.12664794922
1.06536865234
1.05078125
1.00201416016
0.954284667969
0.956787109375
0.932739257812
1.02282714844
1.02569580078
1.04364013672
0.877868652344
0.952331542969
1.08416748047
1.24853515625
0.990661621094
1.07995605469
1.14587402344
1.33959960938
Repetition end
0
Repetition start
1.36126708984
1.30163574219
1.21038818359
1.29669189453
1.27124023438
1.22442626953
1.20196533203
1.20983886719
1.1474609375
1.19879150391
0.98193359375
1.11578369141
1.26055908203
1.0693359375
0.881286621094
0.678283691406
0.745666503906
0.585754394531
0.628051757812
0.817077636719
Repetition end
0
Repetition start
1.03570556641
1.00360107422
0.974609375
0.999206542969
0.653259277344
0.604431152344
0.552856445312
0.159057617188
4.70104980469
0.709350585938
0.88037109375
0.759887695312
1.00256347656
0.677307128906
0.768493652344
0.467712402344
-0.201416015625
-0.351684570312
-0.890319824219
0.613098144531
Repetition end
0
Repetition start
1.39086914062
1.37115478516
1.20092773438
1.22247314453
1.10174560547
1.09478759766
0.997436523438
-0.10009765625
0.240173339844
0.913391113281
0.736511230469
0.807495117188
0.810546875
0.0910034179688
0.302856445312
-0.480529785156
-0.0280151367188
-0.0653686523438
0.247253417969
0.658813476562
Repetition end
0
Repetition start
1.67736816406
1.14410400391
1.27203369141
1.23443603516
1.32446289062
1.28826904297
1.23419189453
0.9404296875
0.706970214844
0.627075195312
0.755432128906
1.05316162109
0.811340332031
0.822509765625
0.823791503906
0.939514160156
1.23754882812
1.17425537109
1.30639648438
1.42749023438
Repetition end
0
Repetition start
1.3779296875
1.13531494141
1.13800048828
0.875915527344
0.827331542969
0.743347167969
0.58544921875
0.324279785156
-0.384521484375
-0.249755859375
-0.0193481445312
0.765502929688
0.994812011719
1.14831542969
1.48315429688
1.43878173828
1.46411132812
1.55676269531
1.43969726562
1.49298095703
Repetition end
0
Repetition start
0.88623046875
0.26171875
0.0777587890625
1.32574462891
1.00238037109
0.586547851562
0.4609375
-0.166809082031
-0.963623046875
-0.633422851562
-0.263732910156
-0.234741210938
-0.964416503906
-0.549621582031
-0.786743164062
0.738891601562
0.997802734375
1.33898925781
1.06762695312
1.12762451172
Repetition end
0
Repetition start
1.29888916016
1.20758056641
1.17810058594
1.09442138672
1.64532470703
0.7841796875
0.937805175781
0.962219238281
0.7568359375
-0.160522460938
-1.03363037109
-0.468811035156
-0.268859863281
1.01275634766
1.16864013672
1.27520751953
1.06921386719
1.33624267578
1.22332763672
1.06262207031
Repetition end
0
