-1141 -13420 9894
 -1149 -12822 10945
 -1121 -12930 10432
 -1432 -13389 10940
 -1894 -13275 10345
 -2000 -13613 10112
 -1777 -13656 10435
 -1413 -13405 10524
 -862 -13023 10938
 622 -12244 11244
 1147 -11155 12455
 -690 -11852 11965
 -1743 -11503 12164
 -911 -11045 12795
 -489 -10989 13036
 1569 -10947 13063
 -374 -11127 13311
 -173 -11192 12773
 -1232 -12085 13069
 -1089 -10664 13377
 -470 -11478 13371
 -1449 -11193 12806
 -1289 -11541 12489
 -439 -12201 12247
 -846 -11404 12540
 -425 -11451 12529
 -449 -11719 12435
 -234 -11833 12503
 -191 -11820 12486
 -51 -12104 12490
 -144 -11977 12179
 -67 -12350 12082
 16 -11875 11848
 -531 -11738 12277
 -116 -11748 12259
 729 -11329 12832
 -888 -11215 12815
 -1917 -11343 11998
 -774 -12583 12250
 -744 -11572 11739
 -1117 -11481 13612
 -1285 -9992 12735
 287 -10944 13726
 -30 -11331 12236
 -849 -10400 12984
 133 -11533 12943
 -366 -11348 12471
 -244 -11542 12603
 -1017 -11398 12510
 -740 -11672 12573
 -385 -11661 12432
 -270 -11995 12138
 -632 -12268 12277
 -633 -12151 12101
 -845 -12144 11702
 -730 -12386 11691
 -824 -12622 11662
 -1078 -12534 11893
 -911 -12724 11560
 -860 -12943 11856
 -1055 -12698 11630
 -1113 -12945 11620
 -1265 -12878 11437
 -1246 -12807 11374
 -1132 -12715 11218
 -1285 -12539 10638
 -1287 -13041 10950
 -1164 -12912 11220
 -880 -12471 11449
 -635 -13087 12421
 -1620 -12565 12050
 -1657 -12232 11717
 -1325 -12454 11211
 -1527 -12431 11321
 -1327 -12291 11684
 -1227 -12288 11736
 -1175 -12203 11729
 -1134 -12441 11744
 -1240 -12203 11792
 -1080 -12273 11802
 -1019 -12327 11709
 -1011 -12312 11712
 -996 -12359 11693
 -1159 -12427 11903
 -1159 -12371 11848
 -1027 -12383 11642
 -1412 -12274 11925
 -1035 -12261 11778
 -1124 -12275 11792
 -1182 -12407 11874
 -1088 -12280 11705
 -1161 -12295 11800
 -1193 -12144 11828
 -952 -12300 11712
 -1123 -12185 11718
 -1033 -12303 11728
 -1115 -12083 11550
 -968 -12172 11731
 -1013 -12646 12702
 -1362 -11854 12278
 -1362 -11669 12048
 -1251 -11846 12252
 -1475 -11856 11795
 -1568 -11749 12127
 -992 -11544 12321
 -1128 -11635 12537
 -865 -11623 12437
 -1091 -11651 12377
 -823 -11818 12251
 -1228 -11718 12245
 -1017 -11696 12283
 -1203 -11670 12188
 -1146 -11728 12167
 -1054 -11765 12260
 -1153 -11783 12225
 -1057 -11742 12364
 -1099 -11760 12501
 -930 -11784 12344
 -1165 -11915 12222
 -1014 -11898 11973
 -1078 -11938 11978
 -925 -12109 11997
 -1246 -11978 12049
 -1242 -12104 12187
 -997 -12110 12483
 -166 -11938 11436
 -901 -11726 11676
 -755 -12061 12257
 -1013 -12258 12706
 -76 -12168 11846
 -929 -11620 11714
 -912 -11777 12397
 56 -12071 12727
 -2364 -10839 12649
 1228 -12035 12100
 -1705 -10614 12701
 346 -9285 15044
 388 -9530 13615
 -1003 -8506 15624
 495 -10651 12204
 1073 -7710 15403
 151 -7857 15136
 -829 -5399 15669
 2330 -6557 15453
 268 -5471 15322
 2019 -6392 15774
 1084 -4924 17388
 1545 -5660 16724
 2393 -4519 15883
 1550 -4769 15826
 2588 -4733 15863
 2012 -4065 16200
Repetition Start
 1556 -4117 16270
 2653 -4425 16111
 2055 -4071 16289
 2048 -4342 16067
 1835 -4105 16236
 2121 -4003 16036
 2223 -4317 16290
 1983 -4267 16366
 2294 -4208 16826
 2574 -4331 16753
 2777 -4001 15069
 2226 -5546 15203
 1643 -5099 16425
 2403 -4717 16214
 1365 -3840 14019
 387 -4252 15113
 -3387 -2636 15421
 2605 -8901 17538
 1955 -5383 15307
 -142 -5183 15738
 691 -5726 15143
 1645 -6232 15050
 1234 -5992 15585
 588 -5157 15504
 2717 -6247 15592
 578 -6204 16184
 -286 -5233 15938
 1601 -3982 15146
 674 -4323 15946
 294 -4481 15840
 1205 -5629 17187
 1189 -3599 15639
 212 -2928 15202
 -421 -3261 16175
 -185 -3126 16107
 -44 -2667 16544
 677 -2581 16506
 158 -3738 16763
 784 -2866 16302
 312 -3305 16298
 1136 -2987 15261
 810 -3236 16699
 1161 -3519 16739
 497 -3423 16519
 528 -3042 15863
 377 -3930 17017
 -176 -3590 17477
 1499 -3262 18617
 1795 -3563 17314
 1697 -2633 16974
 2965 -2371 15874
 1992 -2492 14866
 503 -3958 15463
 867 -6441 14431
 -663 -5068 15296
 344 -5735 14482
 -264 -6184 15653
 692 -7082 15373
 371 -6862 15553
 594 -8047 14852
 144 -7489 15353
 -170 -7875 14870
 283 -8570 14558
 -604 -9293 14357
 124 -9034 13854
 -929 -8759 14928
Repetition End
0
 -944 -8646 14790
 -448 -9172 14114
 -846 -9899 14608
 -2 -9331 13559
 -392 -9532 14078
 -153 -9351 13921
 -15 -9688 14234
 -406 -9545 13634
 -43 -10182 14363
 536 -10370 13594
 -110 -10485 13218
 36 -10609 13459
 90 -10787 13780
 -542 -10365 14326
 13 -10393 13557
 748 -10350 13030
 357 -10571 12899
 -354 -11203 13517
 -56 -10709 12704
 255 -10926 13234
 913 -10751 13482
 637 -11226 13266
 438 -11009 13345
 148 -10944 13216
 431 -10808 13080
 584 -11059 13298
 269 -10950 13160
 525 -10932 13143
 -18 -11091 13110
 224 -10548 13144
 687 -10499 12918
 -193 -10868 13363
 -32 -11026 12839
 113 -10559 13100
 -396 -10536 13366
 301 -10460 13324
 754 -10753 13844
 749 -10559 13508
 -999 -8312 12857
 1491 -10268 15227
 -594 -8859 13228
Repetition Start
 807 -10017 13979
 634 -9443 13709
 358 -9178 14305
 572 -8546 14330
 893 -8962 15033
 190 -8347 14311
 1075 -8130 14385
 1202 -7987 14311
 1375 -8287 14502
 1756 -7368 14553
 -1345 -7346 15272
 -365 -7474 15738
 -411 -7569 15919
 -321 -6139 15078
 821 -6311 16167
 -889 -7042 16969
 -677 -5120 15980
 191 -5039 16063
 -543 -3469 15714
 -330 -3167 16579
 651 -1747 16050
 153 -1516 16404
 118 -1282 17052
 993 -1306 16903
 2019 667 17227
 2566 2032 17221
 1467 2535 16433
 1022 2134 16255
 -598 2873 16986
 6625 4982 14622
 1652 4768 15772
 2824 5442 16407
 4115 5606 16963
 6872 5452 15026
 5015 4874 15290
 3457 2292 15877
 3040 1733 14798
 4230 1667 15168
 1420 -1098 13680
 2010 -6104 13470
 424 -8161 13093
 -1231 -8834 12604
 330 -9328 13550
 555 -9691 13356
 -2053 -11735 14005
 3102 -10104 13038
Repetition End
0
 -1990 -11205 14365
 -1639 -10720 13383
 -757 -12162 13199
 -1226 -12103 12543
 -470 -11387 12012
 -2511 -11130 12500
 -3007 -11720 12397
 -605 -11461 12290
 -1538 -10971 11685
 -2348 -11063 12760
 -1537 -10838 12889
 -411 -11402 12523
 -1175 -11168 12868
 -1928 -11604 12668
 -1603 -11382 12206
 -1217 -11460 12375
 -1369 -11616 12684
 -562 -11708 12494
 -993 -11463 12349
 -1121 -11354 12515
 -60 -11626 13333
 240 -11496 11922
 -271 -11373 13240
 806 -11644 12869
 -951 -10931 12537
 -262 -10628 13689
 722 -11045 12804
 262 -10994 13280
 -39 -10587 13263
 115 -10732 12846
 -486 -10558 13344
 261 -10844 13151
 -22 -10627 13354
 -399 -10451 13310
 193 -10631 13119
 -408 -10515 13193
 -554 -10449 13747
 -1504 -10474 13375
 -849 -10719 13640
 -2136 -10404 15478
 835 -11464 15145
 3784 -8970 13090
 7483 -9936 8527
 -2233 -10389 13015
 3620 -12550 11640
 1817 -11280 12331
 1133 -11453 14506
 783 -7455 13265
 -2238 -8609 14708
 55 -12008 16600
 -534 -10008 15680
 -5059 -7178 12635
 -3082 -8337 13904
 1994 -9704 14006
 -2525 -10233 15467
 -1951 -8824 12417
 -1764 -8202 13183
 393 -9396 12604
 -3200 -7813 13341
 394 -12308 11741
 -6041 -10689 15660
 -2361 -6306 11295
 141 -3685 10299
 4520 -9317 13804
 6454 -16768 14565
 5460 -7968 9856
 3269 -7723 3667
 -9754 -10425 11795
 -23056 -21055 27663
 -1280 -10368 11088
 -10151 -6710 11119
Repetition Start
 -6511 -7089 10707
 -2876 -13584 12755
 1795 -8889 12996
 -1055 -9938 13094
 -3468 -9769 12816
 -398 -9978 12581
 854 -10850 13678
 1491 -11365 12728
 747 -9256 12741
 1781 -7290 13806
 1319 -2932 12172
 2813 2665 11251
 2669 4129 19125
 -3860 -2728 -7191
 -3683 -4453 17076
 -1101 -2501 17602
 -1181 -646 14062
 1705 750 17207
 1523 -2188 16970
 476 -1929 17676
 2621 594 15261
 374 -1014 15886
 -938 428 17189
 135 -1596 16226
 473 -2220 15774
 -300 -1111 16696
 -272 1185 19436
 -2602 839 16606
 2153 792 18133
 3220 2210 15822
 4017 5618 14791
 2491 6983 15056
 3043 7216 14858
 3885 6882 10537
 2920 10715 10602
 4244 11053 13138
 3406 9862 10692
 5644 10220 8887
 4974 12548 10562
 3725 12116 9882
 9590 14623 8318
 -702 6134 12229
 4809 10883 11660
 4261 8344 12262
 4174 7785 11617
 4621 10227 9555
 3703 9198 11172
 5847 10679 11545
 5466 11489 9599
 5809 11974 10966
 5464 10669 11676
 2153 9786 14689
 4728 5592 14870
 9310 5101 12648
 9320 3024 11270
 -8219 79 23181
 3816 3529 14748
 4761 -3763 15705
 295 -2188 14937
 4617 359 12896
 3882 -962 17065
 712 -4355 15645
 522 -6120 14786
 1202 -5532 16093
 2021 -6623 15175
Repetition End
0
 1684 -6995 16359
 -2511 -7364 14569
 574 -9292 13988
 795 -7977 13515
 -537 -10018 14582
 -1768 -9449 14132
 146 -10929 13330
 1501 -9132 12484
 -334 -10231 13981
 1909 -11016 12875
 -508 -10125 14044
 -196 -9022 14688
 526 -10117 14171
 378 -10222 13019
 -1305 -9166 14067
 -827 -9592 13671
 826 -10116 14043
 -318 -9759 13985
 -957 -9554 13947
 -11 -9876 14064
 459 -10053 13933
 181 -9869 14025
 -595 -9936 13629
 -507 -9775 13711
 -174 -10009 13807
 22 -9509 14122
 -471 -9418 14125
 -290 -9437 13660
 -504 -9518 14143
 -555 -9467 14085
 -129 -9319 13988
Repetition Start
 -456 -9496 14131
 -419 -9472 14041
 -431 -9548 14093
 -39 -9623 14312
 -642 -9729 13630
 -438 -9717 13617
 -357 -9669 13737
 -350 -9428 13884
 -208 -9466 14431
 -316 -9486 14347
 -379 -9194 13902
 -404 -9410 14481
 -514 -8957 14627
 -62 -8872 14103
 -474 -8897 14083
 -405 -9019 14345
 -293 -8901 14289
 15 -8687 14265
 233 -8546 14756
 -218 -8631 14481
 110 -8412 14200
 244 -8285 14829
 -153 -7483 13711
 -252 -6410 13569
 -751 -6431 15066
 1629 -7693 14192
 777 -7443 14470
 1985 -4603 14540
 322 -7256 17388
 -2892 -7348 14829
 1322 -6967 12688
 906 -3242 14439
 236 -1723 13476
 1705 -215 14851
 1486 -1868 12594
 2135 -1195 11986
 538 -7140 11361
 11196 20435 -5587
 1325 12165 21354
 145 -6420 23364
 263 261 15353
 -1567 -2528 17395
 1669 -1519 16100
 2126 -1387 16632
 1323 -2632 16359
 811 -1661 16438
 1420 -1512 16377
 -93 -1541 16683
 -90 -1107 16614
 304 -2459 16716
 46 -1807 16563
 383 -1133 16495
 620 -2344 16389
 571 -952 16355
 712 -1509 16444
 699 -476 16483
 790 -3141 16647
 1812 -4099 16990
 470 -2533 15832
 202 -2503 17269
 -147 -2564 16465
 1021 -2829 16169
 1295 -1081 15104
 133 -2753 15993
 -64 -3811 18092
 574 -1987 16116
 283 -2671 16443
 863 -2453 15930
 98 -1500 15985
 7 -2063 16733
 229 -1444 16279
 347 -1680 16570
 291 -750 16463
 159 -356 16323
 -180 -330 16391
 -347 363 17097
 -449 495 16388
 969 -240 15971
 651 418 16531
 670 499 16934
 823 241 17336
 2140 1934 16604
 1714 1631 16274
 2271 3415 14548
 1293 7070 13149
 2215 6180 13365
 2788 6024 16167
 1973 4575 16591
 1734 3178 15082
 3983 5036 16548
 2860 7062 15703
 3645 8763 15039
 4556 10334 13995
 3905 10147 12033
 5474 10019 9466
 4826 12418 7991
 5429 9218 9997
 7197 12377 8525
 4314 8491 10036
 4839 8864 8878
 4664 6971 9460
 5205 11536 8887
 7709 13427 11008
 4557 10335 10022
 4964 9433 10222
 5919 11388 9724
 5446 10266 10441
 6005 11206 9409
 5717 11768 10139
 5297 11073 10325
 5575 12327 11288
 7416 12280 9729
 5723 9395 11242
 6696 10428 11744
 6291 7004 12198
 8204 8419 12541
 6953 8760 13964
 1662 4327 14221
 2726 72 15381
 4756 465 16605
 2418 -38 15699
 3265 63 15734
 694 -3697 15488
 1092 -3568 15990
 3740 -3324 14955
 4135 -6058 18580
 3928 -5362 15487
 6081 -5144 12469
Repetition End
0
 701 -8349 16302
 470 -8978 13558
 2537 -9143 13650
 755 -9335 14193
 622 -9411 13750
 368 -9450 13608
 402 -10732 13413
 65 -11185 13111
 -617 -10332 12735
 585 -11250 12815
 -446 -11196 13382
 -69 -11007 13526
 542 -10346 13124
 19 -10388 14511
 22 -10564 13994
 -12 -10342 13919
 -380 -10123 14086
 392 -10281 13509
 678 -9547 13314
 548 -9659 14186
 -111 -9310 13346
 -45 -8722 14024
 441 -9021 15044
 789 -8562 15115
 1493 -8330 14456
 1146 -8736 14302
 263 -8294 14744
 1321 -8425 14289
 -239 -7233 14361
 711 -7131 14781
 2831 -7566 15483
 1253 -6525 15293
 377 -6476 16716
 2176 -6653 14926
 70 -6291 14398
Repetition Start
 2489 -8050 15757
 1777 -5501 13262
 3186 -4985 13815
 960 -5786 16029
 2670 -6329 15366
 3733 -3863 12632
 2036 -2197 13539
 2185 -786 12202
 122 -2627 13401
 997 -2637 8566
 -31402 -2551 32767
 -6565 -11868 6844
 -5967 -8178 14947
 804 4484 13434
 -425 597 18020
 -228 -2811 16711
 1446 -1823 15905
 865 -2566 16181
 184 -3066 16446
 285 -1829 16665
 838 -1158 16147
 -288 -1702 16365
 158 -1753 16274
 790 -1291 16482
 320 -1312 16417
 811 -1277 16296
 849 -1777 16759
 -221 -663 16495
 15 -1842 16778
 621 -1325 15360
 530 -1607 16729
 273 -1707 16647
 374 -1447 16365
 215 -1594 16341
 -525 -1510 16277
 -492 -1175 17168
 1236 -613 17462
 -2647 -1808 16006
 -91 -774 16926
 -1393 -742 16123
 -207 -734 16358
 -1368 -301 16181
 95 -286 16417
 -48 -180 16379
 -91 162 15917
 -588 -837 16781
 -229 -261 16299
 345 -403 16355
 -140 -78 16097
 840 -413 16101
 176 -344 16598
 -445 -98 16144
 -240 -909 16507
 -828 -214 16896
 -465 -458 16408
 -654 46 16682
 -398 1175 15833
 126 545 16377
 83 162 16167
 -859 66 16426
 -468 346 16370
 736 -676 16564
 -432 -752 16807
 277 -983 17593
 -2339 932 19074
 149 2173 16177
 507 4458 15171
 2893 8713 16035
 3218 8913 14680
 5299 8651 11344
 3195 9606 10146
 2314 9376 9774
 6912 9121 8307
 4413 14585 7479
 5692 12217 8260
 6477 12698 9689
 7189 12238 10764
 5044 9720 8028
 8006 10938 8289
 4454 10993 9223
 7020 9844 13670
 6086 9918 14056
 5167 3911 14865
 3665 3118 10645
 4084 2629 17631
 1887 1764 15631
 1606 -1493 15074
 468 -3909 14035
 21 -5944 13622
 1487 -6310 15691
 903 -5185 15781
 -829 -7934 16020
 -1809 -6492 15973
 2428 -11669 19907
 1057 -9936 13033
Repetition End
0
 8398 -10392 9777
 6297 -8190 10148
 909 -8114 12946
 682 -12617 14638
 -5366 -8910 15113
 1970 -10299 10215
 3614 -12148 12395
 -2706 -10704 11208
 -2156 -12416 11990
 -3786 -9606 13195
 105 -11040 12156
 -2114 -10046 14671
 -1832 -9979 14843
 -2845 -9396 11880
 -2527 -9550 12912
 -1921 -9126 14219
 -2491 -8759 14081
 -877 -9997 13585
 -256 -9339 12197
 -35 -9104 14865
 -443 -9969 14901
 -2719 -8553 14878
Repetition Start
 -1790 -8429 14208
 -1229 -8748 13677
 1289 -9598 13381
 -636 -9920 13694
 -2138 -8539 15117
 -2265 -9878 14629
 -2162 -9770 14282
 907 -11540 14179
 2886 -9406 13292
 4794 -9767 11905
 1958 -9690 13136
 1056 -10320 13419
 -6015 -16086 16909
 -2227 -8551 12902
 1848 -8938 12345
 1922 -12054 14159
 1852 -12514 16264
 -2687 -11061 8312
 -2316 -6439 12040
 -5820 -4660 13246
 -4975 -4150 12852
 -3371 -6148 13749
 -890 -5532 10658
 3809 -2409 9793
 -2921 -11499 12632
 84 -11243 12611
 2132 -10935 12538
 -933 -10153 13188
 4172 -12005 12573
 2562 -11263 12895
 596 -11798 13297
 1032 -12432 13148
 2151 -11475 13211
 241 -10818 12431
 -363 -11052 13144
 -270 -10306 13675
 -931 -10800 14053
 -455 -10523 12792
 -145 -10658 12778
 16 -10857 13180
 -418 -10497 13309
 700 -10677 13504
 -766 -10851 12694
 -855 -10408 13030
 -260 -10822 12331
 -748 -10036 11967
 -215 -10899 14590
 -640 -10234 14639
 -767 -9768 13490
 -845 -10084 13973
 -324 -10527 13425
 -1245 -10367 13890
 -537 -10316 13534
 -947 -9895 12854
 -637 -10713 13329
 -1336 -10646 13772
 -907 -10580 13112
 -961 -10287 13019
 -1053 -10547 13181
 -1120 -10449 13061
 -759 -10553 13291
 -1316 -10811 13476
 -825 -10717 13498
 -1140 -10801 13613
 -762 -10568 12961
Repetition End
0
 -1541 -10439 13210
 -1105 -10547 13472
 -977 -10797 13361
 -854 -10401 13254
 -887 -10413 13494
 -1063 -10406 13621
 -1395 -10069 13892
 -1061 -10419 13217
Repetition Start
 -363 -9774 13491
 -392 -9874 13725
 -530 -9994 14243
 -55 -8728 13823
 64 -8610 13428
 217 -8816 13177
 -58 -6714 13467
 507 -7538 13976
 530 -6952 14804
 1998 -8412 15302
 1762 -6895 15488
 3473 -6526 15106
 786 -5240 6059
 2044 -3382 3528
 6791 -6350 12175
 3949 32226 18718
 -453 -2544 -965
 -3661 -8700 20834
 -414 1982 11376
 -1794 -4770 16452
 1348 -894 16966
 1531 -3333 16226
 1188 -3821 15655
 391 -4135 16521
 14 -3667 16368
 -636 -3286 16179
 -685 -2580 16582
 -412 -2686 16227
 -274 -2577 16381
 36 -2953 16367
 -75 -2963 16363
 -67 -2774 16232
 215 -2518 16241
 -136 -2685 16564
 -438 -2949 16318
 -114 -2933 16170
 -141 -2694 16288
 -332 -2512 16481
 -32 -2556 15950
 -222 -2719 16468
 -558 -2395 16366
 -231 -2585 15766
 -300 -2843 16842
 -254 -2673 16020
 -110 -2995 16741
 -411 -3108 16350
 -178 -2879 16512
 -277 -2746 16346
 -278 -2967 16433
 -497 -2821 16319
 -430 -2829 16529
 -230 -2693 15805
 -307 -2884 16646
 -282 -3251 16514
 -310 -2609 16148
 -420 -2632 15924
 -784 -2723 16508
 306 -2927 15560
 -8 -3246 16748
 -140 -3655 16236
 -455 -2921 15958
 157 -4040 17185
 -827 -3496 16231
 -536 -3292 15348
 451 -3884 15970
 1453 -3914 16927
 991 -3796 15807
 -388 -3650 16448
 -763 -2580 15986
 -393 -2850 16473
 -1098 -2575 16205
 493 -2980 17048
 667 -3055 17362
 96 -2201 17173
 -1921 -1114 16469
 2266 -642 15923
 3632 -509 16193
 1969 403 14992
 2902 3402 15999
 2154 4640 15829
 3035 4989 14755
 1978 5945 14536
 2242 5743 14235
 3145 6547 14780
 3184 6875 16694
 3276 5893 14639
 3441 7035 14152
 3264 7431 13463
 3515 8660 13536
 4061 7658 12646
 4969 9776 11988
 4618 9508 10827
 5460 10643 10001
 6633 7689 9478
 5731 13826 9994
 4688 11552 9672
 5007 11233 8881
 5619 10974 9435
 5229 11774 10224
 5487 10085 7805
 5143 10042 9538
 7132 11384 8481
 7403 12921 8364
 6125 12685 8892
 4683 12893 13709
 6136 11635 8845
 7983 11381 8865
 3683 7611 7862
 6240 9218 12367
 6446 9343 11835
 6681 6135 13573
 7153 7451 10149
 3422 7794 15435
 2849 3941 15030
 2353 2426 16503
 1850 -1151 17808
 808 -2908 14567
 1738 -5115 15736
 3733 -5485 15666
 4375 -4654 14493
 4170 -6690 13642
 2142 -7245 14698
 -1348 -9145 18383
Repetition End
0
 1351 -9240 13134
 -640 -10438 13299
 -180 -11313 12991
 604 -11535 12457
 -658 -11185 13415
 -638 -11456 14456
 -1230 -11335 12399
 -341 -11312 11719
 -2 -11857 12785
 109 -10895 13818
 185 -11174 12348
 -54 -10688 12820
 -293 -11040 13172
 -1131 -10947 12964
 -1012 -11382 12550
 -569 -11650 12851
 -626 -11579 12680
 1015 -11917 11801
 388 -12261 12148
 510 -12178 12243
 -210 -12125 12613
 -172 -11928 12591
 -656 -11698 12559
 -64 -11770 12605
 308 -11761 12767
 -1148 -11393 12302
 -741 -11140 12307
 13 -11828 12512
 33 -11588 12876
 -338 -10857 12599
 -402 -11574 12504
 -326 -11375 12610
 -240 -11487 12888
 -721 -11185 12880
 -629 -11060 12842
 -48 -11363 13084
 -998 -11118 12533
 -886 -11113 12384
 -735 -11349 12595
 -756 -11500 12612
 -615 -11583 12354
 -1083 -11487 12783
 -436 -11767 12565
 -611 -11610 12573
 -252 -11713 12589
 -1339 -11528 12521
 -815 -11794 12592
 -697 -11690 12261
 -902 -11551 12409
 -842 -11612 12717
 -653 -11606 12570
 -686 -11533 12494
 -766 -11391 12530
 -942 -11456 12718
 -756 -11245 12613
 -554 -11438 12591
 -584 -11408 12626
 -764 -11444 12614
 -1009 -11339 12623
 -657 -11729 12848
 -215 -11505 12320
 -811 -11016 12649
 -166 -11954 13154
 -1098 -11288 12393
 -799 -11319 11974
 -574 -11492 12571
 -1048 -12136 13597
 -657 -11600 12893
 -1426 -11327 11896
 -1587 -12289 10902
 -568 -12115 11198
 -1128 -11978 12467
 -2375 -11847 12741
 -1954 -11595 12464
 -1026 -12092 12609
 -1151 -12077 12147
 -1524 -11896 11982
 -1715 -12035 12023
 -1430 -11933 11731
 -1034 -11913 11810
 -1241 -11928 12348
 -1443 -11877 12145
 -1984 -11587 11780
 -612 -11613 12963
 -1004 -11321 13383
 -1663 -11032 13667
 -1505 -10622 13333
 -704 -10365 12333
 -897 -10949 13055
 -860 -10897 12447
 -1042 -10804 13266
 -671 -10838 12939
 -619 -10554 13143
 81 -10585 13539
 -361 -10377 13674
 -204 -10484 14014
 -508 -10031 13494
 -1299 -10252 13365
 -479 -9997 13393
 -917 -9723 13249
 -518 -10806 14286
 -547 -10666 13660
 853 -10734 13732
 661 -10629 14541
 781 -11358 13886
 1467 -9623 13429
 811 -7603 14191
 2003 -7756 15078
 1725 -7115 13867
 747 -6658 12877
 968 -7523 9822
Repetition Start
 2290 4434 3419
 83 -1975 19017
 -1663 32767 32767
 -8810 -32482 32194
 -2594 -6171 17205
 1957 99 15883
 -1933 -4938 13412
 449 -16 18102
 1198 -933 17050
 2266 654 16486
 1453 -1058 16092
 1290 -1817 16582
 868 -2350 16478
 418 -1979 16660
 1194 -1349 16391
 509 -636 16309
 1052 -572 16485
 1306 -290 16457
 1839 -1501 16253
 979 -1123 16401
 809 -1203 16519
 590 -1032 16311
 482 -967 16460
 387 -728 16433
 252 -688 16467
 234 -565 16405
 336 -678 16428
 169 -665 16342
 207 -497 16510
 497 -862 16627
 152 -196 16336
 104 -521 15692
 109 -393 16286
 -108 -420 16531
 -392 -501 16102
 -222 -1051 16429
 337 -1184 16507
 -1354 259 16455
 665 941 16748
 -718 -1956 17705
 2366 -3261 22723
 -5333 7047 19829
 1237 3980 15224
 1012 8338 14568
 1958 9692 12338
 3725 9772 12296
 3707 10732 10370
 3585 11112 8574
 6573 11120 8861
 7759 10442 7944
 3786 10754 8744
 5845 9504 6817
 7684 9397 7338
 7402 12317 9002
 7361 11451 8046
 5753 10759 9798
 10399 11851 8104
 -703 12114 14007
 3807 12153 10214
 7742 9979 7543
 5712 10101 9054
 4810 10967 9027
 6593 10446 9436
 4778 11619 10180
 5243 11465 10292
 6451 10707 10307
 5852 10669 9833
 5496 10859 9755
 5882 11390 9679
 6272 11073 10646
 6308 10831 10514
 6246 11303 10086
 3134 8977 9706
 7250 11489 13154
 7312 8685 11749
 5664 8384 11515
 6228 8811 13446
 5396 7646 13886
 4356 5228 13881
 2335 2181 14349
 4186 3754 15474
 3002 2386 14484
 3541 2333 14807
 3197 2411 15661
 2880 2066 16123
 2334 735 16514
 2934 2100 16389
 1398 913 16105
 3140 745 16605
 1853 0 16974
 1747 -981 16897
 2757 -2632 14776
 -182 -4135 16795
 200 -3014 17306
 34 -3726 15982
 -289 -4995 15219
 358 -6089 14858
 214 -6033 15441
 -19 -6285 16018
 710 -5390 16277
 -1567 -5142 17360
 -741 -5716 15492
 -8 -6716 14239
 -393 -5828 15229
 -788 -6616 15430
 -565 -6028 15691
 -381 -5692 15587
 -141 -5378 17020
 1947 -6353 14487
 2162 -5075 15591
 2663 -4815 15584
 2435 -4708 16627
 -1237 -4881 18266
 832 -6638 16378
 3420 -5084 14235
 222 -6157 14587
 338 -6292 14795
 574 -6837 15583
Repetition End
0
 1794 -6370 14754
 511 -6023 16041
 1380 -5747 15267
 3763 -7587 16413
 298 -8217 16268
 -1232 -6319 12591
 2553 -7248 16600
 -451 -4758 17617
 -2183 -4376 14587
 1935 -5982 14252
 720 -4916 15347
 -1315 -3596 16399
 790 -3023 14933
 842 -5661 16405
 3743 -6751 16752
 415 -5596 16183
 801 -4986 15197
 2918 -6581 16383
 1056 -4730 16230
 1938 -4911 16367
 2724 -4854 15535
 1889 -4964 15981
 2045 -6667 15847
 3170 -4386 15121
 2994 -5732 14993
 63 -7120 17064
 1485 -6784 15194
 2829 -6086 14543
 972 -5366 18058
 -1614 -4627 17989
 446 -8148 14342
 -1685 -10718 11298
 -2112 -11327 10849
 -711 -11358 12773
 -2030 -12625 11655
 -218 -12886 10828
Repetition Start
 -995 -12070 10523
 -1317 -12724 11999
 1154 -12824 12297
 200 -12381 12052
 -621 -12914 12434
 1506 -12936 10249
 -1303 -12599 10817
 1956 -13042 12326
 -1089 -11255 13253
 525 -11438 12474
 104 -11481 12880
 -420 -11859 12339
 -63 -11985 11724
 -154 -10442 12491
 138 -11135 13177
 -295 -8127 14245
 -572 -8626 14333
 223 -6408 12900
 943 -6042 13463
 1505 -9977 12917
 2609 -8819 11496
 -2654 -10616 12351
 -2173 -9661 14289
 1293 -8240 15035
 264 -7246 14941
 821 -5892 14594
 827 -8028 17421
 37 -6986 16353
 3136 -9672 17382
 2394 -9910 16738
 95 -8833 15719
 -334 -9297 14782
 -201 -10358 13494
 -87 -10302 13348
 38 -10096 13796
 -297 -9930 14794
 -1266 -8792 17271
 -9 -9489 18379
 -246 -8744 17231
 3416 -7510 16013
 4287 -6953 14281
 3524 -7317 14499
 4270 -6896 15364
 2445 -6239 18006
 -3052 -11133 7521
 -22 -6646 13118
 8403 -9579 15872
 -3988 -7440 12765
 -1416 -17234 4304
 -134 -11298 8620
 -2331 -11262 9872
 898 -11021 12855
 2690 -6319 17197
 -753 -10005 14137
Repetition End
0
 -264 -10740 11907
 198 -10459 12975
 493 -10924 14382
 655 -10859 13319
 -918 -10938 12855
 -312 -11604 12664
 274 -11775 12481
 243 -12031 12462
 -120 -11978 12350
 -570 -11872 12212
 -495 -12170 12211
 -433 -12155 12215
 39 -12129 12204
 -211 -12162 12135
 -753 -12349 12084
 -203 -12465 12128
 175 -12449 12430
 326 -12625 12158
 -913 -11977 11268
 -1276 -12294 11896
 -519 -12350 11577
 -324 -12259 11712
 -510 -12341 11878
 -452 -12079 12065
 -250 -12265 11990
 -300 -12170 12102
 -647 -12078 12150
 -596 -11984 12008
 -359 -11217 11795
 -515 -10876 11627
 -192 -10667 12209
 526 -10546 14750
 235 -9775 13826
Repetition Start
 1742 -8528 13864
 385 -7836 13604
 1591 -8850 14122
 1318 -6265 13091
 -439 -4477 12459
 1645 -4709 11428
 3564 1570 6059
 4714 -7441 16858
 -539 -8854 8746
 -14292 -32768 16293
 1372 6970 24764
 -1185 -5372 13269
 917 -197 15821
 1686 -1890 17150
 3225 -208 16554
 2903 993 16533
 1694 -558 16174
 1614 -1303 16615
 1324 -1958 16507
 420 -1497 16642
 80 -852 16826
 771 -1029 16341
 1451 -297 16611
 3331 -2092 16908
 1788 -1547 17728
 1086 474 17005
 -343 3354 16337
 -917 4117 17596
 5422 4866 11829
 -871 9596 9962
 -2833 11643 12572
 -3875 11523 12569
 100 12241 12587
 1643 10623 12499
 1305 10327 11604
 53 8656 14060
 1255 5888 13112
 -780 7166 14525
 441 5975 17471
 -1316 1952 16493
 -3363 -4125 12310
 -5448 -4077 11911
 -7366 -1237 14059
 -4077 -1430 12961
 -5791 -2200 12640
 -1555 653 16668
 -10503 -3819 14175
 -6610 -2752 14482
 -4506 -8428 14002
 -4621 -7645 12810
 -4934 -6223 12775
 -4328 -6513 15116
 -5009 -6068 14317
 -7655 -5976 16983
 -7578 -5981 17589
 -5026 -5553 17963
 -1633 -5446 15931
 -1204 -3038 15398
 10090 -5605 12102
 12128 655 12062
 2478 5225 12053
 2338 6446 11859
 7042 9878 12036
 5536 9998 10227
 5752 11600 9936
Repetition End
0
 5204 12013 8595
 3687 11603 7666
 4776 12774 7369
 4642 13324 6542
 4551 14242 6415
 4381 12959 5848
 4279 12894 4978
 4400 14663 4546
 4783 14603 3894
 4089 13967 3347
 4252 14165 1117
 3960 15201 -331
 5479 16358 -1991
 5010 14204 -1569
 5130 14483 -2151
 5229 14971 -2713
