Repetition start
0.412231445312
0.443908691406
0.428771972656
0.581726074219
0.610107421875
0.587951660156
0.720825195312
0.624328613281
0.558227539062
0.654296875
0.673950195312
0.691223144531
0.725463867188
0.665344238281
0.245300292969
0.253479003906
0.139282226562
0.2109375
0.117614746094
0.0814819335938
Repetition end
0
Repetition start
0.0917358398438
0.332153320312
0.322631835938
0.209838867188
0.443908691406
0.293273925781
0.447143554688
0.485168457031
0.505737304688
0.492797851562
0.250854492188
0.573486328125
0.153259277344
0.0673217773438
0.0443725585938
0.347106933594
0.658203125
0.466857910156
0.1396484375
0.15478515625
Repetition end
0
Repetition start
0.118896484375
0.031982421875
0.0792236328125
0.192749023438
0.0111083984375
0.133056640625
0.0059814453125
0.27880859375
0.370971679688
0.359252929688
0.329711914062
0.823669433594
0.641418457031
0.357666015625
0.371337890625
0.239379882812
0.0619506835938
-0.095458984375
-0.0160522460938
-0.00860595703125
Repetition end
0
Repetition start
-0.132019042969
-0.0679931640625
-0.0916137695312
0.0272216796875
0.203552246094
0.195373535156
1.06964111328
1.13391113281
1.28820800781
1.29345703125
1.30450439453
1.16479492188
1.49542236328
1.53363037109
1.63140869141
1.62683105469
0.764526367188
-0.0681762695312
0.0703125
-0.139221191406
Repetition end
0
Repetition start
0.104064941406
-0.0349731445312
-0.154357910156
-0.155578613281
-0.18212890625
-0.124328613281
-0.104553222656
-0.145141601562
-0.196411132812
-0.252319335938
-0.289916992188
-0.313049316406
-0.291015625
-0.301818847656
-0.309143066406
-0.308471679688
-0.351135253906
-0.339233398438
-0.345336914062
-0.348693847656
Repetition end
0
Repetition start
-0.08203125
-0.08203125
-0.0990600585938
-0.0081787109375
0.591552734375
0.07470703125
0.348449707031
0.447570800781
0.0679321289062
-0.108703613281
-0.528076171875
-0.528076171875
-0.476440429688
-0.410766601562
-0.242004394531
-0.239562988281
-0.243041992188
-0.328735351562
-0.3388671875
-0.371765136719
Repetition end
0
Repetition start
-0.288208007812
-0.292053222656
0.00567626953125
0.122497558594
0.0947265625
0.104370117188
0.154113769531
0.187255859375
0.506286621094
0.45849609375
0.337341308594
0.531066894531
0.398071289062
-0.101379394531
-0.347045898438
-0.336364746094
-0.168823242188
-0.287231445312
-0.23876953125
-0.238342285156
Repetition end
0
Repetition start
0.0067138671875
0.0441284179688
0.414794921875
0.526794433594
0.297119140625
0.707397460938
0.97216796875
0.743347167969
0.792419433594
0.660827636719
0.975524902344
1.00006103516
0.0900268554688
0.219421386719
0.422058105469
0.0615234375
-0.257751464844
-0.372680664062
-0.364624023438
-0.336242675781
Repetition end
0
Repetition start
0.0820922851562
-0.0811157226562
1.66802978516
0.682189941406
1.17010498047
0.985961914062
0.977661132812
1.05822753906
0.997131347656
0.982849121094
1.2978515625
1.19549560547
1.55407714844
1.05303955078
1.75128173828
1.66070556641
1.39300537109
0.984802246094
0.674682617188
0.513793945312
Repetition end
0
Repetition start
-0.070068359375
-0.0755615234375
-0.0720825195312
0.177368164062
0.421081542969
0.454711914062
0.514770507812
0.5888671875
0.836669921875
0.836669921875
0.757690429688
0.171264648438
-0.563781738281
-0.727233886719
-0.477600097656
-0.0980834960938
-0.203430175781
-0.170227050781
-0.196899414062
-0.234252929688
Repetition end
0
