Repetition start
1.01839385953
0.99572539718
0.993929475196
1.00471484984
0.99607705495
0.997562152634
1.00035794565
0.978910387476
1.01263496344
0.99810311034
0.995971028865
1.01248493971
1.00008086906
0.994835543247
1.0030326029
1.00268592212
0.991416165758
1.00409635829
0.99043495735
1.00461390338
0.991188306503
0.970064171667
0.995853067754
1.01591249578
0.984910391729
0.987015654519
1.01022105396
1.0107087761
0.992528941134
0.998294609214
0.989567244131
0.993768003888
Repetition end
0
0
0
Repetition start
1.0513354935
1.10895410969
0.976551166469
1.04301103406
1.05108115904
1.01877753398
1.06780288053
1.08258587432
1.05717814553
1.05535916911
1.02208787439
1.06200594144
1.0626231606
1.06746945112
1.06427820151
1.07365176583
1.09076068445
1.11708042659
1.10629348185
1.10470026284
1.05683941655
1.08268529357
1.03896197033
1.07710824063
1.05233167756
1.00994181064
1.01814089715
0.926097182195
1.6148399335
1.14859301137
0.887113290137
0.993936225398
Repetition end
0
1
0
Repetition start
1.18125599205
1.09289418185
1.09277379545
1.05947022383
1.08108558542
1.02435091804
1.03902250586
1.03027597038
0.996707641072
1.08803158503
1.07450004016
0.990291339884
1.1128637652
1.14836009731
1.13623087038
1.11453135891
1.03455828724
1.04641773607
1.02940934633
1.02142459629
1.00866117525
1.03126229293
1.02019726349
1.09244914011
0.958359378697
0.873696861844
1.59555840974
1.34427607851
1.00429909067
0.806646469409
0.971754280179
1.07520189205
Repetition end
0
1
0
Repetition start
0.960866510669
1.19623419344
1.13661514708
0.984436262207
1.06035237259
1.06819197025
0.985434098657
1.06560279461
1.12877413033
1.05776434251
1.02322344871
1.07079557147
1.16177906343
1.08128259767
1.13944357115
1.23145281935
1.11885141294
1.17363014551
1.12542897232
1.11801481292
1.11448118226
1.10485824671
1.16055988425
0.956639246552
1.03902712202
1.02033918347
0.993791914377
1.02046430577
1.030883191
0.9983669018
1.02331252827
1.26851975567
Repetition end
0
1
0
Repetition start
1.14983920432
0.836456429654
0.962650373559
1.03143083547
1.14167726166
1.0111611553
1.03268619074
1.03688441637
1.03504391547
1.04019886992
1.10945822511
1.06319581066
1.06928313138
1.07585983807
1.11244080425
1.11585597237
1.11289434067
1.1290291683
1.08783477284
1.07824669891
1.06011360057
1.02288760635
1.06272355876
1.01608857982
1.03800597112
1.04760241146
0.992676473637
0.989925520695
0.892643316797
1.02554646716
0.790505819517
0.931046416364
Repetition end
0
1
0
Repetition start
1.07853986698
1.09206829382
1.04674297183
1.10399961576
1.00024849255
0.904181065157
0.993783198933
1.01497767066
1.0812051043
1.08370582163
1.11791494501
1.03787889865
0.974252266525
1.12679119368
1.00631635526
1.05944984032
1.16007741827
1.13295971473
1.13177085373
1.11433964161
1.10306883519
1.04480602478
1.03211879438
1.03422091891
1.02818792167
1.03059731586
0.982364448098
0.943756452358
1.49599731125
1.23493126214
0.892064355696
0.977283816021
Repetition end
0
1
0
Repetition start
1.18469939036
1.02829539893
1.02333530251
1.02765259434
0.945175357991
1.06542468572
1.03472202118
1.11494318573
1.11136166567
1.01587895923
1.11805444205
1.07168012278
1.05881754245
1.0509932687
1.11003437897
1.14431163321
1.15180159601
1.05029311949
1.12004971654
1.14813090144
1.03525718701
0.997922129963
1.0884075375
1.02658405608
1.04703944253
1.02970073927
1.04134771729
1.00259499319
1.00640375905
0.930541936141
1.11090319442
1.08292905626
Repetition end
0
1
0
Repetition start
1.3702044048
1.04944475258
1.04100217148
0.957331592765
0.907783548793
1.01005496928
1.06493833315
1.04842099398
1.01114346744
1.08772635975
1.07489637503
1.05302811171
1.08879337146
1.01938108091
1.0838469358
1.1060124836
1.12013313462
1.11243904448
1.07824988955
1.09573405353
1.09574664976
1.07302484924
1.06736507035
1.08532482298
1.01545280317
0.998776383863
1.07075497085
1.01983920376
0.98314680386
0.957161308715
0.910583080847
1.09747320733
Repetition end
0
1
0
Repetition start
0.983580688893
1.1762515455
1.0702707916
0.894641113614
0.972070481199
1.06042074539
0.983483122406
1.01608360463
1.05422916167
0.99410920946
1.04542561092
1.05342013365
1.1042533704
1.09666248216
1.0806212379
1.07552832973
1.13628076689
1.13812369112
1.09163700257
1.04013498428
1.05997222802
1.03562205289
1.04344626364
1.06565352133
0.983255178932
1.01577545849
1.13910941131
0.976695496086
1.05032304963
1.25006940768
0.931182928838
1.02889064721
Repetition end
0
1
0
Repetition start
0.97946451439
0.987406388656
1.04736958571
1.39498074017
1.04903612081
0.951981270616
0.940026823844
1.03596279105
1.10543969288
1.09338864079
0.975749915607
1.05468636619
1.01757919582
1.13024250065
1.04976663742
1.09566250724
1.13167722641
1.10976706884
1.11632502216
1.08748328358
1.08746747771
1.10916012207
1.0668959646
1.04819997877
1.04359095298
1.03461543657
1.0563696639
0.97688071979
1.07471345434
0.822406987704
1.04514061252
0.985310599966
Repetition end
0
1
0
Repetition start
1.21684044933
1.08932058876
1.21642786802
1.07601634215
0.930832540387
1.03444777122
0.999777132025
1.01319817774
1.08750853686
1.06248083343
1.05555481217
0.970284373571
1.07066629124
1.17414929476
1.01258117231
1.06895514375
1.13393789492
1.10203985091
1.12543121326
1.08083833771
1.05706168615
1.02372068571
1.03466707223
0.879200866911
1.03360817871
1.08316999551
0.989338625801
0.969796611334
1.30176483662
0.819206029712
0.923751081839
1.01853542547
Repetition end
0
1
0
Repetition start
1.08190888357
0.988188601663
0.99250051487
1.01731601202
0.997011601422
1.10296113422
1.04182621708
1.05865643551
1.02711958851
1.05564902945
1.00019988096
1.13667487522
1.05925592601
1.08840787121
1.08551842164
1.13721409718
1.15284724147
1.14071770677
1.12560914357
1.10780537237
1.05941486009
1.08706652659
1.05535052969
0.969380713694
1.0416027117
1.03531185816
1.0262345574
0.971497857031
1.2180070783
1.23964884596
0.817075616953
1.00805968203
Repetition end
0
1
0
Repetition start
0.946155274877
1.32725350734
1.22576129464
1.0327934091
0.964411994147
1.07046196583
1.03429838297
1.00160844537
1.08790884568
1.07385030323
1.01714250462
1.05798216252
1.11360009296
1.1060962682
1.13594286122
1.13463000966
1.08363999919
1.12334482802
1.05551573764
1.04119830291
0.990546848722
1.01178973365
1.00741528105
1.02845158695
1.00126020553
0.990042312325
0.999298993662
0.877080391993
1.14345505636
1.0754535462
0.975449656609
1.01714721826
Repetition end
0
1
0
Repetition start
1.01308248728
0.920423407421
0.959608152883
0.986834320631
1.08989749284
1.05378291757
1.08411615275
1.04784562179
1.07440439527
1.01927273312
1.02970883958
1.08373916361
1.0704459417
1.07826160346
1.09134885982
1.15838448743
1.12194154331
1.11079037567
1.09584609372
1.07483691722
0.994575424142
1.09208614803
1.07534227051
1.05858592527
1.00853645951
0.953356720554
0.846104130369
2.02837061556
1.07180175406
1.02616061955
1.04361517658
0.986962682726
Repetition end
0
1
0
Repetition start
1.11178877155
0.92339520059
1.08908767179
1.04342828585
1.07259573137
1.01726472425
1.03571417906
1.08808073201
1.00987453537
1.07008088523
1.16553426836
1.12306186998
1.09360772468
1.13823415578
1.13937418105
1.11349118746
1.10657987929
1.07552595538
1.11690642582
1.0609404745
1.05315775134
1.03844644095
1.01592930306
0.975143221429
1.00714648219
0.927627145694
0.940240769707
0.978692010298
0.958723792277
1.07568147082
0.827703008557
1.12457552326
Repetition end
0
1
0
Repetition start
1.1658782926
1.22676136749
1.44366610937
0.970082191879
0.98107356912
1.05259172998
1.09178947248
1.11906571495
1.06368704886
1.00388944181
1.04786243771
1.06423750977
1.14558322102
1.13506590404
1.13650840602
1.10820409104
1.07183678708
1.08907634283
1.11944480244
0.98994806014
1.01708378014
0.989562470651
1.03012010419
1.06196300351
0.950794419234
0.872449042942
1.40774590216
0.883586721283
0.757080840818
1.02222602791
1.36563396336
0.992814033289
Repetition end
0
1
0
Repetition start
0.922106739998
0.974409390574
0.973112983403
1.07699528018
1.09992796956
1.01492474881
1.05013999729
1.06455021862
1.03337760923
1.07900657754
1.12265590828
1.15159987185
1.10954303208
1.08811732247
1.07670907322
1.09102151666
1.09390021553
1.05069752718
0.940751182213
1.02799500286
1.05334803331
0.998849469547
1.03847879672
1.00873439231
1.03528091472
0.995178014901
0.952087349521
1.63635970345
0.879143006967
1.06779320097
1.01345845366
0.985884164283
Repetition end
0
1
0
Repetition start
1.14957548222
0.986844239369
0.944245315354
0.91784018164
1.00615529828
1.04620649394
1.03456713089
1.03820477664
1.04467499749
1.0784602076
1.06346096907
1.02387553771
1.04349048116
1.11568741357
1.09944284713
1.09672544083
1.1522343034
1.14137543363
1.10793470185
1.08884363021
1.07394496203
1.07878140667
1.00748324376
1.00580514002
1.02538089748
0.993382618355
0.994429836661
0.961852610992
1.01131562814
0.95657986876
1.55514052754
0.931327395295
Repetition end
0
1
0
Repetition start
1.08546235132
1.02078462707
1.05487081206
0.900227800902
0.956048854385
1.04358330312
1.0032753669
1.00807510511
1.09748878932
0.982800272424
1.12688506663
1.13614931952
1.10369523536
1.13572346154
1.12809357381
1.12129663499
1.11109374949
1.11900554794
1.0886635098
1.04571684963
1.06644210126
1.05274871717
1.01405368075
1.01067085383
0.971927388886
1.000301325
1.07884321961
1.01769727972
0.976366889436
0.981227055284
0.929740215057
1.03460198805
Repetition end
0
1
0
Repetition start
1.42778800676
1.29503807277
0.946270451397
0.915549279522
0.91005053336
0.994812311296
1.05955635624
1.03523751066
1.04676509572
1.09613833225
1.08767220481
1.14942157681
1.11878259035
1.0595471551
1.03665982757
1.0564913512
1.11607402886
1.09647341798
1.11722386074
1.10921650748
1.05434852557
1.06661573211
1.00365357243
1.02375013003
1.00402232809
1.0266659281
0.986007324775
0.974561049844
0.80247706213
1.03720334628
0.94440267262
1.00277950273
Repetition end
0
1
0
Repetition start
1.10861164681
0.976989256119
1.20857838668
0.845458744235
1.0436672165
1.06684517299
1.02356498412
1.00946504188
1.07883154481
1.07405574949
0.952391009609
1.00604612783
1.02017360855
1.05005355547
1.15536706792
1.17181869848
1.11790766046
1.13637023184
1.13210990921
1.08169091894
1.09253161723
1.07855113391
1.11896388671
1.03457538034
0.96728892665
1.0344536088
0.998533122986
1.072102609
1.54904381235
0.920261672613
1.086472527
0.593691073179
Repetition end
0
1
0
Repetition start
1.02332875715
1.11786475861
1.1936071017
1.04446253083
0.978749622227
0.971856615837
1.02515086504
1.04478137418
0.978942772153
1.05689510553
1.07856107614
1.0996435797
1.04392484532
1.12321719329
1.04264906295
1.13718206428
1.1314842494
1.10991596579
1.11932683897
1.0939245868
1.06923108915
1.06248209391
1.03625105957
1.0109034792
1.04638701958
0.978574851903
0.917336704914
1.01978309305
1.61964440992
0.791816207394
0.967863184581
0.968687134287
Repetition end
0
1
0
Repetition start
1.00337652228
0.999823876979
0.998836311498
1.02050744928
1.02050744928
0.99677505007
0.989359327946
1.00602888512
0.980831840809
0.970955157805
0.979595992729
0.979595992729
1.02684777403
0.943624591469
0.991334807826
0.962654835459
0.956728801815
0.964824572075
0.961291598774
0.994228381647
1.0051212899
1.0051212899
1.0051212899
0.989883482948
0.983440314938
0.983440314938
0.971843724806
0.992109642954
0.974221882589
0.974221882589
0.974232514781
0.991009173976
Repetition end
0
0
0
Repetition start
0.975296773814
0.998280098572
0.996995497165
1.01283200334
1.12368491748
1.08856693285
1.03455829804
0.90060130652
0.95529386506
1.03854711019
1.0110880845
0.977205920926
0.973444831554
0.983363727688
0.974869001663
0.999864630552
1.11970968408
1.09059561667
1.04046520941
1.07924706699
0.992477380278
0.946800011319
0.997368639965
0.994111900064
0.910174727764
0.847275699065
0.866608282342
1.1567283572
0.619006915652
1.0708318985
1.02707197308
0.948277907872
Repetition end
0
0
0
Repetition start
1.26107921572
0.373729844563
0.885474194967
1.001213243
0.993140300065
0.998032797473
0.95234489566
1.02244590814
1.03488161654
1.01831738788
1.01809930359
1.04748866436
1.08552205249
1.02181114856
0.991500505892
1.0058813926
1.00536613778
0.947584452508
0.923670049535
0.978761054
1.00964320785
1.10763927459
1.03194311179
1.08919106016
0.972114661157
1.04073869876
1.0153133446
1.06887250813
1.01301535071
1.22630426094
1.17383567186
0.923417760344
Repetition end
0
0
0
