2011 -4500 15340
 2261 -4874 15637
 2068 -4395 14952
 1979 -4882 15137
 1997 -4886 15065
 2061 -4699 15206
 2101 -4630 15218
 2017 -4719 15215
 2030 -4778 15082
 2046 -4714 15282
 2111 -4784 15190
 2078 -4663 15288
 2212 -4713 15401
 2130 -4700 15392
 2038 -4837 15082
 2067 -4838 15279
 2091 -4865 14952
 1968 -4606 15470
 1538 -4362 14984
 2697 -4436 15048
 2271 -4790 15039
 2007 -4804 15221
 2062 -4372 15225
 1778 -4604 14723
 1881 -4772 15066
 2213 -4384 15504
 2256 -4749 15030
 2298 -4576 15002
 2581 -4672 15100
 2801 -4611 15116
 1044 -4429 15613
 1322 -4483 15307
 2146 -5037 15195
 2418 -4894 15032
 2268 -4705 15156
 2271 -4607 15116
 2243 -4471 15410
 2175 -4758 15502
 2142 -4714 15480
 2018 -4801 15179
 2096 -4666 15166
 2094 -4672 15303
 2153 -4472 15300
 2249 -4615 15225
 2239 -4650 15146
 2236 -4570 15159
 2187 -4496 15157
 2204 -4505 15167
 2241 -4555 15234
 2221 -4498 15104
 2123 -4500 14993
 2257 -4528 15370
 1890 -4639 15053
 1951 -3720 15555
 2057 2818 16932
Repetition Start
 1423 -6967 11255
 109 -4552 17008
 -52 -7767 13796
 1653 -9536 21340
 352 2525 19115
 2466 -1938 13696
 1722 801 15398
 2396 1936 15173
 2338 1450 15251
 2943 2372 15027
 2119 2883 14903
 1476 3903 15835
 1676 5677 16713
 2005 6205 16554
 2235 6572 16014
 1633 6998 16641
 2215 6894 15453
 1766 7948 14822
 1988 9524 13171
 2058 11526 11448
 1228 12242 11143
 746 13296 9004
 1145 15074 6795
 1100 15746 4892
 1295 14446 2651
 240 19847 1173
 367 18255 66
 -91 17675 -3036
 161 18615 -3406
 -2 18481 -3887
 133 18283 -3447
 698 18178 -2067
 531 18076 -1321
 1443 17742 40
 1374 16987 1282
 505 16725 3161
 1183 17161 6041
 1290 15052 4080
 2219 14352 6796
 1361 14004 8546
 1351 14142 10273
 2002 12499 11486
 2360 10771 13339
 1741 7261 10936
 1632 7719 14044
 2338 5535 14543
 2528 5524 15448
 1516 3586 16295
 3541 2430 14445
 6780 -1992 23776
 1630 -11276 14229
 4812 -2577 13631
Repetition End
1
 4107 -6199 14319
 3327 -5967 14523
Repetition Start
 3713 -6471 14862
 1750 -5018 15135
 3320 -9955 15509
 -1879 -11589 15664
 13838 87 13873
 3654 3955 17243
 1566 2409 16304
 1210 3038 14579
 -233 3650 13705
 1875 4432 13873
 1301 6402 14818
 1212 8024 14220
 1536 8996 13383
 1614 11163 13053
 1075 12192 12023
 1487 12270 9724
 56 12284 7710
 188 15018 5614
 479 17065 4277
 199 16756 1810
 681 18416 832
 1008 18472 -144
 1145 17699 -917
 670 18752 -870
 1112 18369 -1813
 883 17948 -1581
 1121 18031 -480
 936 17793 -149
 1028 17622 797
 1109 17539 2284
 1335 17002 3367
 1018 16940 4747
 1873 15706 5512
 1373 14301 6814
 1313 15220 7850
 1654 14788 8418
 1745 13270 9901
 1611 12573 10743
 2041 11297 11666
 2380 8301 12796
 1456 8352 14675
 2206 7183 14573
 2502 4328 14250
 1286 3834 15132
 2151 -38 13628
 493 -729 13122
 1340 -3260 14854
 1215 -5277 13267
Repetition End
1
 2328 -4317 14495
 1760 -8057 15801
Repetition Start
 1779 -7468 14342
 1774 -5729 15056
 1255 -6282 14790
 1015 -6234 13620
 1427 -11886 12686
 2521 -7128 14945
 -5750 -5027 15045
 559 6158 19375
 1825 2373 15700
 1622 3489 14842
 -309 2213 14212
 2713 6707 15067
 1777 6227 14861
 1162 8548 14884
 2130 9101 14067
 1811 10441 14352
 1472 9419 13298
 1275 10889 11236
 1069 11241 9750
 1704 13641 10400
 1073 14219 9189
 320 13970 5568
 -314 16722 4499
 381 17414 2893
 1004 16620 1876
 961 18282 964
 850 18641 -295
 987 18121 -1060
 1323 18080 -1438
 1186 18327 -955
 1223 18155 -3
 1245 17747 293
 1225 17625 978
 1337 17659 1989
 1295 17267 2909
 1342 16695 3779
 1477 16412 4802
 1362 16319 6318
 1911 15284 7808
 1268 13151 8554
 1464 12990 9500
 2073 12418 10768
 904 10275 10898
 3518 9198 13325
 2862 4483 9969
 1973 6906 14163
 1924 5642 15158
 1535 2757 15301
 2157 3001 14815
 1246 -1768 21227
 -151 -12639 14218
 782 828 15541
Repetition End
1
 3734 -7414 15784
 1876 -7802 15028
Repetition Start
 1687 -6222 15164
 1030 -6470 14350
 2874 -10636 14121
 342 -5939 16358
 -498 -7607 18197
 3611 -2233 15134
 2484 2607 16854
 1537 3803 15567
 1626 4093 16241
 846 5032 13722
 2040 7515 16382
 759 6151 12927
 880 9750 14826
 1040 9220 13657
 2945 11130 13244
 1742 12070 11452
 1273 13020 10678
 414 12740 7709
 -84 14276 5749
 -521 17799 5161
 -889 16088 3135
 -102 16987 826
 277 17607 271
 1114 18153 -84
 1991 17845 -641
 653 16996 -2711
 1689 18311 -2789
 1824 17790 -2639
 2310 17665 -1717
 2044 17484 -1072
 2148 18084 -125
 2013 17332 659
 1703 17509 1570
 1674 16978 2778
 1597 17230 4577
 1597 15530 5112
 1247 15849 6984
 1485 14564 8104
 1137 13200 9020
 441 10690 8914
 1326 12964 11856
 1278 7824 13943
 3755 6220 13664
 1463 5449 14127
 479 4325 12666
 809 6568 16335
 2295 2143 16628
 1620 -5619 16689
 2195 -3357 12054
Repetition End
1
 2743 -5886 15334
 3736 -8037 14971
 3472 -6615 14980
Repetition Start
 1704 -5278 15063
 650 -7611 15428
 -216 -13718 13811
 2196 -6353 17843
 -7879 -3004 18025
 2145 3858 15258
 907 2353 15276
 758 5073 15247
 -1180 3967 14130
 1468 5810 14806
 2454 5040 15372
 2997 7990 14091
 3096 8417 13644
 1259 11413 14371
 1533 10809 12848
 1287 11254 11519
 1155 12224 9324
 1265 13024 7743
 589 15008 6025
 1271 16350 4090
 387 17384 2622
 782 18167 678
 609 16919 -1288
 1004 18207 -2104
 1089 19306 -3395
 1334 17619 -3072
 818 17940 -2593
 1250 17367 -760
 1163 18345 -127
 1343 17846 948
 982 17426 1841
 730 16450 2152
 1029 16757 3883
 1230 17314 5549
 1603 15560 6774
 1426 15041 7132
 1472 14230 8017
 2578 15047 9929
 1835 11878 11201
 1433 10121 11288
 2193 8638 12676
 802 11054 11846
 2627 8063 14689
 1897 5668 15870
 2010 7084 15905
 912 -219 14040
 6766 -4290 32174
 1687 -13677 12556
 2554 -212 14659
Repetition End
1
 2333 -9395 14959
 1511 -6469 15566
Repetition Start
 700 -9976 13406
 -72 -6781 14397
 915 -8854 14175
 678 -14403 16311
 4758 -8909 7416
 3006 6043 15686
 406 3128 16532
 751 4565 16208
 2304 2598 14308
 -368 5423 13245
 95 7776 12966
 48 8854 12676
 720 11523 13046
 2045 12257 12435
 1270 11535 10312
 569 14812 10393
 453 12113 6132
 40 15943 4657
 982 17669 3223
 1296 17307 1291
 1453 18394 165
 1343 18763 -733
 1368 17600 -1984
 2037 18100 -2513
 1546 18367 -1779
 1534 17637 -1581
 1583 18165 -884
 1406 17704 37
 1303 17427 865
 1151 17407 1902
 1264 16808 2939
 1221 16842 4142
 1397 16427 4925
 1368 15683 6073
 1341 15212 7555
 1978 14153 8774
 913 12491 10309
 1707 11161 11426
 1497 10161 12794
 1449 7948 14444
 919 6759 12811
 2126 5061 15701
 1653 6496 17194
 2004 2632 15799
 2007 1211 13529
 1136 -4695 16528
 2526 -6170 15625
Repetition End
1
 4079 -6854 15183
 2461 -8733 14568
Repetition Start
 1497 -7577 15759
 -515 -7226 13376
 3697 -8642 20332
 -1946 -11396 16408
 6972 2193 12055
 3574 2343 19327
 2792 2402 15320
 1855 3548 15167
 1919 7346 16404
 2758 3319 16252
 1914 5671 13561
 1505 6708 13585
 1323 10961 13410
 1467 12074 12554
 1601 10528 11148
 392 13674 9230
 779 13419 6713
 621 15727 5205
 747 16431 3057
 674 17345 889
 503 18040 -503
 704 18966 -1514
 85 19855 -3227
 791 16711 -3530
 720 17998 -2493
 1346 17740 -1706
 820 18571 -489
 1242 17776 204
 1571 17819 1151
 1121 16953 2010
 1176 16621 3046
 1216 17193 5177
 1554 15570 6310
 1273 15203 7299
 782 13859 9282
 1193 11968 9891
 1868 11519 11821
 1239 10130 12337
 1546 6663 13530
 2355 5486 14357
 1319 1671 11896
 914 3688 14787
 1245 3054 15817
 6092 -1022 28770
 1943 -13320 11586
 1939 -192 14998
Repetition End
1
 1109 -9368 12758
 2859 -9286 15552
 448 -7624 13975
Repetition Start
 -653 -11434 15462
 -509 -9209 17368
 679 -9736 16143
 3582 1554 18833
 433 729 17479
 2956 3635 15704
 630 3253 14701
 1447 3020 13374
 2046 4618 14743
 1282 6327 15887
 838 7852 14942
 3285 5609 13249
 857 10246 12654
 2035 11251 9878
 1804 12222 7578
 1636 15024 5204
 1530 15978 4150
 1759 17644 2094
 1734 18357 104
 1905 18743 -904
 1086 19110 -3170
 2384 18171 -4451
 526 16915 -3636
 2083 17848 -2173
 749 17918 -397
 1626 17580 -117
 1055 17985 1100
 1516 17457 1977
 1380 16960 2695
 1444 17017 4223
 1667 15741 5064
 1743 15828 7215
 1894 13932 7851
 1505 14511 9660
 1559 13174 10003
 1866 11933 10875
 849 10006 14283
 1057 6952 13233
 2362 5909 13471
 -497 4703 15762
 1104 2916 15760
 733 -780 12708
 2480 -8429 15036
 3045 -6071 14069
 4455 -5272 15248
Repetition End
1
 1747 -8873 15254
 1623 -7289 16979
Repetition Start
 1805 -5347 13477
 4397 -13956 6389
 -1007 -21496 22042
 -11030 13883 13908
 -1774 950 19086
 -110 762 18623
 333 4819 14888
 897 4955 14611
 1021 5604 14936
 2270 6697 12312
 1585 9106 13066
 859 10856 13731
 2138 12360 11169
 1608 12826 9513
 1938 14105 7115
 1941 14033 6426
 1519 16378 4520
 1823 16963 2639
 1571 18422 1369
 1483 17733 -891
 1660 18505 -1885
 1395 18135 -3055
 2046 17597 -3878
 1114 18045 -2961
 1368 17939 -2059
 1049 18346 -682
 1448 17826 397
 1115 17546 1254
 1115 16664 2347
 1159 17068 3865
 1195 16341 5265
 2174 16274 6695
 1121 14320 8167
 2371 12888 11408
 345 13312 10544
 2539 12174 12413
 1434 10558 13543
 2547 8085 13635
 1995 5582 13182
 4216 4411 13704
 3975 2995 15411
 2618 382 15294
 542 -2189 18697
 3313 -11778 13637
Repetition End
1
 1738 -3659 14516
 135 -7798 16986
 176 -8544 16732
 866 -7316 14516
Repetition Start
 1858 -12698 15161
 -438 -8102 15796
 486 -1210 15266
 5011 -1951 18694
 1609 -831 18980
 1521 1724 16091
 372 3504 13540
 -199 4430 12683
 1176 1027 16628
 -300 7193 15310
 1461 9387 13817
 1998 9451 15823
 2087 9902 14907
 1157 10673 13464
 1985 12202 11906
 233 12514 8576
 1944 12516 5272
 1389 16919 4246
 1387 18427 2317
 1319 17238 -467
 1081 19400 -1050
 705 19235 -2322
 1657 18907 -4031
 951 17040 -3723
 1035 18213 -2316
 1227 18115 -1233
 1470 17652 -690
 1716 17343 855
 1489 17710 1254
 1879 16744 3032
 1982 16552 3975
 1420 16204 5753
 1530 15016 9246
 2231 13757 7449
 2398 13649 9216
 2356 13691 10567
 2595 11661 11295
 2439 8541 11936
 2510 7089 11688
 2983 4754 14221
 2981 5356 14468
 3025 3471 14664
 2667 855 15534
 7587 878 31764
 1402 -12949 9248
 3700 -667 14713
 2725 -7562 12269
Repetition End
1
 1578 -7303 15638
 1178 -6168 13698
Repetition Start
 425 -5464 15172
 399 -9567 15794
 -4893 -13179 15258
 -4720 -13154 17860
 3456 10220 18978
 824 2156 15684
 1604 2696 15417
 2239 4390 14087
 1105 6745 14154
 3576 5789 13836
 3112 8697 14439
 1501 9834 14861
 1026 9960 12362
 2891 11285 11333
 2346 12095 7380
 1695 14586 6308
 1272 15545 5075
 1377 16537 2466
 919 19185 749
 1160 18615 -1315
 1158 18143 -2735
 714 17877 -3913
 1299 17554 -4106
 945 18343 -3630
 1307 17983 -2703
 864 17815 -2080
 1122 17665 -1073
 903 17880 455
 1143 17443 1553
 1062 17243 2933
 1293 17033 4155
 2032 15398 5761
 1711 14799 4650
 1334 16223 8866
 1381 14611 7992
 1268 13710 10239
 747 11533 10839
 1681 8564 10581
 2164 8113 14294
 2183 4979 14809
 1036 3162 16050
 3102 2579 13699
 2371 -2260 32765
Repetition End
1
 1587 -5012 10519
 2120 -3412 15013
 1610 -6672 16301
Repetition Start
 657 -7851 16118
 2315 -4656 14930
 1557 -8103 15609
 -860 -9970 17654
 2441 -15578 16196
 -79 6224 11111
 6110 448 18435
 -529 133 16080
 2026 4215 16258
 2179 5788 16222
 2116 6182 14399
 -917 6088 13442
 1103 7512 13105
 1273 10519 13706
 -98 9924 12458
 10 11977 8832
 311 13231 7048
 -112 15273 5388
 -1356 17255 3745
 290 18708 1776
 -34 17758 -1
 551 19554 -1368
 1333 18420 -3020
 800 18641 -3975
 1435 16652 -3674
 902 18560 -2450
 1120 17554 -2051
 1439 18441 -347
 1404 17536 1147
 1361 17829 1778
 1333 16372 3328
 1520 15650 3851
 2020 16073 4986
 1606 16927 6305
 3044 16251 7207
 1412 14632 9437
 1782 13261 8429
 2343 12588 11678
 504 9604 12196
 1393 8524 13847
 1373 6857 13458
 -791 5031 15192
 591 3897 15250
 230 458 15497
 -2640 453 14215
Repetition End
1
 745 -15047 13747
 1017 -1106 13431
 1880 -8016 15742
 -451 -7258 16340
Repetition Start
 1978 -5690 13631
 143 -6035 16173
 3314 -8987 14955
 -1956 -15690 17744
 3630 -8816 9800
 5264 3919 14412
 2374 3722 16729
 1282 2766 16112
 1944 2662 14335
 3305 5658 15520
 2516 4573 15479
 1442 5737 14752
 2512 7711 13022
 393 12207 14499
 1722 12066 12661
 1476 12083 10975
 2496 9655 7926
 1953 13498 6865
 1638 16651 6467
 2239 16584 4203
 2465 16999 1420
 2583 18825 -309
 2064 18777 -1108
 1247 17943 -3577
 2226 18276 -4537
 800 16671 -3999
 1824 17688 -2806
 722 18449 -907
 1889 17704 -986
 1300 17292 94
 1538 17525 1037
 1630 17196 2004
 1740 16945 2921
 1585 17000 4117
 1072 16393 5323
 3259 15877 5446
 2083 13211 8264
 3315 11762 7088
 1118 12294 10251
 3005 12176 10664
 2030 9031 12125
 1441 9294 13653
 2618 8389 13529
 1297 5816 15449
 1213 3219 15492
 2220 2777 13784
 456 468 13409
 4499 -381 31923
 1887 -16318 12841
 2779 1326 14930
Repetition End
1
 468 -6501 15642
 735 -7014 15240
 1563 -5331 14751
Repetition Start
 1131 -6191 15447
 1723 -5030 15086
 979 -7466 13209
 -3554 -5042 15565
 1042 -13845 20653
 1537 -7194 6990
 3383 -932 18985
 1411 50 16298
 -75 1395 15638
 1345 4128 16716
 -388 -325 15117
 3104 7394 13851
 1639 7670 12404
 1270 9549 13455
 983 10884 12025
 1572 9529 10661
 1282 11700 8805
 40 13151 5443
 297 16963 5248
 338 17496 2883
 502 18364 994
 150 18651 67
 694 16831 -2346
 743 18884 -3250
 1463 18393 -3305
 1038 17080 -3018
 758 18061 -1715
 962 17874 -1029
 1128 17846 -491
 1127 17456 387
 1001 17435 736
 1217 17727 1683
 1396 17154 2492
 1220 17137 3557
 1382 16475 4846
 1785 16653 5835
 1945 15212 6614
 708 15934 8538
 2769 13455 8789
 2220 13296 10473
 1100 11677 10654
 2081 9479 11038
 2340 7636 11911
 1850 8708 13841
 1880 7324 14112
 917 3879 13877
 1536 4981 16698
 1159 3072 14519
 1370 1208 14652
Repetition End
1
 -2074 -4599 19572
 1654 -11822 14388
 2243 2747 15699
 -1302 -7478 14401
Repetition Start
 -2444 -4330 16637
 155 -7221 14771
 1255 -4993 15775
 2037 -5642 14556
 1838 -5895 15251
 462 -4965 14506
 2430 -5237 13397
 1731 -9692 16764
 857 -21346 19777
 2965 -550 12818
 4025 -756 17574
 -1075 1893 16983
 1448 4286 14049
 -312 3662 15201
 214 4615 14834
 224 5383 15558
 1218 4825 14949
 880 8294 15603
 -189 12515 16882
 2305 8848 13978
 2009 9274 11757
 975 11014 9064
 478 13118 7568
 1208 16173 6457
 526 16170 3197
 924 18345 1576
 182 18318 -78
 966 19133 -1990
 518 19137 -3398
 1277 16959 -5198
 700 17771 -3990
 791 17884 -2915
 674 18324 -1585
 672 18023 -383
 704 17686 280
 846 17480 1808
 1246 17753 2591
 213 16645 3804
 799 16091 5498
 1308 15334 8747
 769 14363 8429
 1821 14059 9819
 367 12140 9331
 2170 10529 10722
 1941 9703 13222
 1533 8105 12080
 1701 6943 15078
 2501 5197 16320
 1696 3362 15539
 1018 90 14565
 997 -612 13894
 620 -8011 21738
 1661 -1028 11147
Repetition End
1
 2078 -5468 14733
 1972 -4924 15584
 2728 -6769 15599
Repetition Start
 1843 -4689 15451
 1867 -7219 14109
 3847 -7370 14025
 -1804 -6859 14165
 -666 -12710 15843
 -728 5664 12074
 1771 -2678 15904
 -338 1028 16351
 97 -212 16904
 1473 3099 17227
 1171 3617 15601
 1260 4496 14324
 312 8090 12364
 2649 10615 15393
 1194 9848 12871
 3440 10114 12214
 1822 11505 10404
 1029 14348 7759
 341 15502 6729
 787 15735 5410
 1526 15372 3486
 830 17720 2002
 858 18692 -53
 715 18531 -923
 404 18640 -2277
 1931 18257 -3733
 303 16175 -3870
 1324 18020 -2911
 400 17626 -1609
 1182 17647 -1167
 870 17899 177
 1068 17978 1270
 1294 18496 2112
 1038 16658 2327
 1438 16527 3724
 1536 16817 5192
 1351 16474 6084
 1089 15021 7539
 826 14530 8789
 1056 11480 9825
 -1160 11776 11444
 1166 12977 13093
 4076 10361 14557
 2336 7015 13138
 1765 5859 15394
 2313 4659 16313
 1373 2811 15064
 583 2171 13734
 4106 -2251 32767
 2780 -9609 12754
Repetition End
1
 2750 -2098 14566
 3925 -5095 16617
 1415 -7408 16362
Repetition Start
 3726 -5701 15051
 939 -7067 15478
 2017 -6418 15070
 -2724 -6326 14924
 661 -18461 18220
 -65 -14232 11370
 181 3109 17100
 -2686 -1846 18822
 2572 2992 15807
 1191 4289 14055
 217 5928 14278
 -1005 4727 13937
 -661 6118 14244
 1698 9179 13305
 1273 9817 13456
 163 10931 11643
 695 12781 8769
 396 14522 7212
 217 14324 5567
 -38 16553 4732
 385 17633 1784
 966 17289 -795
 324 19659 -1574
 1084 19577 -3525
 1231 16867 -4407
 285 17845 -3415
 657 17578 -2426
 408 18132 -1809
 554 17453 -1290
 319 18067 197
 591 17223 832
 361 17521 2327
 970 16586 4140
 893 16040 4823
 1149 15403 7000
 336 15285 6644
 626 13077 8857
 885 12405 10137
 1791 10959 12428
 1545 9310 13497
 967 7510 13675
 3941 4303 16191
 2937 5469 15229
 2256 3671 13948
 2058 3792 14308
 1276 2848 15678
Repetition End
1
 4027 -11262 18341
 2008 -2252 10698
 2465 -7895 16065
 172 -9475 16292
Repetition Start
 3644 -5676 13178
 4735 -4700 14134
 1134 -5557 14898
 197 -7593 16376
 2389 -13880 21849
 3837 -8918 14761
 -6823 856 15512
 675 212 15966
 772 1095 17297
 -2148 3626 15394
 -3066 4889 14215
 697 6119 14022
 -927 6201 13899
 -471 7226 15424
 -485 7050 14885
 -860 8641 14373
 731 9469 13824
 -434 11168 12501
 -1059 10804 10740
 -540 11901 6919
 -121 14305 6321
 50 15963 5381
 155 16372 3461
 -333 17101 1079
 -37 17686 -16
 -179 19127 -2185
 -284 19976 -4796
 454 17261 -5549
 106 16582 -4376
 204 18416 -3432
 13 17847 -2154
 305 18225 -1220
 392 17562 -486
 108 17337 -132
 79 17010 1253
 87 16896 2562
 840 16661 5039
 674 15783 6027
 -546 17945 3914
 1391 14570 7413
 2616 14402 11631
 147 12322 10209
 1116 9372 11723
 1943 9211 13871
 3905 6614 15193
 948 7567 13815
 2881 5026 14353
 2434 3518 16380
 1463 2555 15841
 1673 -300 14820
 8606 -2465 32767
 2307 -9533 13026
 2025 -3595 15740
Repetition End
1
 4314 -5164 14013
 4255 -2847 14760
 3249 -7334 13204
Repetition Start
 3753 -5316 15099
 1009 -5783 15426
 491 -4277 15364
 417 -4933 15337
 -255 -6874 14904
 1084 -7890 15806
 -2592 -15721 17902
 6144 5781 6373
 2442 8628 15630
 1891 1517 17429
 2551 653 15450
 1773 2524 15832
 2482 6460 14316
 2603 3612 15027
 1934 4549 16261
 -1304 6790 17233
 -509 6787 15173
 1042 6833 14664
 1189 7462 15575
 677 8211 14671
 131 9854 13025
 339 12023 10885
 724 11395 9198
 946 14951 6598
 189 16226 4839
 662 16992 2382
 1166 18473 897
 301 19684 -916
 227 17225 -1444
 1213 18605 -3590
 675 18032 -4567
 1025 18039 -5051
 1028 17430 -3673
 448 18050 -2555
 940 18069 -821
 742 17933 -481
 774 17591 645
 986 17543 1631
 506 17365 2431
 561 16296 3804
 1249 15800 5738
 1540 15076 5396
 331 15755 6508
 367 14687 7655
 1098 12948 9954
 1691 12312 10914
 1363 10866 13258
 1394 7943 11718
 2966 8878 14669
 1924 6325 15855
 1725 3754 15626
 1811 3035 15528
 2212 655 15050
 702 -2545 15725
 624 -13651 18218
 2446 1018 12846
 2731 -7025 15213
 1513 -5689 17669
Repetition End
0
 2438 -7522 16205
 1628 -5529 16473
 986 -5291 15587
 912 -6509 15393
 -1132 -7820 15988
 -1439 -14689 16437
 667 -10202 20995
 1084 3529 17030
Repetition Start
 2997 -2912 12921
 2446 680 18012
 3047 2867 15145
 1841 2288 14253
 1842 4516 14321
 -356 4747 16255
 2813 5376 13570
 2272 7172 12818
 3125 9662 13597
 1512 9364 14092
 1143 11318 13298
 779 12181 12846
 1419 12863 10748
 951 12560 8343
 1207 15436 7083
 485 15135 5643
 154 18503 3127
 276 15726 1245
 -265 19240 320
 906 18469 -1547
 644 17976 -2841
 752 18093 -4271
 -64 17507 -4338
 796 17506 -3673
 -207 18160 -2825
 423 17841 -1959
 552 17604 -1430
 550 17838 -376
 805 17356 1129
 931 17751 1335
 672 17303 2814
 1009 16106 5194
 1967 16564 2595
 516 15413 6298
 721 15559 7103
 568 14919 8347
 513 12948 10071
 898 12317 10366
 1434 11476 11928
 -890 9684 13409
 2162 9460 15018
 1867 5474 13958
 2304 4765 13875
 105 4617 15591
 436 2788 15824
 165 1429 14225
 244 -1060 32767
 564 -8104 12470
Repetition End
1
 1527 -4418 15606
 782 -5859 14005
 2362 -3380 16874
 791 -5338 16183
 188 -4079 15373
 126 -4842 14536
 219 -4688 15303
 965 -4840 15221
 504 -5690 16148
 -399 -2324 16058
 325 -3667 15962
 -375 -4851 15481
 -964 -4242 14388
 363 -4002 15634
 237 -5044 15748
 1054 -4394 15169
 172 -4442 15412
 1579 -4000 15028
 1340 -4923 15186
 1179 -4501 14350
 741 -4493 14718
 1540 -4518 15146
 722 -4378 15811
 567 -5453 15198
 888 -5104 15425
 638 -4929 15483
 588 -4722 15068
 943 -4771 15063
 790 -4463 14060
 807 -4462 15019
 998 -4721 15313
