2595 15823 -4854
 1801 14669 -5288
 2373 14467 -5595
 3283 14559 -5648
 3539 14826 -6371
 3458 14985 -6950
 3473 14983 -6944
 3383 13992 -7433
 4790 14045 -8266
 5643 14395 -5068
 5296 14111 -4285
 5363 15373 -3149
 5871 14316 -2426
 5475 14496 -2169
 4766 14382 -2761
 4687 14695 -4098
 4092 14058 -5898
 3278 14124 -6936
 2570 12086 -9950
 513 11936 -9175
 527 10757 -7714
 419 9185 -8516
 1507 8104 -9413
 1619 9903 -10285
 2253 15879 -10400
 3821 13769 -9089
 804 13336 -12491
 584 13115 -11803
 1292 15373 -11228
 -184 17386 -10644
 -441 17425 -9513
 -4102 18382 -6426
 476 19027 -1843
 -6495 13773 6355
 -3141 8053 7446
 -2245 9411 9022
 -2218 14490 8001
 -695 12590 4207
 -2725 14118 2940
 -1910 14612 -149
 2761 15107 5044
 115 15357 5101
 -1133 15213 5101
 858 15560 6894
 10 14327 5791
 -1062 13138 6714
 904 13901 7687
 2822 12709 6920
 3403 12762 4183
 3225 18641 6680
 1111 11334 6148
 3510 15057 4444
 3610 17555 2517
 1352 15295 3366
 2789 15344 3052
 2194 15847 3794
 2182 15211 4695
 2487 15234 4844
 2800 14535 5015
 2542 15302 6026
 2727 12501 4961
 2620 14299 5210
 2856 14719 4676
 2339 15951 4608
 2845 15208 3790
 3053 14830 3332
 3082 15332 3631
 3119 15621 3730
 3408 15048 3782
 3323 15901 3347
 2561 15014 3548
 2269 15180 4224
 3105 15425 4327
 2889 15104 4154
 2988 15136 4556
 3175 14762 4424
 3002 14980 4600
 3110 15307 4350
 3385 14808 5150
 3044 14491 4652
 3129 14993 4826
 3333 14768 4934
 3375 14891 4755
 3539 15190 4643
 3342 14640 4603
 3206 14901 4680
 3323 14887 5061
 3191 14429 4652
 3344 15507 4713
 3348 14558 4730
 3683 15004 4584
 3631 14658 4986
 2706 14877 5783
 3999 14008 5883
 2539 14320 9032
 1792 14713 7464
 3538 12261 8709
 3740 10414 9991
 3182 9348 11879
 2795 4015 11737
 3071 4030 12527
 4340 4519 13991
 3997 1555 15591
 4487 286 15634
 3940 -1904 15059
 3656 654 17352
 1668 -3469 15957
 3844 -3706 17986
 -1382 -9193 15324
 491 -7823 15379
 1057 -10915 13948
 1259 -5463 17460
 2181 -5339 15920
 1866 -7121 14796
 539 -6375 14248
 -224 -7836 14572
 69 -6799 15090
 -70 -8019 14119
 97 -7246 14957
 -49 -7530 14955
 228 -6674 14621
 -262 -7069 15317
 217 -6905 14861
 81 -6866 14673
 42 -7080 14703
 -313 -6934 14855
 284 -7087 14808
 -49 -6873 14868
 266 -7579 14883
 105 -7398 14758
 0 -7291 14825
 -218 -7303 14876
 13 -7220 14862
 196 -6696 15014
 220 -7655 14770
 4 -7165 14930
 24 -7084 14728
 81 -7424 14653
 227 -7113 14678
 -93 -7199 14630
 -237 -7319 15031
 319 -7270 14376
 72 -7275 14934
 -311 -7221 14951
 -18 -7152 14909
 -130 -7288 14722
 -25 -7257 14696
 56 -7011 14733
 63 -7374 14881
 47 -7504 14683
 -332 -7243 14519
 -45 -7348 14697
 174 -7241 14661
 73 -7250 14636
 3 -7515 14797
 -129 -7724 14638
 -249 -7464 14725
 -152 -7715 14676
 -250 -7728 14596
Repetition Start
 -255 -7602 14566
 -29 -7699 14574
 -335 -7813 14446
 -304 -7846 14405
 -240 -8015 14370
 -306 -8008 14317
 -314 -7963 14315
 -236 -8387 14437
 -241 -8388 14170
 -306 -8539 14107
 -381 -8442 14142
 2173 -14951 12626
 -6645 -18184 14792
 7 -18421 18896
 -12489 -11558 22615
 6298 -1800 6915
 -1576 4529 15335
 713 6359 14916
 802 3503 14911
 1265 6377 13458
 731 5613 9524
 2134 11125 9805
 1300 12672 9018
 2239 15267 8077
 1818 14511 7334
 2530 13614 6636
 3272 13112 6662
 3011 14353 9500
 5434 11841 12548
 1984 1629 10850
 2084 5685 14791
 2976 3945 16221
 1308 2471 15164
 587 -2562 15813
 -791 -5616 15991
 -1400 -2948 14187
 1096 -7547 19662
 -2371 -10170 10723
Repetition End
0
 -228 -5874 16053
 -303 -11273 13796
 443 -9833 12673
 -1208 -8901 10597
Repetition Start
 -476 -8474 12537
 -640 -9791 14291
 -695 -9729 13797
 -2335 -11839 12193
 -1293 -757 11570
 -345 -17550 16174
 -1862 -19038 4917
 2919 -8563 12077
 948 -4716 18197
 -3384 1626 15469
 1893 2354 12771
 2357 3965 15753
 -334 3765 15494
 3124 6123 10739
 2707 7656 8895
 1873 12990 10277
 2258 13244 8447
 2619 13980 6194
 2911 14822 4965
 2925 15782 5242
 2550 15824 4777
 2798 15090 5233
 2680 14832 5852
 2637 14047 7309
 2490 12795 8593
 1867 12135 8995
 1509 7602 10085
 1334 7092 12569
 2416 3597 10846
 1589 3113 15718
 865 -3097 14014
 1741 -369 15927
 1914 -2482 13406
 5307 -8824 28693
 -2851 -13542 10425
 1442 -2428 13962
 -75 -13143 17284
Repetition End
0
 1723 -13839 13607
 920 -6806 14703
Repetition Start
 -2094 -8303 14511
 -1473 -8827 13543
 -1810 -10280 12033
 -2345 -9810 16301
 -5343 -15460 19522
 -11372 -23564 14120
 1367 3940 9749
 -1772 3624 19122
 2189 3930 16339
 2864 3388 14659
 290 6226 11144
 1067 7316 8231
 1573 10677 8283
 560 14564 9410
 1408 12883 6752
 1006 14429 6111
 1800 14828 5405
 1797 15521 4979
 1937 15800 4798
 2242 15397 4791
 3010 14491 4159
 2220 14918 6224
 2758 14281 6496
 3173 14035 8821
 2497 9313 8543
 1858 8766 9771
 2312 5198 12333
 1980 5189 15257
 1093 323 13842
 331 1295 16088
 1261 -1489 13282
 1386 -382 13967
 4035 -510 32767
 -2287 -13062 9053
Repetition End
0
 2818 -3792 19111
 1036 -9438 12548
 -187 -10794 14815
 -1734 -9513 14380
Repetition Start
 -1263 -8315 14724
 -1153 -7952 15268
 -2412 -28548 9221
 -4460 -10736 22979
 -4794 -23441 17024
 19862 32767 -9945
 -1243 -3853 11698
 2421 878 16329
 1540 5283 16092
 384 1991 14784
 1617 1732 15241
 1422 4262 12059
 1651 8513 10339
 1672 10327 10518
 2315 12627 10068
 1893 14074 8922
 2311 13128 6515
 2633 14700 6456
 2984 14835 7001
 2905 13480 6298
 2374 14511 7599
 2448 14047 8172
 2302 12264 7946
 1423 12440 9064
 2583 12068 11725
 1445 6622 11974
 3907 5490 13296
 398 3461 14371
 1211 1746 15740
 1906 1773 14056
 -211 -2405 15500
 -781 -4333 15458
 1178 -3687 12827
 -3121 -9871 32767
 702 -4482 13992
 2159 -6200 14425
 -411 -8272 13817
Repetition End
0
 4401 -10241 15117
 -2409 -3325 10775
 -1141 -9839 15270
Repetition Start
 472 -5663 14507
 -1973 -7456 15974
 -2499 -6433 9450
 -3021 -14774 18728
 -3748 -27553 7642
 6778 7445 15970
 3654 -2847 11989
 3365 1318 17250
 1100 1995 15529
 -527 4256 14498
 1371 4161 14580
 1058 6893 14573
 2361 6068 14608
 26 7112 14624
 1396 7276 12638
 253 12637 10302
 52 13682 9155
 1395 12643 6025
 5036 14669 5114
 2505 16331 5345
 2706 15300 4782
 3044 15119 6312
 2103 14454 5730
 2577 14119 6779
 3694 13180 7109
 2512 12924 8461
 2333 12058 10284
 4709 8668 9723
 -2780 4611 13871
 -539 3054 12307
 -1321 1924 16213
 845 -1510 15979
 -1581 47 14513
 -2946 439 31102
 -1462 -3024 10506
 -8082 -13007 17138
 -1937 -13313 17396
 -963 -9142 14063
Repetition End
0
 -918 -9522 12516
 -2189 -7437 14625
 -1391 -6829 11267
Repetition Start
 395 -17793 4469
 -3605 -11991 16885
 -4252 -17747 10453
 9360 -21698 14950
 -2512 979 15747
 875 2300 15756
 -1005 4839 14916
 800 3521 12897
 1272 7633 12388
 1851 7136 9780
 1973 8836 8837
 1796 13875 11078
 2522 12871 9330
 2096 12488 7624
 2394 13302 8251
 1988 14165 8320
 2361 13183 8267
 2454 12616 8637
 2495 12322 9229
 2097 12500 11629
 3212 10930 10197
 2049 9078 10383
 1740 7514 12416
 -332 4440 11844
 -804 2778 15330
 2726 -575 15748
 -1626 -2810 16155
 -394 -5172 13610
 4245 4138 26310
 -2458 -12384 13399
Repetition End
0
 143 -10657 17564
 -1092 -6908 12280
 -2378 -12558 13729
Repetition Start
 -3379 -7692 15824
 -1732 -10602 12341
 4932 -9678 12711
 -4537 -6240 20353
 -5504 -11919 16156
 -2589 -19566 6103
 6178 7677 14225
 -1812 3623 14358
 2767 4072 16562
 -412 1208 14517
 -1732 2088 14435
 733 3079 13522
 749 7789 13994
 567 7500 11783
 890 8478 7965
 2300 14148 7737
 2482 15128 6376
 2941 15293 4844
 3043 15885 4189
 2551 15602 4748
 2716 15772 5103
 2520 14850 4276
 2353 15654 4892
 2258 13852 4955
 3041 14272 6823
 2696 13139 7587
 2467 10857 8887
 1722 8763 10747
 1565 5765 12997
 12 2888 12780
 26 2920 13509
 -1322 -1796 12994
 1518 -2188 18266
 1831 -2041 14635
Repetition End
0
 2186 -4748 18426
 -2007 -14127 11421
 -1545 -13616 10669
 -2296 -12707 11239
Repetition Start
 -3463 -13259 22157
 -4295 -8200 15175
 -4304 -32768 11213
 -698 -8983 16163
 -731 2294 14962
 938 2469 14156
 -819 2811 14136
 1051 4304 13495
 1605 6680 11412
 1641 7154 8528
 2356 12467 10414
 2743 12857 8136
 2981 14448 7151
 2572 14458 6018
 3148 15584 6490
 2796 14559 6126
 3777 14341 7185
 3814 12885 7413
 5985 13056 9273
 3472 10629 10075
 3639 7879 12063
 3030 6424 12785
 3000 3577 9944
 -564 329 13302
 522 -3539 15656
 1951 -5342 15105
 2906 -6155 22090
 -3270 -20988 4530
Repetition End
0
 730 -7233 15587
 -4924 -16747 12887
Repetition Start
 -5430 -20213 15109
 2765 -17747 12327
 -10934 -14150 8860
 2821 -20726 19603
 534 1834 17850
 -4113 -6106 11611
 -1561 3476 13241
 414 5163 10027
 1422 8488 13478
 1014 6836 10961
 823 7082 9714
 1563 11810 9545
 1249 14250 9125
 968 13888 6783
 2094 15104 4834
 1888 16589 4449
 1738 16312 3975
 1778 15508 4108
 1699 15357 5224
 2018 14646 5523
 1974 14485 6192
 2229 13690 6357
 3039 13564 7806
 1380 12562 9331
 2271 10700 10089
 1194 6514 12986
 -944 3588 11666
 668 390 13870
 -684 -2999 15235
 -1528 -3231 15847
 1252 -3071 15031
Repetition End
0
 -4203 1907 32490
 -2685 -27965 8416
 846 -3697 14818
 -4422 -14844 9712
Repetition Start
 -3743 -4121 11686
 -253 -10610 15477
 -12119 -32768 1019
 4747 -4883 14107
 -3064 -6343 17923
 1214 -4194 13688
 -467 683 14893
 869 -955 13106
 1298 3425 15480
 566 3885 11839
 680 5686 11468
 1254 8287 6129
 1725 19699 10566
 2184 14247 5253
 2361 14847 3683
 2774 16336 4142
 2634 16389 3733
 1814 16426 4419
 2830 15358 5065
 1791 13354 6194
 1738 13868 6956
 2256 12936 7102
 2170 13980 10243
 1332 11726 9474
 1601 11253 10433
 2565 9583 12879
 -448 9316 13214
 364 4788 12138
 1631 3081 12026
 1249 2374 12896
 -341 1369 13720
 -852 -3694 14639
 302 -6781 15642
 -2092 -8030 9816
Repetition End
0
 -531 -11340 17801
 665 -7526 15130
 -1664 -13464 13010
 17 -14292 11075
Repetition Start
 -1062 -11244 12427
 -684 -9853 13554
 -1396 -7666 13337
 -1739 -7729 14167
 -1065 -7264 14375
 -890 -7595 14802
 -197 -9896 13385
 2 -9418 14214
 149 -9475 13933
 -710 -8604 14979
 -1141 -8828 13794
 -1417 -9310 12331
 -853 -9042 12713
 -1917 -7774 10787
 -934 -6547 10882
 -3197 -20695 18635
 -180 -3484 12034
 -370 -12551 14373
 -732 -7584 13579
 -761 -11149 13094
 -1150 -9731 13011
 -924 -10289 13331
Repetition End
0
 -1103 -8661 13786
 -766 -9696 13568
 -1178 -8388 13781
 -830 -9445 13554
 -580 -9915 13465
 -454 -9185 14115
 -603 -9917 13371
 -1859 -12965 13542
 -1742 -6718 12173
 -4442 -8326 12510
 -4117 -8027 13620
 -1939 -9305 14118
 -2216 -9328 13029
 -1473 -8623 13583
 -1407 -9573 12856
 -1682 -11392 12595
 -1062 -9075 13951
 -1062 -9306 13911
 5 -8767 13950
 -29 -9272 13776
 -854 -9528 13239
 -1634 -10478 13061
 -2119 -7146 13803
 -2194 -10167 13421
 -1396 -9637 13233
 -373 -8443 14117
 104 -8929 14643
 -881 -8749 13663
 -1298 -9264 13931
 -1739 -8195 14062
 -1751 -8900 13622
 -1048 -9156 13943
 -1059 -8028 14170
 -1860 -8430 13957
 -2098 -8997 13707
 -1165 -9000 13504
 349 -8887 14199
 -313 -7605 13992
 -1338 -9946 13447
 -2062 -9283 13736
 -1096 -8387 14271
 -663 -8500 14076
 -1115 -8932 13699
 -1346 -9084 12910
 -1352 -9009 13382
 -1197 -8945 13730
 -898 -9218 13449
 -942 -9101 13735
 -1068 -9081 13730
 -1140 -9184 13706
 -986 -9122 13652
 -1035 -9101 13903
 -1214 -9017 13684
 -1305 -8956 13224
 -1170 -8968 13655
 -809 -9248 13820
 -678 -9157 14065
 -1155 -9273 13712
 -1326 -8957 13793
 -1473 -11346 13307
 862 -6751 14263
 -1295 -15528 11005
 -141 -11032 14873
 26 -8822 16047
Repetition Start
 3255 -6805 17300
 408 -8577 15253
 308 -4399 14504
 258 -2670 14532
 1130 -955 15105
 -320 -3512 16669
 33 -1714 17707
 547 -1449 16087
 -40 -2375 15120
 720 -2474 15509
 838 -5081 15992
 182 -4470 16756
 -353 -5568 15465
 -29 -9670 15265
Repetition End
0
 445 -6483 10740
 -501 -8235 15370
 37 -8017 13838
 -1169 -9341 14975
 -501 -7757 14560
 -1097 -8378 14362
 -532 -7550 14604
Repetition Start
 -1340 -8667 14313
 -914 -8182 14167
 -835 -7861 14510
 -842 -8212 14350
 -831 -8420 14367
 -532 -7584 14112
 -2617 -7682 14177
 -1251 -9419 12721
 -397 -9257 14165
 734 -10583 15198
 1114 -4413 15933
 1614 -8429 15385
 789 -4960 16072
 194 -6153 13814
 2277 3173 14961
 762 -3866 15911
 1293 -1531 15142
 -254 -751 15675
 1065 -1523 15954
 940 -596 15649
 711 -239 14463
 66 -2216 15140
 -581 -3628 15329
 498 -3472 16185
 -1857 -5885 14399
 -2367 -5817 22058
 -662 -12338 11473
 964 -7009 15042
Repetition End
0
 -1841 -11370 13423
 -652 -7509 14358
 -601 -9117 14073
 -1028 -8507 14082
Repetition Start
 -369 -6362 14398
 -1012 -8553 14284
 -801 -7301 14475
 -586 -7876 14425
 -806 -8154 14034
 -743 -8521 14682
 -1063 -8819 13173
 -956 -7506 13978
 -265 -8094 14885
 -694 -7952 13372
 -1422 -9041 13417
 -229 -11485 13108
 -3556 -10014 15197
 -890 -13086 17499
 2454 -3938 14478
 3197 -8495 15112
 832 -3913 16277
 1745 -4672 14828
 -1610 -1222 16584
 603 -2206 15173
 476 302 16188
 1204 1337 14064
 -113 -159 15669
 -198 349 14792
 227 -586 14915
 -182 -1237 13875
 -390 -2158 15060
 -811 -3840 14271
 -2399 -3789 18358
 -4021 -27463 14885
 322 -858 13926
Repetition End
0
 -3348 -19268 12531
 -569 -5612 13738
Repetition Start
 -751 -9828 13582
 -1128 -8341 13629
 -951 -7337 14404
 -770 -7874 14387
 -861 -8315 13938
 -1214 -8232 13983
 -763 -8499 14153
 -1449 -8635 13907
 -594 -8382 13699
 -337 -9177 14150
 -2459 -13357 13383
 -1922 -10334 14826
 -697 -10572 15307
 554 -4257 16185
 1828 -9488 16459
 2173 -5930 14565
 769 -4804 14653
 1014 -3715 16160
 1567 -3539 14786
 366 1063 15212
 -578 -16 15185
 -362 -221 17086
 176 -659 16523
 -32 -1591 16386
 924 -2020 14131
 868 -853 13821
 -1109 -902 13455
 -707 -3277 14412
 -675 -3593 13966
 765 -14025 15446
 787 -6474 12336
Repetition End
0
 -707 -11488 14315
 787 -8492 14269
 -2987 -8748 14536
Repetition Start
 -1094 -7315 14049
 -2063 -7908 14506
 -1613 -8121 14618
 -1316 -7451 14192
 -1506 -8583 14338
 -1297 -7468 14505
 -1471 -7943 14274
 -1707 -7665 14474
 -1570 -7670 14985
 -721 -8194 15168
 -2093 -13438 14059
 -574 -11401 13576
 -1206 -13738 14258
 383 -4782 16544
 1134 -7884 16888
 -38 -5663 15382
 -760 -3385 13776
 104 939 14157
 767 -1108 13375
 -24 941 17827
 576 -233 16208
 549 -86 15716
 655 -239 15339
 741 -418 15150
 -304 -3034 15352
 -895 -2133 14274
 106 -3485 14167
 -36 -5960 14871
 679 -14893 17896
 999 -527 11714
 -414 -10621 15240
 -892 -10616 12626
 -1412 -8091 13967
 -553 -8452 14319
 -1140 -8046 14222
 -763 -8834 14031
 -634 -8514 13922
 -1072 -9591 12872
 -778 -8123 13626
 -320 -7859 14443
 -582 -9565 13541
 -1008 -8222 13678
 -509 -9430 12976
 -484 -9290 13713
 -736 -11002 14629
Repetition Start
 -1186 -9966 10898
 -173 -7143 14784
 3952 -8641 15207
 563 -6853 15579
 1591 -5946 15558
 1176 -4085 16183
 673 -1858 14595
 -781 340 13644
 -833 -84 16224
 -1212 1644 16234
 283 257 15414
 295 -889 14971
 405 442 13270
 -755 -1193 13799
 144 -1887 15066
 -1192 -5730 14744
 -822 -6418 12327
 -1653 -19154 14008
Repetition End
0
 1293 -3413 12399
 -2211 -16979 12741
 -97 -3780 15335
 -1269 -9775 13866
 -744 -7222 14750
 -476 -8891 14082
 -892 -8511 13997
 -980 -8517 14083
 -954 -8128 14033
Repetition Start
 -824 -7946 14335
 -971 -8469 14208
 -854 -8422 14105
 -852 -8922 13621
 -332 -8519 13699
 -1333 -13596 13053
 -1264 -9996 15401
 254 -8547 14207
 -39 -7725 16730
 -2116 -8143 15248
 939 -5434 13885
 -190 -1769 12237
 -241 -1945 13341
 995 -1173 16823
 322 -1783 17299
 803 -1448 16289
 300 -629 14834
 442 -778 15129
 55 -1323 15715
 -766 -4002 14388
 -888 -3664 14443
 967 -4718 14820
 100 -5248 13535
 317 -8870 31706
 -203 -15303 6291
 515 -9905 14823
 -2072 -10347 13019
Repetition End
0
 -1841 -8316 15003
 -1295 -8135 14412
 -693 -7371 14682
 -1357 -8605 14487
 -1803 -8559 13991
 -956 -8219 14192
 -973 -8266 14582
 -820 -7725 13959
 -773 -8547 14966
 -1059 -8828 13830
Repetition Start
 -1291 -8231 13692
 -898 -9573 13623
 27 -9511 14105
 -792 -12094 15272
 118 -7401 16214
 1105 -8143 16154
 1095 -5385 15687
 -1134 -7838 14767
 2811 -3416 13445
 -235 -2336 14347
 858 -761 15721
 224 -1806 14945
 706 196 15719
 1306 -1131 14944
 778 -1499 15384
 255 -1406 14490
 1346 -1557 14553
 684 -3192 13726
 717 -3699 14279
 3096 -3930 11642
 231 -21383 16024
 796 -2801 15610
 -1873 -16638 11236
Repetition End
0
 156 -7387 14059
 -1288 -8227 14597
 509 -7212 14194
 -575 -8685 13865
 -994 -9075 14004
 -819 -10887 14013
 -352 -8046 14068
 -870 -8865 13906
 -534 -7950 14230
 -700 -8639 13662
Repetition Start
 -846 -8917 13568
 -894 -8716 14031
 -996 -8591 14494
 -749 -8705 14198
 -703 -8432 14231
 -775 -8225 14174
 -917 -8346 14117
 -720 -8527 14142
 -902 -8262 13772
 -973 -8299 13760
 -762 -8279 14297
 -813 -8348 14162
 -799 -8332 14423
 -754 -8157 14333
 -778 -8209 14211
 -700 -8398 14013
 -1015 -8330 14333
 -758 -8468 13964
 -875 -8138 14417
 -1088 -8834 14162
 -673 -8212 14247
 352 -7406 14695
 -1391 -12813 13631
 -2116 -11051 16633
Repetition End
0
 -1871 -12278 15465
 1230 -7104 18127
 -2173 -9815 14622
 -876 619 13633
 -750 125 12457
 1119 -339 13463
 1318 957 15436
 318 -125 15275
 594 -238 14764
 -246 -1602 14020
 -1601 -3512 13981
 1800 -3324 14601
 -3460 -6159 22120
 -718 -26383 15564
 989 -4369 15041
 -2689 -12921 13551
 -1066 -5851 14796
 -1361 -10880 13535
 89 -9184 13489
 -504 -8031 14154
 -36 -8760 14263
 -609 -9651 14227
 -960 -8614 13440
 -1537 -10182 13379
 -1090 -8836 13401
 -543 -8494 13953
 -1092 -9528 13471
 -831 -9329 13822
 -868 -9458 13496
 -632 -8555 14249
 -647 -8342 14343
 -1349 -9298 13858
 -1289 -9042 14095
 -1548 -9564 13647
 -918 -9070 13679
 -706 -8359 13879
 -1541 -8554 14036
 -1190 -9313 13265
 -1065 -9783 13211
 -736 -7870 14130
 -1998 -9750 13815
 -150 -7476 14937
 -679 -9432 13463
 -1021 -9987 13689
-1202 -8639 13969
 -1110 -8477 13892
 -1028 -8391 14000
 -1045 -8421 14104
 -1075 -8530 14109
 -1080 -8583 13943
 -1070 -8475 13992
 -900 -8495 13889
 -921 -8503 13995
 -934 -8466 13875
 -1029 -8656 14073
 -892 -8596 13940
 -853 -8470 14106
 -1135 -8696 13959
 -925 -8754 13984
 -968 -8716 13957
 -924 -8652 13907
 -801 -8533 14334
 -868 -8401 14120
 -1055 -8846 14127
 -1045 -8730 13868
 -954 -8743 13909
 -982 -8589 14162
 58 -8776 14123
 -257 -9863 14119
 -1400 -8145 13930
 -1457 -9329 13305
 -2341 -8427 13336
 -1306 -8031 14387
 -1906 -8755 13947
 -1353 -8372 13845
 -1793 -8085 13980
 -2332 -8577 13542
 -2066 -7671 14322
 -1002 -8729 13580
 -777 -9898 13103
 -60 -9113 13982
 289 -8087 14309
 -545 -9028 13921
 -1594 -8382 13888
 -786 -8035 14641
 -256 -8919 14303
 -974 -7945 14062
 -1492 -9292 13459
 -1600 -8463 13924
 -917 -7777 14454
 -1046 -9438 13531
 -1053 -8840 13845
 -1376 -7996 14097
 -1508 -8862 13685
 -1020 -8733 14063
 -1297 -7999 14276
 -1415 -8353 14260
 -681 -8925 13929
 -499 -9133 13834
 -656 -8500 14081
 -1045 -9010 13901
 -700 -8316 14436
 -332 -8436 14091
 -752 -8668 13986
 -959 -8884 13817
 -986 -8714 13859
 -1028 -8586 14190
 -920 -8290 14029
 -911 -8703 13891
 -635 -8819 14139
 -823 -8529 14102
 -920 -8570 14012
 -926 -8594 14033
 -952 -8634 13950
 -885 -8415 14291
 -1048 -8665 14114
 -1007 -8571 14100
 -967 -8562 13994
 -1001 -8559 13981
 -975 -8370 13713
 -1251 -8514 13716
 -1064 -8509 14054
 -1139 -8546 13953
 -1133 -8549 13842
 -987 -8395 14004
 -1035 -8505 14120
 -1012 -8382 13921
 -1037 -8800 13862
 -993 -8620 13917
 -910 -8561 14076
 -969 -8517 13959
 -949 -8364 13854
 -1052 -8771 13999
 -932 -8603 13979
 -901 -8445 14049
 -957 -8628 13996
 -1037 -8725 14024
 -973 -8693 13912
 -867 -8632 13974
 -895 -8840 13927
 -1129 -8885 13871
 -1026 -8410 13898
 -904 -8734 14081
 -935 -8565 13801
 -1021 -8739 14099
 -984 -8545 13816
 -966 -8506 13757
 -974 -8831 13822
 -971 -8644 14002
 -901 -8560 13607
 -880 -8780 13914
 -962 -8608 14180
 -887 -8566 13875
 -1064 -8725 14142
 -975 -8708 14006
 -889 -8635 13905
 -900 -8640 13943
 -916 -8840 14004
 -933 -8616 13808
 -1052 -8673 14227
 -889 -8702 13990
 -987 -8814 14458
 -893 -8391 13880
 -877 -8844 14106
 1751 -6680 15632
 -2036 -12568 12682
Repetition Start
 -2157 -12242 12948
 140 -12494 14341
 3473 -11264 15718
 2884 -6620 16838
 969 -5904 13839
 742 458 13839
 232 1869 13557
 1589 -1112 14491
 -284 -224 15979
 776 1048 15166
 904 -1519 15099
 76 -2289 15194
 -361 -2970 14493
 38 -4524 13989
 2357 -7493 19608
 2022 -5096 10617
 941 -8551 16612
 -281 -8932 13212
 -886 -7308 14601
Repetition End
0
 -1414 -7639 13834
 -1554 -9127 14079
 -1043 -9198 13688
 767 -6956 13983
 -685 -8369 13729
Repetition Start
 -500 -8588 13846
 -398 -8077 14719
 -523 -10116 15878
 1776 -9031 16535
 -2031 -2469 15911
 3341 -3934 14992
 208 -3454 14748
 2499 -2005 14524
 1519 -359 13064
 -1170 654 15102
 -174 -1087 15708
 687 -1505 14948
 1077 -255 14527
 400 -834 15715
 695 -2208 15257
 619 -2195 14585
 696 -2870 13423
 568 -4173 23727
 496 -7811 7824
Repetition End
0
 -729 -6196 15382
 -522 -11517 11938
 -1585 -9595 13556
 -1090 -9439 13869
 -928 -9025 13969
Repetition Start
 -755 -7673 14066
 -364 -8641 14298
 -137 -8201 14183
 -467 -8427 14352
 -165 -7159 13982
 -2384 -14304 12436
 -1426 -12268 17245
 754 -5848 16483
 1241 -4551 15182
 1026 -8883 15134
 1311 -2349 14296
 -334 -1766 14557
 424 -2368 14338
 1321 -4363 16390
 316 -2791 15993
 -59 -1219 15491
 -141 -1001 13980
 -1036 -646 16476
 -850 -1294 15596
 1010 -1956 14878
 444 -3321 12994
 1112 -3672 14700
 -449 -9645 27078
Repetition End
0
 567 -2593 12343
 -238 -7994 14971
 -1630 -12836 14083
 -424 -8120 14869
Repetition Start
 -1446 -11346 13630
 -1220 -6963 13951
 -1455 -9862 14177
 -805 -7799 14712
 -183 -7524 14269
 -126 -8215 14137
 -161 -8984 14691
 -2392 -12987 15814
 -1711 -9333 14882
 122 -9729 15710
 798 -4452 15881
 685 -5382 17241
 2005 -5570 15703
 64 -3251 14520
 1490 723 14217
 1147 -2032 16043
 1040 -2574 17385
 -269 -1513 15300
 175 40 16151
 691 -203 14729
 -98 -1951 14826
 415 -2546 14987
 -379 -4666 15421
 228 -4285 15352
 61 -10392 21549
 145 -7188 12183
Repetition End
0
 313 -9792 14813
 -163 -9779 13629
 -201 -9696 13601
Repetition Start
 -178 -8745 14283
 -968 -8136 14259
 -189 -7609 14578
 -447 -7741 14403
 -307 -7971 14302
 -374 -8009 14258
 -409 -8586 14291
 -2206 -10065 14534
 1173 -8265 13292
 -83 -10559 14705
 745 -14385 14937
 1584 387 16667
 62 -8255 16253
 1978 -2068 15243
 832 -1835 13559
 1337 -931 13860
 243 -1564 16687
 -39 -2591 15189
 547 -1668 15208
 0 -2075 15052
 724 -1691 13933
 -347 -1945 14429
 -448 -4381 13450
 4036 -7386 31623
 -2210 -17050 9100
 1591 -5641 16698
Repetition End
0
 -1634 -14152 12499
 -897 -7122 14355
 -654 -8948 14397
Repetition Start
 -491 -7817 14431
 -538 -7681 14574
 -644 -7983 14102
 -486 -8959 13975
 -479 -9394 14067
 -548 -8118 14401
 -768 -9629 13895
 -1439 -7921 14508
 -2243 -13598 12903
 -2036 -12022 13750
 -1094 -1426 16577
 -1311 -6831 17142
 1610 -4943 14936
 232 -2320 13450
 1114 -4291 13997
 820 -2510 14439
 1005 -1853 15083
 1615 -1682 14233
 -1083 -1811 13040
 -4053 -3830 16862
 -4252 -30487 10802
 1733 -1244 14520
 -4907 -20201 11177
 360 -5444 14355
Repetition End
0
 -2122 -8711 13921
 -874 -7422 14530
 -1025 -9102 13810
Repetition Start
 -287 -8738 13854
 -810 -9568 13729
 -1301 -8510 13854
 -1248 -7676 14515
 -1350 -7936 14486
 -1089 -8050 14324
 -1140 -8609 14159
 -1073 -7899 14255
 -1210 -8329 14310
 -1089 -7748 14635
 -1431 -7694 14193
 -1383 -7939 14251
 -1334 -8152 14294
 -1094 -7975 14096
 -1251 -7937 14305
 -1071 -7845 13959
 -1172 -8292 14484
 -1140 -7940 14095
 -1325 -7934 14254
 -1252 -8670 14328
 -1086 -7756 14229
 -1094 -8387 13885
 -1126 -8011 14162
 -1293 -8246 14006
 -1517 -8508 14093
 -1364 -8312 14568
 -926 -8232 14518
 -985 -8154 14049
 -1170 -8487 14130
 -1204 -8290 13904
 -1302 -8489 14066
 -1498 -8398 14207
 -1050 -8332 14194
 -745 -7666 14164
 -1170 -8907 14276
 -806 -8817 14292
 -502 -7814 14554
 -483 -8381 14167
 -919 -8344 13941
 -1119 -8667 14102
 -902 -7979 13888
 -612 -8580 14126
 -603 -8567 14001
 -987 -7941 14318
 -2502 -8299 13461
 -1623 -7965 14415
 -822 -7783 14553
Repetition End
0
 -419 -8554 13960
 -528 -8434 13829
 -892 -7974 14300
 -1219 -7957 14343
 -1457 -7901 14459
 -1358 -8021 14333
 -1128 -7988 14294
 -1186 -7940 14487
 -847 -8163 14389
 -1075 -7664 14569
 -1113 -7888 14285
 -1107 -8028 13954
 -906 -7944 14573
 -1162 -8018 14429
 -1022 -7873 14131
 -912 -8364 14133
 -936 -8188 14054
 -1036 -8049 14224
 -730 -8444 14443
 -880 -8365 14090
 -960 -8433 14225
 -931 -8446 14390
 -710 -8099 14143
 -985 -8572 14120
 -841 -8352 14294
 -1018 -7762 14207
 -786 -9199 14119
 -900 -7869 13949
 -235 -8767 14535
 -454 -9326 13670
 -888 -8631 13615
 283 -7184 14926
 -399 -8645 14393
 -79 -10017 14003
 -355 -6538 13653
 -104 -7564 13862
 -1175 -7701 14987
 555 -8462 15851
 -923 -8645 15008
 -1826 -8789 12575
 -3332 -15368 12420
 -3266 -16918 15161
 646 -12886 19533
 -2437 -32045 1426
Repetition Start
 6209 2688 32767
 3134 99 14498
 1134 1163 12433
 1271 897 14225
 3057 4138 13160
 2398 2966 12864
 2510 5519 13729
 903 9175 13495
 2003 8601 10675
 428 12368 11144
 983 11073 11275
 1305 10250 9522
 1789 11295 11202
 2614 10371 8508
 2888 12012 8719
 2908 13910 8494
 1668 13750 11932
 -18 8955 15840
 3591 2424 8274
 3200 218 9512
 -1006 -2348 14028
 8715 -7794 17004
 -3124 -12778 12179
 1310 -2707 17309
Repetition End
0
 -1068 -14412 12935
 -2557 -7216 15001
 -626 -10651 13762
 -2777 -12446 13153
Repetition Start
 -1956 -9241 13062
 -2118 -4527 14586
 -1463 -5630 15479
 -1094 -5511 15755
 -1222 -6825 14860
 -1486 -6935 15350
 -1100 -7038 14611
 -1334 -7078 14908
 -2060 -6615 14102
 187 -3429 14113
 -6169 -10851 13131
 -1793 -14124 15980
 835 -10255 -9250
 6025 -7718 12639
 -3116 5973 15382
 928 3388 13353
 450 2557 13528
 705 4292 12835
 843 5890 11595
 1344 6560 9836
 1861 11050 13394
 1635 8180 13319
 2935 7117 10499
 -1003 7008 11914
 272 3650 14712
 1044 1876 13504
 5036 -2484 10642
 3994 -4359 13911
 -4035 -19140 9600
 529 -3012 15351
 -2958 -23297 10970
Repetition End
0
 2150 -6347 14483
 -2041 -7757 15627
 184 -9481 14042
 638 -5000 14183
Repetition Start
 -1899 -8574 14009
 -1557 -6969 14436
 -1066 -6825 15630
 -1387 -6943 14750
 -1504 -7025 14161
 -1251 -7351 14880
 -1337 -7107 14715
 -2632 -7986 12832
 1234 3579 14115
 -4563 -18397 16801
 -5614 -26904 24477
 265 8880 29047
 2036 962 14090
 -75 -1450 15088
 2205 3682 14247
 961 5791 12683
 391 3408 14577
 276 3836 14862
 2800 4852 12977
 2555 6334 15255
 2304 7110 11592
 1455 9471 12126
 1652 8928 12043
 1256 8910 12198
 1577 10829 13769
 2244 9462 12557
 1933 8877 13124
 1710 7622 15185
 2615 5862 14138
 1042 5054 12644
 1040 -1217 13409
 313 -486 13953
 952 -4851 14865
 5786 -8999 14161
 -1509 -12500 7939
Repetition End
0
 2552 -435 15281
 -4139 -22136 14540
 4842 -11394 12795
Repetition Start
 -1124 -4741 15259
 -3491 -8913 13186
 -2350 -7077 17121
 -1228 -7532 15310
 -1365 -6935 15264
 -1808 -6714 15343
 -2297 -7262 14373
 -2078 -7749 14575
 -2395 -7124 14855
 1751 -11367 16552
 -2084 -14384 16388
 -8558 -32726 9260
 7404 7183 9374
 -1713 2548 14911
 -324 -1529 13090
 1579 2165 16029
 1713 4367 9667
 782 5530 10389
 899 8815 10820
 1778 10865 11483
 564 11416 12024
 1463 11148 11073
 1154 10154 11452
 1637 10314 12799
 1603 10225 11646
 886 9975 11656
 1066 8116 12621
 736 7648 13194
 557 5550 12713
 1560 7171 12915
 167 4897 14082
 902 752 15098
 -1902 -460 14872
 -2109 -6336 15771
 3482 -5235 15704
 795 -15040 9295
 -39 -7261 15316
Repetition End
0
 -687 -20146 12620
 -1300 -7750 17990
 -227 -10428 13231
Repetition Start
 -1086 -4979 13229
 -1387 -6703 15657
 -1455 -8317 14570
 -2217 -7348 14243
 -2194 -8447 12066
 -3927 -10854 16043
 525 -12160 13149
 -10879 -30433 8733
 12692 20742 6752
 -2809 -7927 25918
 267 5560 15603
 2511 7086 11811
 382 4992 17951
 -936 2602 14585
 825 4771 13886
 1425 7155 11514
 2459 6520 13286
 2831 9573 12299
 1687 10889 11326
 1654 11644 11458
 2147 11183 10952
 2356 11628 10780
 2578 10975 10606
 2605 9693 11693
 167 10959 10982
 3191 8923 10223
 3297 7821 13308
 706 7260 12539
 3395 4839 16104
 1153 -21 14412
 -13 -1092 19279
 355 -5243 15500
 1315 -4886 12963
 -1070 -12588 5320
Repetition End
0
 -3948 -2883 16115
 2045 -12491 14875
 -2041 -8631 11864
 -2051 -10330 15106
Repetition Start
 274 -8063 13415
 -1893 -6606 16145
 -1222 -6183 14473
 -3098 -8133 15576
 69 -7770 14595
 -1227 -8641 15123
 -1119 -8219 13922
 -1473 -5942 14887
 -112 -10410 15814
 -7357 -17200 14544
 1484 -23464 5092
 -2026 -2578 19691
 111 4981 15119
 1151 -407 13630
 3010 -447 14965
 370 3254 14184
 2558 5158 10300
 3990 9739 12311
 2152 8730 14198
 2444 8970 13235
 1598 8725 11848
 2306 9732 11714
 1481 10874 12491
 2076 10800 12925
 1472 9487 13395
 732 8434 11528
 1033 8967 13200
 1333 7405 13323
 2486 6113 12724
 -510 6545 13742
 336 5078 13643
 1339 1311 15583
 -2879 778 14276
 -1616 -1157 15568
 -1073 -2009 17217
 -5599 -3317 22329
 -1254 -9142 12581
Repetition End
0
 -3055 -5385 17190
 -2173 -9986 11738
 -1999 -10063 15818
 483 -10031 14527
 329 -9104 14896
Repetition Start
 -662 -6937 14540
 -1361 -7905 15163
 -3335 -12255 11027
 710 -17748 13282
 -10709 -28081 2297
 2142 -7316 9798
 1376 -982 14886
 -2814 -1510 13615
 567 2177 15540
 -925 2322 14772
 1263 1818 13337
 1339 3031 12565
 -477 5997 11155
 1772 9355 15211
 1806 8932 12446
 2361 7936 11384
 2235 11715 13657
 2291 9747 12779
 2473 8925 12370
 1815 8281 12108
 3298 9987 13795
 1534 9128 13881
 2627 8405 15832
 4236 6658 15197
 866 4461 14035
 -219 1429 12952
 1908 4681 13069
 2305 1253 15996
 2366 346 14827
 395 -2143 13503
 9216 -13298 32767
 -298 -12176 11488
Repetition End
0
 4413 -7890 13020
 -2339 -15666 13666
 -322 -7289 15126
Repetition Start
 -1794 -9708 15756
 -1830 -6123 14298
 -1104 -5864 15299
 -2270 -6666 16867
 -558 -6672 15094
 -1000 -6310 15176
 -1854 -6494 14940
 -1226 -6424 15012
 -1149 -5871 14669
 -1103 -6463 15358
 -1272 -6007 15286
 -937 -6355 15032
 -1532 -6587 14985
 -1390 -6002 15068
 -1346 -6811 13859
 -1437 -6681 14846
 -1330 -6387 15136
 -1603 -6382 14821
 -1162 -7037 14702
 -1398 -6620 14930
 -1435 -6190 15184
 -1306 -6395 14792
 -1375 -6542 14391
 -1337 -7042 14899
 -1258 -6626 15073
 -1359 -6756 15070
 -1373 -6981 15092
 -1468 -6320 14915
 -1567 -6667 14984
 -1337 -6678 14857
Repetition End
0
 -1293 -6874 15353
 -1225 -6437 14768
 -1432 -6691 14808
 -1398 -6595 14599
 -1244 -6592 14850
 -1319 -6890 14913
 -1463 -8187 14080
 353 -2138 14482
 -3115 -13885 13536
 -2314 -12040 13600
 -5493 -27559 10013
 12470 6372 7842
 -10309 -12767 19391
 2700 4937 15712
 488 1758 12866
 922 2895 12277
 -384 5351 11973
 1469 7332 12028
 1916 8596 13145
 2527 7905 15846
 -1557 6369 13255
 104 5384 13577
 -147 6657 14924
 1456 4898 14795
 1582 3346 14057
 2578 3145 16466
 2593 779 15342
 2947 776 15725
 -571 -1200 13732
 720 -3498 13626
 3467 -3001 14101
 5878 -14411 32767
 3599 -13017 10288
 6223 -1958 14092
 1995 -10045 12613
 1392 -7249 13140
 -363 -10750 15165
 813 -6112 16367
 -2082 -6875 13815
 -1979 -8403 14616
 -257 -7758 15336
 -1104 -7344 13845
 -1085 -7451 14238
 -1175 -7653 13997
 -4220 -7053 13096
 -1839 -11060 17326
Repetition Start
 -3713 -12685 13273
 -1605 -29681 10223
 5038 16234 14952
 -2745 -1467 19010
 1301 4171 15984
 -248 2186 15168
 1701 3450 10559
 2434 3159 12868
 1595 5048 13569
 451 6963 12534
 1341 8714 12211
 409 8558 12580
 1172 8352 13529
 3050 8030 10423
 -128 8292 12623
 1470 7459 14975
 -596 5846 16136
 1142 4656 15436
 1080 3990 13328
 2861 2833 15097
 -1717 -982 12712
 1683 -2292 16793
 809 -1809 15512
 2186 -5542 12615
 -1788 -14447 10223
 1366 1758 16824
Repetition End
0
 -947 -14846 13486
 -1910 -11650 13498
 -301 -6738 16643
 -1794 -7068 14451
 -1756 -6745 15372
Repetition Start
 -1499 -6808 13988
 -1940 -6238 13975
 -1877 -7909 14915
 -1175 -7099 14656
 -2029 -7348 14436
 -1418 -7024 13850
 -1657 -7066 14244
 -475 -6589 14428
 -2125 -7409 14585
 -2641 -6044 13665
 -3288 -5508 13826
 -2538 -8555 13722
 1328 -817 13081
 -7932 -23760 8630
 -1309 -10967 9961
 1950 1731 17315
 -493 255 16948
 -870 70 11967
 328 2212 12763
 -213 4010 14666
 207 2222 15734
 -346 2232 16961
 448 3242 13923
 170 5309 14062
 1228 5690 16098
 880 5655 14057
 1319 7364 12405
 1249 8284 12077
 1769 10922 12542
 1893 11794 13316
 1899 8993 11375
 2033 10911 12010
 1950 10251 11498
 1643 10398 10996
 1821 10941 11744
 1790 10610 11247
 1776 11324 10136
 1783 12563 8517
 2073 13530 7721
 1814 13715 5982
 2782 15271 4407
 2758 15251 2828
 2535 16271 1277
 2324 15586 1324
 2861 15288 -1854
 2763 15706 -2171
 3091 16869 -4070
 3036 16572 -3442
 2187 18864 -4538
 3079 13345 -3964
 2055 15024 -1712
 4659 15102 -609
 2686 15373 445
 2652 15584 598
 3669 15759 163
 3335 15385 -406
 3392 15363 -455
 3312 16069 -974
 3387 16180 -513
 3419 15892 -946
 3813 15828 -336
 3489 15653 -24
 3463 15424 139
 3303 15548 -167
 3439 15732 181
 3267 15708 34
 2971 15715 -45
 3452 15388 759
 3128 15766 88
 3009 15435 -215
 3247 15903 262
 3062 15570 -102
 2938 15405 -127
 3212 16249 -20
 3027 15646 -118
 3126 15507 54
 2973 15748 -9
 3039 15828 -65
 3000 15477 84
 3098 15724 271
 3047 15751 -37
 3123 15625 -214
 2863 15470 -322
 2885 15671 -569
 3047 16155 -230
 3023 15725 -146
 3043 15844 106
 3193 15632 -125
 3143 15594 98
 3159 15682 -28
 3087 15838 -123
 3055 15817 -10
 3245 15699 -277
 3293 15635 -74
 3293 15889 207
 3153 15666 319
 3532 16229 166
 2911 14626 -58
 3529 15579 -642
 3017 16034 -69
 3130 15614 -203
 3251 15943 -559
 3362 15603 -65
 3129 15928 122
 3086 15413 -486
457 -8029 13736
 -82 -8236 13977
 621 -8501 13965
 613 -8820 13623
 -479 -8636 14667
 -106 -7719 14284
 -238 -8330 14151
 33 -8373 14244
 -791 -8047 14697
 -395 -9070 13890
 31 -8125 13891
 669 -8680 13415
 -148 -8428 14681
 -392 -8433 14267
 -497 -8903 13879
 -156 -8415 13833
 -916 -8562 14474
 1126 -8822 13871
 -448 -9310 14452
 971 -7031 13865
 -449 -8387 14287
 -119 -8719 13790
 182 -10750 12768
 160 -7784 15095
 491 -8006 16004
Repetition Start
 4060 -4384 16689
 -1505 -8457 14549
 1079 -2761 16160
 101 -3965 14479
 672 -1035 14867
 813 -1776 16611
 964 -1304 14299
 912 140 15144
 650 -237 14413
 1016 -692 15295
 -154 -3914 15808
 -243 -5302 15416
 -171 -4523 14762
 -2397 -7839 21765
 2635 -15115 12181
 56 -6889 15545
 56 -10049 15339
Repetition End
0
 -455 -6106 15217
 -1429 -10532 14451
 -2246 -4886 15986
 -2870 -8278 14411
 -3253 -5754 14763
 -704 -8155 15825
 -283 -8529 13124
 -1389 -9359 14225
 -1596 -9114 16145
 1612 -9338 12967
 -3216 -4365 17448
 401 -4615 14239
Repetition Start
 -5000 -2973 17170
 -4819 -2704 16546
 -2517 338 14522
 110 1565 12787
 -2808 639 13493
 4345 151 14409
 -4234 1418 16046
 -737 -992 15426
 -3525 271 14445
 -1906 -1013 13759
 -7783 -4613 25782
 -1824 -11253 11601
 -894 -1368 17324
 -1723 -8145 14644
 -330 -8688 14042
Repetition End
0
 -2543 -8232 12876
 -2340 -9625 13965
 -2506 -8366 13160
 -585 -8466 14295
 -1771 -8840 14100
 -1494 -8235 13609
Repetition Start
 -1368 -8288 13736
 -2088 -9268 13231
 -2261 -11408 12937
 -2231 -8751 16126
 -3844 -4000 16082
 -4380 -3450 17898
 3007 -7451 16302
 -1248 -1045 17224
 -616 -1230 14692
 -961 1094 14708
 -640 594 13545
 717 1576 14990
 -597 1375 14352
 -108 625 16678
 -126 -1147 16687
 1735 -1176 15719
 1151 59 15263
 -389 -1743 15301
 -384 -2340 14856
 -2070 -9272 25664
 732 -7338 12697
 1347 -4398 15467
Repetition End
0
 -479 -8043 14766
 -1304 -8373 14645
 -1953 -9369 13165
 -1592 -8917 13880
 -1279 -9664 13979
 -1197 -8293 14560
Repetition Start
 -632 -7029 14691
 -972 -8629 13869
 -488 -9804 13461
 -2585 -10932 12529
 -1646 -11344 13793
 -3528 -10244 15836
 -498 -4371 15305
 -1014 -1726 19469
 1448 -5460 15613
 -547 55 15447
 508 -721 15412
 -2006 317 14888
 991 1485 13496
 -971 3661 13996
 398 2743 14365
 -598 4457 14500
 821 1555 14066
 2020 1577 15130
 -139 463 14484
 1006 -943 14976
 1418 -1722 16477
 1084 -2395 15213
 4949 -8359 21639
 -608 -12264 11999
Repetition End
0
 34 -6045 15235
 604 -9231 13509
 -403 -8169 14284
 895 -8064 13713
 1097 -9639 13872
Repetition Start
 482 -8725 13991
 135 -8114 14136
 95 -9328 13860
 1838 -5305 14795
 367 -8921 14596
 -3017 -6360 15647
 70 -4330 15103
 975 -6086 14223
 -4194 -14540 14137
 359 -9265 14824
 -439 -15377 17957
 -2479 -18511 10887
 3164 1482 12936
 2275 -267 14236
 713 3435 16958
 1425 153 14816
 892 -834 13424
 1610 -2794 18188
 -894 -12146 10315
 -675 1077 14142
 1034 -16731 12064
 -1913 -12103 12371
 -460 -8245 13208
 -1850 -8732 13862
Repetition End
0
 -906 -6368 15380
 -1578 -8134 14469
 -1206 -8049 13396
 -1174 -8166 13775
 -877 -7323 14763
 -712 -7118 13858
 -1566 -9917 13424
Repetition Start
 405 -5136 14386
 -443 -7160 14684
 -534 -8390 14618
 -345 -9780 12658
 -634 -7895 14905
 -1551 -9123 12753
 1155 -17430 20503
 -4348 -16577 18506
 -2751 -15076 13993
 2405 -2134 11893
 3765 -3432 15067
 -825 888 17121
 2083 -402 13840
 3667 -700 14142
 385 856 12995
 1092 -1761 12925
 -2095 -6299 30289
 -966 -6538 15527
 -1752 -4131 16876
Repetition End
0
 -6582 -7118 12744
 -2311 -11381 12402
 -1392 -8961 13958
 1212 -8762 13751
 -18 -8376 13815
 389 -8092 14239
Repetition Start
 -369 -8277 15072
 -784 -8557 14796
 117 -7830 14494
 8 -7856 14163
 -1104 -6984 14692
 -780 -7686 14459
 -982 -7712 14592
 -956 -7668 14257
 -1283 -8009 14450
 -627 -7743 14607
 -524 -8072 14317
 -822 -7982 14287
 -1200 -6633 13899
 -1430 -8279 15356
 2714 8774 11295
 -11066 -19694 13132
 -5370 -23623 13469
 -846 9765 14550
 4981 -4339 15876
 2857 -3180 15376
 -915 106 18882
 3113 3781 15825
 6011 -1997 16310
 -1426 383 15737
 3382 1157 12758
 26 -521 13294
 2683 -7545 29877
 -755 -11430 12460
 -1202 -5125 15223
Repetition End
0
 -1784 -11112 11315
 -188 -11405 12847
 414 -7411 12627
 -1845 -7587 16161
 -2483 -7072 13984
 -2335 -7509 14995
 -2604 -7558 14016
Repetition Start
 -2539 -6468 14780
 -2421 -7837 14443
 -1704 -6862 14433
 -1969 -7234 14080
 -2038 -7251 14243
 -1950 -8071 14153
 -1674 -7075 14499
 -1736 -5152 14228
 -3569 -14826 14607
 -1210 -8472 19415
 -4950 -12006 14991
 949 -20135 6644
 254 -16116 11582
 7012 6890 16850
 1290 -6936 23784
 1259 186 15780
 -247 148 16835
 1951 1817 13688
 1348 -21 10554
 1394 3623 15382
 1341 -1574 14376
 795 -725 14170
 -74 845 14741
 -1961 -3232 12483
 -448 -3016 13925
 -1545 -9125 32767
 -1801 -15707 8616
 -95 -4054 15706
 -3034 -17679 13269
Repetition End
0
 1502 -6481 13425
 -3376 -12474 14379
 -1384 -7886 14053
 -1084 -9616 13837
Repetition Start
 -1841 -5716 13439
 -1478 -7856 14123
 -940 -6098 14697
 -1789 -8036 14413
 -669 -7468 14261
 -1288 -9240 13651
 -993 -8054 14362
 -735 -9464 13498
 -2746 -11047 16008
 3223 -8770 14071
 -2645 -17426 7442
 -2678 -3557 8367
 4363 -1572 20391
 -1 3125 15454
 1530 563 17006
 -24 772 16062
 -43 517 15008
 351 2247 13590
 -584 584 13419
 804 -200 14943
 -337 -179 15174
 1756 -343 15061
 257 822 13746
 857 -5920 20520
 -859 -21463 10781
 1581 -5725 13305
 3520 -12139 12002
Repetition End
0
 -1919 -10633 13547
 -1060 -10180 14193
 -2997 -7898 15025
 -1289 -8221 13612
 -413 -8508 13715
Repetition Start
 -287 -7575 14946
 417 -6626 14223
 221 -7445 14753
 70 -8027 14285
 -89 -7384 14603
 -668 -8716 14034
 22 -7617 14289
 341 -7806 14701
 42 -7716 14096
 -521 -7995 13932
 75 -6725 14776
 -933 -7197 12307
 -300 -20507 32496
 -2750 -21999 4809
 1404 -20249 5601
 8727 656 15907
 -4614 1543 16976
 -229 2281 15040
 1491 -306 15342
 2633 2032 13793
 1913 2567 14667
 2368 4043 14916
 601 307 13232
 1821 3089 16149
 -359 -586 11925
 1596 599 15021
 -22 -1614 14612
 -156 -7774 25371
 -5887 -27508 6535
 2406 13977 15348
 -3248 -25267 7117
Repetition End
0
 97 -7314 12006
 -500 -12951 12835
 -2656 -5930 15485
 -770 -8072 14497
Repetition Start
 -389 -9443 13596
 615 -8096 13175
 -1387 -11627 13263
 -895 -8920 13800
 321 -8319 14154
 -2297 -8489 13929
 -905 -8462 13773
 -551 -9303 13773
 -764 -8636 14122
 -1499 -8480 13852
 -1027 -8189 13794
 -1669 -8747 14461
 -1086 -8628 14209
 -1361 -9609 13506
 -1207 -9733 13574
 -1446 -8736 13796
