Repetition start
1.01413003678
1.07519134535
0.906463248551
1.00241448933
0.963269385538
0.996382865835
0.991710568865
0.973761015384
0.948813828886
1.03951757906
1.05188014666
0.981687111746
1.07502581883
1.02485229893
1.06906795018
1.17380378622
1.11126850116
1.09834046268
1.10365191437
1.09839995396
1.07743090422
1.00098150485
1.00813824173
0.951000858184
1.02374185521
0.936732615877
0.945310169012
0.997279056589
0.906860727435
0.993048431432
1.07405333719
0.935244162848
Repetition end
0
1
0
Repetition start
0.919181548106
1.11246615068
1.15154112488
1.13887014021
1.0590029749
0.996342665295
1.0002189188
0.89817984245
1.00491732213
1.0828022207
0.98927408414
0.958169410212
1.06455536273
1.0748035729
1.02938970115
1.01967597351
1.06917187029
1.13819937611
1.10909370429
1.11045399934
1.13617054675
1.10547412157
1.08908915631
1.02416305631
0.956621064624
1.04600759768
1.00142586835
0.886658506826
0.976196714561
0.953654419714
1.71433896475
1.28416049638
Repetition end
0
1
0
Repetition start
0.948793105857
0.955369195095
0.977996728564
0.94593576306
1.04500973234
1.27230750599
1.17373917285
1.04547082973
0.877869526517
0.968409595749
0.929816327265
1.05331923069
1.14439119126
1.12297302169
1.12685169213
1.08308573581
1.09819968608
1.09793148459
1.0979571982
1.04803072952
1.020681611
1.03948356228
1.03586653686
0.985064707684
1.071169604
1.07096801649
1.03637397685
0.991918131165
0.84648688474
1.35345096351
0.873616344332
0.98987566265
Repetition end
0
1
0
Repetition start
1.02257474359
1.23325495516
0.927711962379
1.12512711794
1.01219240722
1.01923381004
1.09132646209
1.11022111199
1.14603100249
0.979003166141
0.957553979623
0.952757977736
1.01788879602
1.01386984507
1.08700793839
1.08702793022
1.11445906223
1.06692523345
1.05515892654
1.05504771015
0.997987532671
1.04575324809
1.05667026429
1.04968800628
1.0176534094
1.00154837302
0.915681523883
0.882121281806
0.905317791014
0.87110768508
0.903099928082
1.14355275572
Repetition end
0
1
0
Repetition start
0.95591421917
1.04576526902
1.22468475098
1.3961572931
0.993725165246
0.951756779251
0.970475571209
0.976062392926
1.07408477295
1.00678035646
0.966882451441
1.02060890975
1.06221030297
1.05391795729
1.11414459951
1.12608849498
1.10651121591
1.11703592553
1.09830317659
1.07929096545
1.06979434669
1.04151018358
1.07811061704
1.03697400907
1.03870503472
1.05394348817
0.917064127675
1.04417388919
0.948857048178
0.976416143894
0.713277270357
0.693753858289
Repetition end
0
1
0
Repetition start
0.982214215592
0.967730591458
1.060424485
1.39342002913
1.10243966978
0.957365863069
0.847590665873
1.10327363863
1.00614618823
0.958533835773
1.03669330635
0.93240084111
1.02940286492
1.02752253569
1.12467195609
1.1313242558
1.1190619466
1.11142464807
1.09604965857
1.08392475927
1.08014738402
1.07778582732
1.02073320519
0.994848497708
1.00952428335
1.00306066013
1.00701958862
0.972135892959
1.11794511575
1.20384464942
1.27442755272
1.46769588009
Repetition end
0
1
0
Repetition start
1.05997418911
1.45328413825
0.970636225416
0.842236744692
0.851149590154
0.918841807164
1.07944621455
0.890314838712
0.96143219395
0.916934591481
1.14175949929
1.01967677908
1.12201241326
1.11305060591
1.12976111974
1.12482695606
1.08754996269
1.10301976499
1.10842794808
1.08035372413
1.06703323231
1.01772493632
0.950289685306
1.05414515079
0.94104706572
0.924567420759
0.851539128097
0.90252385881
1.07391964997
1.18375593591
1.74141844852
1.12701258676
Repetition end
0
1
0
Repetition start
0.953424957634
1.23242228307
0.984437707766
0.951548809116
0.898982691168
1.01529348722
0.977414692028
0.862751105372
1.02453007691
0.926177000613
0.993431687283
0.929235801438
1.0652243961
1.04337772466
1.11424992732
1.16088305611
1.09807443289
1.0835539814
1.11431423416
1.11915206404
1.05269505422
1.11448728754
1.06651360282
0.832526607987
1.0289766331
0.935866566073
0.933784993986
1.06384964731
0.990543981076
1.25602396277
1.15143133993
0.870131688366
Repetition end
0
1
0
Repetition start
0.962066191054
0.968731560839
1.10274551999
1.03794404295
1.00038474289
0.820786677415
0.892110959008
1.07388158362
1.14373847045
0.953445529198
0.925735023809
1.05456816033
1.02712751332
1.15677768194
1.12005613072
1.12564540106
1.09103384293
1.09681260789
1.0858096092
1.08259266704
1.06816639979
1.07377099502
1.0264033176
0.985648334526
1.01987181197
1.09792955906
1.0321185706
1.13815650269
0.949121796009
0.961600621465
1.59499482318
1.15663342627
Repetition end
0
1
0
Repetition start
1.00278909101
1.83716501735
1.14926509978
1.09283853768
0.995661976676
0.98357980641
1.1193503022
0.956151119664
1.00682334263
0.888251792215
0.926307168698
1.05847112361
1.12718710132
1.15596378173
1.13630341614
1.09265942358
1.11669565758
1.08368473379
1.107365484
1.0696408068
1.04787063226
1.04886986207
1.05004948268
1.00622304064
1.0005588609
0.984264129117
0.970525385666
1.23618542569
0.991249230308
0.953081600968
1.70653761398
0.942163346979
Repetition end
0
1
0
Repetition start
0.913223366416
0.976945502516
0.985567318798
0.958124064276
1.07026987095
0.92139909268
0.912046951102
1.02277230529
1.05235631414
1.13100037989
1.15495592109
1.13526627893
1.11500424184
1.08579053673
1.09529955294
1.09562711061
1.07281344825
1.04821420706
1.01828667616
1.046864538
0.976811356308
1.00506373854
0.996228491328
0.925375461172
0.884298302219
1.03402845377
1.00092417696
0.958058786543
0.950040387092
0.941710207372
0.741710356377
0.94805604854
Repetition end
0
1
0
Repetition start
0.958199354538
0.992805952778
1.24897698919
0.968704587887
1.14093644645
1.01366121915
1.01085147543
0.999338620492
0.990177087048
0.907970201711
1.03048650699
1.00354866792
0.993594384905
1.06474511228
1.14144963835
1.07676976137
1.09667564011
1.08925472941
1.11216518777
1.08662892532
1.03836930069
1.07637831271
1.04727739636
0.991089885818
1.08340189809
0.960769586314
0.950075326226
1.01774487621
1.07923847038
1.01980186941
1.07837876326
1.20437893917
Repetition end
0
1
0
Repetition start
0.986917417888
0.949079411095
1.10294386981
1.0188396198
0.952767723379
0.875438654738
0.999727189581
0.962632839214
0.923897371661
1.01606191077
1.05443912866
1.10540786313
1.14595130797
1.13801865628
1.09872312387
1.0865268566
1.09037480183
1.07564405212
1.06443333564
1.0752496697
0.979939036498
1.01137715173
1.02755768075
1.04792188673
0.925799005475
0.869813407933
0.96215558578
1.00512187735
1.05913980413
0.92198495694
0.7797385759
0.956608266194
Repetition end
0
1
0
Repetition start
1.08080736551
0.944249298082
0.983313408124
1.05408530528
0.951781844946
1.01702800275
0.98466495187
1.03153766969
1.04324346132
1.01188953166
0.809851854005
0.914758580231
1.01561503222
1.04692759488
1.13070126978
1.10940965075
1.09156914658
1.09372075076
1.04851488057
1.06994557704
1.07673002782
0.974815075559
1.03847773489
0.880563278083
0.980725976554
0.909726675927
0.981294117379
0.879463286309
0.815798469344
1.82009751151
1.22127587424
1.0692294586
Repetition end
0
1
0
Repetition start
1.0580798693
0.988996188711
1.02609386126
2.04027873065
1.12663961013
0.663906673773
0.97843224252
0.899260902411
0.981057277283
1.03474245798
0.956932849107
1.02878398712
0.981965083941
0.937012700751
1.12608288596
1.17704725228
1.13484043426
1.07504674386
1.09603684659
1.08631034838
1.06546793519
1.08035332931
1.05771665907
1.07219807876
0.917434325791
1.03558439541
0.957897901306
0.919464947474
1.05807113768
0.908105110704
0.81565887748
1.61339063135
Repetition end
0
1
0
Repetition start
1.04814659473
1.01118170908
0.993033395834
1.17778478265
1.00746391981
1.40618791046
0.911715683936
1.01510205561
1.06755267866
0.957438794768
0.924089400865
0.931092640924
1.00553406205
1.02404551972
1.09119905438
1.06919119042
1.09568983128
1.09444964035
1.08345971169
1.08421163325
1.06808182495
1.06834381274
1.05585661657
1.00108220357
0.960846357753
1.04567299701
0.938680219831
1.0114164361
0.952783564478
0.999360791073
0.73559405722
1.00409205829
Repetition end
0
1
0
Repetition start
1.01936508703
0.989926627076
1.05653789994
0.997958321198
1.06320397463
1.16327774555
1.07589846113
0.890705023483
0.953056540141
0.998376717157
0.939963985023
0.921437428367
0.923283763375
0.99573551917
1.05535511504
1.07809760225
1.12311609635
1.12568361652
1.07408813203
1.11567652667
1.07615583723
1.05293368645
1.08937590138
1.07529434801
1.03949948852
0.941355029173
0.732974467039
1.04913929811
1.08376521223
0.959476802904
0.961587432167
0.905866118221
Repetition end
0
1
0
Repetition start
0.956100684863
0.928698257857
1.47875379763
1.03536574385
0.9570480968
1.05422233284
0.941128262358
0.941051723078
0.928343145506
0.943182369867
0.963950322671
0.970578749842
1.03913716356
0.873599636967
1.09878238423
1.12627492626
1.16991071425
1.12038395672
1.09940896486
1.10341467269
1.07171411349
1.10568134164
1.03102235377
0.964552594089
0.967587059466
0.977876543978
0.902103156675
0.977986824846
0.991628002876
0.842393433619
0.839923890305
1.07116098603
Repetition end
0
1
0
Repetition start
0.998083539465
1.0066335458
1.03880393784
1.4679733021
0.758476882894
0.969983841802
0.884749012385
0.992681157088
0.984804846752
0.886278316162
1.06772866365
1.12517463137
1.05140190691
1.16024546971
1.15946943973
1.04667546912
1.11141298034
1.09923179235
1.11873476049
1.07276622885
1.05016871683
1.0733397338
1.02664663138
1.05349926948
1.00369784868
1.02910686998
0.980538517723
0.892542435582
0.958898144203
0.924488521135
0.948645479457
0.937270056817
Repetition end
0
1
0
Repetition start
0.982112043148
0.764572524667
1.41373666018
0.912117431164
0.825697167283
1.12727794726
0.903708002561
0.933263868045
0.979232947747
0.983351847465
0.972428955959
0.963622756931
0.92517650747
0.952694860314
1.12100220848
1.06497363217
1.18038032726
1.230859425
1.08323951939
1.09406811822
1.09511541561
1.07883211284
1.04688053343
1.05709896265
0.963797378331
0.914165142605
0.955506688875
0.874046142113
1.01326348966
0.95223162361
1.06406406677
0.823496610666
Repetition end
0
1
0
Repetition start
0.966199728995
1.18889022687
0.626400228425
1.3269053553
0.979748409985
0.934110348916
0.992883942822
0.913895430743
0.970766370544
1.02159011979
1.01902917031
1.17443267659
1.15731348283
1.056560776
1.06533915365
1.11694326265
1.07006992076
1.06754512896
1.06375911557
0.860761635658
1.00995020591
1.02763575404
1.01475452753
1.03125807369
1.00756995846
0.987743329297
0.942414193298
0.992907079197
0.948353441667
0.988894615268
0.984430619969
0.873351400291
Repetition end
0
1
0
Repetition start
1.56740256918
1.18204998933
1.02727541678
1.01899514774
1.05832906877
0.997654589545
1.06028661819
0.805075248795
0.990366172672
1.15239179802
1.03411583528
1.13370902825
1.18335924406
1.11830527734
1.12200589074
1.05872573945
1.1259033712
1.11608643392
1.11213940572
1.09471448369
0.996215399625
0.994038644068
1.03260272524
1.02676667479
0.991439559954
1.04264618139
1.10540369941
0.998520104404
0.982633596324
0.965600903914
0.865704628229
1.25114562763
Repetition end
0
1
0
Repetition start
0.985052543539
0.863246666746
1.41624297586
1.3427353316
1.10332544595
1.10681561118
0.881770358599
1.04369694045
1.00438283673
0.922479911931
0.872420636816
0.962669474835
0.943106743846
1.17257693567
1.10048587246
1.09024590589
1.09878587292
1.10447059765
1.09626156725
1.07359437657
1.08455824568
1.05873282072
0.994454045906
0.976326398919
0.996054669156
0.976639639669
0.928480731499
0.851426931842
1.03753368584
0.920233497564
0.899379445838
0.98150377052
Repetition end
0
1
0
Repetition start
0.976364945457
0.917603740765
0.960033359687
1.40269905228
0.814603133075
0.989361526912
1.09535281893
0.874070467829
1.01695813385
1.00882395364
0.9817122993
1.00514952787
1.07529981835
1.10816314653
1.1123858331
1.09490182887
1.10799256847
1.15141787753
1.07017407775
1.07495577757
1.03943993231
1.06366041747
1.05707196618
1.0153055624
1.02532892314
1.09493999119
1.0181632236
0.987312248948
0.989828575849
0.906760189303
1.39384778555
0.877997324696
Repetition end
0
1
0
Repetition start
0.886317443783
0.886317443783
0.886317443783
1.10363089711
1.10363089711
1.09006762683
1.09006762683
0.967961630822
1.11699845809
1.11699845809
0.954397185023
0.954397185023
0.950244964996
0.950244964996
0.950244964996
0.950244964996
0.955058007916
0.955058007916
0.962519709661
0.962519709661
0.962519709661
0.945253301375
0.945253301375
0.945253301375
0.945253301375
0.956140042899
0.956140042899
0.984586219984
0.984586219984
0.984586219984
0.984586219984
0.984586219984
Repetition end
0
0
0
