3159 14464 5488
 3702 16625 5363
 2910 16754 4101
 3942 15571 2400
 4150 21963 3071
 3906 16093 5017
 1596 14985 4229
 2295 16793 5318
 2450 16781 5379
 2611 17171 7070
 2575 15149 6447
 3766 16157 6571
 3168 15389 6288
 3589 15881 6097
 3517 17429 5946
 3636 16148 5261
 3541 16384 5418
 4104 18990 7290
 2405 11791 3650
 2181 18981 5713
 4344 17417 5546
 3086 16027 4879
 3809 15899 5313
 3054 16503 5800
 2537 16731 5477
 3252 16528 4821
 2965 16144 4464
 2762 17501 4535
 2500 16584 4536
 2992 16989 4718
 2563 16861 5069
 2916 16103 4955
 2813 16480 5309
 2952 16468 5470
 2791 16885 5235
 2935 16514 5299
 2914 16489 5312
 2715 16415 4884
 2482 16210 5453
 2800 16794 5870
 2758 16029 5476
 2078 16556 5263
 2548 16545 5654
 2575 15985 7172
 1113 14038 6906
 3875 15384 4450
 4947 16225 2151
 4442 22171 4249
 1965 14041 2033
 3405 18880 4894
 4453 14491 5506
 3639 12765 5586
 4728 16380 7346
 3838 15078 6937
 4003 15675 6733
 3757 15959 8327
 2996 13034 10830
 2575 12212 9535
 2777 12772 11077
 2776 10865 12192
 2477 9263 10989
 765 8790 12236
 -932 4429 13413
 2121 6121 15243
 2792 -944 22084
 -6428 -16261 11728
 3735 13515 12654
 3370 -6241 15314
 3134 -7452 16883
 4078 -3116 16563
 3622 -4366 14186
 3686 -6823 10535
 2986 -2593 15362
 1469 -5864 14313
 2158 -3403 14761
 1270 -4650 15603
 1705 -5240 15843
 950 -7553 15715
 519 -3951 16482
 1433 -3898 15687
 1580 -3806 16704
 2090 -3550 15672
 2088 -3964 15375
 1725 -4009 15974
 1365 -4666 15102
 1721 -3103 15420
 1643 -2585 15734
 1222 -3965 15912
 728 -7003 17307
 573 -7144 18706
 3036 -2221 12811
 901 1272 16315
 3408 6693 16598
 1785 9215 14646
 1909 8665 12312
 1913 8240 12001
 2627 9454 12093
 3956 10215 12891
 5333 11653 12882
 4558 10946 11583
 4174 11559 10805
 4071 11573 11105
 4196 11740 10216
 4078 12604 11471
 4853 12243 12444
 5691 12849 10774
 4717 14536 10156
 5013 14331 9341
 4962 14229 8699
 5051 15408 6380
 4521 17254 5598
 4413 16542 4808
 4250 15217 5070
 5281 17135 5404
 3794 13419 3031
 5014 16446 1230
 5211 17177 2257
 5320 16876 2127
 5185 17367 2531
 5349 16741 2800
 5024 16857 2877
 5768 16981 3764
 5363 17088 3838
 5484 16421 4902
 5336 15872 5744
 5154 15041 6376
 5165 14843 7711
 5057 13513 8280
 5054 13811 8595
 5052 13618 9960
 4823 12803 9877
 4045 11831 10468
 5336 15958 7598
 2349 11131 11188
 4434 11789 12486
 4250 8085 13259
 4822 6346 14222
 3259 1994 15468
 6752 2277 25255
 1136 -8866 18394
 947 -9849 12706
 2795 -4197 12315
 3775 -5 16484
 3392 231 15979
 3535 -1652 15720
 2799 -1186 16530
 2501 -3394 15315
 1461 -5282 15461
 596 -5215 15596
 641 -4253 15523
 478 -4282 15675
 11 -4413 15323
 188 -4478 15177
 527 -3485 15959
 1254 -2322 16759
 1445 -1989 17596
 2036 -1072 17812
 3079 -278 16082
 3979 3931 14986
 4087 2665 17215
 3808 5764 15220
 2958 7179 15563
 2637 9016 14394
 1997 7868 13234
 2905 8278 13763
 2725 9275 13238
 3096 9281 13178
 4106 10053 13451
 3883 11252 13264
 4517 11307 13155
 4962 12126 12323
 4585 11269 11396
 4909 12168 11800
 5586 13316 11711
 5816 12866 11234
 5586 13807 10484
 5453 13137 8270
 5193 13675 8073
 5376 14228 7766
 5422 14768 7253
 5841 15367 7275
 5632 15417 5774
 5892 16182 5883
 4972 15505 5229
 5370 15671 4786
 5177 16106 4894
 5450 16264 5342
 5457 16091 5556
 5327 15812 5007
 5418 16048 5372
 5054 16050 6175
 5362 16491 6402
 5096 15235 5921
 5182 15569 6892
 5538 15286 7188
 5562 15393 7600
 5592 14247 8863
 5375 13756 9064
 4924 13520 9192
 4635 13256 10364
 3809 12469 11620
 3660 12598 11906
 4735 11160 12120
 3594 9099 12383
 3783 8470 12507
 3642 6507 12974
 5062 6349 14715
 4348 5289 14335
 4444 5280 15613
 4712 4801 17411
 3622 -570 18277
 3912 8159 16518
 2871 5051 18746
 1965 -2919 17593
 1521 -3824 15886
 2042 -2383 15876
 895 -5155 15600
 727 -7495 14150
 708 -7070 14951
 303 -5661 14661
 760 -4714 16115
 997 -3567 15718
 1321 -3024 16066
 1823 -3614 15906
 1684 -4043 15693
 1646 -4781 15501
 1581 -4745 14986
 1246 -5596 15302
 1752 -5266 15183
 1229 -5060 15344
 1323 -4538 15597
 1569 -3987 15425
 1274 -4078 15618
 1421 -4460 15500
 1282 -4570 15310
 1364 -4648 15404
 1510 -4652 15423
 1540 -4463 15282
 1654 -4397 15504
 1419 -4476 15412
 1375 -4665 15253
 1265 -4610 15405
 1466 -4714 15227
 1364 -4518 15341
 1382 -4688 15405
 1444 -4501 15319
 1273 -4813 15299
 1405 -4733 15086
 1357 -4870 15324
 1216 -4801 15307
 1264 -4638 15370
 1380 -4717 15014
 1428 -4621 15462
 1464 -4832 15548
 1499 -4767 15380
 1447 -4847 15287
 1388 -4869 15290
 1347 -4769 15202
 1482 -4692 15460
 1516 -4537 15384
 1686 -4668 15444
 1727 -4754 14944
 1578 -1284 14383
 1313 -4639 16281
 -1712 -6678 12871
 -72 -5727 15242
 1586 -1750 15168
 1649 -6251 14783
 2063 -3535 16186
 3649 -1090 18029
 4843 -613 15369
 7925 2238 15181
 7371 2048 14500
 6350 564 11973
 8727 -4606 17367
 1281 2969 12917
 566 1987 19368
 5506 7371 14833
 1307 12375 9212
 2549 13627 12148
 4622 7030 11422
 -6196 571 23551
 6792 8690 16522
 2384 2516 17692
 3182 -2501 15466
 588 1206 15612
 3020 3883 16433
 1879 2666 16350
 4759 6315 15100
 4611 3244 17384
 3189 538 16865
 1133 -424 16254
 -1131 2324 15773
 2387 2822 15755
 4234 412 16848
 828 2997 16750
 2382 3899 14569
 1664 2927 15865
 1952 2356 15562
 3580 2139 16220
 3185 1555 17822
 1572 2699 15686
 2327 1701 16501
 3825 2754 17769
 2771 2710 16195
 3110 2662 16203
 2466 2498 17464
 2651 2173 15587
 3509 1616 16445
 5537 2583 16563
 -2380 2620 17604
 -392 3836 16316
 579 1242 15769
 4414 2894 15310
 2890 3837 16131
 5136 3741 16049
 2827 5681 14936
 1312 4202 14783
 5456 5654 16683
 4814 2292 16651
 3897 -109 17703
 3990 -470 16767
 5561 -1110 15402
 8222 3205 14062
 8746 -4232 17385
 5204 -4862 14659
 4272 -2390 14892
 1803 -4787 16220
 2912 -4243 15178
 1549 -5037 15785
 946 -4638 14839
 1206 -4224 15566
 956 -4167 15787
 1393 -3364 16014
 1448 -2162 14989
 3451 -2998 18187
 2808 -4337 15488
 3302 -542 12944
 3381 -1005 16331
 5037 -2508 15702
 727 -2434 16027
 1735 -716 19050
 2468 1068 17247
 2097 328 16524
 1905 -281 16409
 1969 -339 16120
 1735 -1250 16299
 1849 -1184 16320
 2053 -893 16331
 2159 -907 16199
 2377 -634 16337
 2369 -707 16240
 2432 -888 16283
 2325 -864 16474
 2322 -716 16303
 2500 -688 16478
 2491 -691 16382
 2526 -737 16240
 2634 -150 16515
 2592 370 16374
 2584 411 16119
 2739 394 16895
 2691 346 16196
 2837 429 16331
 2755 366 16366
 2869 336 16495
 3014 668 16460
 2895 859 16458
 2807 832 16519
 2952 814 16212
 3008 530 16363
 3015 933 16239
 2993 793 16356
 2936 769 16349
 3015 796 16298
 2968 810 16328
 2900 659 16363
 2824 508 16390
 2701 342 16195
 2885 610 16508
 2746 514 16478
 2767 499 16316
 2805 424 16139
 2808 419 16447
 2598 466 16370
 2585 524 16407
 2671 420 16556
 2688 453 16332
 2799 671 16460
 2801 557 16380
 2770 452 16406
 2830 578 16441
 2715 633 16464
 2770 623 16277
 2805 684 16374
 2745 619 16303
 2887 812 16349
 2901 743 16373
 2999 437 16690
 3175 1040 16593
 2334 1149 15686
 3204 3652 13418
 2495 1284 14080
 2033 813 16165
 2484 -273 16405
 3240 -935 16219
 3246 -374 15929
 2322 -357 16315
 2315 -493 16372
 2508 -269 16309
 2573 -32 16446
 2462 -178 15753
 2625 -161 16828
 2850 -405 16487
 2301 -546 16161
 2459 -426 17046
 3968 4504 14356
 2099 -965 16541
 2518 -1326 16302
 1869 -3407 15842
 2382 -3007 14988
 2053 -1286 15233
 1222 -1020 16036
 535 -610 16427
 1290 -770 17026
 746 130 15915
 1001 -59 16372
 1212 600 16041
 1203 -357 17130
 1514 -200 16553
 2622 457 15119
 2199 428 15327
 2221 78 16292
 2227 463 16550
 1719 629 16363
 2516 588 16264
 2770 469 16193
 2697 300 16263
 2741 210 16696
 2744 611 16357
 2726 598 16691
 2826 580 16760
 3114 877 16319
 2700 682 16583
 3015 494 16771
 2853 508 16319
 2981 395 16398
 2966 220 16254
 2905 599 16220
 2509 568 16425
 2419 6 16246
 432 -613 17958
 2249 99 16771
 2645 -442 15396
 2094 -363 16267
 2899 655 13658
 1722 -286 16123
 3121 229 15542
 2871 3269 16166
 2697 2305 15962
 2466 2247 16612
 2601 1443 16514
 2986 1595 16384
 3023 1577 16667
 3160 1774 16302
 3189 1829 16296
 3064 1569 16371
 3114 1663 16272
 3162 1943 16393
 3104 1982 16447
 3154 1988 16277
 3139 1980 16318
 3162 1876 16441
 3212 2108 16395
 3227 1948 16573
 3216 1827 16308
 3154 1796 16309
 3426 1850 16392
 3480 1584 16319
 3135 527 17228
 1695 -265 15241
 1528 219 16190
 536 38 17334
 1213 -1527 16779
 709 -1218 16040
 668 -1285 16368
 1940 -2712 16373
 735 -1199 16594
 588 -1319 16445
 1734 -1751 16056
 1798 -2006 15932
 1785 -1346 16437
 1297 -1277 16042
 863 -386 16208
 1136 -1308 16069
 1057 -938 16124
 1447 -1209 16195
 1704 -1358 16331
 1551 -1532 16088
 1447 -1627 16542
 1501 -1667 16068
 1531 -1520 16026
 1582 -1811 16229
 1452 -1551 16228
 1601 -1410 16226
 1509 -1618 16418
 1402 -1499 16258
 1398 -1432 16376
 1463 -1616 16262
 1624 -1545 16307
 1613 -1639 16316
Repetition Start
 1528 -1590 16539
 1431 -1651 16167
 1436 -1600 16142
 1470 -1430 16333
 1556 -1456 16180
 1557 -1472 16203
 1570 -1515 16244
 1575 -1720 15868
 1538 -1689 16433
 1465 -1624 16206
 1514 -1704 16158
 1593 -1711 16423
 1473 -1488 16251
 1613 -1662 16134
 1591 -1334 16302
 1479 -1510 16235
 1487 -1581 16284
 1642 -1416 16098
 1578 -1526 16304
 1527 -1537 16082
 1526 -1563 16314
 1519 -1486 16100
 1500 -1672 15734
 1360 -1899 16148
 1502 -1453 16513
 1441 -1554 15997
 1557 -1355 16039
 1445 -1645 16406
 1539 -1793 16390
 1553 -1620 16106
 1598 -1717 16187
 1405 -1694 16063
 1446 -1702 16128
Repetition End
0
 1425 -1718 16207
 1446 -1693 16149
 1403 -1747 16185
 1497 -1735 16201
 1479 -1881 16172
 1391 -1849 16194
 1456 -1802 16134
 1448 -1945 16222
 1487 -1838 16356
 1350 -1657 16562
 1533 -1770 16092
 1501 -1531 16119
 1275 -1801 16238
 1345 -1568 16207
 1420 -1605 16121
 1629 -1331 16112
 1479 -1646 16363
 1515 -1361 16131
 1407 -1749 16319
 1519 -1593 16317
 1604 -1732 15978
 1469 -1797 16212
 1400 -1685 16443
 1449 -1381 16256
 1480 -1569 16109
 1322 -1508 16133
 1396 -1515 16185
 1445 -1559 16188
 1464 -1642 16168
 1463 -1531 16298
 1425 -1369 16240
 1261 -1605 16265
 1390 -1585 16194
 1522 -1480 16214
 1411 -1628 15889
 1428 -1579 16176
 1376 -1355 16377
 1345 -1568 16204
 1302 -1524 16123
 1372 -1557 16225
 1296 -1620 16185
 1375 -1463 16282
 1357 -1639 16287
 1412 -1449 15963
 1017 -1578 15788
 1731 -1981 16300
 1322 -1663 16177
 1147 -2196 15999
 1570 -2599 16037
Repetition Start
 1277 -2559 16986
 633 -3734 17770
 1962 -1399 20098
 754 -2312 17638
 630 1371 14850
 2799 3106 15498
 3057 3126 17969
 2371 4367 16896
 2087 5859 14200
 1456 4311 13996
 1095 5872 14843
 1275 7430 15336
 3050 9091 14750
 2472 10114 13717
 2870 10494 12659
 2484 10881 12542
 3548 11854 11549
 3483 12545 11686
 3631 12582 11963
 3981 12712 11071
 3785 13073 10405
 3774 13382 10279
 4196 13496 8982
 4998 14078 8514
 4464 15063 7479
 4876 15659 6428
 4632 15977 5137
 4737 16455 3560
 5302 16434 2422
 5016 16840 829
 5380 17884 453
 5312 17061 280
 5447 17459 -445
 5703 17385 -458
 5749 17726 423
 5740 17150 1210
 5760 17053 1899
 5871 16648 2405
 5915 16554 3018
 5846 16423 3714
 5750 15856 3917
 5730 16196 4418
 5323 15247 5381
 5147 15101 7543
 4345 14314 8573
 5180 12801 9116
 3858 12531 10131
 3923 11186 11215
 4046 11170 11710
 3236 9407 11746
 2956 7266 11172
 2408 8222 12523
 2921 5074 13851
 2456 4228 16171
 3692 -296 26197
 -526 -3850 18413
 1366 -3146 14124
 3363 -1342 15877
 3216 -2337 16540
Repetition End
1
 1321 -4366 15856
 258 -4698 15986
 1456 -4671 15728
 804 -4345 15660
 765 -2572 15890
 897 -2782 15948
 509 -2843 15807
 846 -2509 16143
 752 -2684 16029
 618 -4123 14166
 -1405 -7667 16855
 908 -3674 16454
 -23 -3782 16234
 560 -3711 17021
Repetition Start
 362 -2762 17132
 2680 -1568 19103
 -1500 390 17163
 2875 7823 15848
 3251 8408 15469
 2371 9245 14499
 3213 10742 13712
 3097 10491 12277
 3953 10026 10837
 4010 11577 11470
 4796 10677 12361
 4832 10587 11790
 4021 11496 11688
 4917 11873 10076
 4284 13348 11091
 5034 14076 9883
 5234 14231 7201
 5521 15169 5812
 6443 16031 4390
 6531 16086 2917
 6002 14909 2224
 5936 15991 959
 6201 17146 102
 6797 17514 -1027
 6664 17075 -2264
 6762 17712 -2132
 6796 17281 -1318
 6683 17289 -865
 6309 17135 -183
 6426 17366 1577
 5713 15776 2406
 5969 15857 3128
 5929 16059 4558
 5284 15396 5383
 5305 15071 6572
 4857 14251 7601
 4877 13667 8336
 4424 12673 9646
 4419 12206 10227
 5557 10933 11622
 5460 10401 11891
 4849 10109 13952
 3656 7449 14212
 3263 6090 14100
 1839 171 14195
 163 -889 26126
 -4558 -13559 16747
 333 -6657 15044
 3409 1235 12709
 1233 -3217 15544
 463 -1846 17513
Repetition End
1
 1460 -3464 15931
 1224 -4983 16518
 765 -4655 15556
 1357 -3335 16318
 622 -2479 16055
 249 -2118 16231
 909 -2802 15172
 698 -4808 15697
 -157 -4764 15024
 1730 -4266 19678
 -569 -7793 21210
 2955 244 13381
Repetition Start
 3507 1301 15292
 1700 7520 18019
 3286 7761 16606
 2878 6287 16206
 3834 8007 13466
 4254 10646 13053
 4259 8534 13823
 4156 9887 13830
 5500 11741 12667
 5247 12160 11331
 4682 10485 11530
 3760 11216 10988
 3462 13194 9334
 4784 12577 11124
 5559 13968 10771
 5146 13670 9327
 5988 13638 7895
 5953 15767 6568
 6418 15667 5109
 6668 15176 2505
 6869 16114 972
 7115 17609 -1271
 6739 16152 -2747
 6806 17138 -2913
 8301 17963 -3937
 6798 16489 -4235
 7773 17174 -3792
 7215 16623 -3344
 7142 16804 -2572
 7136 16783 -1715
 7038 16832 -752
 6883 16720 865
 7608 17205 2768
 5903 14152 3246
 6496 15263 4530
 5952 14775 6791
 5780 14000 7771
 4867 13259 8943
 4758 11276 10739
 4532 11252 11506
 3738 10903 12346
 5255 9597 12308
 3475 7930 13878
 4103 7792 14267
 2710 5991 14386
 4172 4463 15529
 4775 -760 30182
 -2104 -7123 19411
 1110 -3698 16846
 2996 493 13062
 5223 -664 16119
Repetition End
1
 1893 -3284 16939
 2461 -4599 16377
 1075 -6031 15949
 724 -6799 15656
 1261 -2694 15615
 859 -3425 16113
 1568 -2987 15034
 1377 -5255 14861
 1786 -2277 15439
 5227 -2095 14218
 4963 -6804 18290
 2589 -4254 24318
 768 -2500 19598
 3152 451 10450
 1293 3077 16163
Repetition Start
 2577 5077 17958
 2363 5466 15087
 2105 4377 12815
 3837 7280 13455
 4228 7936 14308
 5008 8950 15643
 4269 9195 13103
 4752 10727 12191
 5043 10858 12053
 5117 11634 11227
 6601 13020 9508
 6299 13301 8594
 7727 15201 6296
 6786 15291 4855
 6934 15820 2927
 7134 16077 1159
 6219 17120 652
 6450 17714 57
 7007 16884 266
 6626 16927 1428
 6543 16728 2434
 6965 16722 3747
 6584 15932 4526
 6469 15468 5566
 6484 14725 6543
 6427 13774 7577
 6168 12718 9004
 6445 12410 10374
 5996 11277 10678
 6097 11289 11163
 6006 10149 12471
 5037 8930 12511
 4915 7842 13374
 4570 7175 13809
 4364 5485 12836
 3990 4083 15803
 3001 1762 16985
 2481 281 16352
 1351 -6507 23771
 307 -5634 11658
 1009 -5402 14230
 883 -3713 13936
Repetition End
1
 423 -4839 14929
 -902 -7053 17321
 200 -4970 14541
 -588 -6932 14405
 -235 -6962 14869
 465 -5081 14418
 65 -6636 15622
 -267 -7453 14750
Repetition Start
 -890 -8378 15533
 673 -7831 17369
 3023 -1082 17602
 2417 2702 15210
 3902 5320 15830
 4414 8378 15411
 4110 7005 14234
 3649 6553 12775
 3955 8369 13395
 4231 9525 12958
 4588 10441 13555
 4654 11315 11996
 5087 11964 12093
 4938 11956 12967
 5616 11697 11909
 5930 12587 10100
 6006 12963 9222
 5459 13230 7068
 7544 16184 5404
 7151 16640 3577
 6653 14882 2470
 6922 15842 1555
 7588 17386 1185
 6848 17253 -45
 6946 16978 -494
 7312 17039 -218
 7334 17333 276
 7360 16660 1267
 7473 16558 2256
 7215 16221 3383
 7058 15424 4901
 6878 14423 6140
 6617 13706 7370
 6364 13047 8791
 6326 11972 10187
 6039 11077 11163
 5398 10788 11815
 4700 8652 12732
 3845 7597 12907
 3588 6512 13631
 2899 5070 15927
 2704 4244 15522
 3266 4418 17177
 2095 290 24419
 -513 -4365 19750
 173 -3938 14074
 -48 -3141 14107
 748 -3362 15637
Repetition End
1
 590 -4067 16788
 473 -5268 16697
 967 -5270 14925
 265 -6016 15394
 1066 -5558 15586
 -6 -8021 15423
 -954 -10823 19718
Repetition Start
 3238 -2252 16897
 395 -4596 18854
 2187 3766 16275
 3336 7327 14707
 3044 7816 14599
 3704 6694 13464
 3982 8422 15118
 4967 8571 14283
 4789 9477 13855
 4498 10525 12618
 5535 11014 13348
 5602 10873 13471
 5021 10055 12692
 5332 12501 12206
 6262 12766 11374
 5949 12730 9324
 6271 12725 8705
 7039 14860 8074
 6406 14885 6760
 6573 15288 5026
 6930 15374 4069
 7113 15265 3591
 7490 16172 3623
 7728 16581 4105
 8234 16283 4815
 7599 15404 4832
 7431 14598 5272
 7619 14881 5671
 7741 15421 6247
 7930 15290 7562
 7210 13670 7817
 7208 12803 8475
 6729 11451 9535
 6909 10876 10590
 7407 10963 11956
 6122 9286 12617
 6453 9399 12818
 6053 7791 13685
 5735 7578 14598
 5633 7796 14092
 4936 5014 15660
 3930 5568 14946
 4066 4294 15392
 2679 1197 15122
 1318 -4366 24840
 -878 -8310 12752
 715 -3921 10202
 -542 -10023 15183
 180 -9639 14895
 -74 -10840 17678
Repetition End
1
 1521 -5484 16338
 1328 -5154 15062
 1974 -4419 15021
 248 -6435 14475
 -1660 -8562 20322
Repetition Start
 1166 -5504 21733
 2607 5465 7360
 3430 4124 16336
 3566 9019 14030
 4248 7121 13314
 3977 6987 12513
 4625 8086 13772
 5456 7788 13544
 4983 9597 13693
 4278 9143 13175
 4063 9801 13509
 4509 10491 12703
 4631 10892 12328
 4648 10433 12000
 5749 11339 12489
 5147 11083 12434
 5766 11806 11727
 5046 13149 9965
 5330 13257 9608
 5977 14236 8935
 7641 15405 7123
 7381 14562 5963
 7221 14268 4819
 7711 15378 4404
 7581 16121 3318
 7349 16184 1971
 7493 16706 1253
 7602 16497 1501
 8121 16510 2755
 7856 15931 3961
 7598 15228 4740
 7556 15111 6071
 7260 14858 6988
 7080 14156 7652
 6923 13428 8808
 6842 12462 10681
 6328 11261 10557
 6473 10666 11865
 5364 9572 12506
 5514 8153 13073
 5931 8186 14338
 5229 8105 13644
 4200 6017 13262
 3543 5073 15846
 3916 4883 14842
 3397 3132 14986
 2859 2710 16529
 4154 343 16602
 105 -5283 21297
 -63 -4417 14250
 1985 -2592 13374
 291 -5471 17126
 995 -4337 16205
Repetition End
1
 1596 -2501 16535
 959 -2342 16481
 1848 -1166 16429
 1975 167 16216
Repetition Start
 2201 -818 15943
 1238 -2070 15195
 52 -7871 17591
 2029 -4728 17412
 3400 -3351 16873
 2894 1048 14331
 1648 1599 15760
 3835 4618 16304
 3218 4218 15659
 3408 3994 15234
 2380 5128 13847
 3395 5693 15271
 3843 5830 14782
 5381 6789 14943
 4556 7378 14793
 4531 8459 14602
 4039 7800 13716
 5108 9287 13455
 4617 9366 13742
 5304 9702 14320
 4568 9822 13411
 5266 10413 13663
 4976 10415 13425
 5674 11260 12629
 5273 10596 11250
 6401 10743 12675
 6546 13495 9512
 7484 14231 7210
 7429 14476 5537
 6941 15234 4182
 6932 16126 2401
 6595 16377 1512
 6850 17221 404
 7195 17167 335
 7096 17174 1553
 6990 16540 2585
 7088 16282 3986
 7324 15484 5147
 7009 14967 6212
 6727 13877 7252
 7127 13423 8404
 7116 12740 9827
 6701 11585 10430
 6697 10483 11474
 6572 9676 12468
 6318 9307 13353
 5173 7519 13275
 5186 6368 14475
 2541 2512 12038
 6150 4926 16076
 3433 3818 17943
 2524 166 15801
 2155 -4949 16340
 310 -7904 18892
 1508 -4296 13541
 805 -6065 13976
 1070 -6572 14437
 1025 -9097 14155
 370 -9876 14723
Repetition End
1
 1177 -5971 14012
 -482 -8032 14129
 533 -6163 14809
 929 -5715 14867
 1016 -5279 15169
Repetition Start
 638 -4992 15238
 1005 -5325 15178
 601 -5414 15233
 216 -6049 15076
 -482 -7686 15335
 -1122 -9936 20552
 -510 -6962 18184
 1148 -4995 19909
 4605 3373 19117
 4777 4833 15787
 4101 5185 14127
 4549 6269 13312
 6981 7053 14779
 5989 6779 14362
 4768 8504 13321
 5287 8060 13618
 5585 9256 13683
 5537 10411 13747
 5588 10284 13562
 5588 9987 13092
 5953 10408 10574
 6346 12949 9521
 7347 12876 7628
 7886 15319 6523
 7653 15834 5799
 7171 15035 4283
 7407 16061 3071
 7530 16681 2971
 7497 16000 4289
 7903 15568 4316
 7583 15977 4664
 7550 15579 4213
 7349 15616 4425
 7513 16165 5030
 7571 15413 5552
 7669 14815 5794
 7549 14679 6971
 7576 14352 8177
 7271 13352 8626
 6906 12119 9769
 6663 10983 11398
 6586 10253 12080
 6338 9576 12668
 5408 8062 13896
 5895 8652 13782
 5041 7124 13836
 4311 5619 14580
 3799 4906 14821
 3464 3357 15261
 3549 3451 16459
 3520 1109 17217
 3133 -32 15963
 235 -10457 23314
 1972 -3957 13139
 2087 -4160 12645
 2321 -8156 15204
 1199 -10120 13761
 2741 -8055 13719
Repetition End
1
 1625 -8187 13643
 999 -7691 14924
 911 -5793 15598
 1080 -2511 14623
 827 -3548 16001
 -111 -5722 15618
Repetition Start
 -2387 -8803 17728
 874 -4390 17277
 5511 5048 12915
 4513 8007 17684
 1406 5477 16698
 1956 6263 15053
 2049 5147 14209
 3009 6789 13017
 3874 8646 14053
 3899 8129 13676
 4110 9643 12872
 4413 9518 13132
 4539 10233 13862
 4865 10340 13687
 5238 10522 12793
 5945 11159 11965
 5535 12024 11130
 5945 12253 8200
 6818 14210 7701
 7697 16459 6319
 6866 15216 3830
 6855 14631 3765
 6785 16041 1839
 7190 16806 1182
 7172 16409 590
 6983 16765 -361
 7222 17104 -674
 7183 16889 -789
 7349 17210 -476
 7242 16916 -76
 7333 16486 672
 7431 16821 1354
 7252 16131 1810
 7055 15969 2602
 7806 16480 3660
 7631 15302 4605
 7718 14655 5517
 7623 14394 6285
 7757 13735 7750
 7227 12700 9243
 7177 12041 10171
 6903 11327 11126
 6137 10143 11865
 5391 8883 13394
 2504 7280 12175
 5219 6898 14605
 5591 6670 14527
 4704 6065 16001
 4169 4360 15045
 3954 2797 15133
 3830 2353 15874
 3909 674 20956
 217 -4165 17089
 2386 -565 13196
 -3 -7059 14924
 853 -7834 16240
 2049 -4054 14437
 777 -5851 15609
Repetition End
1
 1318 -5891 14988
 1618 -4514 15415
 1536 -3714 15592
 922 -4228 15920
 869 -8431 16365
Repetition Start
 116 -5096 16573
 6403 -4903 13574
 1063 4266 15808
 3463 3604 16709
 2654 4708 16882
 3096 4773 15158
 2925 5852 14887
 2596 5126 15646
 3166 5648 14997
 4043 6692 16292
 3614 6890 15193
 3943 7717 15025
 4978 9398 13161
 5342 9761 12482
 4874 10310 12375
 5046 10706 12612
 5313 10807 12054
 6362 12120 12212
 5897 11602 9958
 6577 13104 7974
 7320 15780 6651
 7089 15972 4030
 6761 15821 2275
 7451 16112 1698
 6920 16324 1397
 7233 17132 1155
 7093 16820 -18
 7942 17135 -287
 7878 16948 -23
 7953 16620 795
 7821 15972 1513
 8051 15878 3536
 7698 15736 4479
 7743 14147 5485
 7628 13877 7108
 7743 13542 8595
 7269 12086 9233
 7331 11676 10492
 7040 10705 11611
 6246 8289 12022
 6489 8504 13297
 6180 7553 13874
 4964 5991 13853
 5323 5800 14857
 5090 5061 15291
 4927 3367 14756
 4523 623 14736
 5014 1829 15920
 2595 -366 19783
 882 -7910 18686
 1603 -4535 12493
 121 -8306 14275
 867 -9367 15358
 1686 -7558 13521
Repetition End
1
 2005 -7272 14822
 866 -7225 13811
 1016 -6295 14630
 798 -6000 15376
 1625 -5222 15787
Repetition Start
 -612 -7818 13372
 -1994 -11262 17085
 1704 -6045 20819
 2745 4633 11496
 4341 5410 18847
 4240 3600 15981
 4887 5336 14179
 5724 6176 14174
 5491 4563 14096
 6151 7206 14688
 5680 7048 15022
 6055 9541 14324
 6077 9957 12292
 5965 11358 10233
 6384 12959 10441
 6773 13527 8983
 6979 13379 8480
 6424 14076 6190
 6630 14973 5685
 7092 15652 4424
 7384 16402 3056
 7680 17014 2303
 7596 16611 2168
 7457 16314 1271
 7461 16486 981
 7595 16977 691
 7755 16961 1104
 7668 16845 1740
 7387 15951 2493
 7912 16069 3274
 7990 15408 4126
 8063 15596 5522
 7621 13859 6994
 7231 13016 8325
 7044 11889 9561
 6590 10922 10602
 5957 8029 13234
 6335 10151 10964
 5564 10486 11571
 5624 8692 12855
 5368 7557 13595
 4839 6130 14931
 5443 4840 14699
 4898 4561 15240
 4660 2516 15332
 3699 233 15878
 3179 -2850 26213
 3090 -203 16077
 2635 -3319 13731
 1997 -6731 17369
 2622 -5593 16502
 4150 -1672 14382
 1989 -2740 15619
 2729 -1087 16404
Repetition End
1
 1662 -2433 15784
 166 -3294 15763
 689 -4412 17298
 3413 -4830 19525
Repetition Start
 410 -6635 15209
 3563 282 18756
 2398 100 14888
 1673 4048 14724
 2726 3329 15122
 3785 3847 15241
 3827 4973 16718
 4091 5489 15148
 4826 7046 15005
 6147 7763 14746
 5601 8409 13880
 5956 10257 12441
 6513 11063 12044
 6487 11342 10400
 6684 12396 9289
 7036 14204 8001
 7399 14787 5847
 7905 15388 3580
 7720 15926 2546
 7746 16381 2070
 7859 17176 1850
 7752 16548 1991
 7875 16207 2555
 7299 16009 3577
 7336 15820 4375
 6327 15780 4591
 5872 14635 4107
 7203 14896 6810
 6794 14160 7984
 6985 13292 8680
 6381 11647 9832
 5304 9647 11436
 3972 9247 11851
 5260 8820 12852
 4045 6837 14984
 4323 4183 14415
 4114 1893 13102
 2810 -2923 16268
 2157 -5108 32767
 1314 -2409 12446
 1069 -2211 14127
 675 -2489 17370
 1435 -3147 16453
 2636 -2694 16678
 1259 -1857 16014
 1993 -2085 16282
Repetition End
1
 2830 -2074 16205
 2756 -2260 16566
 1266 -5269 17060
 2543 -5923 17460
 4097 -5388 21131
Repetition Start
 2594 -3822 16203
 5281 4565 16336
 3378 4141 17414
 4665 5541 13937
 3416 5753 13569
 5302 6570 15720
 3722 6539 14997
 4564 6424 15171
 4144 6450 15657
 5024 7805 14922
 5056 8381 13490
 5285 9619 12942
 6477 10759 12653
 6376 11426 10127
 7097 11921 8356
 7422 13277 6820
 7666 14642 5850
 7173 14842 3765
 7749 16365 3074
 7522 17403 2284
 7561 16672 1856
 6885 16494 1260
 7074 17178 1629
 7120 17139 2009
 6836 16652 2967
 7060 16268 3770
 6840 15615 4461
 7115 15572 6462
 6536 14572 6862
 7566 14031 8107
 6274 12980 9481
 6509 12605 9465
 6563 11133 11066
 5676 9071 11692
 6302 9788 12886
 5498 7269 13928
 5083 5950 13929
 4769 4021 14754
 4492 2872 15616
 2523 1471 14915
 5045 1565 14471
 3082 -2431 15547
 2992 -1889 15304
 5225 -8579 26614
 325 -7973 15714
 1760 -6184 11940
 1102 -9858 15527
 1722 -7709 14395
Repetition End
1
 1410 -8216 12885
 896 -5494 13980
 421 -5627 15459
 342 -5498 15434
 656 -6283 14333
Repetition Start
 -2041 -9179 16627
 -3199 -5934 18935
 6061 -10870 20114
 976 6746 17521
 740 1671 19463
 2060 2930 15485
 1681 4460 15351
 3602 4753 14885
 3444 4819 15422
 4808 6427 15264
 5024 7598 15395
 5267 9150 14990
 5510 8396 14243
 4579 9330 12748
 5957 13304 9095
 6286 13611 8365
 6554 14794 7329
 7129 14886 7398
 6955 15000 5537
 7474 15900 5165
 6805 15558 4718
 7697 16934 2506
 7597 15898 925
 7731 16778 384
 7332 17299 -1019
 7235 16885 -378
 7443 17026 750
 7550 16940 1661
 7832 16139 2804
 7564 15390 3796
 7819 15559 4482
 7748 14774 5485
 8126 14352 6810
 8382 14114 8181
 7225 11828 8424
 6963 11954 9290
 7180 11516 10777
 6690 10913 12026
 5537 8232 12323
 5577 7063 13486
 6612 5989 14327
 5882 7436 13976
 3986 4773 16250
 4041 4047 15658
 3082 1636 15182
 2062 -1490 14066
 1469 -1452 15459
 271 -5988 22272
 468 -2684 14218
 1609 -4534 11433
 -353 -8707 17008
 5 -8564 14393
 -115 -13099 18139
 463 -6164 15046
 217 -5998 15769
Repetition End
1
 1353 -9533 16563
 -2505 -9759 19468
 6548 6343 8887
Repetition Start
 3173 1730 16234
 2962 2339 18462
 3693 3574 15600
 2556 1910 14767
 4473 5955 14121
 4462 5949 14103
 5235 7436 13725
 5248 9419 14702
 5486 8853 14244
 6510 9128 14109
 5937 9030 12638
 6353 10754 11833
 6075 11158 11950
 6425 11978 9991
 6722 13533 7919
 6503 14587 5620
 6963 15807 3766
 6892 17425 1484
 6155 17256 424
 6471 17215 -307
 6854 17399 119
 7159 17406 1332
 6623 16844 1911
 6901 16494 3285
 6741 15947 4252
 6954 15288 5396
 6912 14867 6166
 6881 14783 7324
 7082 14308 8145
 6783 13093 8883
 6161 10713 9211
 6183 10428 11692
 6311 9927 12628
 5632 7294 13929
 4700 5658 14619
 4851 4864 15566
 4202 3364 15626
 4174 2011 16317
 3260 259 16713
 3119 -617 15992
 2887 -1479 15258
 3913 -5787 25884
 868 -5431 14548
 797 -5499 13289
 61 -8422 15334
 892 -7725 14671
 1127 -7848 14073
Repetition End
1
 397 -10211 16040
 1520 -8005 18136
 4386 -946 13678
Repetition Start
 2360 -2596 18505
 2307 -311 16000
 2565 2151 15104
 3371 4715 13876
 3313 4913 15383
 3857 4697 16047
 4435 5352 14545
 4101 6353 15383
 4064 7274 14761
 5087 8953 13539
 4860 9383 14104
 5286 8770 13715
 5163 9661 13169
 5834 10152 13233
 6516 10381 12384
 6520 11306 10539
 5487 12795 9551
 6146 14382 6124
 6009 15235 4907
 6765 16657 3304
 6969 17241 2595
 6673 16600 2095
 6581 16621 1819
 7050 17367 2252
 7122 16987 3228
 6554 16352 4378
 6572 15839 4918
 6621 15116 6105
 7076 14911 7036
 6799 14258 7759
 6882 13587 8074
 6823 13104 9702
 6575 12494 9948
 6850 11157 10348
 6374 10302 11212
 6286 9641 11794
 5640 8814 13143
 4981 6961 13843
 4626 5313 14691
 4512 3959 14571
 4414 3170 15407
 4547 1675 15845
 4314 1153 15023
 3178 -1780 15743
 3398 -2306 14909
 2458 -12061 22309
 898 -6395 13825
 1416 -6079 13869
 446 -8595 14397
Repetition End
1
 3684 911 9693
 1749 -3816 15415
 395 -4127 19117
 850 -2802 18168
 1471 -1486 16320
Repetition Start
 1385 -2165 16278
 1241 -3830 16034
 1960 -5855 16678
 1044 -3305 20471
 2145 125 15836
 3687 3528 15927
 5306 7589 14593
 3877 6643 12585
 4038 5507 14097
 3871 5401 15754
 4442 6430 14461
 4962 8291 13962
 4887 8994 12962
 6386 10774 12167
 6689 11737 11867
 7212 12456 10174
 7369 11548 8463
 7442 13204 7514
 7559 15750 6012
 7554 15859 4212
 7263 14988 2776
 7707 15459 1897
 6984 15894 737
 7520 16862 -26
 7654 16968 -96
 7277 16540 -683
 7611 16973 -486
 7687 16808 104
 7702 16662 750
 7810 16244 1999
 7659 16379 2151
 7854 16118 3149
 7699 16071 4310
 7774 15388 4656
 7761 14968 5820
 6886 14151 7336
 6910 13045 8696
 6911 11933 10730
 6437 10704 11895
 5966 9733 12071
 5616 8614 12979
 5424 6927 13273
 4776 5149 14457
 4721 4464 15046
 5875 3158 16369
 4297 1315 16057
 4043 327 15474
 3317 -697 15561
 2240 -2211 15712
 2644 -7699 23115
 1055 -4869 15285
 1382 -4504 14486
 1698 -6103 14286
 1221 -8222 14773
 1449 -8964 15652
Repetition End
1
 3022 -3968 14975
 2584 -4038 16031
 1352 -4478 15627
 1888 -3283 15626
 2150 -3877 15073
Repetition Start
 -341 -6147 15988
 -1690 -8715 21643
 3024 2908 20799
 -1697 -59 11640
 1876 888 17316
 157 1767 18042
 2032 4161 14796
 2135 5506 13789
 1500 4937 13989
 3371 6876 14388
 3796 7029 14604
 4949 8864 14468
 4881 9084 12974
 5636 10429 12682
 6232 10683 11607
 5886 11050 11721
 6929 11990 11435
 6377 10983 12501
 6726 10707 13956
 7307 11341 12409
 7287 11727 10523
 7406 12889 8216
 7965 15174 7335
 7602 15430 4374
 7354 15473 2475
 7088 15881 1003
 7524 16652 -685
 6870 17322 -397
 7058 16508 -631
 7382 17089 271
 7180 16760 1615
 7489 16091 2450
 7749 15845 3591
 7544 15496 4751
 7491 15423 6024
 7180 14323 6458
 7394 13903 7578
 7257 13649 8455
 6586 11828 9334
 6582 12157 9555
 7498 11817 10979
 7215 10305 12398
 6521 8988 12571
 5878 7119 13615
 5653 6846 14287
 5169 5985 15067
 4339 2908 15287
 4897 713 15181
 3631 74 15878
 3359 -989 15568
 2680 -1989 17428
 99 -11041 21532
 1441 -3638 12552
 491 -5172 14835
 736 -7162 15393
 137 -6225 14165
 724 -5602 15428
Repetition End
1
 -3058 -12516 20738
 718 -3366 15873
 1021 -3266 15819
 371 -4524 14709
 -76 -6113 16892
Repetition Start
 -779 -5698 17229
 1997 -2 21575
 3228 4468 15028
 3293 2372 19381
 4799 1963 12845
 2925 3146 15091
 2996 3303 16578
 3780 5858 16082
 4229 6136 14839
 4377 7938 14499
 4811 8650 14668
 4458 9811 13762
 4907 10101 12455
 4320 11094 12551
 4377 10391 12100
 5380 10858 12868
 5104 10923 13299
 4887 10652 13127
 5033 11162 12858
 5744 12268 12100
 6337 11304 11711
 6437 12421 10713
 7137 14417 10447
 6166 11663 8333
 6427 14261 5197
 6847 14814 3611
 6992 15556 2259
 7597 17293 1251
 7321 17747 227
 7488 16713 272
 7189 17111 1474
 7289 16805 2917
 7274 15641 4066
 7157 15434 5566
 7044 14810 6581
 7327 14684 8173
 7533 14129 7158
 7403 13767 8275
 6577 12701 8103
 7206 12136 9290
 6834 11970 11013
 7831 9923 11561
 7372 9182 13368
 6458 8027 12792
 5597 6422 13820
 5349 6075 14893
 5515 4259 14234
 4560 1712 15533
 3585 257 16563
 2001 -1622 14834
 2227 -2530 16009
 3048 -3828 16870
 -256 -12324 22185
 1107 -4755 12607
 148 -5399 14077
 1191 -7593 16056
 3900 -1545 8776
Repetition End
1
 1960 -5157 16562
 2720 -3541 15463
 1293 -3777 16939
 1625 -2196 15952
 1208 -2526 16148
Repetition Start
 1418 -2105 16573
 1606 -2808 15652
 179 -6882 16972
 -694 -6482 17687
 2585 -2085 19272
 3207 9091 7546
 3569 2772 16505
 955 846 15985
 4013 3526 13948
 3721 3405 14560
 3504 5133 14869
 3881 4672 14719
 4189 5405 15341
 4696 6643 15061
 4876 7367 14203
 5301 8146 13369
 5668 8509 12358
 5721 8849 13741
 5377 8815 14095
 5960 9223 13845
 6379 9699 13855
 7064 9513 13572
 6450 9262 12851
 6601 10593 11753
 7925 11948 11537
 7171 11870 9975
 7005 13286 7222
 6929 15340 4956
 6767 15035 3019
 6566 16663 1394
 6535 17527 535
 6385 17490 -684
 6659 17272 -1001
 6706 16902 -203
 7177 16862 696
 7109 16629 2141
 7234 16083 3143
 7239 15901 3998
 6500 15709 4227
 6676 14213 4880
 7132 14411 7149
 6788 13620 7979
 5960 12085 9158
 7169 11300 11133
 6993 9668 12078
 6423 8962 13114
 6125 7455 13969
 5899 6440 14073
 6681 6127 13941
 6121 4983 14827
 4690 3506 16113
 3989 1893 15413
 3742 289 16027
 3126 -382 14696
 2884 -2684 16237
 86 -12191 23570
 1661 -4534 12041
 -528 -7178 14130
 1269 -7843 15541
 2072 -5539 14728
Repetition End
1
 2404 -2453 16192
 2064 -3295 16035
 1273 -2172 15846
 876 -2000 16678
 1331 -1056 15925
 1265 -1509 16478
Repetition Start
 1372 -1555 16308
 1272 -2030 16205
 1568 -2331 16122
 1118 -2534 16489
 856 -2843 16059
 675 -3111 15894
 585 -3389 16120
 653 -3328 15708
 480 -3193 15577
 463 -3547 15646
 163 -3674 16417
 580 -3354 15081
 228 -3933 15757
 250 -3814 15302
 344 -3647 15241
 629 -3955 15292
 810 -4007 15210
 966 -4372 15662
 1056 -4364 15844
 558 -4274 15635
 387 -4391 15498
 398 -4426 15290
 362 -4590 15589
 396 -4611 15276
 420 -4807 15215
 541 -4869 15480
Repetition End
0
 676 -5042 15490
 658 -4886 15446
 623 -4891 15148
 509 -4999 15431
 528 -4906 15068
 585 -4876 15490
 612 -4881 15048
 433 -5157 15277
 678 -4985 15476
 614 -5077 15378
 575 -4928 15511
 548 -4752 15246
 427 -4820 15207
 450 -4703 15304
 369 -4756 15296
 166 -4789 15201
 282 -4851 15156
 529 -4685 15298
 347 -4770 15325
 267 -4725 15197
 350 -4707 15281
 451 -4905 15212
 454 -4983 14878
 411 -5121 14702
 517 -5604 15634
 493 -5166 15202
 251 -4959 15176
 34 -5125 15069
 161 -5266 14919
 116 -5313 15076
 264 -5392 15052
 313 -5356 15053
 315 -5516 14669
 246 -5477 14990
 261 -5403 14974
 287 -5535 14932
 329 -5622 14997
 255 -5486 14985
 354 -5472 14959
 202 -5449 14981
 211 -5409 15205
 324 -5575 15206
 227 -5399 14950
 90 -5522 15058
 166 -5341 14985
 139 -5225 14973
 100 -5284 15010
 88 -5236 14877
 190 -5325 15022
 228 -5237 14993
 218 -5113 14835
 -96 -5343 14992
 221 -5216 15174
 230 -5202 15023
 185 -5310 14850
 311 -5239 14993
 219 -5481 15344
 246 -5376 15011
 209 -5335 15087
 127 -5231 15062
 436 -5408 15220
 326 -5367 15036
 356 -5276 15066
 338 -5431 15029
 384 -5480 14915
 341 -5398 14956
 319 -5400 14970
 338 -5683 15174
 328 -5488 15020
 314 -5419 14876
 288 -5585 15044
 376 -5594 15064
 377 -5540 15163
 457 -5482 15735
 394 -5160 13592
 281 -5089 15748
 9 -4461 15258
 150 -3990 15336
 380 -3918 15618
 525 -3682 15618
 572 -3842 15687
 281 -3538 15492
 218 -3338 15722
 227 -3531 15413
 466 -3700 15796
 499 -3961 15438
 680 -3821 15679
 720 -3943 15858
 440 -3631 15398
 517 -3884 15781
 576 -3919 15583
 692 -3904 15610
 521 -3813 15397
 206 -3756 15417
 203 -4109 15761
 494 -4657 15083
 781 -4806 15637
 1183 -4605 15370
 579 -4850 15906
 905 -5762 15219
 -16 -4211 15139
 408 -4797 15644
 597 -4985 15159
 819 -4739 15456
 543 -4824 15044
 641 -5276 15265
 810 -5049 15254
 633 -5046 15224
 532 -5054 15176
 655 -5122 15113
 462 -5246 15272
 410 -5351 14937
 608 -4912 15286
 684 -4533 15557
 1144 -5521 15567
 427 -5062 15060
 981 -4575 15252
 868 -4529 15357
 849 -4942 15336
 780 -5256 15281
Repetition Start
 530 -5074 15143
 774 -4893 15345
 416 -5577 15370
 203 -6393 14646
 -192 -6399 15028
 661 -4128 16059
 610 -5816 17457
 1642 544 17751
 5069 -3885 15701
 753 -2549 13794
 1645 54 18526
 2191 -1851 14474
 1573 95 15572
 1856 693 16932
 1570 1560 16871
 3126 3523 15882
 2916 3837 15268
 2703 4188 15150
 3226 4953 15158
 3343 4987 14951
 3387 5956 14428
 3637 6546 14570
 4318 6706 14728
 5084 6514 16379
 3619 5395 15359
 4480 5920 16253
 4027 5450 15712
 3585 5503 15731
 3522 6334 15857
 3374 6235 16199
 2919 4633 15311
 3018 6267 15115
 2359 7310 15109
 3229 5178 15252
 3471 5169 14208
 2671 3454 16037
 2837 4266 15517
 1886 2816 15931
 2185 1322 14692
 1486 -1 13802
 1428 -1864 14003
 4037 -2596 18334
 -5695 -18919 20804
 2360 514 9850
 1522 -8165 15454
 228 -6620 15469
 2419 -3699 14178
 1185 -6761 15783
 996 -4812 14739
Repetition End
0
 1518 -5015 14779
 1251 -7064 14594
 1106 -6967 15005
 476 -6809 14763
 1399 -5608 14329
 987 -6256 16092
 645 -5696 15073
 71 -5733 13947
 636 -4792 15004
 430 -3774 17343
 2525 -3920 14171
 -454 -5804 15399
 1692 -5008 14587
 709 -6121 14855
 974 -3881 15647
 821 -4727 14453
 794 -4329 16256
 318 -4775 15142
 1010 -4386 15253
 797 -3897 15479
 1236 -3507 15598
 1094 -3966 15496
 1007 -4260 15071
 841 -4758 15952
 681 -4258 15213
 550 -4418 15258
 565 -4683 15168
 138 -3869 15469
 243 -4737 15196
 987 -4968 14255
 1884 -4847 15089
 1158 -5198 14944
 819 -5555 15062
 584 -5409 14998
 325 -5127 15979
 858 -3963 15485
 745 -4797 15299
 512 -5517 15164
 500 -4769 15440
 643 -3698 15515
 939 -3188 15820
 903 -3539 15507
 618 -4598 14863
 1071 -5018 15147
 1314 -4685 15424
 1031 -5015 15888
 1104 -3826 14939
 1013 -5034 15009
 940 -5181 16445
 883 -2667 15764
 940 -3243 15786
 1083 -4268 15392
 892 -4210 15999
 1591 -3149 15653
 929 -3857 15735
 880 -4253 15909
 1010 -3895 15782
 882 -3939 15257
 713 -3809 15596
 756 -3936 15612
 754 -3997 15306
 793 -4152 15753
 712 -3960 15769
 754 -3578 15575
 671 -3902 15646
 737 -3791 15758
 735 -3644 15309
 840 -3627 15815
 806 -3694 15627
 930 -3709 15387
 1018 -3736 16069
 767 -3654 15621
 1021 -3577 15670
 871 -3612 15510
 811 -3734 15512
 964 -3704 15663
 834 -3494 15953
 841 -3475 15583
 903 -3614 15952
 873 -3378 15503
 870 -3478 15968
 883 -3407 15857
 853 -3664 15932
 941 -3487 15767
 640 -3969 16001
 517 -5815 16862
 -1644 -4419 16166
Repetition Start
 -719 -6714 19527
 848 -482 6045
 3385 450 14100
 3323 1101 16026
 2408 1037 16059
 2389 2820 16760
 2260 2944 15925
 1364 2718 15304
 953 3314 16393
 1812 4627 16211
 2006 5138 15746
 3826 6358 14423
 4362 7016 14491
 4977 6327 15157
 4562 5968 15482
 3709 7026 15912
 3368 6263 15156
 3980 8201 13446
 2413 6360 15011
 3578 6541 14688
 2620 5819 14153
 3081 5962 13564
 3458 6260 14353
 4464 3858 15454
 3763 427 17748
 2706 -845 16668
 217 -5562 16955
 1671 -2961 15560
 2609 -2580 16652
 3212 -1582 16245
 2998 -1015 17224
 1058 -3062 16278
 619 -6756 18494
 4119 -6910 18411
 2172 -3136 18850
 -513 -4079 14560
Repetition End
0
 1544 -2612 14561
 1886 281 15558
 1087 3760 16123
 4436 6999 13213
 4863 9979 11657
 6009 11250 11894
 5877 12307 10784
 5632 11762 7279
 6544 14657 6617
 7442 16424 4807
 7001 16499 2444
 7358 17300 445
 7108 16790 -1223
 7607 17494 -373
 7214 17164 291
 7317 16466 878
 7327 16564 2495
 7264 16140 3200
 7509 16724 4696
 7278 15707 4391
 7507 15071 5651
 7286 14343 6058
 6796 13926 7927
 7049 13538 8791
 6580 12890 9056
 6280 12053 9461
 5635 11229 11917
 5306 10921 11035
 6086 9152 13452
 5879 7496 13260
 5238 6694 13276
 5048 6227 14380
 4487 5037 15333
 3998 2487 14943
 3988 811 15874
 1544 -6303 23101
 1636 -3258 14843
 2426 -3714 14457
 2684 -4831 16591
 3602 -2572 15825
 3536 -3207 16253
 3001 -2936 15779
 2830 -3423 15641
 2441 -3048 15955
 1934 -2577 15827
 1546 -3042 16164
 1825 -2141 16062
 1235 -3076 16117
 1222 -2898 16220
 1414 -3284 15856
 1443 -3256 15776
 1446 -3169 15932
 1419 -3202 15766
 1346 -3255 15842
 1327 -3477 15568
 1545 -3548 15736
 1386 -3572 15980
 1230 -3198 15770
 1363 -3228 15953
 1323 -3405 15825
 1456 -3414 15774
 1363 -3242 15421
 1543 -3736 15880
 1669 -3114 16151
 1625 -3350 15787
 1561 -3548 15840
 1543 -3402 15871
 1444 -3365 16131
 1492 -3274 15912
 1579 -3227 15609
 1670 -3359 15982
 1748 -3110 15868
 1718 -3276 15957
 1736 -3334 15779
 1791 -3165 15998
 1679 -3129 15856
 1770 -3118 15865
 1845 -3126 15620
 1692 -3186 15749
 1842 -3200 15722
 1612 -3338 16155
 1649 -3242 15670
 1710 -3268 15939
 1631 -3175 15831
 1551 -3359 15940
 1611 -3305 15903
 1763 -3370 15730
 1675 -3272 15753
 1555 -3517 15807
 1685 -3420 15722
 1499 -3294 15988
 1557 -3256 15662
 1643 -3563 15858
 1599 -3576 15719
 1534 -3516 15543
 1640 -3586 15955
 1547 -3394 15697
 1366 -3418 15763
 1490 -3190 15711
 1509 -3548 15865
 1548 -3306 15960
 1532 -3454 15945
 1556 -3217 15921
 1488 -3267 15922
 1595 -3022 15905
 1644 -3110 16013
 1558 -3364 15791
 1257 -3708 16572
 698 -4210 18708
 -10787 -26098 32767
 2878 -4070 16816
 964 -4919 14493
 -563 -1643 15532
 4576 -896 16536
 4042 702 17331
 4275 2404 15721
 4758 4486 13979
 5584 7237 14081
 4899 7270 13862
 5539 8552 13080
 4296 10310 13801
 5638 10332 13398
 8481 13131 7372
 6648 11743 2430
 8668 17388 69
 4617 14203 -5020
 8456 16017 6977
 10455 25048 -3735
 5200 13634 -19
 6460 13634 2700
 7222 17355 2935
 5049 10662 5739
 5117 10200 11534
 5789 11373 8862
 6113 13638 7532
 6578 15083 6681
 6719 15126 5218
 6967 15497 5248
 6186 16762 3869
 6758 16223 -349
 9438 17042 -1004
 8360 14061 -163
 8916 23099 4069
 4969 14195 1306
 8651 21387 7412
 6667 4705 4627
 7737 12594 3786
 9069 12764 10859
 8210 13090 15289
 6314 13992 12854
 6423 10964 10328
 5539 10569 12016
 6118 10636 13296
 6024 11065 12710
 5810 11972 12101
 5685 10927 11477
 5925 12164 11635
 6227 12475 9453
 5896 11740 10217
 5921 12031 12212
 5517 11653 12477
 6036 11940 11188
 6701 12830 10082
 6485 12910 10081
 6476 12661 10554
 6580 12416 10435
 6473 12983 10801
 6761 12348 10910
 7560 13793 9643
 6888 12248 9675
 6728 12787 9565
 7233 14467 10353
 6698 13080 10118
 6149 12391 9066
 7018 13610 9774
 7012 13813 9240
 6516 13099 9620
 6902 13226 9537
 6608 12971 9597
 6395 13476 9206
 6683 13323 9402
 6746 12904 10032
 6453 13020 10455
 6616 12406 10715
 6665 13904 9919
 6448 13384 9535
 6389 12940 9767
 6652 14129 9460
 6157 13430 9937
 6286 12756 10143
 6473 13264 10832
 6807 13627 9501
 6503 13061 9441
 6229 13209 9615
 6832 13052 10090
 6280 13199 9779
 6548 13417 9655
 6480 13427 9904
 6625 13313 9919
 6554 12995 9648
 6369 12792 9906
 6718 13131 10104
 6700 13456 9835
 6883 13032 9939
 6851 13340 9513
 6351 13062 9836
 6849 13705 9457
 6735 13292 9313
 6840 13946 9368
 6423 13490 9290
 6778 13872 9293
 6623 13747 8977
 6804 13723 9251
 6681 13535 9197
 6656 13838 9146
 6791 13623 9648
 7038 13488 9731
 6966 13846 9576
 6160 15187 8584
 7276 12305 8298
 7389 13911 8828
 6561 13384 9714
 6643 13608 9786
 6899 13420 8979
 6965 13794 8789
 6997 13636 8979
 6936 13598 9223
 6740 13385 9041
 6872 13745 9644
 6547 13275 9705
 6741 13226 9315
 6832 13552 9558
 6464 13809 8945
 7022 13310 8981
 6970 13877 9889
 6704 13110 9421
 6835 13741 9255
