Repetition start
0.996799658302
1.02214325539
1.02342309468
1.29219034914
1.33567194084
1.71608554156
1.09441133839
1.02658175722
1.08675088712
1.05975008551
1.03523631956
1.02908112655
1.11429695174
1.13176210474
1.0599469021
1.02154377825
1.18898261995
1.10979469514
1.06959174942
1.1115300208
1.11319823541
1.09339471394
1.10133643908
1.08025231431
1.11076379872
1.02508829837
0.83537979105
0.94030081479
0.819801941433
0.88390915197
0.674701859497
0.929573817475
Repetition end
0
1
0
Repetition start
1.09831234645
1.01897334952
1.13249946248
0.895362542703
1.02379720496
1.08441803308
1.03052799642
1.02669507931
1.08544015473
1.08348316083
1.04904180087
1.04503902777
0.942996610864
1.06694929737
1.12378557043
1.16095228853
1.11883862567
1.1139216338
1.10054451493
1.15494785413
1.05233271479
1.03542745204
1.01384341345
1.00078824016
0.978219057777
0.994750118969
1.82302439962
1.16707310097
1.28061516811
1.14249412521
1.02590639131
0.929722933535
Repetition end
0
1
0
Repetition start
1.13474960775
0.984321187834
1.09658294346
1.02992991646
0.985641824259
0.812129240999
0.995997744029
1.13180639707
1.14592969626
1.03151488876
1.01575468593
1.07903597015
1.09126311854
1.03165377313
1.11655677317
1.09362392721
1.11699266836
1.12916681721
1.1313964955
1.13431689407
1.12712366443
1.04801591222
0.994064243807
0.918059723993
1.05445830539
1.12732176478
1.04522763529
0.817822967935
1.84959907086
1.51367946008
0.983076002946
1.02812750549
Repetition end
0
1
0
Repetition start
0.754595587151
1.01480748029
0.943796325172
0.980306477055
1.01938854878
1.02157138906
1.14927937343
1.05088520599
1.03664765973
1.00908589497
1.04382493741
1.06261071161
0.975093598947
1.10461862517
1.04846544229
1.16135394282
1.14172528872
1.08921628582
1.06527348325
1.04178125486
1.0519075296
1.04124698966
1.06011676848
0.981412756081
0.993529219814
0.956941448592
0.857417693161
1.08183306384
1.32501800436
1.28539501164
1.42351369172
0.941537311738
Repetition end
0
1
0
Repetition start
1.24702714324
1.25330222071
0.926568997909
0.969513955296
0.930189560115
1.04090587868
0.921366474554
0.977451168076
1.05185357758
0.974597214143
1.02773588007
1.13756730501
1.08994438021
1.10604498979
1.10493869846
1.11906531715
1.08394860217
1.05805460724
1.01895571318
1.02352602772
0.880827829172
1.15040715955
0.974060869387
1.00251853338
0.975747298451
0.932157826762
1.10011867329
1.7719870299
0.946207649264
1.19958216911
0.914487880371
1.03157751164
Repetition end
0
1
0
Repetition start
1.22307063201
1.13937751766
0.993695311121
1.16487905326
1.06568184901
0.994835846562
1.07940816192
1.07152222571
1.06144098139
1.01144624597
1.06919443771
1.09309185867
1.11675657785
1.14615275869
1.12660101046
1.12323424228
1.08116359214
1.12334826364
1.07258290841
1.09843451512
1.03318769663
1.01420234111
1.01729017529
0.933310403881
1.00326948529
0.97782921653
1.3143484774
1.09360072105
1.07655828431
1.00315767054
0.970345033877
0.943592244188
Repetition end
0
1
0
Repetition start
1.42958268839
0.873398752581
1.01887374994
0.924062348367
1.01040927177
0.973852100376
1.02508797312
1.02146644832
0.995331440735
1.15968946899
1.02246400711
1.0854689613
1.1396747756
1.17337933147
1.11946534311
1.14400106004
1.11739370637
1.06954329409
1.08051615037
1.06021178556
1.01438064089
1.05916561186
0.97082668608
0.93829550768
0.891159911307
1.02916642508
0.958466625101
0.762663304516
1.81683557318
1.21050983076
1.28512624949
1.04882951022
Repetition end
0
1
0
Repetition start
1.15274233148
1.08348654923
0.93602363249
0.926267910455
0.919498763406
0.975275773164
1.0051935696
0.987496033944
1.00527044481
1.00626528244
1.08865009761
1.11236541455
1.10477972968
1.15306872984
1.13797780406
1.13148005488
1.11381278985
1.14283345622
1.12750422888
1.11831606369
1.07307767952
1.07323365386
1.01881588945
1.00093355784
0.978720466508
0.961832060441
0.896682281092
0.977662294987
0.89581526093
1.01447388815
0.71670410533
0.646805588366
Repetition end
0
0
0
Repetition start
0.99449829907
1.07802810441
0.911456511587
0.856953229978
0.943464352313
0.971556591499
1.0888106139
1.09091962842
1.06989634909
1.15339504229
1.11052889653
1.16213215076
1.15031800421
1.14274180454
1.13966205363
1.09653858048
1.06145079609
0.988603403711
1.11614504275
0.956268843764
1.06729088062
0.890124083914
0.929604594758
1.04479312282
1.18040765955
1.06643355862
1.03915695966
0.937905086976
0.846928906309
1.11500241428
1.0216719581
1.28176992323
Repetition end
0
1
0
Repetition start
1.01799539003
1.48226415853
1.18018777136
0.660945321999
0.880034104528
0.872029543839
0.899201221942
0.919101474802
1.04711781895
1.02568458703
1.00805998321
1.09589442795
1.13690658866
1.16537114964
1.12702906764
1.13814279981
1.14659174038
1.1188686816
1.11522776774
1.01424907869
1.10311284268
1.06277418981
0.959749049011
0.986698371967
1.11203496005
1.00288730892
1.06456089699
1.07946669326
1.56747774805
1.07148015066
0.949335905388
1.03661183997
Repetition end
0
1
0
Repetition start
1.31211539861
1.10572407776
1.21326264222
1.02784617543
0.808142008344
0.927358093247
1.04985653239
1.04337106225
0.975616618792
1.01420248069
0.937101990932
1.01120057331
1.03714087271
1.09115713549
1.15636271817
1.19943741815
1.13369093412
1.12565252963
1.11568236664
1.06113034562
1.10070576223
1.04300977148
0.838623137939
1.07044525437
1.03335408296
0.925830535945
0.975539127101
0.867141567766
1.70738494796
1.31418208067
0.745643847064
1.15141103627
Repetition end
0
1
0
Repetition start
1.13233919121
1.05939648165
0.922521487754
0.878092635057
0.923899792962
1.04117193176
0.953461874776
0.938220805985
0.969262525894
0.986797817684
1.07825231491
1.21116924376
1.14446495958
1.12511446821
1.1747849416
1.13119050516
1.11167629064
1.12031601635
1.10437986577
1.07109175459
1.09024761435
1.05347764948
0.916170115345
1.02350451345
1.15640390828
1.07283183298
0.999986667097
1.17591881343
1.09369442833
1.64552457218
0.775832127385
0.889596732403
Repetition end
0
1
0
Repetition start
1.22821951362
1.02683637876
1.13950900456
0.916909662013
0.967956475618
0.984626096535
1.06815719958
0.967613971171
0.941231970662
0.97948750374
1.03952723343
1.01323449616
1.01009559774
1.20730235626
1.1604901116
1.14941260727
1.1394968267
1.12468665779
1.13721009906
1.15702124436
1.12036512868
1.06832277908
1.0307613736
1.07908442902
0.978507833773
1.00195344661
0.935175527328
1.07072177427
1.11824362026
0.92864375067
1.43256659051
0.940710431874
Repetition end
0
1
0
Repetition start
1.0608133171
1.34473264883
1.11654949811
0.757368729622
0.81833515268
0.874078663621
0.948089919353
0.990224147872
0.977869610534
0.868884593242
1.05543626591
1.06328492413
1.12558710488
1.11615759888
1.21069647482
1.20438428253
1.13850221957
1.1296053474
1.13657476064
1.10491108055
1.10469970305
1.08736582345
1.04214309129
1.0032864988
0.903246865251
0.961742168888
0.829144017331
0.903031563875
1.70873004983
1.06292607551
0.841152225338
1.1320619629
Repetition end
0
1
0
Repetition start
0.848928290354
1.13783819423
1.19707957093
0.937022504799
0.968271664228
1.02389345132
0.942256357672
0.921939863736
0.907036678288
1.03024842652
1.04439516608
1.06191018683
1.11851356575
1.12207124708
1.12786889676
1.13043389033
1.14407141174
1.12939242681
1.13642308726
1.1138102312
1.10010562933
1.07821661277
1.06808464835
1.10695008416
1.03685644805
0.973996116633
0.96639407851
0.93936730427
1.01965654451
0.991041264787
1.02642683442
1.01440092561
Repetition end
0
1
0
Repetition start
1.04127659667
0.948630973165
1.24098302218
1.13767875201
0.816372250118
1.13778837748
1.19659851743
1.04720002082
1.04720002082
0.971818358145
0.945671561123
1.00960906639
1.00960906639
1.07312744367
1.0415119702
1.0415119702
1.06906704766
1.06906704766
1.06906704766
1.06906704766
1.17779499897
1.0040814399
0.928344628248
0.948726243713
1.10669796947
1.10669796947
1.14795978984
1.04876254319
1.04876254319
1.21724386868
1.21724386868
1.14951309128
Repetition end
0
1
0
Repetition start
1.09047009132
1.10658270209
1.09697413037
1.05396413192
1.02080775329
0.972980447153
1.00848658145
1.0441677902
0.990568221357
0.948106451563
1.0113940528
1.00192838121
0.938958325217
1.43948396575
1.15301401882
0.660525813858
1.10231699198
1.07495103499
1.06735667993
1.30759645863
1.10116909659
1.32549817526
0.845096262476
1.34184275331
1.07874869191
1.24816960789
0.85585329697
0.991015026858
1.06651177251
1.03418943853
0.893063813754
0.914724774365
Repetition end
0
1
0
Repetition start
1.30360277706
0.85432698642
1.0783528108
0.967574009523
0.918386658442
1.02056011084
0.88284783377
1.10640779618
1.03199616444
1.02714611553
0.989784277625
1.01176352752
1.23439650879
1.17200283784
1.122639851
1.13441611109
1.03569353124
1.09954886329
1.12544685503
1.06577292874
1.0606445387
0.987437570385
0.986994644671
0.988385603978
1.02176837
0.961183859484
1.56280978589
1.0527490215
0.880171805626
1.03920462002
1.01669858896
0.990659577311
Repetition end
0
1
0
Repetition start
1.03817354086
0.909555060628
0.933717029205
0.936829078531
1.02308519502
0.914266997472
1.03329594994
1.13638567059
1.22302300464
1.20320682743
1.12937020302
1.1278832843
1.1619028004
1.12328291361
1.09554237574
1.10028269837
1.02097310132
1.06520332009
1.03643452874
0.926139522793
1.07021644607
1.08428966759
1.00080519535
1.06240924455
1.04511817799
0.898426331575
1.38408198652
0.888388125215
0.949867689964
0.998189175086
1.07191949827
1.00941780416
Repetition end
0
1
0
Repetition start
1.27685906754
1.28547873842
1.19975627042
1.05661206022
0.953991398459
1.04125587668
1.03203751196
0.893238086582
1.03490975882
1.00009807836
1.04015431191
1.04406560949
1.16879954501
1.11667132624
1.07895644407
1.21471383023
1.10976598626
1.0981816107
1.11023872963
1.06394810727
1.1170018482
1.05143738225
0.927397998261
1.01497135036
0.932616847972
0.965843821395
0.83519559987
1.03734838027
1.01922654206
1.03474099269
0.878117707755
1.01928653009
Repetition end
0
1
0
Repetition start
1.01484909497
1.07197843677
0.966867448177
1.23715479574
1.41416427604
0.86171150974
1.13852872325
1.02426982479
0.971447407932
1.03211394519
1.05806078638
1.04281517034
1.05159860502
1.0065399386
1.01898068328
1.18707502126
1.16656259107
1.135076198
1.14161342259
1.1664713667
1.13819280234
1.11124954046
0.965182113776
0.981602173222
1.00815216336
0.990983869354
1.09080355605
0.978651187742
0.99458760666
1.47039908424
1.151699379
0.992101083582
Repetition end
0
1
0
Repetition start
0.983406540384
0.97424904884
1.01084900075
0.936148899751
0.985883066591
0.987664233657
0.980431702282
1.02145503314
1.06019964207
1.21865004503
0.999733205685
1.00777122317
0.96165382428
1.01868782746
1.05170243241
1.30532747694
1.00483920389
1.5074508683
1.01888577721
0.974015255487
0.942446426854
0.996332689686
0.912121354051
1.18570917235
1.14391099997
1.01657600994
1.06562043501
1.05206286612
1.01097548552
1.00243114386
1.09631792286
1.16214340865
Repetition end
0
0
0
Repetition start
1.00656775187
0.991500650545
0.991500650545
0.991500650545
0.994613214743
0.997231049243
0.997231049243
0.997231049243
0.999527351991
0.999527351991
0.994799212191
0.994799212191
0.994799212191
0.991254196726
0.997213573793
0.993446799349
0.993446799349
0.993070656164
0.992487805644
0.991613973225
0.98711542302
0.99593435957
0.959935505201
0.959935505201
0.993995313011
0.993995313011
1.00104522656
1.00104522656
0.99429964169
0.99429964169
0.998058365683
0.998058365683
Repetition end
0
0
0
Repetition start
1.93586380959
1.14268107643
1.05854538599
1.00520912559
0.927496919861
0.985252923631
1.0467617575
0.967270263218
1.01857893596
1.0354097074
1.04661577488
1.02102781125
1.13305541427
1.1351508785
1.19379528531
1.17039939325
1.16011066861
1.13370916626
1.12316213265
1.05009546201
1.05891743775
0.959720973528
1.02771895052
0.979337210294
1.02741368494
1.02818500864
1.01265420159
1.04415339973
0.85853063761
0.962004466577
1.27619690843
0.936880644218
Repetition end
0
1
0
Repetition start
1.92677021554
0.921478915795
1.10768809979
0.892513099572
0.893743192874
0.874670652157
0.908917748879
0.97335616173
0.979984061059
1.03412178821
1.17381523684
1.15914001172
1.11801046124
1.14950694355
1.18391783215
1.12163740029
1.10747353872
1.11563466266
1.04187885944
1.02997796219
0.984247057411
0.993043847249
1.03920096178
0.973625743615
1.00006541396
0.885175936127
0.988296727297
0.815909590527
1.87383888374
0.853951563248
1.02831723139
0.995103791047
Repetition end
0
1
0
Repetition start
1.81792382761
1.00424515536
0.969387800085
1.01783277177
1.07090717871
1.06067743077
1.0370236629
1.00153556846
1.04370040447
0.98782697422
1.08106449643
1.0904171676
1.04218109085
1.09976695543
1.1596178321
1.19105681783
1.0604502193
1.21578757307
1.11888019168
1.068324146
1.02059086548
1.0427830813
1.01510546674
0.982063161609
0.976362518815
0.874791514303
1.04295525917
1.08667541551
1.08691258186
1.44007358869
0.980945860522
0.876833263948
Repetition end
0
1
0
Repetition start
1.41380027057
1.46776083981
1.54019136468
1.09474711097
0.938286860383
0.865883478244
1.04434499414
0.9674358549
0.909089265254
0.998399134841
1.05152766048
1.15703384952
1.19957363053
1.14770768292
1.14198762192
1.14847402612
1.12624374323
1.09483587653
1.03979049005
1.14427394709
0.916293677483
0.994548372989
1.02320833771
0.939714252718
1.04498586904
0.975997730978
1.02688717034
1.06416067078
1.71755434735
0.957056977452
1.00333497013
1.06520172359
Repetition end
0
1
0
Repetition start
1.23659988629
0.899613800402
1.26782420493
1.08455294055
0.903128833581
0.879628054607
0.924928852193
0.958373304325
0.989318079492
0.80884916768
1.00993009737
1.07694388736
1.11182318289
1.18275964416
1.20270043784
1.13824635205
1.13593013517
1.13095770459
1.12488457465
1.1010386696
1.08051026169
0.987653112387
0.965300376655
0.936872204547
0.867542024692
1.06108327161
0.923284467452
1.03617876402
0.954370491992
1.52728440396
1.07197942545
0.96881080252
Repetition end
0
1
0
Repetition start
1.76953557311
0.736968022971
1.21157259745
1.13875045145
0.982654360116
0.890749345431
0.913412688434
1.08076671876
0.910100372384
0.798916478389
0.982360278601
1.15050137218
1.19761732981
1.18852957683
1.15734007234
1.13294222188
1.14590069147
1.13884815697
1.09775431626
1.08736107846
1.04822160812
1.0259008555
1.03250167847
0.88875105788
0.996698248449
0.994386365305
0.95682252632
0.904077657819
1.51490490437
1.13508460639
0.827588838976
1.12609786202
Repetition end
0
1
0
Repetition start
1.46613509924
1.17143773027
1.20770007186
1.00340096118
0.978578460793
0.939879586305
0.899789692394
0.898731334984
0.878832436747
0.878270928384
0.964848834963
1.08449637375
1.16179044338
1.20505197364
1.13794883883
1.1495533213
1.13025005508
1.11019226817
1.12744492522
1.06779688685
1.06958032367
1.11948733094
1.04709946482
0.77265660042
0.995044492213
0.949779293969
0.875414352147
1.00134731405
1.70754480166
1.4579556399
0.994575272445
1.0353537551
Repetition end
0
1
0
Repetition start
0.862208759593
0.978849064861
0.995315893173
0.94989324671
0.860645183466
0.959753759231
0.923488524281
0.927142655246
0.934722782322
0.930523402421
1.13682671817
1.25284524694
1.13477580514
1.15457395755
1.15193172136
1.11222099713
1.17459976521
1.10544525162
1.09684649903
1.05379285308
0.966645525636
1.03737427585
0.926227264968
0.895104083257
0.870640463562
0.972967029237
1.07676406497
0.890589382898
1.32132609528
0.863632911587
0.956043134236
1.04736566254
Repetition end
0
1
0
Repetition start
0.912550609145
1.01031875402
1.36239773832
1.17599066742
0.797123881818
0.797798379085
0.866319922609
0.992006294719
0.924545775508
0.921127788345
0.951777099189
1.04390324293
1.07587362785
1.21154985788
1.22441877436
1.19966707485
1.13880193043
1.09667920514
1.13183513605
1.10075438394
1.05512326563
1.02045118184
0.949005191233
1.05133565472
0.923499319021
0.897296986013
1.00406099678
0.996265041359
1.46137058882
0.724019689784
1.02702656081
1.10331656762
Repetition end
0
1
0
Repetition start
1.08187044581
1.14745159551
1.12609405765
0.896465344944
1.00271052275
0.96862182423
0.946428398921
0.898753776028
0.911955642814
1.0538875142
1.00966076703
1.02929726226
1.05330520045
1.16006137319
1.2183660367
1.17138889085
1.19128875309
1.1302020958
1.12445434113
1.09273610635
1.08849303313
1.0533404826
0.932598902738
1.01372645898
0.988991148802
1.05776415937
1.00091034833
0.931664432565
0.950518971489
0.958518530825
1.84677256729
1.16000182958
Repetition end
0
1
0
Repetition start
1.00363730008
0.859303285034
1.15312772204
1.29700209098
1.08054344198
0.842688276601
0.873278770542
0.980992610394
0.899088089114
0.923425691629
0.8563647999
1.14384782619
1.21559714908
1.20655319166
1.14520535618
1.1480965319
1.1215841603
1.10399371905
1.06230545016
1.07212724644
1.0958990833
1.04379394654
0.981935418581
1.02518105681
0.594662297978
0.937512049995
0.935079368181
1.13154808215
0.955014197428
2.02747659395
0.822264650938
0.943773668352
Repetition end
0
1
0
Repetition start
1.49825976922
1.11116962275
1.01274124417
0.822516260436
0.948595340704
0.959164911279
1.04261789778
1.09497757721
1.10252603704
1.025465552
0.909013989158
0.99906926875
0.965962924977
1.18872605262
1.26093389618
1.15279156825
1.13059775797
1.14643680077
1.12524924895
1.13805021882
1.09351527556
1.05249006625
0.999997144561
1.04183485064
0.887660601853
0.96726875349
1.03667220368
1.47747057915
1.12817493927
0.899133816693
0.965047309036
1.04227594697
Repetition end
0
1
0
Repetition start
1.31413488801
0.712586045193
1.0979348267
0.811974876151
0.871490452334
0.967185820746
0.978347204185
1.07766958825
0.96698871212
0.912735240315
0.726531104978
1.2057904174
1.12628411148
1.27817716737
1.16737090314
1.2329127729
1.11702153667
1.148002474
1.24420981162
1.07542947858
1.11338651226
1.0123261153
1.0576059406
1.00678176993
0.850911114417
0.90679108564
0.937610705118
0.991651743321
0.873864998123
1.30547992404
0.95355829763
1.12652054985
Repetition end
0
1
0
Repetition start
1.0092802689
1.87420905239
1.09746997583
1.03218687192
0.876690997431
0.869305468582
0.991559575221
0.863538557
1.02443215761
1.00352935173
0.829231514873
1.16085359218
1.05779736464
1.19754269678
1.19569456626
1.12293534928
1.15676265383
1.10568965855
1.0825011235
1.06865531303
0.838916592814
0.974833812366
0.88367943479
1.03415066441
1.10970397893
1.01279450081
0.913815434395
1.12385729864
1.31942794022
0.865010949559
0.94242764895
0.98389079848
Repetition end
0
1
0
Repetition start
1.06035322279
1.1516940888
1.1325376983
1.26494811937
1.01713534073
0.915002490344
0.906435351491
1.04762839139
0.929779244552
1.15180608523
1.1243087761
1.25410822997
1.20375163925
1.17951792483
1.14545436972
1.14143491105
1.1189116848
1.07475595567
0.968750196118
1.05143443974
1.12456290708
1.11660875655
0.9872795747
0.752085884562
1.00757806476
1.0669361185
0.935195108115
0.87373014889
1.23473584357
0.966827378611
0.936549964983
0.988808956538
Repetition end
0
1
0
Repetition start
0.974830185792
1.03071934059
1.03071934059
1.03071934059
0.937039194504
0.937039194504
0.953072110647
0.953072110647
0.946434043352
1.04882663677
1.04882663677
0.973095966817
0.981862231089
0.936776633141
1.00094586767
1.00094586767
0.918905691089
0.995161961455
0.982209603601
0.942499204969
0.942499204969
0.938539477094
0.972929741813
0.972929741813
0.976610865349
0.976610865349
0.969037707352
0.982735072014
0.982735072014
0.982735072014
0.993638893805
0.993638893805
Repetition end
0
0
0
