-1244 -18361 23856
 -1172 -17205 22854
 -1141 -16293 22738
 -2312 -19072 21708
 862 -17482 23807
 72 -16410 23707
 4827 -18639 22733
 1304 -19752 23054
 865 -18725 22394
 595 -18040 23129
 -222 -17531 23013
 -696 -17883 23265
 417 -18803 22589
 2281 -17031 24003
 -1947 -17352 24236
 -1279 -14415 23756
 -1730 -14345 28155
 -519 -14040 22946
 -1293 -13898 25544
 -92 -11874 24416
 -19 -12490 24659
 245 -12742 24709
 -75 -13023 25397
 -140 -12989 24457
 18 -13635 24322
 -629 -13675 24692
 -787 -13965 24907
 -315 -13940 24792
 1 -13753 24607
 -112 -14070 25107
 71 -13275 24584
 24 -13606 24561
 -123 -13695 24563
 -203 -13745 24682
 -214 -13728 24450
 -242 -13702 24714
 -96 -13669 24564
 -136 -13498 24592
 -118 -13639 24629
 -214 -13711 24578
 -691 -13519 24631
 491 -13741 24762
 291 -13465 24578
 423 -12940 24411
 -123 -13184 24954
 -335 -13828 24778
 -155 -13729 24470
 35 -13689 24608
 765 -13415 24434
 270 -13260 24360
 -940 -13339 24792
 -182 -14130 24707
 373 -14241 24908
 546 -13434 24471
 384 -13299 24639
 290 -13480 24562
 -17 -13731 24529
 -179 -13601 24966
 -106 -13325 24625
 683 -13520 24696
 250 -13335 24581
 86 -13569 24575
 26 -13804 24673
 62 -13644 24563
 96 -13294 24556
 344 -13371 24459
 495 -13531 25011
Repetition Start
 131 -12743 24953
 277 -13796 25338
 -2574 -18401 24304
 -4640 -20168 32767
 -552 -9513 24313
 1438 -8003 28666
 -537 -9452 25634
 -1209 -9339 24710
 -1056 -10033 24562
 -1729 -9127 23778
 -1087 -6193 26573
 -445 -3164 24492
 -212 -2386 22590
 685 808 22372
 796 219 17458
 1475 3909 15100
 1760 5788 14882
 1712 7085 12694
 1348 7228 11408
 286 7845 7292
 998 8091 7214
 1220 7545 7516
 1410 7785 7258
 1313 8229 8477
 1173 7741 9220
 1223 7646 10434
 1264 6987 11639
 1402 6719 13177
 1446 5138 14695
 1472 2941 16659
 812 1680 17483
 487 2387 18907
 2349 45 22296
 2057 -2065 22217
 701 -4507 26143
 178 -8627 24313
 -584 -8879 23584
 317 -12061 20475
 1502 -12628 31224
 -2291 -25737 25112
 -2379 -17833 21129
 -525 -23098 21604
 -946 -15338 21958
Repetition End
1
 -286 -15252 22733
 -1380 -17902 22376
 -2556 -25457 24222
Repetition Start
 -3408 -20582 29014
 5507 -14218 23316
 -370 -12483 26756
 -883 -8992 24856
 -272 -12137 22803
 788 -6028 22767
 1710 -4043 23117
 1772 -608 19465
 2053 738 18356
 2444 5047 16875
 2286 5773 15000
 1963 6721 13597
 1699 7511 11699
 1760 7037 10303
 1550 7292 9645
 1503 8724 8508
 1484 7747 8592
 2017 7825 8903
 2129 7356 10312
 2179 7208 11921
 2070 6592 13368
 2219 5428 14245
 2002 4410 15277
 2280 3696 17002
 2721 3403 19276
 2851 2937 19504
 1759 1717 19896
 -260 -72 19932
 327 -2205 20725
 892 -3495 22953
 637 -4269 25035
 -280 -7234 23276
 -297 -10331 22530
 1069 -4195 23887
 784 -2540 30380
 -5327 -30071 32664
 -469 -7813 25874
 -2066 -22933 19939
 -1869 -20988 20992
Repetition End
1
 -1148 -16331 22841
 -2109 -18715 22882
 -4388 -29442 16348
Repetition Start
 -4051 -18967 26724
 -708 -18191 23095
 -4026 -10832 25497
 -1630 -12188 24015
 -352 -8931 23737
 -477 -9167 22147
 -441 -6129 23873
 785 -3876 22830
 1600 -1281 21763
 912 -1542 19393
 2989 4447 20853
 2014 3237 17509
 119 2903 16934
 347 5552 15163
 570 7034 14592
 416 6605 12949
 746 6851 11301
 990 8372 11183
 1023 7256 10472
 1702 7908 10157
 1429 7468 10218
 2121 7599 11428
 2613 7526 12370
 2314 6353 13192
 2567 5301 15332
 2359 4595 16614
 2435 3770 17357
 1415 2172 17039
 2615 3028 21817
 2247 568 20903
 1509 -945 22132
 673 -1050 23189
 204 -4167 25658
 -184 -5633 25437
 -66 -6448 24494
 -2424 -13039 22254
 -648 -14433 20658
 -350 -14762 16284
 3048 -13163 20166
 -1121 -20189 26044
 -1365 -18375 23916
Repetition End
1
 -1717 -23235 20210
 -1954 -20830 22477
 -1551 -15907 21440
Repetition Start
 -1996 -26523 16370
 -2767 -29098 29620
 -396 -19436 25384
 -951 -11685 27470
 -1196 -10302 28109
 -867 -7254 24274
 -981 -6604 23516
 1533 -4141 18947
 1472 -991 21938
 2078 3 21766
 1876 1037 20340
 1682 -465 18381
 1908 3365 16801
 1972 5555 14816
 1840 6534 13812
 1725 6518 11181
 2187 8005 10201
 1726 8811 9811
 1614 7744 9939
 1758 7115 10381
 1692 7171 11209
 2066 7965 13212
 633 5093 13605
 1723 6397 13442
 1651 6641 13853
 1950 6139 14701
 1603 5737 16161
 1791 4281 17451
 1941 3369 18789
 1191 1836 19685
 1986 504 22170
 1056 370 20838
 1135 -608 22562
 471 -4109 23963
 -136 -6219 22694
 2435 -5108 22944
 2325 -3970 22608
 2708 -2403 28132
 2301 -9442 27811
 1270 -18387 24162
 -620 -21272 26448
 153 -27242 19202
 351 -18101 21891
 287 -22139 22043
Repetition End
1
 -601 -20655 22354
 -1174 -17471 22447
 -524 -24434 19599
 -1625 -24433 23499
 -1150 -16821 26450
Repetition Start
 2815 -8592 27336
 458 -10623 25489
 871 -9304 25027
 -1247 -7225 22713
 -175 -3231 23760
 -668 -2290 22870
 9 2784 20551
 2234 3644 20641
 1153 1698 17219
 1355 2834 16899
 2420 5662 14793
 2766 6485 12615
 2882 6498 11349
 2392 7432 10408
 2827 8660 9881
 2150 8159 9560
 2470 7193 9314
 2674 7111 9901
 2536 7553 10507
 2723 7288 11457
 2776 6763 12367
 2851 5805 13292
 2243 6085 14428
 2437 4150 15908
 1019 3290 15943
 1824 3450 17129
 2181 2546 19356
 -58 -1189 20587
 1091 -459 23660
 1459 -1076 22580
 -300 -5623 23383
 -1 -7433 23516
 491 -8157 24097
 1568 -5272 23914
 1478 -2012 24273
 2657 -2789 32716
 -543 -15460 24866
 -711 -16052 23211
 -540 -19724 25731
 -1097 -21124 21952
 -332 -17152 21069
Repetition End
1
 -1470 -19186 22432
 -1221 -18344 23456
Repetition Start
 -1996 -23247 28013
 -2161 -20501 31977
 6778 -7987 26669
 -384 -9428 26669
 -774 -3956 25297
 -241 -3117 22369
 375 -5353 25279
 -476 -728 22286
 1450 2238 19865
 905 2052 18971
 1285 2861 19147
 1455 4691 16743
 1844 5023 16390
 770 4212 14664
 1371 6274 13467
 1166 6587 11582
 2313 7972 10887
 1955 8356 9944
 1620 7672 9919
 2094 7348 9872
 2396 7489 10174
 2108 7466 10555
 2360 7197 11609
 2144 6864 12167
 2506 6352 13962
 2386 5399 16044
 1234 2696 17418
 1962 3889 17207
 1823 2838 18719
 1303 1916 20235
 849 394 20702
 -94 -1976 22718
 723 -1784 23383
 569 -2653 24426
 -1487 -5413 23930
 152 -7506 22645
 -1798 -14669 22608
 -2272 -17022 28526
 -18 -11412 27155
 -2505 -21667 19704
 -650 -21852 24040
 -2404 -22039 20844
Repetition End
1
 -1198 -19272 22281
 -453 -16837 23035
 -1688 -16135 20410
 -1781 -24561 23341
Repetition Start
 -3672 -22794 29244
 -2296 -17496 22312
 -4854 -4616 30003
 1529 -9498 23639
 -2637 -9124 23055
 -2663 -9328 26381
 -1316 -4346 25034
 108 -3636 20390
 540 -1896 20544
 1797 1787 21818
 1360 1814 17788
 1679 4161 16487
 1839 4515 15022
 1827 6411 13248
 2440 7077 12284
 2179 8154 11278
 2232 8347 11891
 2024 6824 11678
 1654 6954 11578
 1692 7160 12209
 1855 6844 12897
 1414 6962 13189
 1940 7295 14092
 2249 5616 14636
 2274 4971 16799
 2191 3726 18115
 1557 1019 19496
 358 947 21788
 1174 670 21519
 560 -1041 22385
 764 -3159 23813
 66 -4368 24490
 57 -6593 24504
 109 -9890 25537
 -918 -12745 22658
 -11 -15569 21812
 -2866 -18362 24630
 -842 -16702 23567
 -763 -22362 21452
 -365 -23244 20125
Repetition End
1
 -1589 -22715 21196
 -184 -18540 22439
 -1357 -24808 23267
Repetition Start
 34 -21643 28861
 1580 -14763 19666
 2046 -7885 25138
 935 -5292 27125
 441 -3028 23568
 -1227 -5175 23746
 -642 -6247 25251
 497 -4340 22826
 985 1600 21747
 407 67 20186
 1804 2877 19639
 1562 2743 15914
 1371 4037 13689
 1999 5938 11445
 2097 8194 10108
 2156 9862 8808
 1948 7840 8869
 1837 7033 9048
 1387 7895 10001
 1522 7265 10844
 1966 7753 11891
 1596 7176 12637
 2306 11508 14276
 1771 5064 14160
 2112 4177 14718
 2247 4012 17549
 2104 991 19616
 1108 -179 21776
 -209 -2900 22721
 205 163 23075
 -872 -4043 24301
 -1667 -5710 24824
 -1624 -9430 24512
 -3154 -14406 18694
 -3421 -16543 21855
 -3093 -15208 30204
 -2130 -18494 20136
 373 -13275 19429
 -1228 -21150 20508
Repetition End
1
 -1691 -22080 21891
 -1223 -18246 22551
Repetition Start
 -3139 -23199 24272
 -1311 -21385 32558
 -1283 -13368 23045
 -1570 -11775 25045
 -773 -11477 24090
 -775 -8943 25194
 -1464 -10045 25252
 -174 -5294 25528
 -149 -3310 23934
 813 -2743 22276
 851 -370 19562
 937 1229 19051
 1752 3677 16225
 1684 5417 14794
 1883 5914 13635
 2341 6969 12419
 1112 7418 10070
 1670 9303 9609
 1815 7876 10594
 1697 7168 9716
 2235 7855 10843
 2068 7435 11621
 2238 7322 12775
 2124 6737 13466
 2174 6110 14544
 2224 5263 15473
 1979 4622 17031
 1883 2715 18978
 1523 99 18984
 338 -907 22348
 1312 -880 23461
 956 -2377 24412
 264 -3963 25721
 -439 -5945 25204
 -420 -4369 27558
 85 -8542 28814
 -370 -11705 26508
 -2894 -21396 20513
 -301 -16901 23355
 -1255 -20361 20187
 -1773 -24369 17242
 -1268 -25734 15505
Repetition End
1
 -3306 -31223 18714
 -2447 -19842 20053
Repetition Start
 -1610 -22242 24012
 -322 -19053 26569
 963 -8571 22384
 2405 -9257 26674
 -1639 -7685 24811
 615 -5289 25245
 -927 -6347 24296
 -1256 -4681 24311
 -1308 -3593 22892
 282 -1508 21300
 1359 -55 19787
 1313 1894 18973
 1773 2742 17232
 1983 5403 15610
 1812 5911 13887
 1481 6882 12266
 1611 8552 10802
 1952 7883 10819
 1830 7389 9372
 2311 8315 8972
 2194 7441 9006
 2167 7305 9848
 2189 7632 10950
 2446 7438 12042
 2317 6612 13548
 2261 5406 15065
 2030 4257 16450
 1972 2321 18391
 695 -1063 21864
 1189 -773 23675
 960 -2952 22013
 -563 -4926 22911
 -1204 -9766 23544
 -1843 -9627 24918
 -1824 -11369 24975
 -1682 -12409 24664
 -1882 -13508 27334
 -4054 -20926 22474
 -4458 -23153 17265
 -2949 -23312 19767
 -3760 -23705 19535
Repetition End
1
 -3597 -22286 19961
 -2462 -22788 18831
Repetition Start
 -1347 -14111 20930
 -4151 -23585 21212
 -4695 -23910 27481
 -712 -17436 22528
 -3576 -9223 23512
 -1231 -11881 25421
 -2143 -7295 24952
 -2145 -5476 21973
 -2467 -4884 25389
 -815 -3397 21008
 -58 1202 23523
 194 979 19922
 679 1209 18454
 1884 3304 17776
 546 3800 14647
 1337 5691 15562
 1880 6026 14608
 2217 7683 13350
 1616 7342 12091
 1981 7286 12110
 1541 7501 11820
 1742 7255 12245
 1735 6883 13115
 730 5176 12176
 2076 7324 12725
 2056 6951 13721
 2205 5891 15040
 1835 4459 16880
 1609 1049 18685
 -233 -2050 21582
 434 -1544 23262
 -639 -4497 24114
 -89 -6047 24837
 -1788 -9128 25906
 -862 -9092 22842
 200 -10989 24103
 -4086 -25399 28291
 -964 -20646 18640
 -792 -21746 20054
Repetition End
1
 -745 -23731 20087
 -1025 -24566 18102
Repetition Start
 -2142 -21546 23135
 -1696 -19931 21209
 -1970 -22075 23164
 -48 -19548 24510
 -793 -9778 25563
 1334 -8280 23441
 -551 -8161 27941
 232 -6163 23704
 -852 -6408 22306
 213 -2917 20695
 694 -284 21775
 -13 521 19876
 1264 2932 17615
 265 2973 17271
 999 4711 14374
 1104 5491 12218
 1452 7019 10568
 1112 7741 8858
 1146 9294 7013
 1743 7923 6786
 1693 7298 6458
 1376 7452 7168
 1565 7946 7991
 1653 7606 8990
 1902 7450 9827
 2197 6782 11017
 2093 6381 12281
 1973 6001 14274
 1511 3209 16673
 1863 1442 19457
 1403 723 21899
 -470 -1677 22241
 -1250 -3563 23742
 -1902 -5779 25419
 -1451 -6558 26113
 -2291 -8100 26763
 -2508 -12576 25638
 -3824 -17884 30069
 -4290 -21812 21575
 -2787 -17907 17926
 -4238 -23899 19698
Repetition End
1
 -3278 -22600 19493
 -2301 -22542 20676
 -1766 -18753 20257
 -4640 -26643 21928
Repetition Start
 -4460 -30660 27481
 -8763 -11206 29174
 597 -6395 21317
 -3856 -10242 25545
 -680 -8459 24631
 -2792 -5296 23890
 -1427 -5046 24558
 -875 -3043 23144
 255 -2537 21490
 1358 1085 19060
 1514 2363 17836
 2160 4388 16168
 2133 5330 13935
 2222 6354 11283
 2095 8999 9099
 1220 8778 8644
 950 7998 7681
 997 7816 7537
 709 8548 8737
 746 7631 10102
 947 7201 12795
 1257 5116 12877
 2048 9958 11830
 1468 4892 14548
 1188 3461 17297
 833 1041 17013
 1975 -585 21440
 1966 -296 22125
 1611 -3744 25802
 1277 -5980 25407
 -1756 -9839 24114
 -798 -12661 19994
 -2105 -12814 22516
 -2323 -18268 32730
 -1577 -18361 21526
 -1657 -20438 20110
 -2202 -24043 20574
 -1909 -20166 21848
Repetition End
1
 -1668 -22260 19763
Repetition Start
 -758 -17060 21215
 -1974 -22130 23790
 -1405 -21951 28064
 -2497 -9238 23737
 3658 -5746 22376
 1999 -7624 31204
 434 -6918 24386
 -42 -5015 22825
 1441 -3848 21575
 100 -2628 23239
 2553 1235 18855
 1927 2483 19117
 2089 2014 18078
 1703 3030 14813
 2100 6046 11220
 2022 6763 10544
 2346 8670 9050
 1637 8946 8912
 1894 8477 9136
 1871 6958 8557
 1678 7841 8844
 1469 7883 9040
 1663 7933 9802
 1957 7242 10303
 2013 7233 11710
 1953 7113 12479
 2155 6302 14343
 1547 5232 15494
 1851 2189 18762
 -2117 -14464 25376
 1384 -1138 21617
 1069 -2179 23528
 1310 -3943 24530
 458 -5177 25186
Repetition End
1
 1366 -6039 26621
 -1005 -10940 23652
 -1010 -15918 24566
Repetition Start
 -1093 -20055 20170
 412 -16773 24850
 -739 -21597 20430
 2 -19721 21586
 -202 -18969 22541
 144 -15922 21354
 -1269 -17128 19996
 -2673 -23483 25570
 -2252 -27222 20813
 9055 -11746 23866
 1315 -9096 24450
 -1872 -9535 28364
 -43 -10549 22722
 163 -7059 24516
 346 -8331 23909
 1246 -3216 24283
 903 -2660 20701
 717 -1081 19830
 2845 2007 19122
 2435 2884 16409
 1791 4956 14553
 2482 6256 12350
 2079 7562 10707
 2122 7749 9277
 2561 7850 8006
 1591 8092 7309
 2066 8208 7440
 2039 7853 7787
 2338 6977 8549
 2442 7507 9623
 2707 7434 10739
 2472 5944 11316
 2364 6775 12513
 1288 5805 15100
 545 4099 14020
 1666 3960 14481
 1426 2121 21507
 -85 394 22155
 -296 -2361 23959
 354 -2328 23887
 -93 -4049 24559
 650 -5367 26250
 111 -8017 26047
 -770 -6944 22592
 1115 -8296 31326
 -3520 -15224 28374
 -1798 -13856 25126
 -639 -18404 24193
Repetition End
1
 -1278 -24376 21321
 295 -19798 22102
 -350 -16436 23250
Repetition Start
 -967 -19098 24326
 21 -19180 25632
 -341 -19354 25269
 -1845 -12753 27206
 3622 -7183 23037
 776 -9133 25450
 -308 -9400 27152
 1076 -9632 24430
 1080 -6526 25771
 1013 -5676 24210
 922 -3095 25081
 313 -2537 23734
 119 -1784 21565
 -116 734 19892
 657 1919 17502
 1619 4066 15557
 3009 5871 15062
 1973 5371 12458
 2527 7238 11343
 2136 7351 10202
 2607 8486 8540
 3123 8626 8605
 2667 7628 7997
 2551 7633 7983
 2599 7501 8280
 2720 7385 9171
 2699 7558 9891
 2810 7227 10775
 2769 6686 11538
 3008 6664 12230
 2956 6105 13413
 2979 5801 14356
 2886 4441 15806
 2668 3170 17204
 2494 2162 18528
 1839 -411 20170
 611 -3385 20547
 829 -3107 24445
 879 -5551 24041
 974 -7562 25001
 245 -10879 23768
 1480 -13752 24006
 781 -15763 31635
 -109 -14918 20318
 264 -17334 23260
 -122 -19693 23979
Repetition End
1
 -75 -20463 20521
 -878 -21053 20614
 -1435 -19126 22292
Repetition Start
 -1155 -18099 21099
 -2294 -23275 23027
 -1122 -19115 25481
 -268 -11335 20457
 -3733 -11698 21048
 -132 -9729 24476
 495 -9639 25521
 -972 -11145 24837
 -785 -10454 23520
 -710 -8996 23853
 437 -7342 25083
 -221 -6662 24466
 311 -4270 24532
 958 -2989 21532
 1677 -2402 21077
 350 453 21329
 969 2433 20032
 1990 3601 17412
 2353 6180 17192
 2739 6613 16035
 2526 5883 14132
 3055 6321 12928
 2866 6881 12114
 2753 7076 11805
 2692 7364 11111
 2552 7450 10458
 2484 7324 10210
 2323 7636 10819
 2332 7050 11127
 2419 7235 11632
 2293 6775 12561
 2268 6757 13094
 2205 6362 14097
 2157 5841 14975
 2298 5112 16279
 2225 4349 17022
 2257 3111 19004
 871 2072 20029
 1589 -159 20692
 2634 -931 20967
 1810 -3641 22287
 1764 -5658 23567
 1500 -7028 25360
 923 -8771 25244
 729 -10665 25031
 1880 -9944 24923
 1401 -11706 24391
 2047 -12003 21984
 707 -20192 28757
 -426 -26711 20756
 1083 -17366 19777
 -58 -21465 19599
Repetition End
1
 502 -21596 20335
 226 -20035 20488
 -1022 -19670 20762
Repetition Start
 -1661 -22266 20369
 -4200 -29206 27264
 -163 -18601 23693
 1736 -14219 22723
 -803 -11751 27795
 515 -10186 25123
 -242 -9256 24634
 369 -9591 24425
 832 -7689 24815
 1373 -5647 25110
 1674 -4658 24731
 1772 -4189 23637
 2042 -1421 22309
 1973 -345 21923
 2204 751 21346
 2630 1538 20055
 2833 2341 18068
 2788 3821 16134
 2851 4905 13874
 2405 6723 14192
 2440 7598 11942
 2226 8098 11037
 2332 7681 10247
 2672 7937 9930
 2512 7822 10048
 2623 7645 10653
 2655 7134 11018
 2627 6830 11883
 2770 6413 12698
 2680 6279 13828
 2554 5387 14790
 2559 3627 15828
 2138 3638 17675
 2479 2637 19728
 1822 43 21143
 59 -3126 21859
 572 -2801 24255
 537 -5508 25379
 508 -6660 25558
 608 -8747 25895
 595 -8962 25256
 -151 -13401 23407
 825 -16616 29593
 262 -17722 23891
 -302 -18141 21389
 -282 -22508 21511
 -32 -21009 20580
Repetition End
1
 -847 -22223 20138
 -1262 -19232 21854
Repetition Start
 -2468 -21082 20594
 -4753 -22757 19061
 -2960 -25146 23803
 -3384 -16264 24317
 -2151 -10303 24918
 -1808 -9859 26078
 -1672 -10925 26378
 -190 -10271 24644
 556 -6412 23301
 340 -4974 24259
 1121 -3621 24518
 2570 -1449 23750
 1890 -1415 21226
 1439 72 19915
 2107 1321 18796
 1306 4098 16880
 1983 4866 15077
 2995 6433 12813
 3125 7143 11683
 2678 7394 11132
 2887 7593 10280
 2628 8072 10147
 2362 7706 9923
 2697 7130 10252
 2831 6673 10050
 2199 7562 10921
 2354 7197 11338
 2652 7045 11785
 2416 6991 12053
 2384 6557 12627
 2075 5627 13465
 2197 4038 15392
 2829 5379 16656
 2791 4142 18067
 2524 3439 19485
 1946 893 19717
 2234 212 21727
 1132 -2884 22445
 643 -4841 22733
 -526 -5530 25123
 699 -8156 26138
 1436 -10148 25762
 1483 -9195 25875
 249 -11826 25784
 -855 -13561 22271
 2054 -13412 22650
 758 -18837 30897
 730 -19855 22095
 2098 -19740 19475
 642 -23236 19298
Repetition End
1
 -440 -22836 19246
 -1178 -22236 19170
 -1190 -22208 18652
Repetition Start
 -1576 -21571 19360
 -964 -22126 19958
 -2663 -22607 22475
 -2746 -21561 21596
 -1661 -17346 24594
 -1726 -13238 23129
 610 -11496 23903
 -1816 -12886 26392
 -1479 -12176 25772
 -1204 -11341 24817
 961 -9087 25046
 992 -7080 22536
 1176 -5436 23078
 1631 -2904 22356
 1456 -659 23274
 894 17 22252
 1691 221 19964
 1385 2528 18826
 1316 3432 16565
 1947 5042 15377
 1985 6349 13672
 1676 7134 13025
 2251 7363 11383
 2150 7899 10758
 2217 7988 9918
 2141 8084 9889
 2530 7389 10038
 1924 8065 11017
 2192 6814 11367
 2496 7496 11715
 2312 6992 12508
 2164 6422 13061
 2187 6196 14020
 2163 5834 15339
 1858 4745 16586
 2156 4020 17266
 2448 3288 18574
 1665 2199 19506
 1840 859 20171
 1414 -1504 22119
 1362 -3707 22466
 2045 -2589 25019
 777 -4129 26174
 534 -6724 26250
 314 -9266 24920
 -299 -11797 23557
 -751 -12577 22803
 -156 -13150 23194
 -153 -13971 25216
 -2012 -21507 28304
 -1442 -17080 19334
 -1159 -20847 21826
 -1371 -23037 21116
Repetition End
1
 -915 -17811 21470
 -2482 -21845 20866
 -2425 -16807 23067
 -2472 -19233 21498
 -1677 -17280 23007
Repetition Start
 -2098 -29682 7349
 -6284 -32768 18390
 180 -20153 19623
 1381 -13705 23583
 -1470 -16410 24319
 -948 -15546 23427
 -1973 -16303 24032
 -2182 -15531 23500
 -843 -15732 23378
 -1300 -17553 23188
 827 -17071 22974
 349 -16551 23459
 -1896 -16600 23353
 -1051 -16633 22937
 -1340 -15954 24076
 -761 -15840 23649
 -740 -15696 23553
 135 -14758 23769
 -575 -15349 24225
 -825 -15322 24250
Repetition End
0
 -1219 -15560 23683
 -1692 -16299 23950
 -1369 -15879 23943
 -844 -15738 23654
 -1715 -15637 24030
 -1242 -16175 23765
 -1487 -16226 23679
 -1633 -16236 23599
 -1728 -16376 23307
 -1082 -15789 24055
 -1332 -15532 23280
 -1321 -15852 23472
 -1155 -16883 23704
 -1537 -17858 23183
 -1342 -17478 23068
 -1069 -17574 22814
 -757 -16651 23130
 -752 -16081 23159
 -1100 -16602 23445
 -840 -15939 24031
 -972 -17069 23237
 199 -15437 23441
 -1024 -16460 23299
 -1411 -16747 23321
 -1126 -16992 23367
 -637 -16385 23036
 -511 -15804 23180
 -776 -16179 23670
 -1165 -16988 23752
 -1263 -16871 23228
 -1142 -16074 23382
 -724 -16130 23049
 -931 -16444 23644
 -1778 -17019 23304
 -1739 -16499 23308
 -1611 -17705 23843
 -726 -15629 23143
 -1081 -16843 23268
 -1114 -16230 23513
 -1233 -16469 23752
 -1188 -15834 23704
 -1388 -16627 23214
 -1439 -16671 23450
 -565 -16581 23625
 -936 -15793 23833
 -738 -15856 23697
 -1442 -16540 23084
 -960 -16379 23241
 -314 -16734 22905
 -1716 -15809 23765
 -635 -16034 23402
 -675 -16446 23528
 -730 -16180 23790
 -188 -16626 23542
 -591 -17187 23103
 -862 -17341 23344
 -902 -16852 23588
 -838 -16004 22985
 -646 -16337 23717
 -124 -16240 23328
 -644 -15608 23866
 -1000 -15612 23822
 -1164 -17557 23515
 -1264 -16087 23832
 -1546 -16309 23537
 -1928 -17394 23125
 -1666 -16995 23497
 -1214 -16529 23306
 -169 -15967 23437
 197 -16344 23388
 -580 -16154 23379
 -1832 -18882 23524
 -1152 -16334 23179
 -901 -16237 23623
 -781 -16324 23173
 -819 -16677 23327
 -700 -16749 23354
 -939 -16069 23549
 -923 -16230 23799
 -827 -16577 23085
 -590 -16466 23510
 -605 -16371 23524
 -850 -16375 23425
 -946 -16509 23545
 -707 -16548 23489
 -640 -16677 23469
 -773 -16520 23318
 -821 -16650 23608
 -921 -16538 23476
 -772 -16606 23276
 -714 -16619 23374
 -632 -16841 23150
 -734 -16468 23516
 -802 -16593 23468
 -740 -16779 23157
 -629 -16864 23477
 -729 -16571 23519
 -768 -16672 23406
 -888 -16722 23314
 -882 -16571 23486
 -758 -16810 23656
 -741 -16363 23588
 -854 -16663 23602
 -861 -16632 23315
 -811 -16575 23391
 -902 -16425 23443
 -890 -16458 23363
 -916 -16659 23308
 -949 -16520 23494
 -753 -16672 22757
 -985 -16338 23198
 -888 -16635 23344
 -868 -16682 23363
 -786 -16602 23505
 -947 -16586 23181
 -644 -17219 23128
 -240 -16589 23307
 -1367 -16625 23498
 -1603 -16643 23277
 -1349 -16437 23631
 -668 -17104 23054
 -299 -17149 23080
 -191 -16956 22979
 -429 -17352 23021
 -506 -17119 23145
 -318 -16871 22876
 -551 -16872 23146
 -602 -17101 23272
 -555 -17220 23187
 -477 -17355 23182
 -413 -17304 23127
 -857 -16743 23375
 -638 -16997 23357
 -578 -16965 23228
 -320 -17414 23035
 -470 -16849 23264
 -921 -17111 23392
 -711 -16897 23119
 -329 -16785 23141
 -457 -17119 23131
 -483 -16966 23133
 -461 -16833 23162
 -416 -17068 23115
 -312 -17079 23282
 -1226 -16549 23915
 -1034 -17281 23860
 -71 -16741 23106
 -644 -17123 23230
 -1350 -16434 23321
 -1377 -16684 23230
 -423 -17352 23290
 -337 -17784 22844
 -1336 -17085 23449
 -1124 -16682 22767
 -587 -16806 23375
 -808 -16962 23031
 -1079 -17219 23385
 -712 -17545 23091
 -488 -16663 22850
 -1038 -16871 23259
 -1040 -17096 23182
 -815 -17409 23135
 -328 -17355 22941
 -553 -16946 23523
 -800 -16816 23764
 -1025 -17122 22865
 -808 -16714 23195
 -597 -16716 23030
 -545 -16950 23097
 -455 -17143 22931
 -859 -16775 22966
 -1112 -16624 23141
 -858 -17081 23195
 -554 -16794 23064
 -673 -17217 23077
 -806 -17178 23056
 -921 -17263 22872
 -552 -17421 22805
 -472 -17019 23308
 -808 -17041 23579
 -1109 -17179 23026
 -908 -17338 22998
 -1010 -17283 22725
 -762 -17067 23057
 -721 -17183 22865
 -846 -17503 22667
 -1142 -17251 22852
 -835 -17314 22570
 -936 -17222 23139
 -1171 -17175 22962
 -1161 -17545 22955
 -922 -17441 22976
 -922 -17230 22937
 -779 -17330 22904
 -848 -17596 23001
 -1005 -17398 22993
 -1059 -17616 23186
 -935 -17460 22959
 -850 -17675 22919
 -1050 -17560 22808
 -974 -17549 22756
 -1112 -17415 22877
 -908 -17323 22909
 -847 -17385 22630
 -740 -17133 22985
 -927 -17528 23263
 -851 -17416 22987
 -905 -17379 22990
 -985 -17392 22921
 -798 -17351 22823
 -855 -17539 22989
 -854 -17325 22996
 -733 -17351 22832
 -994 -17756 22838
 -880 -17491 22721
 -655 -17251 23101
 -727 -17433 22872
 -796 -17540 22813
 -942 -17540 22797
 -636 -17418 22996
 -612 -17461 22853
 -825 -17526 22865
 -863 -17447 22844
 -571 -17559 22954
 -634 -17599 22859
 -723 -17394 22911
 -784 -17615 22843
 -662 -17457 22825
 -675 -17475 22823
 -767 -17595 22953
 -547 -17577 22882
 -626 -17407 22890
 -738 -17457 22909
 -717 -17554 23145
 -712 -17384 22840
 -700 -17432 22825
 -1000 -17490 22879
 -1156 -17391 22848
 -713 -17381 22973
 -686 -17332 22782
 -739 -17375 22864
 -762 -17350 22890
 -906 -17483 22227
 -915 -17250 22838
 -1009 -17398 22987
 -854 -17456 22807
 -882 -17398 22703
 -780 -17396 22930
 -901 -17377 22898
 -872 -17441 22939
 -859 -17316 22956
 -849 -17415 22663
 -790 -17383 23055
 -577 -17237 22830
 -1024 -17551 22975
 -774 -17457 23001
 -737 -17353 23044
 -753 -17406 22760
 -907 -17326 22932
 -676 -17483 23020
 -444 -17487 22950
 -871 -17405 22890
 -729 -17262 22604
 -126 -17742 22899
 -462 -17393 22727
 -922 -17537 22109
 -786 -18071 23040
 -572 -17727 23293
 -21 -18032 22351
 -165 -18236 22266
 -375 -17981 22638
 -566 -18163 22353
 -226 -17871 22482
 -794 -17386 22782
 -724 -17971 22413
 -616 -17817 22531
 -452 -17758 22603
 -595 -18075 22532
 -338 -18081 22492
 -375 -18023 22499
 -530 -17835 22731
 -334 -17857 22532
 -628 -17912 22485
 -563 -18105 22349
 -430 -18255 22431
 -318 -17803 22329
 -531 -17939 22502
 -494 -18160 22499
 -803 -17983 22445
 226 -18297 22331
 -637 -18196 22360
 -925 -18172 22580
 -343 -17988 22594
 -434 -17724 22877
 -636 -17918 23727
 10 -17215 22119
 -710 -17292 22827
 -739 -17166 23144
 -544 -17161 22897
 -917 -17277 22943
 -614 -17625 23316
 -627 -17306 22993
 -487 -17239 23050
 -475 -17247 23013
 -826 -16943 23008
 -956 -17251 22788
 -648 -17406 22854
 -742 -17031 22835
 -741 -17462 23424
 -710 -17344 22934
 -860 -17409 22927
 -823 -17516 22980
 -711 -17321 22913
 -702 -17304 22823
 -1169 -17139 22653
 -1127 -17202 22940
 -831 -17342 23009
 -650 -17404 22889
 -769 -17279 22996
 -1020 -17219 22994
 -892 -17365 22948
 -886 -17283 22980
 -624 -17292 22937
 -764 -17389 22818
 -1154 -17419 23047
 -1127 -17531 22963
 -1072 -17300 22904
 -718 -17501 22770
 -646 -17434 22940
 -561 -17273 22907
 -136 -17786 22541
 -84 -18218 22323
 -498 -17847 22865
 -652 -17801 22827
 -871 -17941 22738
 -727 -18103 22342
 -133 -18022 22497
 109 -17902 22606
 -348 -17762 22638
 -550 -17986 22714
 -259 -17893 22567
 47 -18270 22628
 -138 -17872 22474
 -195 -18056 22633
 -162 -18075 22505
 -323 -18101 22366
 -276 -18158 22493
 -143 -18271 22547
 -235 -18094 22332
 -219 -17979 22501
 -156 -18043 22324
 -187 -18286 22657
 -399 -18053 22682
 -203 -18095 22377
 -197 -18309 22308
 -120 -18213 22510
 -343 -18125 22499
 -98 -18254 22523
 43 -18276 22111
 -187 -18296 22568
 -265 -18054 22786
 -187 -18277 22329
 323 -18407 21927
 -240 -18249 22201
 -279 -18139 22555
 -327 -18279 22385
 214 -18409 22205
 -111 -18297 22330
 -259 -18235 22257
 -91 -18352 22151
 -83 -18428 22264
 -178 -18270 22163
 -491 -18432 22482
 -309 -18243 22469
 102 -18010 22379
 -261 -17972 22480
 -520 -18132 22468
 -177 -18166 22468
 -125 -18033 22639
 -527 -17900 22609
 -325 -17996 22400
 -231 -18119 22425
 -657 -17703 22859
 -485 -17932 22325
 -253 -17756 22313
 -339 -17916 22448
 -317 -18059 22488
 -184 -18007 22329
 -237 -18070 22661
 -532 -18010 22577
 -494 -18159 22460
 -317 -17970 22435
 -192 -17973 22469
 -225 -18000 22464
 -485 -17855 22501
 -844 -17413 22456
 -439 -18245 22516
 -240 -18024 22181
 -308 -18261 22449
 -132 -18499 22289
 -291 -18111 22295
 -345 -17950 22392
 -367 -17637 22222
 -714 -18260 22629
 -606 -18047 22894
 -10 -17632 22851
 -892 -17796 22900
 -629 -18126 22410
 -543 -18161 22491
 -815 -17745 22649
 -1075 -17938 22697
 -796 -17807 22874
 -521 -17488 23461
 -662 -19275 21859
 -297 -18084 22701
 -994 -17821 22352
 -277 -17122 22840
 431 -17577 23131
 496 -17988 22137
 427 -17792 22486
 509 -18778 22172
 87 -18065 22622
 -172 -17469 22696
 -250 -18150 22691
 72 -18214 22894
 117 -18196 22345
 78 -17862 22513
 -181 -18143 22418
 -100 -17956 22269
 94 -18169 22388
 -68 -17824 22493
 -186 -18070 22436
 -46 -18039 22414
 -103 -18175 22335
 154 -18363 22405
 145 -18230 22299
 -103 -18219 22442
 88 -18133 22511
 21 -17979 22473
 -73 -18094 22314
 -129 -18233 22427
 -53 -18279 22334
 -216 -18145 22419
 -93 -18094 22503
 -152 -17990 22556
 -209 -18026 22567
 -156 -18216 22317
 -238 -17914 22484
 -78 -17985 22331
 -135 -18120 22433
 -148 -18049 22485
 -63 -17854 22581
 -91 -17982 22481
 -204 -18037 22536
 -137 -17907 22377
 -102 -17980 22475
 -281 -17955 22640
 -141 -18279 22729
 -150 -17982 22297
 72 -18012 22492
 -90 -18132 22529
 -212 -17957 22590
 -241 -17501 22621
 -175 -17749 22594
 -207 -18102 22496
 -151 -17928 22362
 -144 -17977 22552
 -40 -17954 22531
 110 -18175 22161
 87 -18080 22158
 58 -17754 21913
 -377 -17952 22475
 -433 -17819 22570
 -164 -17823 22405
 -98 -18135 22528
 29 -18071 22350
 35 -18142 22388
 -14 -18051 22456
 -63 -18018 22485
 21 -18263 22355
 -37 -18104 22323
 -310 -17959 22341
 86 -18238 22266
 -71 -18053 22305
 67 -18370 22254
 -519 -18287 22411
 -441 -17882 22111
 -663 -18013 22776
 -257 -18435 22397
 -119 -18268 22278
 -591 -17979 22539
 -626 -17775 22505
 -698 -17667 22825
 -570 -17992 22518
 -362 -17907 22416
 -309 -17911 22764
 -452 -17670 22713
 -623 -17764 22800
 -525 -17743 22660
 -835 -17870 22679
 -931 -17716 22380
 -917 -17657 22732
 -669 -17550 22727
 -654 -17657 22723
 -604 -17809 22552
 -744 -17611 22704
 -772 -17537 22646
 -1029 -17647 22698
 -939 -17774 22719
 -895 -17649 22903
 -805 -17798 22102
 -745 -17657 22797
 -570 -17680 22771
 -809 -17726 22504
 -1164 -17640 22665
 -742 -17752 22760
 -778 -17672 22738
 -892 -17674 22764
 -788 -17704 22748
 -749 -17698 22714
 -902 -17729 22461
 -879 -17546 22627
 -702 -17623 22580
 -728 -17894 22601
 -822 -17580 22585
 -615 -17665 22708
 -878 -17865 22828
 -693 -17901 22621
 -890 -18009 22508
 -967 -17784 22612
 -595 -18025 22578
 -690 -17891 22586
 -714 -17803 22574
 -694 -18055 22604
 -821 -17838 22733
 -910 -17758 22749
 -930 -17963 22645
 -801 -17932 22573
 -741 -17809 22622
 -643 -17821 22616
 -800 -17767 22715
 -843 -17885 22868
 -725 -17697 22727
 -898 -17787 22665
 -882 -17971 22724
 -887 -18095 22716
 -853 -17710 22756
 -547 -17746 22776
 -147 -17792 22623
 -998 -17597 22672
 -489 -17422 22882
 -218 -18076 22454
 -1801 -15619 23263
 -1441 -17195 23441
 -875 -17306 23056
 -768 -17530 23379
 -1240 -17131 23370
 -946 -17233 22790
 -1068 -17211 23090
 -800 -17555 22885
 -699 -17133 22951
 -795 -16886 23095
 -767 -17143 23106
 -850 -17346 23168
 -746 -17153 23211
 -660 -16910 23230
 -891 -17021 23124
 -915 -17211 23021
 -801 -16963 23031
 -750 -16994 23130
 -831 -16952 23147
 -823 -17007 23193
 -827 -16840 23120
 -712 -16970 23209
 -990 -17244 23156
 -448 -16747 23163
 -669 -16880 23374
 -757 -16805 23324
 -870 -16884 22912
 -762 -17206 23175
 -801 -16830 23207
 -666 -16679 23187
 -771 -16918 23033
 -884 -17010 23087
 -754 -16793 23149
 -727 -16964 23200
 -844 -16933 23141
 -866 -16952 23260
 -716 -16793 23311
 -836 -16982 23241
 -840 -16926 23262
 -818 -16945 23107
 -737 -16774 23201
 -671 -17021 23093
 -861 -16850 23208
 -813 -17028 23240
 -866 -16998 23136
 -846 -16900 22989
 -903 -17057 23189
 -760 -16915 23192
 -821 -16948 23109
 -738 -17101 23178
 -686 -16926 23151
 -606 -16988 22788
 -896 -16871 23238
 -963 -17339 23154
 -718 -17299 22893
 -761 -17295 22952
 -858 -17020 23138
 -713 -17055 23161
 -909 -17290 23164
 -803 -17405 22836
 -545 -17133 22985
 -753 -17270 22927
 -988 -16895 23047
 -676 -17300 23002
 -717 -17340 22777
 -448 -16888 23121
 -754 -17771 23098
 -793 -17727 22778
 -1022 -17588 23055
 -600 -17360 23104
 -522 -17567 22226
 -328 -17064 23190
 -151 -17502 23171
 -573 -17266 23008
 -1089 -17108 22935
 -1338 -17967 22874
 75 -17913 22620
 -568 -16981 22837
 -405 -16825 23196
 -375 -17394 22834
 -316 -17381 22182
 -66 -17949 22967
 -1374 -17558 22762
 -217 -18300 22584
 -256 -17675 22599
 -588 -17782 22784
 -386 -17353 22892
 -677 -17717 22700
 -694 -17560 22968
 -884 -17644 22665
 -995 -17266 22875
 -1070 -17470 22719
 -800 -17645 22855
 -577 -17429 22763
 -587 -17515 22848
 -794 -17529 22801
 -912 -17446 22798
 -893 -17510 22923
 -735 -17497 22834
 -740 -17561 22862
 -803 -17526 22696
 -711 -17580 22760
 -722 -17471 22968
 -800 -17630 22776
 -737 -17632 22779
 -728 -17589 22664
 -671 -17504 22866
 -770 -17603 22801
 -751 -17607 22807
 -767 -17563 22777
 -747 -17552 22788
 -796 -17537 22803
 -720 -17573 22856
 -768 -17562 22878
 -707 -17646 23015
 -786 -17424 22969
 -753 -17729 22836
 -740 -17559 22881
 -708 -17624 23008
 -719 -17504 22844
 -752 -17634 22844
 -786 -17599 22903
 -835 -17501 22878
 -795 -17537 22882
 -751 -17428 22771
 -700 -17495 22813
 -852 -17437 22869
 -769 -17398 22988
 -832 -17454 22868
 -836 -17636 22922
 -825 -17365 22735
 -845 -17449 22753
 -770 -17432 22897
 -874 -17639 22785
 -776 -17553 22860
 -786 -17549 22667
 -950 -17654 22790
 -836 -17526 22805
 -760 -17607 22724
 -835 -17472 22805
 -809 -17533 22828
 -776 -17616 22942
 -828 -17522 22938
 -803 -17514 22950
 -844 -17607 22920
 -839 -17534 22707
 -787 -17507 22841
 -835 -17572 22754
 -920 -17440 22868
 -772 -17702 22788
 -863 -17434 22794
 -810 -17459 22809
 -767 -17622 22761
 -857 -17446 22818
 -794 -17547 22893
 -782 -17558 22864
 -757 -17486 22757
 -756 -17494 22821
 -738 -17607 22754
 -704 -17482 22783
 -790 -17581 22898
 -638 -17564 22805
 -699 -17512 22822
 -789 -17668 22789
 -847 -17507 22739
 -667 -17550 22846
 -680 -17521 22856
 -757 -17544 22888
 -762 -17652 22831
 -752 -17468 22911
 -1020 -17557 22946
 -964 -17744 22637
 -423 -17489 23020
 -962 -16927 22833
 -815 -17715 22964
 -743 -17368 23004
 -1023 -16821 23015
 -1075 -17370 22855
 -1181 -17214 22758
 -743 -16724 23319
 -581 -17610 22897
 -963 -17275 23023
 -1063 -16966 23165
 -601 -17291 23058
 -101 -17655 23090
 -535 -16948 23098
 -1209 -17176 22929
 -753 -17165 23119
 -318 -17288 23028
 -568 -17063 23015
 -1156 -17467 22838
 -857 -17683 22846
 -424 -16962 22898
 -184 -17132 23233
 31 -17180 23083
 -37 -16296 22847
 -224 -18448 22064
 -2090 -20036 22150
 -1601 -18987 22270
 43 -16681 22786
 450 -16177 23931
 171 -15396 23991
 -645 -16219 23905
 -923 -15833 23561
 -931 -17083 24224
 -2659 -17438 23485
 -958 -12534 24527
 -2127 -16061 24842
 -1801 -15383 24821
 504 -9766 25784
 -602 -9715 25372
 1293 -8379 24215
 -997 -16082 24928
 -1143 -12223 24643
 -44 -15496 24369
 -693 -15588 24239
 -348 -15960 24227
 -359 -15137 24405
 -359 -14481 24760
 -179 -15359 24241
 -685 -15691 24036
 -377 -10803 24714
 -1676 -13097 25598
 -953 -12763 24634
 -1006 -14176 24997
 138 -12710 24274
 -780 -14348 24763
 -594 -12511 24970
 -239 -13731 24603
 -723 -12968 24935
 -557 -13950 24996
 90 -12664 24559
 -1122 -16449 24349
 -53 -15228 24127
 -430 -13007 24465
 -100 -11982 24096
 771 -14692 24509
 -414 -14131 24660
 -1743 -16179 24114
 -466 -15542 24141
 -1252 -14897 23749
 -650 -15628 24210
 -794 -14693 24197
 -691 -14720 24092
 -292 -14670 23928
 -118 -14206 24423
 -601 -15245 23997
 -742 -15808 23744
 -919 -16451 23654
 -522 -16076 23637
 -302 -16107 23635
 9 -16018 23931
 -831 -16490 24142
 -284 -14760 24451
 -50 -16125 23590
 -1047 -13847 24404
 -901 -15234 24112
 -83 -16975 23738
 5 -15020 23843
 863 -17743 23190
 1122 -14352 23655
 431 -16161 23689
 305 -15494 23992
 108 -14598 23655
 59 -15659 23712
 182 -15577 23697
 40 -16084 23575
 122 -15040 23789
 960 -16415 23431
 212 -15137 24210
 359 -16461 23567
 345 -15237 23270
 37 -16449 23443
 936 -15623 23773
 1655 -15643 23633
 440 -15575 24395
 463 -13555 24714
 -93 -15559 24096
 -32 -14372 24312
 -128 -15715 23679
 -21 -14371 24077
 -251 -15579 24151
 -254 -15253 24365
 -436 -15930 24137
 -193 -16267 23678
 -210 -15424 24092
 86 -15066 24250
 443 -15519 23647
 -45 -15935 23892
 87 -16358 23482
 121 -15080 23781
 343 -15429 23804
 43 -14886 24427
 28 -15804 24078
 270 -14997 23658
 -875 -16048 24321
 695 -14205 23647
 397 -18005 22808
 -116 -13005 24501
 -2190 -15071 24851
 -477 -15035 23988
 -1452 -14479 25145
 -1274 -16036 23757
 -966 -15682 24573
 89 -14846 24058
 -493 -15969 23804
 1594 -15619 23427
 227 -14130 24681
 166 -15257 23766
 -279 -14652 24091
 312 -17846 23467
 -1063 -16427 24618
 438 -15955 23503
 10 -14935 23518
 -791 -14244 24054
 748 -16804 24010
 -597 -14350 23752
 -289 -15440 23779
 -1284 -14873 24548
 -971 -14359 25390
 -1476 -13488 25090
 -1361 -14838 24226
 -298 -14775 23799
 215 -15841 23611
 -867 -14913 24309
 -1383 -12532 24698
 -1531 -15334 23901
 2731 -16342 23014
 -699 -13405 24123
 -1340 -14017 24727
 -1834 -14701 24346
 -1541 -15253 24098
 151 -16199 23740
 851 -15900 23709
 299 -13994 24435
 -1072 -14770 24047
 -1695 -15519 23714
 -1618 -16006 24111
 -1915 -15639 23863
 -1079 -16796 23511
 -1273 -16622 23073
 -1548 -17583 23351
 -1033 -15496 23513
 -1218 -16737 23829
 -1518 -16422 23702
 -1411 -16357 23575
 -1014 -16143 23755
 -1164 -16344 23559
 -1332 -16513 23604
 433 -15049 22247
 -1514 -19330 22666
 -1639 -16194 22759
 -2847 -21189 22726
 -1518 -15732 20638
 -2863 -20692 21052
 -2060 -18792 22792
 -1420 -19003 22980
 138 -15841 23399
 1758 -15861 23068
 -803 -16823 23532
 -3550 -16498 24098
 -3136 -15642 23554
 -2776 -16461 23021
 -1171 -15806 23037
 -1443 -14371 22474
 -1009 -15812 26916
 -2050 -16623 22158
 -2029 -16128 23672
 -1379 -16072 23899
 -910 -15881 24005
 -1226 -15665 23764
 -2014 -16451 23664
 -2092 -15811 24006
 -1649 -15561 26727
 -1437 -14929 24538
 -1521 -15450 24002
 -1412 -15951 23426
 -1800 -15862 23354
 -1791 -16224 23671
 -2063 -16614 23485
 -1702 -16133 23705
 -1476 -15877 23412
 -1423 -16134 23665
 -1414 -15998 23802
 -1474 -15961 23569
 -1587 -16100 23464
 -1554 -16428 23595
 -1591 -16210 23331
 -1595 -16303 24012
 -1383 -16057 23571
 -1318 -16264 23643
 -1507 -16405 23422
 -1552 -16649 23511
 -1694 -16462 23348
 -1659 -16521 23432
 -1502 -16550 23317
 -1864 -16766 23255
 -1759 -16965 23191
 -1646 -17053 23163
 -1565 -16993 23139
 -1404 -16984 23036
 -1213 -16508 23739
Repetition Start
 -638 -15846 23713
 -3653 -17827 26163
 -830 -14685 12026
 -184 -19715 21222
 2160 -10957 20817
 -708 -11032 23754
 -523 -6567 26735
 -1093 -7638 25745
 -522 -7377 24619
 386 -2240 24344
 415 -1959 21867
 620 -23 19657
 945 1890 19150
 1261 3582 17323
 1442 4345 14892
 2178 5838 13852
 1864 6299 12627
 2737 8148 10153
 1670 9243 7991
 2122 7685 6840
 2192 7298 6079
 2469 8314 6815
 2415 7795 8090
 2084 7473 8722
 2411 6483 9612
 2625 6724 10753
 2400 7211 12799
 2891 6214 14782
 2647 4844 16301
 2702 3058 17407
 1639 570 19770
 2817 1179 20748
 1966 -1043 21726
 1158 -2827 22798
 182 -5294 23992
 1152 -5914 25751
 417 -8477 24892
 724 -10967 25284
 54 -11936 24155
 594 -14003 28262
 -1172 -17756 22723
 -156 -16300 23223
 -244 -18471 25145
 -1260 -16537 23367
 -1806 -21779 22793
Repetition End
1
 -805 -14773 23622
 -1230 -16943 21425
 -704 -17034 23342
 -1583 -17261 25947
Repetition Start
 -1495 -22106 27144
 -783 -17918 25605
 -1202 -14886 27393
 1532 -12972 27773
 -792 -6084 29664
 1370 -4614 24515
 -580 -8896 23707
 -283 -6038 25411
 1581 -1580 24553
 1225 -593 21553
 726 -2266 21303
 2222 3582 19442
 2292 2880 17205
 923 3300 14686
 1415 6243 14215
 1422 7062 12947
 1171 7134 10636
 1366 7813 9170
 1877 8317 8033
 1854 7569 7885
 2234 7869 8749
 1846 7865 9310
 1816 6691 9573
 1753 7463 9480
 1964 7543 9121
 2053 7561 9081
 1970 7887 10531
 2064 7061 11013
 2263 6753 11974
 2418 6159 13660
 2485 6168 14113
 2245 5510 15105
 2773 3852 16339
 2532 3457 18361
 1702 322 19082
 1889 -899 21900
 1933 -1123 22600
 1181 -3193 22045
 978 -4579 22782
 83 -9238 25873
 648 -9459 24763
 676 -9148 24487
 -646 -9558 22810
 718 -11730 28031
 -3616 -21203 23001
 -2032 -19770 22865
 -1837 -20209 21656
 -3040 -20171 22764
 -2182 -16666 22593
Repetition End
1
 -1526 -17458 22787
 -1015 -18716 23327
 767 -14530 20459
Repetition Start
 -2745 -21774 20962
 -2804 -15581 26212
 -3900 -31458 25574
 -7597 622 24669
 -1444 -10621 25731
 -2956 -8886 22653
 -842 -5100 23457
 -2295 -6187 22024
 -1438 -4960 22397
 641 -644 21019
 329 45 20452
 1081 2140 19056
 1737 2772 16644
 2391 5403 15729
 2548 5655 13271
 2465 5703 11544
 2565 7451 10825
 2183 8938 9925
 2407 8330 8927
 1695 6888 8401
 2444 6604 8045
 1831 8475 8609
 1985 7646 8644
 2503 7312 7459
 2230 8288 10309
 1845 7330 11022
 1921 7143 11557
 2331 6918 12822
 1912 6464 13514
 1938 6404 15055
 2187 4082 16574
 2300 4295 17474
 2679 3405 19454
 1454 1180 20836
 2182 -1317 20627
 1813 -1447 21618
 2678 -3054 22585
 1489 -5453 23043
 1203 -6138 24135
 447 -8080 23818
 328 -9480 25059
 944 -9133 24177
 631 -12377 32565
 -405 -18859 17519
 1208 -16809 22195
Repetition End
1
 -1011 -21913 22815
 -2245 -19261 22854
 -1576 -17637 22423
 -1557 -18948 22052
Repetition Start
 -1633 -16620 22760
 -998 -19014 20995
 -2611 -19004 29803
 1112 -16970 23937
 138 -10995 26067
 829 -9828 25773
 403 -11060 26043
 378 -9918 24347
 569 -8210 26274
 -296 -3064 25998
 1575 -3133 24216
 1198 -1905 22231
 1569 -1871 22306
 1862 1 20323
 2487 493 18968
 2218 2556 15970
 2874 5300 14957
 2445 6201 12994
 1908 7093 11331
 1778 7810 10204
 2034 7931 9276
 2053 8438 9017
 2283 7698 8048
 2241 7893 8151
 2281 8245 8220
 2468 8338 8971
 1896 7572 10217
 2215 7010 11211
 2124 6587 11969
 2225 6011 12992
 2024 5803 14345
 2018 5179 16047
 2143 3907 17198
 1833 3187 18048
 2075 2386 18987
 1300 2499 22802
 2455 -2466 22927
 3288 -1969 23181
 2877 -3709 23037
 1901 -5555 23867
 2090 -5194 24544
 743 -6686 25860
 1181 -10298 25708
 945 -15850 21754
 187 -15485 27317
 -266 -22406 21830
 -84 -19196 22371
Repetition End
1
 -443 -17594 22804
 -1423 -21077 22107
 -172 -17718 23318
Repetition Start
 -1656 -17030 23326
 -1655 -19815 21368
 -1551 -20896 22177
 -2203 -22899 23218
 -2813 -17608 25965
 -443 -11854 23053
 -943 -11635 15279
 -1170 -9074 28109
 -229 -9671 26144
 47 -9218 23933
 -370 -5815 24837
 508 -3606 23432
 1664 -1952 21888
 1588 -1585 21190
 1956 81 20629
 2305 2176 19342
 2103 2575 16485
 2001 4789 14391
 2574 6757 12729
 2818 7471 10959
 2477 7995 9596
 3055 8335 9429
 2760 7531 8970
 2314 7368 8575
 2742 7517 8522
 2636 7414 9235
 2725 7029 9091
 2714 7461 9965
 2925 7621 10818
 2969 6725 11269
 2764 6238 12092
 2744 6326 13081
 2838 5684 13668
 2776 5425 14993
 2535 5260 16618
 2053 3536 17332
 3053 3591 18556
 2490 2220 19410
 1435 291 22104
 559 -2654 22828
 1037 -2163 24137
 1516 -3665 23859
 317 -5612 24402
 -882 -8994 25075
 647 -8878 26029
 306 -11001 24932
 -1292 -15412 24865
 -843 -9136 23103
 -620 -14653 24371
 -1209 -17665 26642
 -3314 -21222 22809
 -2383 -17584 22174
 -2440 -17118 23447
Repetition End
1
 -2454 -17290 23222
 -1014 -16853 23392
 -2071 -18011 23643
 -1803 -16564 23066
Repetition Start
 -1044 -17668 24901
 -1527 -18708 27738
 -358 -15032 23220
 1479 -11140 24481
 323 -11186 24072
 440 -7043 24157
 -1957 -7016 25960
 527 -6841 23518
 728 -6431 21918
 1621 188 22236
 2323 -250 21249
 2195 -59 20939
 3609 614 18242
 2203 2778 16265
 2471 4600 15121
 2637 6187 13889
 2743 6239 11543
 3641 7705 10765
 2840 8106 9565
 2489 7981 9047
 2561 6598 8215
 2552 7016 8406
 2906 7529 9600
 2824 6853 8901
 2896 7381 9872
 2997 7636 10528
 2992 6601 11049
 2709 7178 12243
 2571 6309 12609
 3216 6883 13869
 2526 5504 14583
 2832 4954 15936
 2864 3488 18283
 2554 2863 18657
 2528 1400 20281
 2072 276 21972
 1703 -3863 20117
 1095 -7489 23042
 488 -8684 24275
 728 -7867 24337
 609 -9836 22357
 388 -8309 23816
 -342 -15146 32767
 -1449 -22115 20536
 -874 -19958 21622
 -898 -21328 20347
 -685 -17943 21336
Repetition End
1
 -794 -17216 22356
 -1342 -17146 22967
 -1230 -18030 22793
Repetition Start
 -1627 -18173 22431
 -1671 -22663 21324
 -965 -21851 23787
 -1931 -19791 28489
 1940 -9455 16614
 1096 -10016 25904
 -1129 -10773 24315
 -112 -8989 25394
 1024 -5653 23724
 456 -5084 23473
 711 -3361 21770
 1365 -2992 20006
 2028 743 21368
 2408 2234 18751
 1627 3181 16158
 2495 5000 15861
 2429 6601 14742
 2477 6867 12642
 2357 7419 10701
 2278 7397 10252
 2714 7507 9587
 2591 7672 8988
 2881 7079 8730
 3198 7255 9287
 3140 7443 9920
 3040 6908 9934
 2694 6651 9967
 3049 7246 10847
 3038 6875 11753
 2840 6105 12415
 3059 6393 13709
 2574 5290 14552
 2382 4129 16564
 2329 3891 17362
 2640 3475 18220
 3249 2345 22609
 816 371 20884
 1090 -916 20131
 867 -3882 24464
 -1242 -4103 24885
 437 -6310 24635
 391 -7896 26009
 783 -7330 27037
 -1540 -7624 24903
 579 -10489 32767
 -3863 -21865 22276
 -1865 -15937 22813
 -2374 -18075 24670
 -1296 -19060 24117
 -2052 -18066 21561
 -1060 -18375 22958
Repetition End
1
 -888 -16968 22865
 -205 -17728 24597
 -2791 -20204 20908
Repetition Start
 -2076 -19284 25092
 -1933 -16074 27303
 471 -3808 20564
 860 -10586 23227
 -1194 -11239 25116
 648 -8797 24411
 -1165 -6587 23846
 -10 -5611 23782
 -1611 -3530 23339
 979 -773 23474
 895 -585 20957
 796 785 19136
 1053 2469 17197
 1209 5561 15356
 1668 6333 14614
 1136 7519 12816
 1676 7300 11019
 1455 7808 10615
 1564 7818 9168
 2024 7987 8959
 1728 7462 8518
 2125 7643 8265
 1918 7302 8513
 2112 7633 9639
 2196 6858 9225
 2202 6550 10182
 1862 6953 11275
 2631 6747 12123
 1906 5606 13430
 2445 6458 15938
 2264 4717 16989
 2136 4119 17670
 2198 2685 19534
 1905 1741 20345
 1746 991 21099
 3113 -1841 24954
 1547 -3895 23698
 1190 -5488 23946
 1719 -7934 24177
 1752 -8543 24588
 1363 -9158 25996
 2489 -9274 24895
 400 -12515 29993
 579 -13656 23113
 1465 -13434 23687
 622 -16635 22326
 609 -18702 22818
Repetition End
1
 -187 -18048 22870
 -180 -17162 23377
 -201 -17166 23139
 -365 -19441 23113
Repetition Start
 -2599 -20786 25192
 -1703 -16359 26486
 2646 -8389 24487
 1447 -10278 25191
 1234 -8834 27653
 429 -6215 25232
 1328 -6548 22117
 2185 -5399 21940
 2266 -1973 21694
 2382 884 21345
 2112 1221 20656
 2744 1444 17524
 2769 2474 15084
 2192 5362 15364
 2149 6850 14247
 2112 7179 11811
 2937 8742 10594
 2432 8031 9629
 2406 7286 8862
 2566 7786 8785
 2308 7517 9051
 2116 6883 9272
 2528 7122 9414
 2739 7204 10058
 2954 7013 10478
 3165 7027 11559
 3070 6595 12192
 3183 6289 13466
 2905 5594 15050
 3199 4461 16416
 2917 4277 18366
 2321 2808 18909
 2017 1305 19301
 1826 8 21442
 1709 -1375 22148
 809 -3796 23311
 1430 -4175 25848
 990 -5621 24861
 59 -7680 23644
 86 -6993 25366
 -9 -7568 25549
 1983 -9268 32767
 -2096 -19496 23456
 -1186 -13190 23628
 -164 -17665 23900
Repetition End
1
 -265 -19083 22417
 -36 -18045 22976
 779 -16678 22988
 161 -17139 23083
Repetition Start
 -1414 -22267 23294
 -1476 -22470 26191
 1557 -13999 21336
 -176 -6728 28980
 -1639 -10569 26419
 -617 -7157 25092
 89 -5750 22246
 342 -4519 23762
 78 -2709 22010
 1233 -507 21709
 1186 2804 20998
 1846 3282 18183
 2016 3776 18103
 1954 4194 16285
 1958 5971 15076
 2217 5025 14031
 2237 5380 13125
 2543 7183 11816
 2493 8021 10171
 2870 8468 8832
 2612 7818 7181
 2835 7469 7067
 2622 7626 7761
 2738 7171 8356
 2771 7302 9118
 3254 7055 9927
 3135 6986 10949
 3135 6114 11463
 2743 7334 13311
 2919 5202 14051
 2512 3902 14648
 2952 4953 17452
 2648 3543 17581
 2458 -195 18371
 2824 210 20787
 2046 436 20451
 870 -836 23165
 2224 -3747 23979
 653 -5194 23438
 1146 -6396 25837
 -86 -9980 24940
 1713 -7311 29524
 -1166 -15632 23267
 1143 -11752 25524
 -216 -15780 24276
 -372 -16828 23954
 -373 -16262 23907
Repetition End
1
 -552 -17347 22985
 -265 -18723 24516
 -987 -14815 23396
 -1706 -17935 23069
 -1248 -22174 24941
Repetition Start
 -1897 -17780 25291
 2553 -8952 20961
 -1418 -11985 28083
 -266 -11511 28783
 1112 -4242 22979
 805 -3936 25067
 2011 -3868 19864
 1384 -2060 21375
 2056 -518 21005
 1859 2524 22207
 2428 1372 15674
 2739 2743 15184
 1777 5691 14545
 2402 7910 11645
 2410 7898 10637
 2140 8360 9142
 2174 8090 8478
 2340 7412 7996
 2392 7407 9014
 2424 7667 8934
 2051 7276 9775
 2276 7501 10602
 2447 6945 11210
 2298 7188 12283
 2509 5895 13107
 2423 5023 14302
 2637 5356 15212
 2579 5701 16298
 1395 4676 17045
 1757 731 18465
 2588 1479 22687
 1725 -1989 22800
 1642 -1188 20959
 2372 -2562 22874
 1159 -6844 22692
 -864 -6222 23427
 2025 -7246 25297
 720 -9188 23573
 2109 -8134 32767
 -309 -14745 27714
 191 -15516 21364
 804 -16975 24896
 92 -16759 24232
 -517 -15190 24218
 -301 -16598 23816
Repetition End
1
 -986 -17503 23664
 -1917 -16201 23141
 -1843 -17532 25075
 -2205 -22800 16449
Repetition Start
 -2710 -15541 23309
 -448 -16078 22331
 4 -7807 25419
 2060 -9302 26773
 726 -9698 25436
 631 -6818 25520
 448 -6726 25215
 -930 -5177 23520
 687 -3596 22570
 889 -1614 20611
 2858 128 20954
 2070 375 18377
 2104 1418 17192
 1157 5218 14602
 1690 7021 15111
 1469 6551 12544
 1826 8332 11866
 1716 8079 10643
 1894 7825 9463
 2214 7884 8687
 1841 7461 8597
 2354 7939 8630
 2173 7489 9125
 2317 7181 9640
 2237 7420 10496
 2399 7087 11021
 2338 6754 12035
 2428 7036 12811
 2400 5771 13781
 2126 5190 15660
 2224 3531 16492
 1686 2521 18481
 1341 -493 18792
 2235 1494 22266
 1334 -1381 22174
 1817 -5095 21881
 2349 -6710 25737
 1909 -6577 24849
 1172 -9802 23260
 3320 -9041 32725
 -269 -17766 24332
 -263 -16253 22167
 989 -18556 24742
 -1488 -19408 24477
 -606 -17377 23985
Repetition End
1
 -1031 -15697 23993
 -890 -15924 24019
Repetition Start
 -1357 -16712 24315
 -114 -17550 23933
 -3365 -19781 24154
 -1735 -18071 24218
 -614 -13923 20853
 -1328 -11181 31724
 -123 -8744 27575
 -1199 -8949 26454
 -9 -7578 23111
 2068 -3263 22804
 822 1708 23365
 975 -350 21825
 645 1045 19503
 3644 2641 18932
 -121 1903 17483
 2605 5344 15499
 1916 5041 14316
 2981 6851 13523
 2578 7202 11409
 2509 7948 10850
 2348 7600 10428
 2496 7222 9663
 2146 7621 8906
 2259 7288 8029
 2711 7792 8810
 2097 7097 9038
 2033 7497 9135
 2041 7631 9617
 1976 7119 10802
 2150 7217 11371
 2169 6791 12512
 2097 6212 13760
 1894 5205 14636
 2141 5209 16847
 1467 4074 17299
 1971 2284 19167
 1816 -137 20421
 1574 -352 21347
 2153 -2566 21535
 1011 -2695 23806
 172 -5441 24953
 233 -6425 24664
 418 -4293 26440
 -422 -5501 24711
 702 -6761 32767
 -3641 -19612 24973
 107 -14175 23167
 -1012 -16891 23246
 -982 -18437 24125
Repetition End
1
 -1284 -18631 22845
 -1401 -20244 23936
 -808 -14156 24386
Repetition Start
 -2173 -17960 23179
 -178 -18845 25257
 -3118 -18663 26502
 -3356 -19302 24456
 -1017 -12048 23809
 -3151 -9163 28429
 58 -12166 28670
 -169 -10960 27521
 -149 -8353 23774
 1074 -7232 21853
 1537 -4344 23654
 1703 -3591 22146
 104 -3544 18659
 3294 2009 21437
 3069 3172 18000
 3671 3283 15316
 1932 5942 14782
 2853 6956 13329
 2280 7534 10888
 2823 8478 9366
 2150 7932 8617
 2361 7959 8075
 2108 7401 7701
 2350 7651 7671
 2564 7633 8211
 2425 7924 8863
 2631 7513 9830
 2547 7469 11357
 2864 7292 12919
 2792 7341 14902
 2701 4869 15026
 2035 3618 16022
 2261 3853 16820
 1985 3993 18422
 1617 1560 19555
 341 1562 19061
 944 -1012 23329
 1530 -1789 21801
 845 -3839 22647
 637 -5010 26556
 1118 -7795 25280
 500 -7095 25482
 722 -9237 24609
 840 -10006 25253
 -1123 -15835 21863
 -2026 -17331 23683
 249 -15817 21482
 -410 -19937 23891
 -663 -18394 23258
Repetition End
1
 -1120 -18875 23012
 -1048 -17583 22682
 -1744 -17951 23160
 -1873 -17459 23154
Repetition Start
 -2547 -16105 23487
 -2515 -18841 23401
 -2641 -21092 24286
 -1004 -20787 28917
 1297 -13651 22243
 -2121 -10821 27142
 -624 -9066 26110
 254 -9761 25880
 -1013 -9328 26101
 495 -5592 24221
 594 -3925 24912
 1089 -3196 23386
 954 -3411 24837
 1070 -706 22428
 1266 -572 20769
 1249 1371 18242
 1093 3454 16283
 1909 4692 14501
 1623 5622 12370
 1905 7381 10588
 2078 8853 8890
 1670 8831 7882
 1908 8707 6646
 1836 8154 6704
 1896 7726 6877
 1829 8070 8197
 2621 7546 8847
 2223 7098 9492
 2314 6970 10896
 2118 6791 11915
 1985 6594 13168
 1728 6189 15107
 1402 4680 14536
 1722 5319 15926
 2098 4082 17140
 743 4030 18170
 1686 4140 19448
 2430 1388 20466
 2306 -893 22229
 1452 -2647 22564
 1441 -2692 24294
 400 -5076 24744
 782 -5364 25673
 1804 -7251 25486
 1515 -9036 23280
 1034 -11057 25535
 -718 -13225 32740
 -1068 -15886 23305
 -1855 -17094 23771
 -906 -15682 24677
Repetition End
1
 187 -16868 23667
 -52 -18115 22771
 -672 -16415 23626
 -1568 -15396 23327
 -2141 -18490 22967
 -1871 -17218 23201
 -724 -15735 24292
 -286 -16632 16199
 -1972 -16735 23569
 -1144 -15046 24044
 -2123 -16809 24740
 -2217 -14226 24454
 -2097 -13823 24345
 -1564 -13964 25672
 -1042 -13381 24972
 -411 -13351 24687
 -367 -12831 24699
 885 -12670 24562
 491 -11822 25310
 -163 -13958 25107
 -224 -14913 23921
 -1166 -14039 24667
 -1582 -14536 24354
 -1756 -14845 23801
 -1502 -15519 21907
 -1658 -16442 26325
 -1882 -15644 24584
 -333 -14983 23233
 781 -15710 23652
 470 -15942 24031
 -448 -15206 23571
 -376 -14997 24523
 -399 -13133 24319
 -1076 -14329 25079
 -600 -13903 23983
 -456 -14267 24184
 280 -14185 24485
 -227 -14681 24314
 -329 -14166 24806
 -63 -13589 25170
 -248 -13710 24560
 -329 -13922 24773
 -376 -14113 24665
 -430 -13660 24764
 -423 -13588 24684
 -413 -13602 24655
 -411 -13479 24746
 -505 -13731 24822
 -505 -13648 24481
 -311 -14129 25438
 -356 -13504 24986
 -430 -13467 24353
 -558 -13865 24432
 -549 -13933 24689
 -322 -13898 24212
 -263 -13989 24340
 -489 -13402 24925
 -230 -13759 25108
 -324 -13664 24793
 -183 -13842 24470
 -300 -13685 24606
 -199 -13541 24680
 -215 -13597 24450
 -203 -13594 24371
 -175 -13799 24613
 -53 -14211 23629
 -82 -13992 24611
 -67 -13913 24906
 -4 -14076 24489
 -215 -14205 24442
 -426 -14245 24796
 150 -14122 24445
 -38 -14094 24700
 -210 -13539 24705
 -874 -13737 24595
 -840 -14359 24392
 -242 -13739 24917
 256 -13292 24113
 61 -13860 24274
 -688 -14154 24837
 -608 -13685 24219
 -247 -13295 24710
 -7 -13350 24392
 -226 -13812 24531
 10 -13977 24437
 -483 -14092 24302
 -655 -13687 24487
 -408 -13656 24580
 72 -12562 24819
 134 -13999 24513
 100 -14946 24317
 69 -14329 24293
 -263 -14183 24658
 -443 -13813 24546
 -97 -13956 24612
 415 -14292 24333
 226 -14411 24321
 -360 -14227 24534
 -212 -14330 23685
 -212 -13659 24600
 150 -13576 25359
 50 -13564 24681
 266 -14138 24851
 -312 -14725 24658
 -203 -14358 24487
 -284 -13741 24673
 52 -14066 24231
 78 -14151 24501
 -552 -13839 24592
 -513 -14177 24398
 -229 -13582 24116
 -146 -13963 24613
 -309 -14573 24722
 -319 -13735 24667
 -240 -13734 24162
 -240 -13719 24638
 -122 -13516 24600
 -265 -13881 24612
 -210 -13735 24587
 -204 -13926 23651
 -143 -13710 24255
 -28 -13815 24532
 -132 -13736 24590
 -127 -13801 24397
 -113 -13853 24398
 -118 -13790 24549
 -157 -13809 24476
 -70 -13908 24455
 -96 -13891 24522
 -194 -14138 24132
 -132 -13864 23958
 1 -13889 24361
 -225 -14208 24644
 -125 -13753 24251
 -64 -13799 24617
 -87 -13961 24660
 -246 -13824 24582
 -252 -13807 24639
 -190 -13783 24600
 -306 -13824 24561
 -334 -13621 24300
 -113 -13621 24628
 -424 -13723 24633
 -229 -13557 24392
 -295 -13590 24630
 -276 -13536 24569
 -247 -13649 24540
 -247 -13571 24594
 -290 -13646 24568
 -87 -13889 24975
 -153 -13481 24828
 -92 -13786 24756
 -152 -13805 24562
 -133 -13712 24717
 -100 -13691 24698
 -172 -13642 24545
 -175 -13712 24680
 -111 -13706 24523
 -153 -13786 24758
 -183 -13935 25288
 -87 -13670 24669
 -254 -13941 24593
 -275 -13790 24645
 -90 -13872 24637
 -86 -13909 24608
 -153 -13975 24593
 -173 -13807 24620
 -208 -13776 24536
 -152 -13785 24793
 -196 -14015 24735
 -221 -13550 24694
 -414 -13802 24611
 -365 -13538 24642
 -257 -13504 24731
 -245 -13629 24572
 -350 -13708 24555
 -352 -13610 24583
 -315 -13531 24623
 -251 -13887 23444
 -354 -13443 24301
 -221 -13666 24530
 -242 -13802 24559
 -141 -13719 24427
 -159 -13740 24693
 -184 -13710 24622
 -148 -13758 24571
 -155 -13746 24466
 -181 -13694 24512
 -137 -13971 24274
 -154 -13654 24751
 46 -13875 24576
 -305 -14005 24433
 -63 -14022 24705
 -110 -13890 24607
 -236 -14021 24465
 -63 -14043 24558
 -152 -13946 24665
 -88 -13903 24715
 -134 -14113 24677
 -115 -13586 24599
 -225 -13973 24532
 -211 -13791 24518
 -161 -13733 24494
 -224 -13753 24528
 -202 -13771 24560
 -250 -13751 24572
 -203 -13733 24683
 -267 -13832 24181
 -308 -13708 24498
 -107 -13589 24667
 -405 -13845 24581
 -169 -13810 24333
 -156 -13645 24680
 -183 -13688 24439
 -194 -13888 24555
 -202 -13703 24535
 -160 -13809 24471
 -105 -13836 24686
 -57 -13610 24747
 -62 -13839 24566
 -207 -13923 24382
 -64 -13863 24723
 -93 -13800 24583
 -137 -13943 24471
 -117 -13906 24592
 -71 -13906 24458
 -127 -14031 24341
 -83 -14163 24417
 11 -13854 24668
 -221 -14055 24696
 -221 -13698 24493
 -126 -13839 24758
 -161 -13815 24571
 -219 -13878 24557
 -213 -13812 24471
 -197 -13823 24624
 -203 -13994 23599
 -401 -13481 24380
 -183 -13645 24537
 -391 -13915 24597
 -270 -13724 24375
 -283 -13610 24763
 -334 -13601 24440
 -300 -13893 24549
 -319 -13534 24505
 -351 -13635 24682
 -223 -13875 24189
 -199 -13515 24773
 -121 -13832 24621
 -213 -13880 24490
 -157 -13733 24694
 -203 -13754 24497
 -234 -13764 24486
 -164 -13871 24607
 -138 -13775 24518
 -175 -13845 24767
 -123 -14051 24876
 -61 -13813 24615
 -205 -14084 24526
 -234 -13758 24625
 -136 -13898 24700
 -168 -13888 24618
 -223 -13899 24752
 -179 -13856 24690
 -237 -13767 24497
 -167 -13785 24624
 -157 -13924 25098
 -224 -13566 24534
 -273 -13873 24513
 -288 -13722 24546
 -244 -13761 24511
 -262 -13672 24682
 -297 -13687 24588
 -269 -13693 24675
 -246 -13680 24430
 -237 -13728 24727
 -289 -13876 25268
 -199 -13557 24513
 -306 -13983 24400
 -224 -13667 24554
 -192 -13863 24753
 -192 -13690 24596
 -203 -13832 24596
 -184 -13805 24604
 -178 -13767 24499
 -168 -13798 24751
 -133 -14036 25063
 -95 -13736 24661
 -203 -13904 24520
 -237 -13801 24550
 -114 -13916 24610
 -209 -13913 24581
 -155 -13864 24595
 -196 -13833 24597
 -232 -13886 24498
 -142 -13831 24724
 -198 -13846 25173
 -197 -13544 24764
 -261 -13905 24727
 -212 -13817 24493
 -203 -13823 24564
 -279 -13703 24611
 -259 -13809 24630
 -227 -13773 24677
 -284 -13687 24652
 -367 -13699 24549
 -202 -13951 24480
 -88 -13557 24922
 -244 -13889 24896
 -213 -13804 24091
 -206 -13932 24640
 -147 -13630 24564
 -239 -13869 24560
 -118 -13823 24573
 -151 -13876 24497
 -204 -13813 24598
 -107 -13994 24471
 -195 -13793 24769
 -132 -13878 24641
 -205 -13998 24643
 -151 -14117 24804
 -110 -13969 24539
 -129 -14042 24469
 -206 -14076 24443
 -152 -14041 24509
 -176 -14045 24439
 -215 -14047 24620
 -136 -14167 24413
 -245 -13767 24388
 -206 -14026 24675
 -222 -14040 24628
 -312 -14036 24502
 -193 -13831 24455
 -226 -13980 24435
 -343 -14008 24500
 -264 -13868 24469
 -182 -13971 24479
 -298 -14038 24076
 -262 -13896 24879
 -149 -13845 24457
 -389 -14021 24513
 -233 -13669 24477
 -228 -13834 24724
 -190 -13887 24552
 -268 -14058 24497
 -133 -13889 24410
 -114 -14063 24533
 -216 -13999 24370
 -131 -14129 25101
 -83 -13953 24738
 -209 -14042 24387
 -189 -14019 24282
 -57 -14009 24387
 -128 -13955 24456
 -162 -14042 24462
 -125 -13957 24487
 -117 -14104 24435
 -133 -14031 24605
 -129 -14088 24224
 -247 -13862 24191
 -112 -14088 24431
 -251 -13970 24533
 -89 -13953 24360
 -161 -13857 24500
 -141 -13936 24517
 -210 -14048 24482
 -152 -13939 24397
 -128 -14062 24396
 -126 -14182 24024
 -206 -13698 24366
 -154 -13854 24632
 -275 -14027 24451
 -161 -13901 24393
 -147 -13863 24567
 -166 -13938 24596
 -155 -14114 24477
 -178 -13981 24475
 -79 -13941 24447
 -100 -14095 24156
 -116 -13889 24244
 -104 -13899 24416
 -185 -14038 24476
 -136 -13986 24410
 -135 -13968 24595
 -148 -14020 24537
 -187 -14121 24568
 -149 -14014 24577
 -147 -14109 24465
 -147 -14079 24548
 -161 -14335 24360
 -291 -13839 24906
 -293 -14088 24590
 -397 -14246 24608
 -348 -14193 24632
 -388 -14011 24542
 -453 -14053 24488
 -475 -14289 24456
 -412 -13974 24434
 -345 -13935 24432
 -464 -14065 24540
 -459 -13991 24649
 -380 -13907 24447
 -475 -14084 24491
 -395 -13781 24496
 -422 -14043 24459
 -348 -13935 24533
 -380 -14164 24505
 -292 -14014 24524
 -225 -14038 24503
 -269 -14017 24739
 -226 -14080 25101
 -166 -13955 24533
 -194 -14069 24460
 -272 -13963 24322
 -104 -14038 24705
 -144 -13958 24501
 -199 -14075 24468
 -236 -14031 24448
 -131 -14070 24616
 -104 -13994 24495
 -304 -14158 24080
 -83 -14301 24951
 -191 -13935 24605
 -371 -14241 24444
 -251 -14172 24225
 -273 -14134 24280
 -350 -13969 24510
 -340 -14121 24483
 -338 -14046 24538
 -345 -14034 24501
 -342 -13950 24685
 -362 -14174 24511
 -276 -13802 24756
 -323 -14209 24473
 -273 -14044 24379
 -303 -14096 24731
 -284 -13951 24520
 -306 -14062 24418
 -269 -14063 24474
 -228 -14025 24480
 -211 -14044 24768
 -192 -14139 24399
 -202 -13860 24586
 -223 -14118 24432
 -171 -14127 24488
 -154 -14172 24763
 -183 -13981 24589
 -218 -13965 24484
 -238 -14138 24440
 -134 -14094 24406
 -189 -14050 24436
 -134 -14099 24419
 -201 -14000 24151
 -157 -13965 24492
 -247 -14117 24500
 -191 -13958 24395
 -250 -13879 24618
 -164 -13975 24571
 -236 -14115 24478
 -157 -13960 24456
 -177 -14021 24393
 -195 -13997 24825
 -237 -14045 25041
 -190 -13733 24481
 -362 -14044 24505
 -263 -13872 24374
 -294 -14041 24439
 -241 -14010 24362
 -301 -14004 24516
 -234 -13972 24494
 -234 -14041 24511
 -145 -14031 24569
 -163 -14049 24828
 -205 -13876 24553
 -155 -14111 24597
 -191 -14136 24371
 -161 -14125 24721
 -152 -13971 24608
 -195 -14072 24494
 -162 -14102 24455
 -163 -14110 24498
 -141 -14075 24395
 -219 -14190 24037
 -76 -14285 24741
 -75 -13940 24550
 -282 -14269 24430
 -271 -14073 24388
 -182 -14108 24353
 -173 -14068 24432
 -308 -14162 24403
 -250 -14166 24442
 -263 -14098 24520
 -261 -14028 24561
 -261 -14314 23802
 -354 -13902 24198
 -233 -14174 24443
 -240 -14076 24618
 -173 -14057 24449
 -261 -14089 24428
 -278 -14047 24422
 -283 -14223 24454
 -200 -14096 24517
 -191 -14146 24417
 -163 -14137 24777
 -188 -14205 24568
 -224 -13950 24467
 -244 -14271 24408
 -224 -14182 24452
 -119 -14219 24826
 -133 -14131 24547
 -144 -14185 24474
 -206 -14186 24423
 -195 -14166 24498
 -118 -14207 24380
 -171 -14218 24536
 -196 -14026 24598
 -312 -13903 24025
 -102 -14081 24431
 -243 -14057 24474
 -193 -13805 24410
 -285 -13948 24637
 -218 -13983 24549
 -242 -14036 24522
 -229 -13880 24573
 -293 -13940 24594
 -281 -13890 24616
 -232 -14039 24633
 -330 -13702 24251
 -278 -14090 24558
 -189 -13964 24635
 -181 -14039 24307
 -117 -13893 24544
 -227 -13958 24538
 -198 -13966 24489
 -120 -13915 24414
 -150 -13941 24471
 -97 -13916 24497
 -40 -13991 24590
 -53 -13809 24568
 -220 -14101 24534
 -219 -13877 24395
 -162 -14034 24380
 -141 -13987 24526
 -153 -14151 24505
 -166 -13978 24666
 -177 -14016 24462
 -191 -14076 24655
 -201 -14184 23798
 -268 -13802 24503
 -207 -14128 24730
 -287 -14086 24546
 -224 -14187 24429
 -250 -13899 24617
 -267 -14018 24443
 -331 -14070 24486
 -245 -13994 24430
 -244 -14005 24597
 -212 -14201 24117
 -284 -13891 24410
 -201 -14036 24507
 -285 -14051 24451
 -217 -13921 24432
 -242 -13998 24512
 -223 -14021 24541
 -248 -14125 24401
 -135 -14014 24531
 -152 -14063 24528
 -137 -13968 24706
 -136 -14184 24925
 -111 -13978 24490
 -128 -14132 24391
 -176 -14160 24421
 -129 -14205 24596
 -132 -14052 24547
 -164 -14218 24478
 -183 -14165 24506
 -166 -14157 24411
 -177 -14140 24442
 -199 -14158 24629
 -231 -14236 24767
 -259 -13915 24612
 -296 -14195 24698
 -230 -14161 24583
 -247 -14272 24342
 -241 -14020 24590
 -245 -14090 24456
 -322 -14173 24476
 -307 -14134 24501
 -198 -14041 24313
 -307 -14141 24463
 -297 -14201 24985
 -194 -13933 24442
 -313 -14157 24522
 -174 -14070 24350
 -266 -14122 24362
 -193 -14037 24439
 -220 -14135 24544
 -147 -14060 24521
 -156 -14101 24422
 -246 -14119 24423
 -204 -14165 24239
 -139 -14130 24492
 -117 -14012 24541
 -212 -14216 24376
 -228 -14075 24324
 -135 -14175 24345
 -171 -14012 24456
 -229 -14155 24498
 -178 -14082 24431
 -164 -14182 24473
 -134 -14094 24479
 -225 -14128 24342
 -120 -14142 24844
 -199 -14034 24335
 -144 -14047 24609
 -277 -14070 24560
 -264 -13820 24412
 -276 -13982 24446
 -189 -14001 24554
 -290 -14073 24488
 -198 -13934 24541
 -233 -14073 24403
 -220 -13933 24644
 -165 -14093 24378
 -222 -13825 24375
 -111 -13968 24453
 -168 -14081 24412
 -151 -13897 24544
 -126 -13948 24582
 -143 -13959 24516
 -217 -14099 24435
 -122 -14046 24538
 -101 -14109 24507
 -139 -14131 24587
 -200 -14244 24291
 -203 -13952 24620
 -107 -14227 24561
 -159 -14180 24564
 -150 -14308 24306
 -145 -14053 24536
 -131 -14109 24434
 -199 -14164 24473
 -244 -14064 24483
 -207 -14061 24499
 -190 -13999 24759
 -251 -14192 24815
 -159 -13848 24414
 -266 -14263 24509
 -193 -13965 24489
 -247 -14073 24359
 -201 -14010 24613
 -291 -14057 24489
 -179 -13985 24507
 -240 -14032 24515
 -153 -13968 24545
 -191 -14089 24354
 -220 -13928 24522
 -160 -14029 24397
 -156 -14157 24233
 -223 -14142 24356
 -272 -14041 24571
 -173 -14029 24488
 -180 -14284 24482
 -246 -14142 24448
 -211 -14216 24445
 -162 -14216 24588
 -212 -14329 24335
 -252 -14090 24398
 -197 -14198 24474
 -210 -14330 24568
 -185 -14103 24435
 -288 -14029 24488
 -234 -14186 24461
 -285 -14166 24457
 -304 -14077 24521
 -271 -14071 24512
 -256 -14061 24812
 -278 -14204 24557
 -245 -13810 24594
 -360 -14177 24449
 -227 -14062 24493
 -285 -14174 24631
 -238 -13934 24597
 -275 -14067 24498
 -196 -14028 24566
 -220 -14002 24430
 -194 -14057 24339
 -142 -14039 24617
 -182 -13842 24296
 -114 -13926 24423
 -193 -14135 24415
 -115 -13949 24517
 -184 -14083 24613
 -154 -13989 24484
 -173 -14127 24458
 -140 -14075 24497
 -122 -14194 24500
 -139 -14090 24384
 -140 -14157 24314
 -128 -14117 24348
 -106 -13985 24559
 -372 -14269 24454
 -214 -13990 24374
 -215 -14140 24286
 -262 -14011 24497
 -299 -14170 24516
 -277 -13998 24530
 -271 -14116 24513
 -212 -14061 24594
 -284 -14120 24509
 -288 -13865 24414
 -231 -14043 24488
 -204 -14023 24444
 -247 -13847 24389
 -270 -13987 24647
 -221 -14029 24552
 -240 -14126 24454
 -175 -14055 24562
 -163 -14131 24424
 -177 -14054 24585
 -155 -14183 24318
 -266 -14075 24208
 -122 -14139 24314
 -180 -14326 24442
 -185 -14132 24481
 -199 -14218 24528
 -151 -14247 24395
 -183 -14416 24404
 -179 -14215 24405
 -145 -14274 24452
 -158 -14289 24357
 -200 -14256 24441
 -229 -14310 24036
 -264 -14031 24190
 -157 -14149 24407
 -281 -14211 24427
 -218 -13964 24434
 -235 -14027 24507
 -216 -14084 24513
 -260 -14197 24552
 -238 -14058 24474
 -258 -14101 24526
 -287 -14069 24546
 -204 -14139 24509
 -293 -13895 24400
 -207 -14061 24467
 -247 -14086 24458
 -229 -14006 24549
 -195 -14055 24568
 -197 -14113 24587
 -240 -14127 24444
 -151 -14068 24541
 -97 -14051 24477
 -133 -14001 24657
 -176 -14148 24710
 -121 -13874 24498
 -112 -14124 24530
 -141 -14123 24518
 -98 -14212 24782
 -137 -14029 24569
 -133 -14204 24442
 -155 -14141 24462
 -183 -14108 24538
 -195 -14132 24580
 -133 -14161 24621
 -256 -14206 24924
 -201 -13951 24668
 -258 -14256 24630
 -253 -14171 24569
 -234 -14259 24622
 -224 -14014 24513
 -273 -14133 24445
 -246 -14093 24452
 -221 -14112 24439
 -214 -14172 24417
 -196 -14266 24301
 -199 -14104 24566
 -169 -14041 24582
 -228 -14171 24384
 -265 -14032 24259
 -228 -14057 24412
 -202 -14056 24431
 -259 -14206 24473
 -200 -14106 24489
 -139 -14112 24480
 -130 -14056 24492
 -210 -14168 24285
 -212 -13902 24514
 -192 -14154 24470
 -136 -14143 24552
 -130 -14153 24400
 -221 -13979 24538
 -166 -14137 24450
 -151 -14158 24440
 -156 -14148 24496
 -215 -14104 24584
 -208 -14036 24625
 -246 -14213 24802
 -199 -13903 24677
 -272 -14308 24597
 -193 -14210 24561
 -254 -14442 24435
 -184 -13959 24604
 -275 -14142 24471
 -276 -14067 24503
 -285 -14166 24429
 -193 -14127 24301
 -276 -14131 24618
 -181 -14203 24810
 -163 -14013 24493
 -238 -14194 24491
 -188 -14035 24340
 -222 -14144 24347
 -154 -14020 24561
 -232 -14131 24437
 -189 -14068 24433
 -158 -14104 24536
 -178 -14104 24456
 -149 -14134 24590
 -162 -14167 24331
 -210 -13909 24587
 -163 -14158 24520
 -201 -14177 24582
 -189 -14146 24366
 -221 -14025 24498
 -177 -14154 24390
 -266 -14261 24408
 -247 -14034 24360
 -218 -14175 24540
 -271 -14166 24561
 -321 -14215 24543
 -213 -14170 24876
 -226 -14000 24651
 -311 -14299 24640
 -170 -14114 24610
 -231 -14263 24510
 -256 -14036 24525
 -262 -14091 24434
 -220 -14127 24382
 -249 -14109 24458
 -171 -14126 24533
 -211 -14103 24574
 -266 -14175 24273
 -214 -14033 24473
 -149 -14131 24482
 -191 -14120 24556
 -217 -14205 24304
 -137 -14098 24503
 -192 -14115 24527
 -190 -14219 24497
 -159 -14121 24528
 -189 -14199 24388
 -176 -14241 24457
 -167 -14250 24507
 -178 -14115 24204
 -143 -14108 24423
 -243 -14238 24421
 -249 -14099 24407
 -213 -14025 24553
 -146 -14046 24410
 -234 -14258 24384
 -205 -14136 24503
 -263 -14092 24513
 -204 -14096 24537
 -208 -14272 23996
 -292 -13884 24198
 -192 -14070 24500
 -254 -14114 24462
 -198 -14021 24494
 -276 -14060 24495
 -189 -14056 24554
 -249 -14189 24473
 -149 -14033 24501
 -211 -14129 24507
 -133 -14047 24602
 -222 -14176 24613
 -136 -13963 24638
 -148 -14113 24522
 -149 -14123 24547
 -174 -14236 24259
 -141 -14033 24501
 -80 -14181 24470
 -201 -14239 24433
 -176 -14201 24502
 -67 -14200 24444
 -137 -14244 24638
 -163 -14378 24460
 -120 -14028 24531
 -200 -14361 24485
 -154 -14249 24571
 -176 -14338 24612
 -131 -14092 24572
 -197 -14230 24475
 -194 -14169 24478
 -170 -14086 24499
 -135 -14095 24424
 -171 -14117 24696
 -210 -14181 24702
 -164 -13872 24451
 -269 -14154 24572
 -149 -14079 24545
 -178 -14075 24689
 -158 -13859 24642
 -286 -14114 24399
 -187 -14000 24483
 -230 -14037 24433
 -131 -14076 24494
 -115 -14183 24415
 -119 -14000 24412
 -106 -13897 24491
 -232 -14123 24392
 -205 -13952 24415
 -137 -14080 24341
 -146 -14060 24414
 -209 -14201 24497
 -117 -14120 24521
 -128 -14195 24468
 -123 -14111 24326
 -165 -14276 24189
 -42 -14303 24935
 -66 -14033 24640
 -221 -14189 24366
 -125 -14138 24362
 -119 -14140 24430
 -132 -13960 24530
 -188 -14141 24432
 -165 -14073 24491
 -134 -14120 24429
 -120 -14102 24354
 -184 -14033 24738
 -170 -14099 24908
 -133 -13851 24451
 -252 -14152 24488
 -139 -14007 24338
 -205 -14048 24297
 -179 -13993 24481
 -201 -14117 24324
 -151 -14063 24534
 -172 -14091 24451
 -95 -14061 24482
 -230 -14188 24257
 -60 -14262 24738
 -96 -13977 24479
 -136 -14286 24448
 -161 -14238 24336
 -99 -14284 24601
 -132 -14168 24529
 -130 -14358 24416
 -160 -14289 24427
 -134 -14310 24427
 -104 -14236 24500
 -122 -14289 24603
 -185 -14372 24544
 -139 -14085 24602
 -210 -14392 24481
 -141 -14277 24454
 -194 -14373 24295
 -178 -14095 24420
 -249 -14246 24438
 -246 -14281 24447
 -214 -14144 24486
 -214 -14172 24457
 -179 -14178 24399
 -164 -14167 24571
 -240 -13896 24421
 -219 -14094 24441
 -245 -14161 24455
 -201 -13921 24436
 -234 -14021 24601
 -177 -14042 24414
 -220 -14219 24482
 -145 -14028 24523
 -171 -14158 24447
 -165 -14102 24361
 -138 -14170 24478
 -58 -14132 24456
 -59 -14039 24466
 -193 -14226 24434
 -206 -14054 24433
 -195 -14212 24324
 -178 -14080 24398
 -232 -14338 24402
 -144 -14187 24432
 -179 -14252 24449
 -111 -14217 24534
 -131 -14271 24627
 -189 -14290 24464
 -143 -14031 24589
 -241 -14244 24566
 -151 -14231 24484
 -239 -14402 24282
 -176 -14072 24412
 -122 -14258 24457
 -307 -14108 24294
 62 -14007 24539
 -207 -13353 25353
 -231 -14451 24018
 -335 -14333 24346
 -264 -14417 24211
 66 -14682 24516
 -37 -13408 24590
 -266 -14139 24690
 -352 -13824 24750
 -374 -14159 24618
 -141 -14176 24668
 70 -14246 24369
 -266 -13976 24631
 -353 -13631 24252
 43 -14760 24148
 475 -14448 24201
 -165 -14201 24578
 -413 -13522 24828
 -80 -14219 24412
 -145 -14537 24313
 -211 -14250 24569
 -25 -13745 24689
 -111 -13641 24682
 -254 -14102 24802
 -258 -14044 24450
 -18 -14155 24448
 -81 -14326 24372
 -204 -14186 24287
 -192 -13970 24579
 -219 -14030 24475
 -211 -14290 24348
 -217 -14185 24379
 -138 -14233 24231
 -288 -14018 24315
 -123 -13849 24572
 -242 -14118 24470
 -222 -14100 24460
 -267 -13991 24580
 -242 -13835 24663
 -228 -13855 24470
 -255 -13982 24395
 -260 -14013 24268
 -221 -13987 24715
 -195 -13581 24569
 -340 -13796 24574
 -296 -13826 24301
 -261 -13813 24579
 -227 -13682 24551
 -238 -13694 24754
 -182 -13768 24653
 -178 -13819 24668
 -123 -13958 24628
 -100 -13696 24674
 -124 -13874 24646
 -100 -13948 24624
 -101 -13993 24600
 -97 -13834 24680
 -129 -13840 24551
 -166 -14028 24355
 -93 -13968 24470
 -50 -14014 24547
 -170 -13784 24465
 -132 -13701 24591
 -152 -14083 24508
 -39 -13824 24518
 -123 -13887 24603
 -125 -13773 24583
 -150 -14015 24553
 -60 -14021 24447
 -114 -13971 24497
 -76 -13925 25099
 -58 -13845 24554
 -89 -13771 24608
 -136 -14069 24452
 -174 -13875 24531
 -136 -13856 24541
 -87 -13823 24559
 -69 -13988 24555
 -121 -13973 24486
 -44 -13961 24512
 -103 -13957 24418
 -112 -13940 24530
 -139 -13988 24007
 -75 -13964 24656
 -71 -13776 24537
 -122 -14065 24447
 -105 -13996 24474
 -76 -13954 24590
 -38 -13796 24550
 -123 -14046 24509
 -76 -13953 24549
 -86 -13937 24538
 -48 -13918 24576
 -74 -13970 24605
 -61 -13890 24451
 -47 -14144 24756
 -62 -13918 24598
 0 -13846 24511
 -80 -14084 24511
 33 -13973 24589
 -90 -13857 24578
 -96 -13823 24500
 -99 -14003 24484
 -61 -13968 24558
 -50 -13891 24536
 -84 -13920 24414
 -90 -13994 24545
 -122 -14029 24358
 -124 -13837 24406
 -97 -13761 24555
 -126 -14083 24471
 -143 -13990 24640
 -99 -13841 24727
 -3 -13714 24643
 3641 -10861 22080
 -1044 -16678 24705
 -334 -14522 24267
 -280 -14793 24028
 -255 -15120 24191
 -218 -14688 24407
 -419 -16721 23976
 -527 -13264 23688
 -408 -14775 24094
 -76 -15633 23892
 -1289 -17540 22218
 -997 -14565 24259
 -2235 -15869 22758
 -2469 -18115 23290
 -688 -14152 23869
 328 -14265 22835
 -361 -15690 24342
 -113 -17957 23819
 -1436 -15267 22712
 -1687 -15942 23740
 -1714 -16328 24093
 -1316 -15205 24086
 -594 -15889 23218
 -2169 -18348 23312
 -469 -14122 23963
 261 -13259 24444
 -478 -13352 23997
 -480 -12896 24966
 -319 -13323 23988
 -954 -13624 24848
 -628 -14466 24971
 -815 -15164 24389
 -961 -14483 24328
 -1665 -15929 23504
 745 -13672 24253
 -440 -10349 25173
 709 -12642 24786
 -1496 -12863 25194
 -1350 -14266 24186
 -893 -15377 24497
 -202 -13605 24307
 -498 -13781 24759
 232 -13372 24056
 -1034 -12609 24548
 -1493 -13106 24798
 -594 -14044 24359
 -348 -13373 24467
 -549 -14395 24650
 -262 -13181 24985
 -214 -12997 24624
 -83 -13235 24709
 -283 -13947 24157
 -830 -13889 24356
 -962 -13514 24618
 -1360 -14280 24538
 -907 -13231 25001
 -867 -15205 24661
 -73 -13817 25062
 -92 -12548 24363
 -1035 -12180 24681
 -1505 -13229 24793
 -949 -13321 24874
 -379 -12763 24568
 605 -12915 24675
 -1096 -11958 25557
 -1282 -15055 24603
 -691 -13888 24240
 -1387 -14873 24508
 -1147 -14091 24333
 -897 -14341 24039
 -1563 -14869 23982
 -1478 -15032 24270
 -1539 -15945 24685
 -717 -16228 23780
 -1144 -14725 24375
 -1444 -14813 24280
 -1299 -15306 24136
 -1447 -14667 24438
 -1377 -15948 23929
 -1828 -15296 24229
 -1107 -15938 23630
 -1014 -15489 23906
 -1527 -14819 24340
 -1463 -14574 24535
 -1254 -14852 24075
 -853 -15026 24156
 -1129 -15290 24350
 -359 -14423 24308
 -399 -14876 24132
 -630 -14564 24189
 -673 -15288 24214
 -883 -15274 24126
 -120 -15864 24167
 88 -15208 23165
 74 -15484 23752
 164 -15664 23593
 427 -15782 24140
 851 -16029 23623
 674 -15740 23895
 242 -15185 23582
 502 -15626 23914
 437 -16062 23491
 574 -15870 23441
 408 -15771 23380
 284 -15711 23820
 512 -16179 23462
 612 -15628 23571
 664 -15853 23837
 487 -15832 23555
 340 -15829 23342
 -152 -15456 24151
 -92 -15127 24082
 -92 -16213 23358
 -884 -16441 24089
 -237 -15426 23690
 -405 -15345 23779
 -172 -15820 23678
 -400 -15428 23990
 -579 -15812 23637
 -321 -15578 23966
 -1310 -14347 24146
 -370 -16026 24394
 -1402 -15149 24146
 -375 -15106 24168
 -714 -15654 24012
 -556 -15511 23873
 -995 -16225 24085
 -696 -16094 23676
 -855 -15513 24208
 -1053 -16241 23817
 -929 -15000 23318
 -1114 -15363 24137
 -542 -15607 23974
 -1490 -15009 24249
 -754 -15644 23640
 -1132 -15333 24070
 -1330 -15281 23700
 -1538 -14991 24001
 -1197 -15395 23780
 -1536 -16113 23766
 -1277 -15188 24094
 -1260 -15320 24367
 -1660 -14988 24450
 -1951 -16508 24713
 -1719 -15681 23829
 -1543 -13147 25507
 -1904 -18010 25411
 -1201 -10343 27289
 -1772 -15370 23815
 -2733 -15902 25422
 1799 -14818 24940
 -275 -10169 25827
 2923 -8347 27022
 144 -14755 23409
 573 -5408 21331
 172 -5885 24897
 -3395 -9064 24525
 -1427 -8156 16590
 2730 15601 30123
 -4095 -32768 22618
 8138 13846 22437
 -2346 -23005 24854
 777 -10145 26004
 910 -13446 25454
 -106 -12190 24794
 -1031 -13952 24829
 -521 -14251 24354
 -388 -12805 25898
 261 -13008 25571
 -365 -13588 25129
 -794 -14608 25308
 39 -15141 24295
 -483 -15687 25534
 1097 -10085 19915
 2752 -6877 23067
 1267 -11027 23907
 746 -13251 24316
 724 -12869 25137
 287 -11968 24466
 234 -13372 24539
 -221 -12852 24541
 870 -10997 25631
 -3310 -17071 23217
 1438 -13659 21588
 3001 -12619 23501
 60 -17937 24667
 1238 -14249 23893
 -314 -13496 24686
 -295 -13244 25768
 328 -10951 25513
 -350 -10589 24430
 -273 -12089 24217
 -130 -11259 24858
 262 -13456 24993
 986 -12330 23444
 -343 -15979 23942
 -402 -15107 23705
 -391 -12683 25749
 689 -10292 24374
 643 -11206 25537
 506 -11644 24842
 -32 -13102 25298
 -2 -13171 24675
 -697 -13709 24785
 -437 -12978 24895
 115 -12495 25021
 127 -12611 24795
 -259 -14421 24400
 -423 -14625 24094
 -516 -16368 24286
 -146 -15240 24151
 -1607 -14683 25219
 -1468 -15924 24931
 -807 -14635 23889
 422 -16530 24575
 1495 -18213 21246
 929 -12563 23098
 -359 -13755 23725
 -1827 -14118 26515
 -1520 -13518 24599
 -1272 -13619 24424
 -1213 -14097 24707
 -729 -14342 23991
 -293 -13670 24579
 -192 -14004 24716
 -131 -13730 24426
 -397 -13916 24592
 -255 -13983 24680
 -231 -14003 24259
 -285 -14003 24499
 -222 -13842 24515
 -239 -13954 24740
 -446 -14354 25029
 -5 -13839 24090
 -210 -13788 24480
 145 -13619 24724
 78 -13622 24464
 -50 -13804 24481
 -146 -13857 24625
 -103 -13865 24525
 -71 -13958 24469
 2 -14062 24549
 49 -13770 24484
 50 -13756 24570
 -103 -13942 24451
 -84 -13761 24920
 -177 -14099 24632
 11 -13825 24609
 26 -13808 24433
 -108 -14043 24440
 -136 -14285 24240
 -219 -14341 24215
 -199 -14129 24356
 -98 -13949 24555
 46 -14244 24359
 41 -14252 24358
 -90 -14535 24532
 -120 -14513 24306
 -218 -14391 24426
 -349 -14123 24400
 -226 -14037 24619
 -228 -14251 24365
 -183 -14283 24504
 6 -14578 24208
 -90 -14671 24226
 -364 -14831 24243
 -330 -14828 24146
 225 -13321 27059
 235 -15674 23392
Repetition Start
 192 -14472 25165
 -419 -15636 24251
 -1750 -18173 25124
 1661 -12502 22112
 -2406 -15199 21437
 5806 -6183 28767
 -138 -9311 25182
 361 -11193 24595
 728 -7993 24487
 1225 -5565 26372
 747 -6974 22900
 664 -2504 22489
 1265 -875 20267
 2289 535 17999
 1673 3009 17054
 2907 5443 15281
 2575 6923 13368
 1786 6273 10592
 2434 8286 8887
 2296 8260 8798
 2725 7582 8431
 2296 7514 8297
 2727 7433 8991
 2822 7828 10221
 2402 7121 10819
 2954 6046 11190
 2917 6205 12860
 2728 5678 13694
 2895 4609 15015
 3019 4224 17420
 1519 2481 18146
 3028 -299 20201
 1574 -2061 20718
 -411 -4811 21490
 1076 -4759 24629
 1529 -8794 23963
 977 -10486 27286
 -980 -12272 24201
 -613 -14562 25898
 -707 -14380 22562
 21 -13071 24985
 -1150 -19177 25157
 -1933 -19175 23525
Repetition End
1
 -1267 -20688 23652
 -1645 -14190 24290
 -2684 -19495 22797
 -2038 -21064 26309
Repetition Start
 -3718 -21391 24921
 -2386 -18149 32767
 -424 -5762 21057
 2788 -4684 26000
 -392 -12613 25483
 -70 -7897 25245
 -1235 -6753 23895
 -243 -5006 23091
 292 -1964 21937
 2133 115 20721
 871 807 19446
 708 3742 17994
 779 4862 15383
 1663 5456 14160
 2463 6742 12831
 2975 8048 11004
 2750 8398 10982
 2606 7445 10114
 2521 8111 9425
 1946 7894 9091
 2186 7623 9575
 2193 7109 9608
 2349 7431 10754
 2381 7210 11475
 2181 6001 12368
 2253 7153 13710
 2307 5934 14427
 3401 5286 15094
 2463 3746 16877
 2226 2758 18553
 2445 316 19450
 1827 -1028 20197
 888 -1932 22706
 1 -3572 23622
 -594 -5266 24210
 1232 -8118 26475
 -201 -8874 24955
 -224 -12151 24872
 2058 -9570 31017
 -4704 -22231 23366
 320 -12185 21703
 -2760 -18377 22549
 -775 -18361 22144
Repetition End
1
 -2169 -18939 23696
 -1685 -17223 23712
 -544 -17626 22447
 -21 -24550 22921
Repetition Start
 -6992 -22878 26307
 -2129 -18682 26523
 646 -9792 19355
 1563 -7782 26154
 122 -7869 23631
 -117 -7116 23462
 1702 -4520 24249
 1577 -3924 22100
 616 -1350 21297
 2361 -639 18835
 1953 6486 18908
 2264 3026 16120
 2199 4858 15130
 2444 5490 13516
 2658 6778 12366
 2210 7433 11004
 2356 7967 9634
 2420 8631 8386
 2063 7632 7943
 2258 7617 8030
 2015 7816 8942
 2414 7729 9534
 2494 6890 10173
 2940 7928 11588
 2655 6755 12019
 2756 6146 12806
 1765 6634 15380
 2874 3984 15371
 2134 3165 17451
 2130 2079 19050
 1126 497 20953
 2481 -1807 22994
 1747 -2752 22814
 1986 -3217 25165
 1406 -5822 25044
 1037 -8611 23979
 1980 -7169 23210
 301 -14065 32767
 -1350 -20311 22665
 57 -16029 22711
 -1434 -20502 23167
 -1211 -19070 21777
Repetition End
1
 -227 -17536 23165
 -2316 -18732 21828
 -2615 -17957 23253
Repetition Start
 -2295 -19389 27564
 887 -8370 23111
 2992 -8033 30000
 1625 -7491 25377
 1041 -8138 23950
 1092 -5832 24103
 994 -4693 23409
 1432 -2131 22747
 2221 -882 20491
 2027 1885 18737
 1930 3448 18350
 2214 4541 15778
 2697 4978 14572
 2723 5280 13330
 2496 6695 11154
 2378 7837 10276
 2687 8243 8905
 2200 7936 8437
 2514 7110 7766
 2404 7810 7938
 2665 7749 8939
 2717 7481 9953
 2798 7107 10298
 2204 6529 11444
 2536 6984 13269
 2702 6065 13910
 2507 4879 14938
 2230 3335 16093
 2263 3764 17798
 2263 2121 20278
 1180 -112 22111
 -87 -2909 22021
 2674 -3980 21463
 2208 -6652 25633
 2452 -7092 25155
 1832 -8185 24823
 -2576 -11443 24118
 3610 -14260 26091
 355 -18851 19024
 667 -19351 23795
 202 -21027 21884
Repetition End
1
 296 -19669 22653
 -1169 -18919 21685
 -1532 -17990 22179
 -3588 -25322 28536
 -582 -19169 27959
Repetition Start
 6027 -9126 26549
 740 -13019 27280
 533 -7434 25125
 369 -6946 23318
 308 -4070 21814
 2478 740 23740
 990 -2823 22191
 1996 -911 19509
 2202 2200 17882
 2837 3255 16851
 3214 4758 15406
 3737 5598 13887
 2763 5620 12561
 3311 7478 10876
 3763 8393 9117
 4069 7263 8506
 3212 7391 8100
 3426 7317 7831
 3588 7062 8145
 3577 7630 8507
 3470 7095 9266
 3546 7246 10408
 3370 6253 11513
 3451 6040 12552
 3414 5632 14677
 4120 3629 17082
 3050 2643 16935
 2724 2217 18414
 1703 1119 20316
 -1 -1422 20239
 2367 -2362 22840
 1601 -4264 23620
 773 -6998 23728
 541 -7998 25456
 2032 -7457 23635
 1277 -15292 23253
 -1442 -21630 21418
 -455 -16529 24125
 -1187 -20436 22505
 -2765 -17872 23335
 -1960 -17217 24355
Repetition End
1
 -2233 -20492 26001
 -3733 -21965 21049
 565 -18395 21157
 2351 -10095 26265
Repetition Start
 171 -10350 29148
 1999 -9116 25568
 -2482 -11937 24124
 292 -6695 23878
 1280 -4381 22420
 490 -1501 21384
 1545 -757 19968
 2051 729 18400
 2124 2541 16762
 3520 5178 14858
 3702 5867 13322
 4092 6474 11133
 4057 8266 10431
 4030 7876 9175
 3617 7870 7823
 3702 7440 7232
 3712 7279 8007
 3868 7290 8768
 3466 7133 9651
 3906 7000 10977
 3727 6288 11433
 3614 5439 12938
 2312 6083 15332
 3830 3697 15720
 1479 1965 17812
 719 2290 19564
 3860 -1671 21065
 2668 -3317 22654
 1235 -5295 24398
 1656 -5547 24002
 2251 -7713 23587
 1186 -8521 24382
 3358 -12068 32767
 -1195 -23905 27989
 -433 -16390 27263
Repetition End
1
 -702 -20750 22853
 -1040 -18016 24713
 -871 -16276 23226
 -423 -18087 23293
 -1230 -20261 26472
 -4172 -25468 16056
 5113 -9264 25946
Repetition Start
 1038 -10436 11414
 1594 -8665 26495
 3094 -8924 21535
 2281 -5948 20347
 2060 -1053 23018
 1407 1736 21859
 986 2481 20307
 -1688 1351 18530
 2857 4816 15636
 1755 4557 13649
 3091 5627 10654
 2686 7418 9854
 2560 9241 8958
 2944 9101 7498
 2683 7698 6244
 3249 7235 6268
 2934 7938 7536
 2708 7059 8151
 2286 6736 9530
 2716 7627 10670
 2464 6793 11009
 2231 6600 12014
 1919 6634 13337
 2116 4795 14890
 2004 4687 16912
 1278 3558 18638
 1308 1236 20215
 1749 -2487 19701
 -1390 -1270 22956
 1250 -4449 25204
 802 -8717 24630
 -447 -11708 23900
 2440 -12696 22850
 473 -14455 31114
 -719 -10863 16237
 -1268 -16635 23974
 -1510 -19193 22790
Repetition End
1
 -2946 -19839 21749
 -3579 -16454 23378
 -4937 -22932 23488
Repetition Start
 -5232 -28079 27039
 2772 -7443 17877
 1880 -10537 29752
 745 -13027 25665
 -1152 -10385 23676
 -1811 -6393 24000
 517 -3272 24854
 628 -574 21707
 1899 27 20771
 2494 1128 18841
 1405 2661 17967
 1857 2141 13281
 3630 8355 14380
 2931 7158 11634
 2297 7437 10109
 2334 8995 9337
 2327 8263 8691
 2145 7645 8555
 1999 7367 8872
 2023 7518 9501
 2405 7413 10846
 2176 7120 11569
 2397 6531 12952
 2771 5991 13676
 2109 4629 15362
 3500 3870 14925
 3811 4057 17508
 2503 3474 19737
 2481 1287 20681
 3139 -598 22952
 2179 -3686 23290
 600 -5510 23357
 849 -8086 22563
 936 -8595 22048
 5161 -10801 32767
 -4218 -26424 29260
 -1017 -14627 20350
 -1293 -21210 22319
 -1875 -19081 24145
Repetition End
1
 -1719 -17933 23632
 -2516 -17956 23530
 -971 -17324 25039
Repetition Start
 -4815 -31657 31919
 1147 -16299 15253
 340 -8062 26241
 300 -5265 32245
 105 -9661 25247
 -127 -10084 23123
 1176 -5743 22374
 1655 -3198 22265
 86 -1853 21799
 1891 -611 20014
 2347 1066 17870
 2208 1693 15383
 2278 4697 14516
 2812 7305 12838
 3101 7736 10725
 2936 8049 8753
 2714 7732 6950
 2842 8926 6380
 2678 7704 5712
 2400 7723 6838
 2328 6636 8065
 2270 7821 8969
 2484 7551 9494
 2483 7329 10576
 2598 6229 11147
 2863 6580 12137
 2636 6373 13545
 2839 6793 15260
 2070 3745 15740
 1334 3806 18457
 1454 1351 18351
 766 1035 20462
 1339 -454 22337
 387 -3965 23681
 643 -5488 24930
 1535 -9026 24408
 1482 -9755 24351
 2632 -12102 32767
 -1638 -21242 29653
 1544 -9830 23376
 652 -16943 23065
 533 -16083 23418
Repetition End
1
 -628 -17252 24069
 -1572 -17787 22967
Repetition Start
 -1247 -16689 23742
 -1900 -16526 23268
 -2001 -16268 23561
 -1574 -16352 23445
 -1768 -16632 23504
 -1276 -15823 22957
 -1955 -16510 23332
 -3176 -17351 23707
 -2705 -16107 22954
 -1621 -17993 23911
 -2190 -18894 23243
 637 -17780 23130
 -284 -17753 23720
 -1748 -16875 23516
 -942 -16081 23528
 -609 -17433 22688
 -845 -16625 23349
 134 -16040 23864
 -762 -17033 23358
 -895 -16032 23401
 -442 -16515 23104
 -403 -16466 23619
 -409 -16473 22970
 -391 -16715 23491
 -321 -16763 23105
 -349 -16715 23442
 -449 -16645 23851
 -333 -16710 23347
 -431 -16878 23400
 -324 -17079 23494
 -346 -16276 23456
 -286 -16660 23347
 -372 -16697 23062
 -440 -16731 23327
 -265 -16442 23418
