-1283 16685 5160
 -1057 16685 5531
 -956 16424 5411
 -915 16525 5604
 -823 16427 5716
 -849 16541 5728
 -840 16438 5814
 -788 16345 5809
 -816 16482 5781
 -886 16355 5932
 -685 16855 6066
 -764 16467 5872
 -1034 16169 6357
 -796 15842 5336
 -639 17140 6357
 -580 16094 5730
 -588 15869 5039
 -935 16039 4097
 -499 16958 3040
 1862 17915 3380
 4109 17633 1202
 5690 18863 1129
 4355 16584 973
 4416 16598 1168
 4923 16360 1206
 5336 16606 1725
 5055 15717 1832
 5887 16347 1469
 5647 16586 1526
 4828 15563 1443
 5205 17438 2286
 3078 18034 2844
 1043 15079 1826
 2107 18253 3363
 736 16057 3945
 1700 16311 3308
 959 15842 2751
 1995 15020 1341
 3603 15200 630
 1299 16173 1215
 1461 15786 -527
 1105 11709 -4982
 1356 12478 -5058
 2826 16062 -6045
 3536 17767 -6397
 -5325 14417 -6747
 -2960 24354 -4901
 -4342 19578 -4345
 -3180 18980 -2295
 -1128 18378 -1494
 1310 16171 -3053
 8169 15618 -1240
 12726 21296 1595
 10753 22208 3937
 8731 14546 1415
 3206 12193 3305
 110 12914 7261
 -592 17894 3870
 4041 26547 2360
 5149 19645 5071
 2355 14164 4806
 4597 15193 6085
 6792 15570 6481
 4875 14255 4749
 3024 15466 3853
 1589 17776 4985
 2103 14805 4330
 3363 16424 3056
 6101 17826 -816
 4172 18874 1352
 4723 15410 848
 3164 19999 877
 345 18082 1013
 317 16719 -1012
 1255 17716 542
 1306 16960 4352
 2585 13641 4907
 2259 12124 5400
 1739 12876 2424
 3585 24429 1355
 3021 17362 2746
 2881 16718 2832
 2762 16656 4444
 3445 16346 4585
 2579 15512 3668
 3299 16660 4087
 2629 17064 3835
 3406 17011 3068
 3088 16995 2434
 2404 17786 3228
 1940 17457 2793
 2705 16954 1819
 2564 17144 1822
 2817 16954 2630
 2712 16288 3295
 1561 17421 3850
 2312 16604 4149
 2007 16866 4961
 2384 16468 6171
 2128 14729 5730
 2491 16712 6733
 2131 16234 8111
 2575 14948 9475
 1927 13160 10274
 2872 12896 10053
 1911 13011 10738
 4009 14381 10253
 4120 15529 8987
 4488 14338 7634
 2676 14620 6913
 1847 15505 6763
 2833 15161 8636
 3234 15200 7758
 3463 15346 7270
 3568 15228 6932
 3700 15611 6772
 3797 15540 6590
 3622 15360 6798
 3868 15530 6780
 4054 15201 6764
 4089 14996 6827
 3781 15967 6538
 3997 15591 6307
 3958 15525 6409
 3603 15589 6581
 3631 15535 6473
 3608 15444 6373
 3793 15636 6631
 3703 15708 6747
 3722 15409 6521
 3657 15499 6367
 4345 15838 6579
 3265 15149 6202
 4592 15505 6428
 5317 15528 6827
 3752 15133 6314
 3829 15707 6440
 4008 15447 6719
 4151 15478 6526
 4190 15335 7314
 4471 15756 8041
 3274 12930 7095
 3726 16222 2571
 6149 18058 4837
 3025 13072 5660
 2680 16665 6103
 2455 14678 6634
 3878 15001 7748
 2364 14535 9243
 3616 13176 10288
 4238 11689 10729
 4387 10605 11140
 3961 11374 12625
 2864 8908 13252
 2980 8055 13929
 3078 6355 14180
 1899 4385 14614
 2055 2328 15486
 2027 288 13781
 -1080 -1392 14630
 -874 -16173 14479
 1731 1049 13467
 960 -7804 16259
 1272 -5641 14814
 279 -5873 15632
 592 -6070 14648
 -200 -6490 14667
 412 -5809 14971
 1243 -6539 14875
 662 -3321 13575
 1610 -4139 14449
 -42 -13458 15679
 -7168 -18611 13156
 498 -5262 16686
 57 -5684 14334
 487 -6475 14508
 1720 -5866 13140
 -1005 -8118 14901
 -745 -7295 13095
 -1391 -5407 14660
 -757 -4359 14753
 122 -4589 14250
 -59 -2835 13028
 327 -5345 14371
 -729 -5401 16616
 -1283 -3782 16763
 -1267 -3936 15606
 -1101 -4337 15139
 -927 -4503 15223
 -1311 -4543 14822
 -1290 -4315 14992
 -785 -5015 15450
 -1048 -5277 15436
 -1094 -4899 15291
 -987 -4727 15365
 -864 -4699 15149
 -935 -4969 15077
 -823 -5299 15068
 -978 -5228 14975
 -892 -5119 14922
 -798 -5151 15032
 -839 -4996 15025
 -874 -5068 15191
 -928 -5375 15100
 -859 -5183 15040
 -832 -5291 14808
 -791 -5037 15338
 -883 -5042 15155
 -951 -5249 15230
 -816 -5284 15237
 -835 -5099 14906
 -923 -5124 15077
 -1268 -4896 14948
 -328 -5099 15004
 -720 -5003 15217
 -969 -4821 15185
 -667 -4905 15192
 -677 -4933 15161
 -773 -4977 15257
 -731 -4944 15181
 -766 -5035 15272
 -629 -4843 15177
 -601 -4976 15077
 -619 -4897 15514
 -1216 -4809 15379
 -910 -5042 15243
 -717 -4873 15134
 -673 -4607 15489
 -774 -4649 15249
 -789 -4764 15188
 -830 -4766 15238
 -800 -4730 15401
 135 -4872 17317
 -1587 -5469 15512
Repetition Start
 -3649 -13691 10708
 -2953 -11262 14950
 -2070 -7909 15767
 -1342 -921 16835
 260 -186 19553
 -237 1531 15814
 -986 1769 14342
 -75 4068 14711
 866 6596 15734
 1355 6569 15096
 1918 9054 11711
 2746 10880 9935
 3031 13077 8861
 3081 14850 6839
 3172 15954 4870
 2947 16678 3548
 2841 16916 1668
 3369 18157 668
 3091 17460 255
 3306 17358 -531
 3189 17445 -1312
 2972 17832 -580
 3123 17577 308
 3152 17640 1200
 3078 16899 2331
 3127 16344 3081
 3376 16050 4712
 3253 15211 6044
 3080 13961 7033
 2885 13860 9175
 3290 12337 11217
 1538 11063 13004
 2108 9645 13718
 1030 8732 14944
 1311 6695 14842
 595 5287 13989
 -26 4714 16319
 113 2816 16758
 797 2161 16241
 521 2891 17197
 1402 -2097 19148
 -1096 -9231 15679
 686 -6748 13480
 963 -6874 14299
 676 -6780 14002
Repetition End
1
 -706 -6726 14632
 -804 -7833 14389
 -383 -4952 15189
 -971 -7013 14397
 -904 -5088 14000
 -1846 -6753 13442
Repetition Start
 -1460 -9599 15230
 -2249 -5297 13043
 985 -2987 16580
 1948 -924 18714
 648 -287 15923
 749 2000 16013
 421 2604 15458
 2713 4898 14822
 2639 7470 14442
 2820 8048 11409
 3022 10381 10936
 2549 12217 9551
 2949 13098 8446
 3227 15817 7841
 2911 15775 5488
 3118 16923 4537
 3060 15778 3263
 2966 17184 2108
 2980 17723 1878
 3047 17433 1755
 3013 17523 2268
 2940 17175 2463
 2851 16671 2988
 3067 16889 3829
 3031 16349 4407
 3229 16002 5080
 3078 15174 5882
 3052 14347 7300
 3322 14207 8702
 2877 13133 10147
 2445 11640 11090
 2845 10430 11437
 3253 7872 14396
 3217 6491 14701
 1865 4566 14975
 1577 2869 15478
 1212 1951 15481
 1668 1574 15677
 1039 -651 13388
 2355 -6153 20631
 549 -9788 13629
 1314 -12280 12632
 786 -7545 13314
 -330 -8020 14940
 -662 -6746 14752
Repetition End
1
 -1485 -8240 14679
 -1310 -6430 13912
 -948 -8064 14752
 -1056 -9786 14669
 -2055 -8036 17972
Repetition Start
 494 -2609 15163
 1025 965 18312
 1120 2990 17708
 1574 3097 15422
 1238 1834 15376
 1906 4084 16101
 3053 8502 14983
 2622 8062 12953
 2412 10276 10138
 3404 12365 8807
 2588 13249 9085
 3139 15476 7843
 2831 16093 5994
 2713 16543 4221
 2915 16841 2645
 2795 17516 1963
 2709 17447 1085
 2638 17940 631
 2774 17731 663
 2712 17654 1121
 2565 17436 2118
 2726 17316 3057
 2416 16679 3608
 2484 16161 4554
 2655 15438 5583
 2516 14407 6675
 965 14310 9226
 2557 12788 10389
 2172 10741 11033
 2829 11018 13150
 2572 8039 14213
 1520 5412 15586
 2130 3964 16687
 1096 3228 16416
 1243 2924 15435
 325 2496 15635
 1053 -566 15643
 670 -6905 20986
 -217 -6358 13687
 747 -5265 14985
 -150 -7392 14304
 -639 -9471 13157
Repetition End
1
 -778 -8095 14065
 -2115 -9093 13190
 -2163 -8450 13450
 -2278 -8379 13695
Repetition Start
 -2158 -11029 13582
 -1048 -6957 17953
 -479 -851 16423
 -419 -107 17518
 -444 -3185 15308
 187 148 14655
 321 2008 14736
 1629 5773 14240
 1718 8984 12532
 1853 10197 10930
 2069 12108 10708
 2129 13955 8429
 2732 14896 7116
 2308 15666 5909
 2663 16405 4158
 2738 17385 3737
 2669 17380 3054
 2923 17576 2230
 2984 17423 1298
 2858 17634 1224
 3041 17447 2055
 2972 17080 2667
 2862 16576 3295
 2959 16842 4448
 3044 16006 6097
 2695 14410 6946
 2507 13722 8873
 2462 12338 10742
 2083 10528 12282
 1540 10793 13231
 2412 8019 13119
 2624 7276 13943
 3179 4878 15636
 2335 4458 17418
 2353 3591 16847
 2077 2115 16123
 1653 -1258 14208
 2925 -261 18405
 2567 -1341 21930
 1443 -5320 13417
 1853 -5841 14056
 539 -17641 13752
 882 -8585 14299
 648 -6872 14682
Repetition End
1
 204 -6860 14447
 -450 -7528 14619
 -1566 -7285 14032
 -1191 -9920 13961
Repetition Start
 -4242 -10545 17253
 -2080 -8188 18027
 -436 -2627 14654
 215 -518 17585
 -348 -255 17111
 892 211 15490
 -292 2716 14546
 570 3903 14594
 1732 5471 13643
 2163 9223 12584
 2416 11040 10461
 2227 11949 9563
 2667 13138 8833
 3036 14524 8016
 3065 15947 6790
 3001 16247 5047
 3050 16779 4073
 2800 17124 3711
 2975 17357 2948
 2854 17457 2754
 2676 17275 2691
 2867 17147 2966
 3026 16978 3293
 3020 16833 4110
 3025 16127 4848
 3146 15673 5541
 3032 14654 6562
 3332 13924 8054
 3174 13372 9325
 1939 11437 10362
 4389 11868 12126
 2778 9389 12152
 2812 8299 13713
 2547 8046 14644
 1983 7507 13753
 1619 5357 14891
 1130 3536 14733
 1523 2763 15685
 1840 5936 16671
 1956 6728 16572
 2209 1086 19626
 -791 -12203 15799
 -1443 -12083 14959
 1314 -7112 11752
Repetition End
1
 228 -6900 14154
 -1159 -9537 12064
 -789 -7114 13653
 -2268 -7466 14327
 -2169 -9173 14127
Repetition Start
 -2756 -11123 14700
 -2217 -8232 17101
 -1054 -6666 17766
 -503 -109 15920
 -67 -1181 18195
 -752 1073 19552
 667 1189 16458
 764 3559 14391
 1821 7382 14540
 2495 6034 13637
 3359 11109 11804
 2501 11182 8732
 2752 13503 8160
 3114 14964 6993
 2817 16594 4776
 2943 16700 3384
 3265 17084 1612
 3349 18678 1203
 2987 18304 1218
 2871 17218 1094
 3098 16772 2198
 3029 16969 2882
 3204 16862 3843
 3132 16644 5246
 3385 15748 5655
 2974 14667 7131
 2382 13440 8475
 2572 13107 9681
 2674 11375 10438
 2055 10698 13072
 1584 9022 13623
 1354 6832 14251
 1223 5387 14669
 618 3209 15201
 512 2826 16549
 804 -92 15984
 1349 2944 15939
 1674 2953 22499
 -2389 -9466 14715
 -714 -5907 15217
 -853 -9815 13600
 -2534 -9340 15365
 -2412 -8850 13091
Repetition End
1
 -2599 -7531 14259
 -2206 -8352 13356
 -1791 -11236 14194
 -2921 -10913 16968
Repetition Start
 -2445 -6016 14608
 2713 -861 15826
 -697 -2418 18459
 1698 2003 15669
 999 3436 14879
 2710 6164 14664
 1894 8220 13711
 1636 9455 10306
 1804 11056 9916
 2068 13548 7935
 2849 15295 6766
 2082 16211 5037
 2765 17006 3126
 2841 17701 2290
 2882 17668 1897
 3313 17458 1884
 3054 17339 1756
 3058 17410 2407
 3067 17358 3065
 3080 16820 3682
 3177 16589 4590
 3119 16150 5339
 3221 15714 6308
 2982 15031 7219
 2497 13453 8181
 2213 12294 8606
 2418 11472 10863
 2627 11002 11667
 2140 8415 13579
 1999 6839 15210
 2241 4691 15068
 1162 2579 16181
 1423 1079 15270
 2990 3761 17636
 3685 2666 21914
 -167 -5506 19439
 1866 -2523 12532
 740 -6994 15707
 -301 -8463 14132
 24 -8264 13770
 -1019 -9384 13984
 -1633 -10072 13794
Repetition End
1
 -824 -7180 14212
 -1260 -12310 15341
 -2154 -10588 19719
Repetition Start
 271 -5089 14640
 1139 -899 16199
 498 1506 17785
 663 -148 14565
 449 2978 15541
 319 3806 12514
 1527 8030 10533
 1882 11016 9634
 2196 12250 8302
 3193 14558 7751
 2892 15382 5668
 3424 16232 4099
 3575 17656 2450
 3512 18097 1982
 3780 17663 1748
 3659 17116 1819
 3604 16648 2764
 3599 17091 3575
 3635 16644 4346
 3628 16292 5369
 3515 15196 6368
 3253 14253 7179
 2855 14111 8908
 2524 12518 10110
 2401 10373 9657
 2203 11556 13351
 2968 9641 14131
 2580 7492 14392
 1850 7060 14306
 1547 7189 14664
 1428 5325 15276
 1086 2940 15428
 1415 3905 15172
 2084 5442 26394
 -1820 -8514 12040
 -425 -3153 14432
 -1282 -7223 15841
 -1596 -8366 14078
Repetition End
1
 -2595 -7728 13883
 -1471 -7225 14118
 -1066 -6696 14015
Repetition Start
 -1339 -6361 14330
 -2593 -10399 14536
 -2161 -9335 16762
 2057 -1585 16975
 293 -427 18316
 853 1882 17988
 174 3863 15542
 1173 1763 14530
 1237 3256 13034
 2247 5427 12172
 1983 8242 11799
 2599 10620 13061
 2804 12544 9824
 2860 13635 8595
 1870 14862 7437
 2319 15698 6299
 2247 16514 4890
 2278 16005 3696
 2422 17028 2901
 2597 17866 2041
 2568 17685 1668
 2535 17851 1656
 2602 17322 2181
 2516 17165 2795
 2563 16842 3390
 2881 16723 4419
 2877 16273 5156
 2743 15315 5887
 2783 14935 7212
 2676 14355 8088
 2653 13341 9160
 2944 12317 10477
 2592 10915 11275
 2615 10437 12324
 2219 9188 13651
 1711 8068 15021
 1847 6071 15588
 2009 3986 15706
 1919 2395 14533
 1653 1412 15826
 1131 -681 14347
 -1789 195 14282
 3647 10 24061
 -2120 -8102 11489
 -746 -6458 15866
 -1160 -10111 13904
Repetition End
1
 -1190 -8712 13352
 -2247 -7878 13940
 -1725 -7382 14135
 -1769 -7549 13970
Repetition Start
 -2033 -7407 14233
 -1501 -12186 14089
 -4372 -10977 20889
 1914 -4735 13607
 28 -1281 16373
 1172 3238 17456
 867 5138 15436
 1448 4030 14599
 1344 5248 15086
 1772 6432 13585
 2041 9574 13976
 2820 11257 12195
 2730 11777 8964
 2568 13873 6899
 2587 16188 5670
 2861 17617 3959
 2433 16118 1988
 2945 18185 1899
 2783 18146 237
 2822 17794 204
 2731 17786 893
 2656 17485 1282
 2651 16628 1975
 2513 17292 3215
 2843 17015 4369
 2807 16182 5092
 2892 15653 6253
 2987 14671 7266
 2562 13858 8161
 2641 13029 9249
 2536 11554 11180
 2333 10917 12741
 1599 9044 13800
 2389 6690 14954
 1568 5037 16338
 1466 4030 15049
 1109 3217 14418
 -1246 -1031 10986
 905 -3659 18465
 -369 -10980 21503
 -210 -7948 14253
 961 -7315 14483
 660 -8616 13789
Repetition End
1
 1070 -8018 13541
 100 -7725 14386
 -617 -6669 14212
 -883 -6512 13529
 -1788 -13803 14046
 -2563 -7683 15734
Repetition Start
 -1872 -4791 17119
 3371 -2981 15711
 2194 1041 15786
 1108 3530 16837
 1510 2579 14809
 834 4246 13383
 1359 5118 14008
 1812 7187 13215
 2201 8440 13275
 2772 9566 12964
 3120 11907 11011
 2408 12346 8937
 2888 13368 6707
 3097 16115 5236
 3074 16944 2909
 3800 18345 1559
 2798 18555 185
 3061 17532 -215
 3258 17134 -162
 3077 17441 664
 3154 17468 1204
 3117 17474 2088
 2996 17194 2912
 3038 16789 3536
 2828 16224 4443
 2948 15926 5796
 2650 14662 6697
 2643 14108 7992
 2397 13979 9606
 2261 12512 10053
 2202 11205 11681
 2565 10480 12948
 2112 9191 13540
 2145 8694 13534
 1981 7146 15114
 1703 5537 14600
 1266 3928 15797
 513 155 16037
 -730 -1306 14975
 -176 -2233 11537
 2142 1535 24980
 -338 -9968 15011
 321 -8001 17200
 227 -8858 13671
 -942 -11213 13693
 -1007 -8186 13584
 -1825 -10103 13704
Repetition End
1
 128 -15625 14492
 271 -2829 12577
Repetition Start
 -2143 313 13929
 -193 1615 20277
 7 830 15628
 -565 488 14050
 53 1705 14977
 1241 5333 15758
 1249 5599 16006
 1390 6237 14027
 2531 9728 13201
 2564 10493 11152
 1780 11045 8422
 2840 14678 6873
 2284 16707 4960
 2708 17318 2663
 2442 18445 1153
 2056 17848 -94
 2164 18598 205
 2621 17972 434
 2109 17303 1179
 2977 17000 2191
 2843 17254 3567
 2919 16494 4695
 2985 15308 5574
 3307 14902 7444
 3165 13854 8512
 2858 12419 9956
 923 10752 11039
 2794 11374 12129
 1953 9617 13301
 1953 7486 14379
 800 7328 14181
 913 4664 14243
 -122 2442 16774
 225 -650 15125
 185 -1446 13680
 2993 4673 23431
 -516 -8388 20233
Repetition End
1
 -657 -7500 13234
 734 -9182 15395
 38 -7950 12945
Repetition Start
 -893 -9270 13593
 -1642 -8505 13486
 -2359 -9301 13518
 -3456 -14591 12547
 -4484 -11555 18647
 -608 -3764 14226
 -431 -1470 17778
 -512 -453 18237
 255 -1299 15872
 -909 -1782 12857
 835 3630 15386
 1419 4147 14995
 1660 7556 15582
 1801 9347 14436
 2124 9164 11652
 3363 11426 10662
 3601 13179 8939
 3518 13511 7279
 3313 14646 6089
 3221 16450 4822
 3333 17866 3766
 3751 17352 2853
 3473 17812 2299
 3406 17398 1104
 3480 17423 1730
 3444 16966 2356
 2917 17003 3003
 3142 16755 3837
 3261 16658 4723
 3212 15919 5369
 3223 15571 6467
 3027 15119 7815
 2741 13866 8547
 2330 12550 9744
 1788 11191 11073
 1245 9890 13190
 1270 8964 14597
 832 6770 14579
 712 4787 15275
 -10 2070 14661
 -701 -327 16436
 -1229 -4649 15039
 222 -1751 14504
 1747 1068 24516
 -774 -10763 18351
 531 -5612 14990
 619 -8753 14802
Repetition End
1
 -36 -7145 13358
 -1459 -9920 13377
 -1376 -8863 13877
Repetition Start
 -1038 -9402 11704
 -3560 -11354 17592
 -920 -4871 14399
 -567 849 16199
 -1724 54 18592
 504 92 17371
 -1476 323 16003
 -288 2237 14364
 955 3747 15316
 1037 5310 15717
 1452 8301 14673
 3013 9718 11832
 3128 11586 9633
 2732 13748 7708
 2817 15136 6565
 2976 16783 4827
 2929 16034 3704
 2969 17232 2098
 3073 18139 963
 2831 17710 369
 2572 17828 272
 2956 17843 353
 2790 17572 651
 3407 17719 2246
 3249 16879 2509
 3350 16595 3143
 3263 16411 4453
 3429 15368 5445
 3099 14616 6851
 1762 11292 10732
 3284 13994 10543
 2519 11203 11540
 3208 9593 13297
 2772 6682 13314
 1775 6271 14874
 2085 2078 13569
 2611 3137 16948
 2875 1743 15876
 2547 439 27616
 -286 -10238 10838
 2222 -6801 14345
Repetition End
1
 984 -8333 13189
 -542 -9057 14726
 -975 -8175 14002
 -951 -8574 13753
Repetition Start
 -978 -5652 14005
 -2090 -10353 12176
 -2866 -13579 15498
 -3282 -11223 20263
 5633 4333 15124
 -278 -482 17390
 1414 1442 17799
 765 2445 16092
 660 3801 13669
 1917 5997 15139
 1437 9321 14110
 2453 9039 13378
 2056 11490 10938
 2195 11666 9139
 2680 14867 7101
 2479 15370 6045
 2392 16256 4442
 2347 17044 3199
 2483 17820 2084
 2430 17907 1377
 2474 17770 1149
 2597 17608 1407
 2555 17518 2519
 2457 17335 2941
 2647 16825 3594
 2730 16796 4228
 2963 16469 5012
 2857 15594 6055
 3017 15388 6849
 2708 14136 8451
 2701 12238 9799
 2225 9921 9914
 638 10269 12195
 2063 8364 13024
 1547 6836 16465
 533 2959 16276
 -346 2508 15200
 1305 3305 16191
 -19 459 16157
 342 1138 14033
 218 1648 24620
 -1615 -10152 15423
 1051 -5959 11277
Repetition End
1
 -471 -9523 13357
 -875 -9718 13367
 -705 -7479 14333
 -670 -8220 14566
Repetition Start
 -1183 -7099 13455
 -3259 -13289 14894
 -4789 -16718 17570
 -1783 -4999 12392
 -1196 3022 14777
 315 1395 18261
 636 1646 14805
 -423 756 14771
 777 4437 14847
 1028 6359 14919
 1227 8088 13766
 1987 9434 13188
 2256 10905 10764
 2172 12494 9992
 1753 13460 7264
 2458 15865 5781
 2433 15708 3959
 2396 17607 3162
 2831 18343 2137
 2533 18071 1174
 2615 18009 817
 2510 17636 1014
 2473 17625 2292
 2546 16911 2901
 2750 16719 3213
 2552 16214 4571
 2785 16535 5852
 2381 15402 7121
 2201 14113 7702
 2598 13072 9551
 2100 12617 10921
 1942 11548 12078
 1901 9611 12145
 1499 6527 13016
 467 5127 14903
 1446 3979 15931
 1176 3232 16597
 1476 4510 15983
 1012 2327 17361
 37 -2408 14319
 233 -4958 23845
 -826 -11424 9106
 -811 -7274 14330
Repetition End
1
 -1284 -9362 12846
 -1461 -8829 13980
 -1251 -8315 14057
 -1461 -7394 13965
 -1742 -7576 13794
Repetition Start
 -2430 -6741 12174
 -2561 -10038 14881
 -2136 -2520 15383
 1550 -2279 13181
 -1085 -365 16103
 885 383 17567
 201 -215 14687
 455 -433 14886
 1206 3063 17154
 2095 4343 15803
 1679 5844 14136
 1309 7083 14704
 -7 7305 14126
 499 10226 12361
 1031 12156 10470
 1528 14037 7460
 1213 14896 5311
 2118 16917 4302
 1477 17921 2564
 1431 18421 1753
 1754 18187 1200
 1534 17958 1131
 2211 18050 1265
 2264 17697 1379
 2284 17300 3052
 2609 16877 3327
 2702 16111 4219
 2804 16115 5462
 2905 15349 6738
 2851 14900 7925
 2491 13190 10706
 2849 11507 10602
 1895 10724 11987
 1945 9257 13142
 2228 5932 13753
 1801 3904 15105
 1151 3285 16277
 401 1257 18519
 1129 -412 16578
 1230 -1079 13744
 -897 -5734 27740
 -8 -8287 12009
 -1770 -6102 15364
Repetition End
1
 -950 -10445 13790
 -1565 -8770 13229
 -1354 -8399 14122
Repetition Start
 -1712 -8526 14228
 -1570 -8624 13617
 -2315 -11976 13507
 -2427 -12676 17420
 -1316 -2193 14849
 622 962 19272
 477 -558 19495
 804 2169 16049
 -766 1582 14228
 302 3993 15214
 648 6560 15884
 732 8874 13476
 1180 8319 12645
 2117 10949 10968
 2442 11870 8689
 2721 14038 8382
 2601 14404 5691
 2821 16091 4820
 2794 17012 3680
 2545 17866 2351
 2813 17820 1040
 2969 18181 294
 2652 18044 124
 2623 17641 520
 2492 17034 1498
 2559 17376 2304
 2607 16967 3336
 2541 16407 4180
 2831 15989 5139
 2667 15382 6240
 2947 15077 7664
 1890 12617 9324
 1721 10657 10637
 1566 9181 12202
 1193 8427 13847
 2213 6348 15177
 1344 5152 15089
 1362 3633 15002
 1089 3417 15681
 1619 1841 18618
 930 1804 16632
 843 -544 15321
 83 -6779 18101
 -338 -1599 14415
 -1017 -7988 14764
Repetition End
1
 28 -6057 15156
 -637 -7964 14862
 -514 -9040 14756
 -619 -5266 13707
 -1123 -9489 14460
Repetition Start
 -2996 -14089 15968
 -2900 -11193 14618
 1032 -350 17662
 -1261 -2442 17874
 -1101 47 17512
 112 956 13746
 285 2745 15523
 967 4630 14263
 864 7230 11837
 1226 10060 12101
 1372 11922 9583
 2095 12222 7897
 1539 14245 7041
 1498 16282 6149
 1749 16353 4341
 1996 17570 2488
 2059 17426 1668
 2390 17934 1546
 2713 18067 1229
 2600 18154 1507
 2542 17512 2085
 2756 17369 2982
 2853 16929 3575
 2957 16215 4564
 2766 15067 5622
 2621 14660 6611
 2793 14533 7925
 2598 13841 9685
 1809 11625 10381
 2058 11523 12909
 1958 9866 12516
 1530 8717 13747
 1648 7642 14257
 1172 6062 14439
 1258 5453 16254
 741 4051 16672
 516 1415 15463
 128 -333 13615
 -1279 -2807 25405
 -4438 -12235 21708
 64 -2791 14091
 422 -8841 14575
 -121 -7319 14129
Repetition End
1
 -1130 -9781 14225
 -1255 -6585 14878
 -1714 -12627 13872
Repetition Start
 -3111 -13179 16098
 -256 -5426 15265
 -1986 -2318 22036
 1625 374 18249
 -252 1156 16024
 -1186 3327 14903
 19 4667 13447
 1532 7042 12553
 1956 9381 11387
 2803 12140 11361
 1907 12553 10704
 1926 12800 8512
 2423 14136 7421
 2769 16013 6093
 3076 16649 4553
 3167 16834 3112
 2901 17864 1498
 3120 18261 386
 2605 18182 -336
 2731 17642 -175
 2542 17592 680
 2458 17237 1729
 2640 17177 2482
 2637 16970 3664
 2380 16671 5507
 2363 15360 5486
 2786 15051 7606
 1928 12377 9016
 1149 11572 9995
 3028 10456 11794
 2031 7664 12959
 2596 7331 13440
 1679 5482 15311
 1501 3319 14687
 1135 553 13643
 -429 -298 12179
 -252 -6066 25151
 -1415 -14867 11350
 -1466 -8740 14673
 -1918 -8923 12779
 -2558 -7719 13896
Repetition End
1
 -2572 -5565 14401
 -2677 -8262 14122
 -2203 -9829 14153
 -794 -15839 16203
Repetition Start
 1572 8572 19435
 -103 -87 17068
 481 2498 19938
 1072 1923 16652
 1218 2176 13778
 -72 5493 13224
 -118 7681 12870
 1814 10803 13501
 3114 10780 12892
 2304 10689 11675
 2502 13263 9497
 2947 14470 7756
 2639 14975 6158
 3271 15877 4952
 3200 16969 3405
 2943 17755 1755
 3132 18247 1352
 3020 17746 769
 3314 17256 207
 3241 17598 961
 3322 17375 1676
 3431 17213 2130
 3255 16919 3152
 3279 17011 4172
 3124 15742 4940
 3157 15931 6203
 3423 14841 8418
 2461 13579 8993
 1987 12067 10242
 1545 9908 12314
 1140 7340 13446
 1292 7021 13802
 655 3705 15034
 122 1804 15593
 -433 -1101 14800
 -559 -1798 14328
 -982 -6097 19920
 -682 -6953 12417
 -182 -6608 14437
 -637 -7609 14900
 -1695 -8998 14242
Repetition End
1
 -1757 -8355 13290
 -2783 -11696 13807
 -4315 -13552 19497
Repetition Start
 496 -664 15529
 -32 -1115 18907
 -479 -290 16928
 -286 1178 15673
 45 2739 14052
 1117 4338 13545
 1183 7033 13462
 1978 8262 13675
 1695 9272 11717
 3156 10036 9939
 2836 12464 9275
 3300 12955 6359
 3932 15124 5637
 3698 16892 4650
 3633 17521 2457
 3287 17885 1459
 3240 18321 848
 3365 17364 155
 3074 17820 1378
 2845 16852 1833
 3156 17159 2701
 3014 16527 3437
 2912 17046 4140
 2576 15565 4997
 3134 15958 5683
 2017 14813 7112
 2541 11942 10289
 2006 11926 11681
 1969 9920 12859
 1072 7677 13991
 996 5583 14881
 803 2348 16046
 -714 3342 16951
 -261 2379 15851
 116 2905 14696
 264 -3783 25300
 -2914 -12086 23002
 -1587 -6451 14705
 -418 -8505 14096
 -264 -7414 15269
Repetition End
1
 -915 -7036 14733
 -1702 -8453 13540
 -4965 -12525 14375
Repetition Start
 -1749 -10486 16988
 -2847 -602 11816
 67 1614 19076
 1080 -518 18542
 129 339 15875
 -444 492 12875
 63 4502 14228
 814 9370 15345
 3618 10415 13522
 3099 9806 11151
 3263 10679 9680
 2378 12985 8204
 3535 13944 6703
 2873 17055 5614
 3472 17060 3569
 3546 17755 1790
 3137 17725 1155
 2943 17781 736
 3309 17609 269
 3104 17466 777
 3104 17416 1496
 2987 17065 2512
 2890 16153 3645
 3063 16019 4692
 3067 16223 6260
 2684 13251 6812
 406 12114 9737
 1840 11579 11182
 630 9306 13100
 226 7729 13498
 816 4635 14584
 440 4214 16098
 881 1802 14497
 145 2 13692
 -169 -2988 28616
 -2300 -15281 15055
 118 -2176 14717
 -266 -10998 14560
 312 -5293 14234
Repetition End
1
 -1260 -8106 13435
 -1652 -6433 13339
Repetition Start
 -4178 -8980 12596
 -401 -15807 11526
 -1357 -497 16596
 -324 -2122 20615
 545 -583 19323
 155 2295 15827
 895 3913 13038
 1607 4998 13873
 1386 4920 13606
 2272 8082 14487
 1067 9396 13194
 3422 10193 10804
 2555 11934 8209
 3274 14013 7901
 3430 15956 6522
 3181 16409 4471
 2904 17615 2578
 2896 17747 782
 3033 18226 194
 3078 17911 -202
 3263 17692 164
 2906 17471 1085
 2871 17089 1857
 2621 16972 3115
 2679 16406 4078
 2694 15966 5425
 2827 14813 6771
 2726 12846 8096
 2734 10891 9715
 1243 10447 12420
 1766 8672 12989
 1537 6269 14110
 -13 4815 15849
 387 4697 16202
 -105 3240 15547
 -258 1543 15351
 -496 -1118 13988
 -3649 -3233 22434
 -459 -3627 12296
 -1485 -5118 15136
 -2740 -8100 15598
 -2508 -8974 14343
Repetition End
1
 -2388 -7371 14801
 -3157 -8386 15455
 -4213 -16457 18482
Repetition Start
 1390 -4913 12110
 123 94 15604
 1851 1914 18543
 -727 374 19609
 -876 208 15154
 413 3070 13810
 487 8019 12418
 1788 9067 12604
 1452 10921 10918
 1585 11855 9175
 1783 13590 6492
 2156 15575 5392
 2672 17655 3134
 2291 17566 661
 2099 18795 -655
 2382 17940 -1370
 2180 18370 -1180
 2053 17106 -929
 2181 17291 -558
 2581 17770 1244
 2376 17774 2136
 2224 16841 2674
 2447 16906 4516
 2372 16244 5325
 2272 15126 6818
 3040 14085 8892
 1407 14570 10748
 902 10429 10927
 646 10517 11931
 471 8202 13464
 787 5730 14142
 123 3947 15746
 1221 3653 16113
 1848 2040 15517
 979 1407 14107
 1733 -606 30253
 -384 -12781 14552
 779 -3313 15040
 788 -7951 13202
 1172 -7375 14269
 -285 -7815 15497
 -274 -3841 14483
 -1118 -5912 15476
Repetition End
1
 -1067 -5084 14528
 -241 -5555 14705
 -1349 -6589 15196
 -740 -7667 14387
 -1230 -4219 15393
 -2874 -6265 15045
 -1091 -9176 13492
 -1263 -7731 15215
 -306 -5164 14384
 -1130 -5789 15583
 -599 -5310 15513
 244 -5354 15602
 49 -5607 14959
 1126 -4097 15000
 -643 -6024 15047
 -154 -4441 15000
 -967 -4973 14645
 -653 -4644 15533
 -462 -4692 15639
 -171 -4914 15429
 -163 -5120 15099
 -319 -4938 15392
 -416 -4729 15037
 -296 -4642 15025
 -197 -5049 14975
 -99 -4922 14974
 -82 -4896 15399
 -199 -4907 15199
 -45 -4961 15080
 15 -4895 15032
 -29 -5043 14598
 -36 -5123 15057
 95 -4846 15080
 26 -5142 15073
 -127 -5036 15240
