4811 16195 4479
 4864 16207 4462
 4878 16169 4459
 4873 16210 4451
 4801 16204 4408
 4752 16109 4277
 4872 16399 4654
 4837 16135 4691
 4874 16069 4381
 4820 16307 4320
 4839 16263 4472
 5001 16257 4526
 4879 16228 4478
 5011 16205 4067
 4329 15992 4705
 4713 16059 4443
 5381 16890 3540
 4181 17274 4775
 5132 15030 4915
 5228 15330 4250
 6227 16662 4582
 5774 16440 4618
 5364 14475 4564
 5662 16001 5686
 3269 14989 5394
 3094 15960 4869
 5386 17654 4149
 3649 16747 3325
 4418 16170 2847
 3647 17449 761
 3573 16587 259
 2457 21152 1520
 8583 17148 -236
 2395 19557 -643
 918 20383 553
 3188 16442 1590
 2358 15686 3455
 1501 12409 5359
 396 13730 7908
 1188 12670 8250
 1851 13756 7121
 5133 15325 2345
 4520 21115 4899
 1918 15769 6716
 2310 12864 6697
 4594 15572 4724
 3230 15109 4992
 2517 24861 4388
 -368 17518 4541
 1195 13019 6110
 2219 12739 6923
 1601 13816 7604
 4201 17471 7124
 4009 22802 8179
 2816 9172 5094
 3442 18967 6583
 5189 15393 7099
 4020 15452 6848
 3026 15788 5055
 4022 16544 3832
 3785 16739 4958
 3097 16584 5761
 3044 15474 6527
 2834 14164 6977
 3220 16821 7693
 3861 15096 5329
 3871 15867 4354
 4646 15983 3177
 4984 17994 1752
 2662 16850 494
 3115 16674 1040
 3813 18025 1814
 4712 15825 3152
 4470 16906 4011
 3213 16369 4819
 3352 16603 5212
 3610 14788 4435
 5205 16062 5340
 3913 14994 5495
 3888 16721 5127
 4569 16446 5069
 4248 17113 4362
 3250 16732 4020
 4027 17165 4784
 2343 15568 6228
 1077 15180 6152
 273 15526 5394
 1523 18161 5909
 3229 14683 5191
 2888 16829 5913
 2936 16377 6669
 3264 15421 7143
 3678 14923 7771
 3284 13448 8642
 3689 13076 10509
 3074 11100 10039
 3003 14229 10702
 2213 10512 11963
 2488 9170 12807
 2546 7890 13162
 2361 6363 14977
 1290 4633 15224
 1079 3150 14090
 1908 2703 13333
 2136 -2128 21532
 -65 -9604 15671
 -1142 -8666 16179
 1097 -6200 14987
 -1382 -6679 14649
 -1176 -7409 14354
 557 -6404 14688
 497 -5383 14878
 857 -4819 14375
 84 -7014 15277
 409 -3918 12779
 1676 -6447 14846
 1296 -6121 14963
 1318 -4300 14775
 864 -4583 15309
 545 -5998 16000
 340 -5916 15263
 534 -5048 14221
 508 -4899 15548
 109 -4722 15062
 577 -5321 14931
 691 -6305 16104
 744 -3724 15226
 643 -4834 14950
 508 -4106 14967
 713 -4006 15924
 482 -3801 15747
 365 -3121 15402
 531 -4075 16082
 245 -3935 15371
 24 -4012 15768
 -266 -4385 15784
 -680 -3366 15238
 0 -4003 15707
 168 -4453 15378
 -76 -4315 15346
 327 -3808 15380
 -344 -3760 15017
 370 -4100 14844
 541 -4524 15163
 590 -4794 15528
 604 -4983 15353
 -301 -2462 14680
 738 -4294 15710
 890 -4387 15408
 1056 -4337 15131
 643 -5355 15424
 -90 -5300 15830
 -370 -4037 15650
 -312 -4304 15721
 318 -3577 15882
 58 -3281 15636
 500 -3738 15929
 -74 -4183 15111
 -307 -3823 16092
 -900 -4119 15975
 -776 -3790 15000
 17 -4305 15522
 86 -4256 15343
 -198 -4034 15425
 -316 -4939 15503
 42 -4679 15327
 128 -4765 15034
 52 -4631 15140
 98 -4657 15037
 16 -4854 15424
 -86 -4459 15386
 -172 -4413 15423
 -100 -4527 15341
 -13 -4697 15554
 -218 -4686 15245
 -18 -4599 15250
 66 -4857 15163
 -133 -4968 15309
 -115 -4589 15136
 -122 -4571 15281
 -74 -4929 15525
 -352 -4558 15455
 -82 -4373 15862
 -10 -4661 15324
 -90 -4504 15442
 -9 -4774 15404
 -73 -4628 15311
 114 -4634 15405
 116 -4610 15436
 135 -4364 15241
 271 -4447 15423
 338 -4344 15381
 270 -4477 15443
 101 -4389 15534
 212 -4451 15542
 159 -4259 15602
 220 -4290 15379
 149 -4223 15561
 361 -4225 15419
 289 -4410 15401
 204 -4488 15432
 190 -4471 15255
 207 -4506 15472
 204 -4380 15406
 55 -4442 15424
 9 -4269 15359
 76 -4322 15387
 17 -4290 15644
 56 -4302 15430
 45 -4470 15341
 115 -4522 15370
 157 -4526 15343
 5 -4696 15393
 72 -4591 15221
 -132 -4675 15065
 48 -4550 15545
 496 -4293 15332
 111 -4754 15351
 -288 -4314 15316
 -3 -4243 15486
 -114 -4321 15853
 -186 -4503 14997
 166 -4446 15503
 400 -4600 15458
 234 -4415 15388
 121 -4409 15410
Repetition Start
 424 -3855 15946
 414 -4953 17118
 -2228 -7294 15069
 -880 -6608 16024
 -842 -3720 16623
 -1930 -5238 16100
 -626 -3207 14660
 290 -5275 18077
 981 -1392 17588
 1632 30 16512
 -189 1864 18044
 1824 3678 16037
 1649 3443 14430
 2752 4478 16737
 3032 8614 15087
 3497 10122 13410
 3557 9677 10608
 4163 13705 8872
 3878 13745 7193
 3761 15205 4642
 4383 16235 2896
 4854 17113 859
 4340 16497 -2050
 4718 18833 -2235
 4353 17281 -1761
 4526 16943 -1941
 4516 17087 -1427
 4771 17863 -498
 4998 17391 -299
 4612 17305 890
 5001 16663 2379
 4999 15007 3725
 5031 14564 5178
 5167 14209 6741
 4529 12606 8377
 4238 10900 9858
 4256 9310 11522
 4528 7583 13116
 3351 4582 14806
 3487 3496 17332
 3027 3044 16404
 1996 1776 16038
 2589 1286 16212
 3172 -1759 16560
 1394 -3800 18226
 2896 -3870 15033
 2484 -10796 14265
 2350 -6097 14931
 420 -7998 13745
Repetition End
1
 -713 -7514 14122
 -1229 -8024 14275
 -1009 -7208 14512
 -437 -6173 14593
 193 -6967 14586
 1141 -7241 13212
 -1337 -8056 15179
Repetition Start
 -484 -9218 15965
 735 -4308 19661
 1702 -3225 15342
 1951 -120 18005
 2780 -551 18295
 2645 -707 15923
 3330 -386 15739
 3162 1677 16507
 3644 4340 15862
 4195 6039 14028
 4644 7836 11162
 4045 11481 11644
 3671 12190 7897
 2950 13314 5423
 3639 15548 3547
 3420 17171 1420
 3593 18552 -899
 3277 18307 -2436
 2579 17737 -2608
 2739 17377 -2358
 2307 17998 -1975
 3101 18136 -1020
 2867 17359 -317
 3382 17374 937
 3872 16674 2413
 4164 16013 4238
 4314 14586 5210
 3751 14135 7029
 4111 12766 9058
 3868 10989 10655
 3638 9188 12723
 3362 8101 13343
 2675 5404 15625
 2343 4949 16786
 2031 2781 15248
 3346 7091 19625
 3136 3879 18346
 4108 6833 17296
 4084 5198 17564
 5044 6784 21347
 2928 -2278 23861
 1255 -7171 14294
 2840 -4548 15181
 1664 -7667 13426
 347 -6519 14978
Repetition End
1
 -159 -7995 14193
 -471 -7358 14652
 -624 -5697 14546
Repetition Start
 46 -6270 14788
 -82 -7041 14982
 1001 -8331 14690
 422 -10574 15134
 1241 -7810 18411
 -140 -2668 16978
 4600 325 17782
 1929 -237 16864
 2698 974 15790
 2305 3 16557
 2798 2086 16520
 2359 3917 16451
 3456 7350 13742
 3175 9562 13169
 3800 11554 10814
 3962 13939 8489
 4067 12716 6517
 4329 15430 4746
 4590 17165 3006
 5343 17452 1148
 4840 17096 -176
 4747 17336 -593
 4841 17026 -708
 5145 17483 -301
 5022 16838 -146
 4807 17063 -842
 5094 17546 -911
 4843 17279 -72
 4855 16601 142
 4890 16762 1084
 4928 16855 2183
 5073 16374 3042
 5282 15673 3536
 5457 15366 5179
 5285 14567 6131
 4987 12916 7437
 4560 12525 9301
 4451 11260 10327
 4203 11302 12294
 3075 7730 12713
 2552 5806 14050
 1200 3762 15613
 618 1679 16940
 3023 9192 17084
 3984 10523 16160
 4876 9007 17488
 3826 2116 27279
 -1399 -9940 11172
 1697 -4020 16023
 -726 -10206 13208
Repetition End
1
 599 -6982 15108
 375 -7181 14641
 214 -6306 14661
 315 -6285 14544
 255 -6278 14581
Repetition Start
 95 -6424 15040
 -1059 -10868 14794
 -1614 -10446 17918
 338 -7877 19953
 -2268 -1951 16326
 6147 -3385 14890
 3276 1248 18320
 2088 317 16080
 2102 3099 13700
 2563 5298 13514
 2924 9458 11821
 3267 10548 9336
 3597 11424 8056
 4127 14572 7943
 4606 14267 5599
 5095 16743 4981
 5244 15852 2990
 4454 16477 1612
 5886 17248 158
 4548 16975 -170
 5380 18112 19
 4842 17411 -233
 4456 15581 -388
 5210 17860 -571
 5024 17763 -367
 4576 16658 -184
 4969 17210 444
 4856 17053 1078
 5070 16870 1970
 5093 16237 2664
 5029 15898 3469
 5232 16959 5877
 5129 13187 5678
 4906 14328 7369
 5019 13353 8754
 3413 10155 9265
 4102 12291 11626
 3658 9933 11976
 3143 8547 13999
 4182 9826 13379
 4858 9145 16077
 3513 6351 18451
 2918 3045 16890
 1197 -2589 14241
 -671 -5583 14453
 1540 -7734 15039
 973 -2514 13656
 -663 -9001 12855
 -547 -7757 13985
 -361 -9634 15417
 -686 -8419 13981
Repetition End
1
 -338 -5472 14778
 -504 -6583 14790
 -113 -5999 14970
 633 -6018 14551
 760 -6011 14502
Repetition Start
 837 -6040 15360
 -307 -10022 13699
 -2550 -9900 16906
 -3017 -10070 20411
 3242 -6003 18097
 -501 -638 18575
 1914 -614 16571
 1334 2573 14652
 1889 3049 12731
 3519 6795 13347
 4323 10050 12259
 4771 10629 9094
 2911 12657 7792
 4485 14928 7612
 5710 15924 5333
 5133 15899 2747
 5127 16306 921
 5270 17861 113
 5019 17346 -703
 4928 17764 -960
 5030 17235 -426
 4687 17161 -310
 4847 16805 -109
 4780 16730 -225
 4785 17306 -35
 4799 17374 639
 4813 17016 694
 4886 16697 1217
 5114 16660 1747
 5207 16758 2114
 5179 16378 3117
 5259 15889 3707
 5124 15713 4489
 5047 15628 6306
 5401 14167 7089
 5021 14180 7622
 4762 13027 8819
 4581 11783 10265
 4383 12645 10773
 3852 10166 11511
 3472 9302 12192
 2892 7903 13490
 2312 7590 14269
 2420 8945 15928
 3559 8699 16954
 2339 1965 16611
 852 -2146 13222
 -771 -3672 21033
 1847 -7204 10625
 1946 -3090 14632
 907 -9214 14319
 1252 -7831 14550
Repetition End
1
 -13 -6835 14732
 -409 -7844 14406
 152 -4508 14140
 -360 -7204 14920
 26 -6025 14839
 -675 -7070 14375
Repetition Start
 -2038 -9656 17020
 -1591 -11149 11936
 -6335 -11779 19068
 4591 -1511 18707
 1512 -1906 16620
 3734 -874 16420
 1443 3020 15712
 1785 2333 14132
 2700 5327 15406
 3442 7234 13370
 3572 7673 13425
 4429 8643 14387
 5326 10397 13336
 4056 13176 12128
 4280 13435 7811
 3870 12297 5913
 4133 15810 5357
 4933 17367 3723
 4438 16895 1153
 5213 18562 206
 4443 17054 -831
 4570 17351 -1349
 4383 17124 -888
 4524 17082 -1339
 4850 17624 -871
 4898 17292 -434
 4865 17165 465
 4727 16523 655
 5068 16445 1620
 4880 16763 2552
 4847 16731 3876
 5032 15648 4191
 4947 16108 4962
 4431 15356 6370
 5195 13890 7048
 4663 14346 8610
 4211 12870 8374
 3443 11501 9270
 3599 12716 11215
 4170 10748 12273
 2817 8029 12948
 3464 7073 14050
 3584 6485 14394
 4682 4150 17957
 1547 -1874 10875
 1300 -3282 12698
 858 -4477 17683
 215 -5590 13076
 178 -4063 17004
 -1387 -7795 14556
 -537 -6784 15664
Repetition End
1
 535 -6229 14196
 -742 -6985 14572
 -300 -6280 14828
 -670 -6618 14782
 -688 -5529 14663
 -794 -6555 14759
Repetition Start
 -86 -6307 15525
 -2709 -6365 13842
 -4029 -7863 23037
 -2002 -4018 21675
 1811 407 16583
 1180 3098 17456
 542 2717 17135
 869 3633 16428
 3638 4370 14751
 2698 9955 13384
 3244 9069 12284
 3688 10548 10989
 4304 12431 10570
 4230 13193 10039
 4767 13519 7938
 4499 14210 6656
 4941 15287 5503
 4521 15417 3683
 4819 16808 2430
 4797 17292 1224
 4939 17447 -217
 4797 17521 -303
 4873 17164 -424
 5030 16889 -448
 4946 16709 -795
 4720 17381 -549
 4754 17135 -351
 4823 17265 117
 4812 17001 156
 4592 16716 745
 4704 16725 1271
 4846 16688 2153
 5485 16293 2795
 5285 16201 4033
 5312 15100 5811
 5000 14934 7235
 4599 13356 8040
 4833 12941 8681
 4458 11169 11149
 4485 10317 11763
 4341 9921 13636
 4162 4781 12132
 4159 6354 12276
 4113 4690 14006
 3717 6382 15704
 4441 7412 16158
 4914 7242 17794
 7245 -2209 24902
 150 -12989 11424
 3507 -920 14161
 1961 -11751 13063
 865 -6628 15205
Repetition End
1
 821 -7917 13527
 627 -6799 14810
 1034 -5510 14745
 208 -6933 14835
 -1046 -9392 13578
 1411 -9209 14978
 194 -9255 18664
Repetition Start
 4354 7718 14021
 5745 2263 19147
 1373 2990 14823
 3328 5298 14030
 2213 4589 13300
 2783 9071 14221
 3320 11778 14087
 3130 12115 11763
 3505 10180 10141
 2677 11647 11445
 3250 13040 12059
 3202 11650 11547
 3488 11957 10589
 3788 14479 9240
 3311 11833 5629
 3702 15408 3197
 5093 19073 1896
 3793 16943 391
 4466 17116 -951
 4421 17445 -1762
 4927 17383 -1992
 4567 17090 -2376
 4528 17236 -2522
 4632 17484 -2412
 4732 17319 -1812
 4967 17472 -1244
 4861 16612 -456
 5003 16899 136
 5066 16613 828
 5126 16331 1547
 5237 16553 2632
 4981 16610 2954
 5310 15827 4183
 4335 14888 6283
 4198 14587 7514
 3424 13634 10153
 3993 12875 10099
 3159 11545 12034
 2963 11472 13478
 4849 9302 10476
 4608 8646 14677
 2245 5617 14655
 3181 4853 14352
 2587 1207 14171
 3280 10884 15859
 2785 8571 17760
 1181 -5633 21473
 -1743 -200 15759
 -517 -8206 17502
 -1201 -12658 12878
 132 -6221 15768
Repetition End
1
 588 -8388 13768
 1040 -4728 14766
 93 -7740 13902
 47 -5862 13649
Repetition Start
 -1834 -11426 15350
 -1590 -15269 16489
 337 -3814 17238
 2475 -1748 20220
 3217 497 13776
 2516 2182 16120
 2252 3769 14428
 2576 6191 13171
 3906 8942 13492
 3435 10962 11835
 3052 10408 10281
 4547 12484 10324
 3918 12864 8062
 5013 14227 6476
 4692 14776 3817
 4359 16374 1358
 4662 18283 -465
 5147 17865 -1794
 5134 17540 -1930
 4757 17437 -2241
 4998 16927 -2365
 4939 17313 -2896
 5061 17220 -2225
 5023 16989 -1907
 4918 17001 -2080
 4171 16448 -755
 5039 16896 256
 4806 17017 956
 4676 16963 2144
 4724 16509 3605
 4280 16165 4662
 4383 15320 5208
 4366 14727 6626
 3332 13072 9465
 4103 12313 10833
 3445 11034 11421
 3919 7803 12345
 3549 5878 13977
 3670 6337 12947
 3364 4057 13979
 4387 2913 15586
 4235 3038 13520
 5801 5125 14189
 3440 265 22733
 -61 -8934 13411
 4384 -692 14770
 1414 -9087 18790
Repetition End
1
 1192 -3338 15723
 23 -6897 15207
 -406 -6867 15408
 201 -5781 16302
Repetition Start
 796 -8542 17242
 1619 -8787 11266
 -1153 -9429 20683
 51 2812 16020
 5833 3312 15131
 5209 7893 13516
 796 433 15426
 2122 3879 15425
 2173 6299 14070
 3336 6140 14020
 3186 8062 14210
 3564 8990 12379
 5600 11349 11730
 4049 11080 8020
 4098 14377 7827
 4201 14347 5958
 4355 15371 2823
 4941 17123 801
 4755 17709 75
 4501 16934 -1168
 4410 17020 -2273
 4660 17799 -3345
 4958 17842 -4065
 4728 17502 -3507
 5068 17128 -2608
 4869 17046 -2032
 4772 16911 -1827
 5028 16912 -1191
 5209 16962 53
 5363 16761 1569
 5244 16189 2974
 4979 15618 3963
 4978 14642 5502
 4742 14552 6848
 4583 13194 8275
 4072 10941 9553
 4416 11967 13204
 3161 9705 12557
 4249 6517 12144
 3134 4888 14200
 3013 4483 14636
 4379 8423 14193
 5630 3683 15423
 2756 -4899 23249
 79 -14681 13484
 2199 -3094 13545
 1786 -9482 14429
Repetition End
1
 553 -6672 15144
 -827 -8142 14768
 -901 -4933 15133
 396 -12058 10955
Repetition Start
 -1667 -12581 16758
 -1135 -11501 16192
 605 2036 18602
 2148 -824 17536
 1726 2163 15874
 1865 3303 13768
 3130 5747 14658
 3119 7213 12570
 2313 9128 10791
 4948 11719 10838
 4810 13412 9877
 4691 13789 7979
 5043 13924 5944
 4311 14773 4606
 5166 15972 2080
 4913 17616 1073
 4933 17335 -1302
 5003 18374 -2533
 4189 17517 -2544
 4403 16874 -3408
 4616 17633 -3993
 3907 16785 -4130
 4407 17291 -3290
 4625 17109 -2495
 4745 17265 -1851
 4776 17013 -747
 5126 16402 -42
 4881 16905 2080
 4969 16043 2585
 5634 15967 4186
 4663 12992 6437
 5272 12740 8562
 6026 11878 9594
 5184 10738 12661
 3879 7764 11580
 3402 6435 13152
 3085 5669 16113
 3874 7063 16404
 3895 5585 16203
 3343 2667 18695
 3859 -3592 30450
 -282 -5047 15608
 2705 -824 12464
 2821 -4212 15716
Repetition End
1
 1798 -8597 14438
 1755 -6957 13542
 539 -8797 13968
 490 -7128 13388
 -269 -6804 14127
Repetition Start
 -1047 -9168 13615
 -1625 -17870 15747
 -1454 -10696 16833
 11190 -2360 15282
 1101 1269 17058
 3329 4174 15984
 2706 2654 14869
 2360 4569 13531
 2146 6218 12082
 4264 8756 12254
 4080 9859 13149
 4135 10150 11860
 4073 11883 8006
 4881 14903 6314
 4202 14945 4379
 4639 15849 1180
 4252 17864 -1564
 3522 16996 -3435
 3941 18181 -4397
 4213 17899 -5321
 3778 16732 -5887
 3663 16931 -5527
 3644 17260 -4440
 3844 17344 -3669
 4010 17141 -2902
 4306 17082 -1844
 4460 17059 -520
 4655 16745 655
 4816 16767 1660
 3516 17242 3657
 5406 14956 5137
 3880 13161 5380
 4204 13219 8393
 4995 12987 10843
 3695 10553 10605
 4178 9918 11421
 2894 9798 11519
 4415 6571 15442
 3660 5783 14981
 2721 1466 15068
 1119 -1231 12328
 4025 -2324 26585
 212 -12507 12521
 2673 -4409 15107
 -200 -9099 12827
Repetition End
1
 2407 -6215 13566
 2913 -7013 16298
 337 -6353 14052
 327 -5924 14771
Repetition Start
 -881 -7860 8504
 -821 -9377 20202
 428 -8087 15843
 10883 -2745 18561
 3600 -912 4923
 2841 1662 14479
 1363 3443 16003
 4146 4512 15302
 2041 6439 13537
 3095 8040 12805
 3019 9832 13026
 1537 10515 11114
 3846 12216 9762
 3758 12997 7391
 4441 13468 4038
 5233 16835 2150
 4780 17607 311
 4971 17368 -1640
 5465 17645 -3180
 5501 17259 -4017
 5220 17254 -4719
 5275 16123 -5356
 5187 16794 -4901
 5230 16639 -4426
 4964 16553 -4086
 5231 17331 -2992
 5250 16878 -2751
 5211 16973 -1352
 5320 16825 92
 5236 16259 1187
 4991 16250 1811
 5538 15041 3230
 4506 13466 6263
 3170 13187 8009
 4940 11973 11152
 2224 9715 11695
 3065 9771 12525
 3718 9660 14222
 3111 6845 15147
 2980 1507 14319
 1979 -1435 11620
 3169 -944 31073
Repetition End
1
 1474 -6091 10128
 1644 -4038 14400
 2618 -6123 15993
 993 -6919 15676
 152 -7096 15027
 571 -6450 14984
 196 -5584 14473
 130 -5814 14953
 10 -6296 14872
 2033 -5933 13979
 -25 -4429 13981
 -124 -4635 14886
 1751 -5233 14498
 5029 -8794 12670
 3908 -517 14119
 1926 -512 16755
 4678 -1491 16792
 5303 6695 16500
 2441 -129 17047
 3244 4328 13665
 5918 4818 10709
 -365 2944 12187
 1772 7273 11373
 10074 10128 15108
 1363 5053 16000
 2123 6359 15478
 4257 6379 16326
 2675 2776 15095
 3247 5535 16141
 3249 3982 17514
 3251 2543 15265
 3312 3971 14216
 3096 5953 12041
 847 6534 13919
 2779 6654 15587
 4104 12411 17769
 3925 10480 14702
 823 3015 14775
 4596 8569 17105
 2301 3357 15319
 3065 5501 14510
 3810 6630 14170
 3426 7430 14169
 665 5278 13455
 1800 8237 13909
 1277 4388 15970
 3504 8798 8764
 3411 4206 8583
 10295 -4458 27744
 -5500 -13232 10580
 11184 -60 19423
 7997 1085 18304
 7205 -7543 16257
 2691 -9426 14311
 1155 -6306 14571
 2044 -7503 16726
 1708 -5606 13652
 1628 -4629 15719
 4296 -8069 20158
 -752 -6327 13154
 884 -2975 17923
 -170 -5592 15187
 566 -3959 15982
 698 -5286 15533
 1632 -5076 15496
 1781 -3681 14258
 1622 -4942 14855
 -122 -6280 15414
 832 -4038 15046
 1360 -5446 15221
 1642 -4715 14924
 1710 -4327 14936
 478 -5287 15340
 619 -4492 15271
 577 -4799 15454
 713 -4300 15052
 106 -4653 15370
 505 -5284 15206
 253 -5006 15029
 70 -4040 15337
 1083 -4494 15402
 1139 -4922 15148
 1043 -4854 15477
 887 -4335 15101
 1057 -4334 15501
 1050 -4579 15206
 830 -4635 15766
 669 -4938 15406
 950 -5846 16051
 -917 -10595 15939
 -2036 -9060 25053
 -871 -15991 20678
 4649 3282 17991
Repetition Start
 2512 688 18334
 2254 2909 16712
 1526 1690 16455
 722 3218 15030
 4716 6625 14823
 4573 7976 13499
 4085 9779 11752
 4345 11548 9961
 3178 13148 6601
 2969 14815 4028
 2901 16504 1946
 4011 18931 -367
 4020 17555 -1715
 4057 17258 -2935
 4233 18567 -3152
 4388 17776 -2881
 4522 17345 -2459
 4477 16660 -1586
 5236 16640 -227
 5132 16837 1015
 5247 16876 2083
 5198 16200 2840
 5098 16026 3785
 5321 16093 5330
 3616 13192 6414
 4775 12462 8998
 4144 11677 9967
 3862 10900 12340
 3840 7501 12817
 4296 5793 12913
 3991 4963 14439
 3418 4680 15916
 3398 3499 15697
 3404 -824 15253
 3509 -3640 15186
 3916 -4329 17569
 2400 -4757 14522
 4506 -3703 14979
Repetition End
1
 4192 -6643 14583
 948 -6399 13825
 495 -8566 15188
 183 -7115 14303
Repetition Start
 122 -6467 15294
 435 -6064 15043
 165 -7795 9892
 987 -11608 18208
 -5366 -10914 24831
 4036 3524 14018
 468 1284 19008
 2082 1970 17473
 1275 499 15150
 3121 6093 16246
 3876 7467 15008
 3276 8897 11945
 3072 9187 9384
 4660 11590 7637
 3886 13292 4711
 5165 16850 3745
 4581 16189 1074
 4668 18248 -779
 4228 17745 -2151
 4881 17680 -3278
 4931 17057 -3180
 5136 16557 -3911
 5415 17453 -2906
 5142 17002 -1987
 5444 17004 -1483
 5123 17183 -821
 5217 16886 47
 5113 17085 888
 5478 16236 1780
 5199 16342 2791
 4982 16326 3932
 5174 16351 5942
 6127 13884 10814
 7777 11760 8763
 3384 11919 11552
 3855 10005 12268
 4838 9247 13522
 3293 8876 14164
 4247 5303 13869
 3914 3186 14716
 2987 -1130 13955
 2673 -1780 10870
 8193 1181 28382
 1338 -17468 14549
 2483 -4512 14328
Repetition End
1
 1361 -10032 13877
 -315 -8853 13526
 -1039 -7099 12722
 -275 -7083 14223
Repetition Start
 3220 -2972 14820
 -2847 -11814 12405
 -1972 -12734 19219
 -3577 -11188 17285
 2552 405 16325
 3012 3045 16455
 3068 3256 13745
 3044 4905 12765
 4414 5148 14388
 2767 7175 12311
 4477 8358 11069
 3706 9906 9810
 4953 13993 9336
 4683 13771 6914
 5175 15139 5837
 5159 13557 3309
 5046 17122 1894
 5098 17668 625
 5261 16431 -145
 4808 17640 -1322
 4612 16930 -1733
 5172 17029 -2543
 4982 17934 -2674
 4688 17302 -2562
 4665 17361 -1652
 4966 17205 -1076
 4833 16800 -635
 5156 16752 679
 5271 16898 2187
 5354 16269 2830
 4972 17360 4742
 4677 12405 7176
 5010 12540 7399
 4557 12256 10895
 5192 11110 10888
 5229 11033 11820
 3539 8679 12877
 3763 6162 13880
 2276 3245 14159
 2651 3593 14863
 2169 3368 15502
 1548 622 14817
 2730 -988 31724
 1056 -14298 12092
 2777 253 15005
 1109 -7874 13529
 -627 -8201 15289
Repetition End
1
 -1913 -8225 14257
 -4968 -12783 15600
 -784 -3411 18635
Repetition Start
 -2271 -16192 15434
 2762 1230 15090
 1028 2559 18829
 1133 -1883 14413
 1797 2217 14453
 3506 4857 14276
 2954 5258 13353
 1730 8014 13096
 2857 9001 12278
 4328 9060 12489
 5078 11272 11401
 5505 11363 10623
 5369 12213 8972
 5053 12324 6357
 5561 13902 3820
 5020 15999 1598
 5503 18925 -565
 5282 17789 -1596
 5295 16976 -3066
 4765 16905 -4028
 5023 17363 -4747
 5007 17318 -4054
 5181 17179 -3194
 4958 17176 -2199
 5233 16897 -1579
 5134 16991 -751
 4751 16389 994
 5022 16219 2077
 5140 15473 3173
 5265 15887 5398
 4782 14466 6434
 5267 11036 4945
 5436 12031 8935
 3857 11315 12182
 4811 8625 13728
 4560 8901 13951
 4636 7062 14991
 3809 6151 14677
 1908 6820 16374
 3166 4791 15449
 768 419 14824
 1426 -4979 15547
 -277 -5667 14216
 1847 -2640 15803
 2230 -6544 15982
Repetition End
1
 87 -8319 16664
 -109 -8048 15041
 23 -6632 15573
 1094 -4990 16757
Repetition Start
 -2519 -14849 21951
 -5728 -21660 15094
 4636 2865 16387
 311 1567 17453
 2524 3817 16488
 2799 4722 17468
 4687 4834 13503
 1419 4288 12986
 3047 8888 12841
 2410 11523 11316
 3162 10685 9832
 4571 11591 8340
 3675 13560 6440
 4280 14940 5095
 4531 16025 3139
 4438 16560 1123
 5854 17602 317
 5398 18214 -1021
 5987 18852 -1282
 5414 16262 -2521
 5786 16897 -1978
 5484 16651 -516
 5998 17081 365
 5506 16594 618
 5475 16531 1633
 5760 16510 2993
 5772 16310 3885
 5178 15675 5148
 5714 14937 6017
 5546 14787 7076
 4959 13524 9617
 5945 10777 10491
 4948 10705 11334
 4994 8918 11561
 4876 7378 11450
 4071 6540 15969
 4335 6376 15388
 3529 4633 16184
 3334 1342 16098
 1787 -1170 14349
 5704 -4969 30812
 -742 -9176 15637
 2220 -2519 14741
Repetition End
1
 201 -8928 13247
 3704 -6384 14163
 2193 -9798 11967
 649 -7621 14688
 -1902 -6212 16274
Repetition Start
 -365 -13177 17263
 -5907 -15597 15913
 426 -9626 19835
 4460 689 14726
 2337 -1020 19858
 2876 2584 17810
 3013 5594 12162
 5418 7097 12947
 5166 6155 13176
 4864 7152 12491
 4108 10070 13107
 5847 11911 12785
 6837 11310 11306
 5589 10910 10751
 5609 11467 8339
 5633 13076 6731
 4755 14845 5247
 4791 16238 3544
 4923 17060 974
 5157 16977 -926
 5271 17151 -2136
 5132 17473 -3102
 4863 17197 -3684
 5349 17594 -3542
 5066 17153 -2898
 5192 17139 -1954
 4853 16867 -1379
 5463 16779 -184
 5285 17174 681
 5720 16036 2315
 5637 15599 3748
 5576 15149 4617
 5079 14698 6536
 5740 12925 8123
 4298 12494 9666
 6984 10097 10156
 4149 10408 12377
 4749 7998 12388
 3781 7931 13474
 3100 5586 14013
 3344 2894 13835
 3516 -1024 13267
 5744 2929 30282
 -4510 -17630 12827
 2354 2981 13066
Repetition End
1
 -280 -8978 14654
 -173 -9844 15418
 -227 -7112 14121
 -504 -7997 15671
Repetition Start
 156 -7068 15360
 -1271 -11093 14145
 -3774 -19822 17359
 127 -13118 8782
 4265 -3815 16167
 2358 1129 15428
 4501 5236 14888
 1930 6380 14165
 2263 7515 12757
 5332 10239 11929
 5232 8415 11322
 4262 11003 11702
 3057 11684 8675
 4292 13402 7111
 4580 15595 6158
 4730 16414 3440
 4097 16716 1140
 4775 17240 -416
 4825 17537 -1738
 4887 17846 -2057
 4836 17664 -3057
 5000 16762 -3221
 4608 17122 -3041
 5062 17282 -1961
 5107 16603 -1546
 4936 17050 -600
 4806 16892 -243
 4832 16879 386
 5082 17019 1344
 5084 16592 1975
 5218 16364 3233
 4996 15722 3149
 4942 16253 3329
 4841 17178 5210
 5361 15046 7108
 4022 15571 7459
 6053 6510 8562
 3064 11445 10759
 3937 10200 12926
 4506 9200 12812
 3345 6873 13294
 3527 6115 14630
 3896 4240 14697
 3021 4351 16190
 2612 1723 14354
 3678 2608 14446
 3594 1178 18332
 342 -8049 14168
 1617 -3509 13555
 1765 -8563 13814
Repetition End
1
 205 -7898 14159
 356 -8590 15002
 322 -6269 14762
Repetition Start
 -1223 -10126 15423
 -959 -9391 13177
 -961 -7956 15491
 2151 -2120 15273
 -6727 4789 18368
 2199 -453 17573
 308 2107 16192
 1463 1336 15215
 1125 1597 15502
 2463 4678 15462
 3867 5304 15022
 4976 6339 15135
 5125 9072 13949
 5125 8523 12331
 4632 10199 10759
 6429 14976 9336
 6210 12865 7253
 5609 13581 5469
 6423 15388 3028
 6418 16354 1460
 6483 17427 -1003
 5400 17633 -1653
 5364 16979 -3043
 5403 17062 -3253
 5263 16973 -4050
 4925 16909 -4035
 4997 17899 -3368
 4798 17221 -2838
 5398 15913 706
 5147 15676 -1269
 5952 17258 -92
 5870 16218 1104
 5825 16885 2365
 5910 16067 3165
 5277 15620 5068
 4581 11480 4264
 5494 14809 11568
 5847 12822 9023
 5341 12070 10905
 6134 10988 11531
 3899 8753 12141
 4662 7451 13331
 4292 6793 14236
 3774 5466 14892
 3682 4325 14804
 3085 2887 15073
 3334 805 14735
 3984 150 26942
 -1536 -13799 15787
 2749 668 12450
 1003 -4946 15236
Repetition End
1
 528 -7140 14996
 1181 -4795 14746
 13 -7773 14309
 -542 -7440 15069
 916 -5936 14315
 1002 -5871 15472
 932 -6673 12912
Repetition Start
 -3098 -10941 16224
 -1446 -12024 21016
 2156 -5344 17273
 4512 1095 18202
 2730 101 15440
 1905 1272 20843
 4104 3866 15634
 3009 4486 13506
 3991 6250 12367
 4215 8255 13186
 5227 9464 13325
 5446 10136 11573
 4332 9791 11742
 3985 11392 9703
 4645 12637 9490
 3565 13763 7796
 3945 14136 5899
 4618 15252 3948
 4732 16202 1295
 4984 17270 -33
 5197 17672 -1575
 5992 17003 -3219
 6153 16952 -4060
 5543 17016 -4145
 5290 17506 -3566
 5343 16560 -3457
 5820 16742 -2663
 5938 16995 -2653
 5438 16428 -2059
 5593 16784 -2369
 5292 17088 -1303
 5350 16994 -681
 5270 16689 103
 5376 16089 814
 5107 16070 2515
 4566 16176 4024
 4444 15483 6227
 5386 14247 7262
 4935 13300 8762
 3841 11799 10063
 4102 9240 12315
 3809 7820 13322
 5127 7536 12835
 2853 8654 15136
 2056 4075 14377
 1959 2285 14719
 2964 1389 15702
 3041 4371 14853
 2171 -224 16524
 -2129 -9018 20722
 278 -4471 14940
 -26 -4962 14656
 -270 -6800 14803
 -833 -9457 14722
Repetition End
1
 -908 -6139 14836
 -551 -7367 15091
 -3516 -7778 16938
 -1423 -5285 21042
Repetition Start
 -3265 -18804 16645
 1578 4362 19298
 -269 -2283 18491
 2418 1104 15881
 2908 4572 14485
 3416 4789 13519
 1837 8056 14075
 1256 7049 12287
 3640 9045 13783
 4495 9878 13318
 5115 13769 11249
 4593 12125 9483
 4513 11838 7051
 4268 13039 5314
 4992 16190 3716
 4993 16900 676
 4684 18026 -343
 5164 17675 -2597
 5152 17075 -3533
 5136 17453 -3137
 4516 16910 -4311
 4899 17488 -4191
 4797 17128 -3871
 4492 16210 -3392
 4622 17512 -2450
 4930 16737 -1771
 4519 16137 -1642
 4781 17745 -797
 4904 16272 496
 5333 16484 1365
 4771 17401 3266
 3866 14127 3907
 6743 15742 7354
 6301 15762 5768
 4041 12133 9263
 4943 11209 10673
 6936 8363 9811
 3263 7114 12009
 4393 5970 13683
 3233 3689 14944
 2699 270 15480
 501 -1869 12115
 3028 -1452 31708
 -1363 -14611 14771
 1613 383 16521
 -393 -8815 16020
Repetition End
1
 -128 -7884 15294
 533 -7154 14198
 114 -7423 15519
 7419 -13002 20543
 864 -14594 1187
Repetition Start
 -2816 -9481 13260
 1789 938 20234
 3110 -2689 14107
 1587 277 13466
 1976 5159 14798
 2829 5954 15372
 1769 7320 13717
 4007 7096 12757
 2622 9694 13360
 2689 11207 12731
 5653 11380 9884
 3466 12046 8332
 3926 11840 4668
 4678 16833 3947
 4833 16885 2079
 4504 17342 212
 4531 16954 -980
 4462 17484 -2296
 4721 18248 -3610
 5039 17569 -4580
 5428 16519 -4993
 4987 17227 -4054
 5219 16725 -3606
 5276 17396 -2390
 5164 16805 -2084
 5162 17210 -1396
 4967 16780 -628
 5355 16739 377
 5273 16345 1342
 5474 16310 2472
 5714 16041 3524
 5814 15439 3642
 5608 13612 6698
 5276 12393 8792
 5289 11724 9798
 5073 11457 11332
 5241 10881 12768
 6695 9283 12635
 4459 5708 13931
 4402 5430 13312
 4263 3930 14782
 2343 1971 15704
 3464 683 14457
 6322 -3971 28952
 -1249 -13702 13581
Repetition End
1
 2623 -2353 14343
 1236 -9617 14703
 582 -7667 14361
 260 -5405 15128
Repetition Start
 767 -5689 14877
 -932 -13901 8423
 1878 -6067 21458
 -1250 -11747 14343
 4239 6546 16590
 3064 -2802 16905
 2373 184 15718
 1363 3607 13393
 3347 4701 13769
 4899 5085 14187
 3072 7905 14219
 3227 9074 13962
 3689 9557 12710
 4791 9115 9801
 3674 11730 9556
 3166 12351 7657
 3901 13707 5487
 5051 16599 4144
 4642 17306 1331
 4512 17553 -640
 4338 16766 -2221
 4599 17260 -3443
 4554 17374 -4511
 4589 17228 -5309
 4832 16927 -5176
 4822 17396 -4504
 4765 16735 -3875
 5076 17220 -2896
 5012 17307 -1386
 5552 16239 -2069
 5558 16567 -645
 5168 16735 1299
 4725 14829 3926
 5866 16654 4249
 5335 15178 5601
 6668 12586 6036
 7202 16126 9019
 4433 12532 9940
 6345 9925 9960
 5533 10675 11251
 4443 9606 13293
 4856 8146 14172
 4628 6553 14244
 3909 4686 13798
 3615 3132 14485
 3897 2794 13901
 2381 -5073 23639
 1133 -5620 13602
 2719 -3987 14283
Repetition End
1
 3249 -7166 15955
 3030 -6665 14616
 3097 -7106 15710
 2496 -6981 15112
Repetition Start
 952 -3938 13834
 523 -5517 14602
 871 -5217 15179
 546 -6050 14881
 1036 -15286 6441
 1049 -7765 15945
 1917 -3537 15616
 2034 -7058 15079
 2262 -5468 15578
 175 -4218 15237
 577 -6137 15704
 552 -5212 14692
 952 -4165 14826
 1519 -6039 14848
 968 -5251 15319
 817 -6059 15100
 867 -5136 15613
 1565 -4555 14532
 757 -4846 15306
 816 -3636 15497
 -606 -4874 14812
 -376 -5806 14794
 276 -4567 14681
 416 -4899 14828
 -211 -5676 14896
 -1463 -4854 15756
 690 -4182 15573
 -83 -4631 15537
 -235 -4898 15043
 582 -5720 15152
