-98 -5600 14696
 1716 -6390 13951
 904 -6159 14473
 -959 -6760 15786
 1272 -6638 13916
 3450 -7910 12124
 2479 -7049 15724
 1750 -6503 15051
 2016 -6330 14630
 2674 -7280 13944
 1620 -7323 15341
 1722 -7151 13688
 1199 -6887 14811
 1731 -7084 14741
 2115 -7022 14208
 2246 -5682 13404
 3971 -7526 13537
 -585 -5910 15332
 1895 -7171 14686
 1669 -7479 13701
 1294 -7745 14206
 957 -7111 13964
 154 -7235 14070
 -157 -7242 15209
 -250 -7442 14689
 -1152 -6485 14984
 27 -6151 14592
 698 -7692 11917
 -102 -5899 13510
 1143 -3014 13161
 3665 -11793 19050
 -2113 -2461 12537
 832 -7895 16083
 -1404 -11420 12356
 -125 -8014 13192
 -774 -6945 17135
 684 -1831 16023
 131 -10303 14067
 -674 -9038 13671
 -1002 -7689 13142
 -1183 -8944 15439
 1063 -3902 10669
 -206 -8192 14261
 332 -7543 13387
 308 -8529 12761
 1623 -7229 14157
 673 -7421 14665
 631 -7119 13732
 -102 -6903 14381
 -1296 -7771 13014
 -465 -6825 13141
 302 -10889 10893
 593 -4619 13746
 -2037 -5991 13544
 -2019 -4516 14249
 -945 -5045 15133
 1497 -6026 14665
 721 -5801 14987
 -822 -5610 14390
 156 -6352 14739
 351 -4188 14854
 -1548 -6337 14635
 -808 -5434 14483
 103 -5732 14563
 -549 -5615 14442
 -329 -5814 15010
 -376 -5556 14955
 -640 -5433 14870
 -41 -6080 14555
 51 -5886 15120
 -137 -6215 14849
 -364 -6137 14607
 -230 -5795 14835
 -372 -6166 14574
 -347 -5878 14674
 -567 -6208 14783
 -218 -6328 15127
 -349 -6434 14661
 -81 -6386 14545
 -118 -6656 14538
 -232 -6194 14946
 -394 -6174 14663
 -315 -6032 14522
 -348 -6071 14773
 -357 -6208 14415
 -374 -5914 14635
 -487 -5893 14714
 -502 -6141 14434
 -314 -6005 14831
 -388 -5992 14751
 -339 -6027 14684
 -360 -6092 14646
 -211 -6096 14684
 -138 -6216 14303
 -360 -6036 14406
 -254 -6316 14659
 -242 -6364 14674
 -158 -6057 14371
 -171 -6226 14649
 -131 -6286 14540
 -147 -6270 14670
 -253 -6265 14677
 -120 -6451 14663
 -388 -6223 14723
 -366 -6344 14691
 -272 -6313 14651
 -532 -6345 14679
 -130 -6452 14533
 -93 -6372 14653
 181 -6290 14579
 50 -6219 14471
 -74 -6321 14478
 59 -6465 14413
 56 -6529 14689
 -246 -6083 14321
 -136 -6339 14585
 135 -6320 14577
 137 -6349 14430
 -83 -6497 14862
 57 -5984 14600
 -230 -6069 14329
 -286 -6468 14593
 43 -6378 14176
 -101 -5763 14584
 131 -6367 14548
 72 -6400 14672
 -321 -6406 14743
 -168 -6115 14598
 -234 -6495 14442
 -257 -6409 14655
 -220 -6370 14663
 -182 -6411 14604
 -32 -6481 14704
 -71 -6466 14192
 -529 -6488 14700
 -337 -6280 14349
 -209 -6501 14522
 -270 -6179 14692
 -306 -6009 14993
 -418 -5903 14653
 -320 -6283 14790
 -347 -6020 14745
 -365 -6071 14673
 -414 -6094 14705
 -427 -6052 14608
 -536 -6189 14783
 -286 -6204 14430
 -544 -6034 14664
 -387 -5866 14672
 -406 -6239 14684
 -463 -6059 14748
 -447 -5978 14543
 -345 -6046 14706
 -258 -6116 14556
 -259 -6030 14555
 -341 -6156 14700
 -377 -6027 14764
Repetition Start
 -298 -6101 14581
 -548 -6046 14680
 -263 -6082 14552
 -84 -5719 14336
 -585 -4858 15611
 -2762 -6993 15072
 -5017 -19164 14963
 -1531 -8835 17637
 884 -1730 16027
 3658 3878 20796
 3217 830 16516
 784 217 14566
 3310 1504 13989
 3398 4794 15971
 2769 5096 14230
 3307 7174 13450
 3294 8616 13191
 3338 10211 12039
 4899 11185 9847
 4908 12242 8861
 3572 12878 7227
 5209 14847 5569
 3785 16647 3390
 4166 17546 1444
 4837 18321 939
 4343 17140 561
 4384 16572 -357
 4239 17845 37
 4235 17308 225
 4260 16985 -169
 4855 16711 325
 4499 17269 1152
 4978 17654 2553
 5122 15661 3209
 4914 15416 4036
 5585 15509 5824
 5414 14086 6287
 5355 13349 7158
 4977 13894 8566
 5663 11263 9381
 5536 10361 10755
 5146 10862 13061
 5070 8056 13355
 4227 6477 14178
 4208 3224 13024
 842 608 16504
 3997 78 16316
 3179 -253 16258
 5133 -683 17775
 3419 -4992 16243
 1477 -5073 12078
 3555 -7029 16395
 1124 -11961 14961
 -768 -10561 13550
 2458 -4642 14362
Repetition End
1
 821 -7946 13690
 748 -7261 14360
 738 -6615 16329
 -1619 -13359 12435
 -1246 -10799 17785
Repetition Start
 -1632 -7686 15132
 2691 -11970 13237
 3414 -3986 21385
 2725 799 17348
 3311 -485 14769
 4282 2530 15082
 4197 4582 16209
 4668 5909 12016
 5006 8875 11486
 4375 10610 9990
 4182 12597 10489
 4463 12454 6695
 4725 14785 4626
 4270 17039 4265
 5196 17877 2672
 5069 16995 1674
 6777 17922 5835
 6106 16738 2397
 4416 18234 284
 5045 16455 -780
 4843 17468 -452
 4827 17274 181
 5189 17093 708
 5198 16888 1099
 5190 16883 1866
 5736 16230 3067
 5404 16106 4085
 5528 15144 5046
 5488 14095 7228
 5934 13087 7763
 5150 13224 9255
 4885 10594 9517
 4838 9971 11251
 4467 8835 12861
 4259 7767 13381
 4116 6408 13887
 4634 4455 14534
 4234 2015 16083
 3318 1256 16286
 1796 794 15245
 3080 268 13799
 6305 514 25336
 -1375 -11549 13477
Repetition End
1
 1591 -2345 15769
 1174 -9310 14099
 709 -7541 12144
 -653 -11915 13795
Repetition Start
 -531 -4774 14986
 -532 -8540 13390
 -423 -9561 12377
 -1856 -10314 13140
 -489 -2955 21926
 -1264 -2722 13831
 2525 -3031 18661
 1724 -1421 17202
 5483 -2196 18062
 3431 587 16602
 2969 4239 14921
 3001 5731 14032
 4308 8039 13731
 3926 10894 10506
 884 10289 8032
 4787 13074 6484
 5908 15014 4450
 5168 15384 2139
 5080 19177 531
 5056 18085 130
 4257 16204 -525
 5081 17337 -670
 5110 17113 -904
 5405 17488 -200
 5296 17024 144
 5318 17021 928
 5261 16822 2226
 5673 15898 2839
 5201 15784 4242
 5599 15308 5962
 5404 14369 6683
 5231 13526 7964
 4860 12794 9064
 5356 11680 10270
 4394 9219 11610
 3623 9214 13588
 3950 6419 14741
 3712 4354 14440
 3231 2811 15937
 1459 3227 15294
 1872 1378 16216
 261 930 16261
 1568 -2041 19182
 652 -5506 18241
 2256 -9140 11803
 101 -7810 14069
 -868 -8510 14306
Repetition End
1
 -1742 -8963 14747
 -2760 -6882 10647
 -1576 -12441 14824
 85 -4454 14295
Repetition Start
 -1183 -1670 20589
 2470 -3875 18668
 -218 -3286 15441
 1032 -1040 14866
 368 2338 15166
 4190 4759 13603
 3278 7395 13965
 4479 9879 9614
 4782 10995 9367
 4616 12684 8242
 5491 13747 5995
 5504 16654 6394
 4749 14884 3582
 5395 16533 2925
 5534 17385 2060
 4857 17765 1234
 4112 16488 707
 4436 16295 495
 5060 17714 884
 4556 16973 802
 4869 17194 1166
 4898 17144 1979
 4754 16614 3094
 4988 15753 4112
 4739 15833 4401
 4797 15878 5975
 4627 14738 6611
 4406 14208 7789
 4048 13223 8958
 4195 11349 9670
 3350 12256 11829
 5134 8762 12147
 4467 7102 12688
 3087 4852 14269
 1127 4720 15274
 3199 4581 18301
 2184 6203 18292
 2900 1856 17129
 4392 -216 27509
 -181 -5294 14045
 2762 -7937 18222
 485 -8545 14079
 470 -8716 13703
Repetition End
1
 -938 -7660 14008
 941 -10802 13537
 -262 -7975 16414
 1954 -4057 11652
Repetition Start
 -3227 4053 19286
 -416 650 19164
 3850 3214 15008
 1517 4220 14343
 3439 7188 13820
 3198 7664 14364
 4654 6838 11084
 4353 11648 8382
 4252 12398 7189
 5295 13440 6210
 4840 16276 5423
 4801 16416 3362
 4654 17743 1954
 5294 16980 1708
 4749 16599 430
 5431 17331 412
 5317 16677 455
 4965 16847 10
 4664 18022 583
 4602 17112 1215
 5014 16726 1976
 5036 16632 2732
 5321 16250 3667
 5338 15791 4715
 5349 15516 5423
 5107 14911 6006
 5040 14910 6908
 5649 12813 8023
 4970 12401 9371
 3771 11746 10849
 5386 10001 10765
 3912 8696 11841
 4834 6537 13237
 2978 5696 14627
 3071 3499 15462
 3195 2381 15842
 3634 125 15436
 3958 44 16742
 2330 -6049 16200
 434 -9788 13102
 2886 -10603 14916
 892 -8061 11725
Repetition End
1
 519 -10899 14500
 -220 -7527 12649
 -3411 -11661 12986
 -1216 -15280 17677
Repetition Start
 10817 112 17411
 705 -3523 17268
 2035 -1522 15548
 1520 2974 12594
 1992 7408 12052
 4752 10172 9159
 4170 12026 10181
 4325 11766 9575
 5480 13816 10240
 2918 11699 7237
 4535 14573 4925
 4800 15929 3812
 5143 17624 1677
 5123 18214 1191
 4985 17834 484
 5177 17346 47
 4449 16892 -794
 4746 17419 -848
 4834 16935 -740
 5037 17551 410
 4951 17201 581
 4858 16525 1787
 5234 16553 2595
 5002 16048 3205
 5895 15902 4487
 6044 15296 5071
 5963 13902 6102
 5653 14393 7235
 5716 13124 8345
 5051 12952 9654
 4108 11402 10569
 3878 7502 11176
 4356 7581 13395
 2929 4186 15807
 1510 -61 13065
 2181 -378 14930
 378 -2027 14673
 5079 -100 26580
 -783 -16856 13829
 1120 -2907 13906
 -30 -10251 10889
 -2168 -7382 15804
Repetition End
1
 -2565 -8835 13630
 -1973 -12102 18631
 -496 -8684 16556
Repetition Start
 2052 -2605 18210
 -4504 3630 21704
 368 -1624 19518
 287 1236 17066
 2049 2848 13772
 3862 5294 13049
 1370 6956 11741
 203 8840 11179
 4144 13850 8605
 3778 13162 6831
 4457 14673 5567
 4362 16044 3462
 5017 17271 1453
 5558 18498 781
 4881 17433 -52
 5247 16751 -1531
 5146 18334 -1420
 5052 16997 -718
 4937 17193 226
 5125 16839 952
 5172 17137 1808
 4766 16184 3128
 5184 15714 3709
 5404 15931 5775
 5036 14957 6925
 4289 13063 7495
 4681 12536 9126
 4590 11155 10372
 4615 8940 11090
 4338 7320 11298
 3891 7110 15653
 4301 4818 16451
 3279 4329 19730
 1942 -1742 17620
 1627 -4088 22597
 952 -5868 13325
 2365 -5791 14615
Repetition End
1
 -114 -9524 12592
 905 -7926 14974
 -515 -11213 14162
 -1321 -7937 15906
Repetition Start
 -1683 -16500 19139
 -1168 -5993 11897
 5515 585 15962
 239 1639 17405
 4868 139 16443
 3714 3661 12983
 2035 4752 13413
 5178 9233 12115
 5130 8782 11351
 5543 10508 9427
 6108 11283 8188
 3675 13231 6035
 5617 16382 4809
 5177 17446 2359
 5025 18081 750
 5653 18189 -19
 4881 16661 -971
 5175 17248 -1905
 5523 17596 -1813
 5505 17314 -1063
 5381 16968 -268
 5376 17033 718
 5834 16240 1253
 5600 16940 3475
 5839 15032 4538
 5529 15173 5252
 6128 14154 7470
 5873 13479 7558
 5806 12070 8155
 5426 9775 11059
 4142 7326 10137
 5763 3551 13274
 4191 4086 16286
 3318 -1741 16060
 1093 -5734 14247
 5124 -2912 16288
 -1168 -1496 11897
 1312 -5727 14428
 -895 -11111 12181
Repetition End
1
 470 -10082 15929
 -632 -8939 13931
 -3765 -15461 17952
 528 -9507 16642
Repetition Start
 6461 -360 15667
 3537 -350 21860
 5564 -738 15646
 1473 213 14451
 3477 5066 14327
 4132 6905 12858
 5119 5313 12548
 4402 9599 10439
 4278 10694 9850
 6161 11563 7236
 4574 14208 5934
 5705 14803 4269
 6108 16429 794
 5729 18148 -252
 6212 18446 -2350
 5728 18974 -2513
 4857 16490 -2726
 5152 17125 -1909
 5130 16811 -1216
 5014 17192 31
 5236 17050 801
 5284 17218 1809
 5071 15982 2157
 5601 16664 3922
 5106 15742 5953
 5078 14846 5982
 5094 13880 7518
 6725 13881 6656
 5350 13001 8705
 4981 10495 10037
 5269 8042 10325
 487 6638 14656
 3045 5160 15557
 3724 3157 16702
 1527 -201 13549
 1911 -795 13227
 2536 -4528 11062
 5026 -2523 21642
 -184 -17847 15046
 1649 -4749 13315
Repetition End
1
 442 -8116 14047
 -2213 -8263 15002
 -3892 -10893 18390
Repetition Start
 1159 -6976 16940
 2399 -5552 16814
 6820 -4104 20391
 2380 -4535 22252
 1429 -1554 15485
 3341 2673 15180
 1940 5340 15611
 4703 2887 12392
 2991 8744 11202
 2553 11351 10571
 4021 11328 6392
 3829 14673 5957
 3775 15310 5389
 4884 17719 3605
 4425 17493 1187
 4184 18078 360
 4794 18063 -922
 4575 17493 -2008
 4819 17107 -2198
 5012 17137 -1437
 5183 17123 -621
 5184 17320 99
 5150 16720 801
 5655 16775 1731
 5601 16229 2353
 5064 15883 3343
 5888 14779 5242
 5706 14425 6684
 5400 13360 8020
 5595 14326 8718
 5842 11718 9525
 5015 10476 11643
 3973 8897 11996
 4781 7175 13554
 3477 5790 12832
 5114 -2811 14422
 3115 3946 14284
 3811 3862 15366
 6653 3900 28833
 -581 -7078 14637
 4863 -4344 17908
Repetition End
1
 732 -7917 13595
 -1202 -18398 14310
 710 -5810 14048
 -1808 -14672 17942
Repetition Start
 1779 -7274 18242
 4232 2761 6279
 4378 4945 16390
 4189 4776 13217
 799 3161 13218
 4366 3993 13287
 4845 4941 13027
 3204 10579 13744
 2945 10556 12482
 3618 9124 8705
 3236 9798 6738
 4878 18437 7308
 4917 15159 6417
 3873 14951 3924
 4383 14983 1759
 5320 19439 -853
 5563 18358 -1174
 4743 16629 -3600
 4657 17485 -2872
 4840 17239 -3019
 5430 17176 -2428
 5151 17343 -1866
 5081 17109 -1110
 5325 17041 -5
 5183 16610 1618
 5288 16355 2472
 5802 15549 3871
 5496 15442 4893
 5556 14555 6310
 5485 14038 8564
 5327 11236 8347
 4372 10986 11785
 4947 8791 11904
 3291 6828 13091
 3605 6609 15650
 5115 4260 18100
 1756 -1098 15187
 3299 1052 15829
 4217 1109 14172
 1957 -7964 31175
Repetition End
1
 454 -16295 15355
 -278 -9087 15393
 -326 -9884 12537
 -655 -11106 15086
 -1714 -8717 14597
Repetition Start
 1771 -18529 20542
 -100 -3333 21979
 1888 -5686 17290
 417 -1657 13216
 2754 1167 14355
 2401 3366 15827
 3276 4674 15231
 3993 6716 12018
 4109 9192 10440
 4185 10504 7247
 4285 14887 5967
 5201 14974 4704
 4929 16294 3791
 5342 17328 1716
 5161 17696 178
 5583 17401 -652
 5002 17121 -1760
 5448 17637 -2226
 5424 17494 -2150
 4979 17340 -1270
 5051 16848 659
 4628 15681 -1990
 5399 17496 599
 5473 16841 1151
 5261 16865 1531
 5258 16111 2508
 5302 16459 3635
 5400 15947 5319
 4897 14324 6057
 5014 14248 6840
 5553 13816 9880
 4178 10900 11482
 3970 8723 10771
 4983 7566 11931
 3555 4009 11764
 1962 4767 15994
 511 3404 14604
 -983 3114 17873
 36 -1925 16745
 2481 -1779 14718
 -1659 -3090 25262
 -1926 -10792 11901
 741 -7366 16591
Repetition End
1
 -460 -8770 13735
 -492 -7909 14033
 -4545 -8187 19223
Repetition Start
 -3317 -13972 13155
 2609 -1087 19561
 -6768 -3580 19641
 3277 -1000 17282
 959 -1150 15542
 2125 1739 13258
 2367 2637 15121
 2389 6368 15670
 2377 9916 15077
 3592 7994 12791
 3386 12379 9977
 3940 13591 11122
 3063 13103 9518
 3647 12512 6830
 4055 15060 5756
 4446 15600 5220
 4960 16546 2925
 5296 17967 1045
 4810 17690 -343
 4505 17231 -1772
 5342 17472 -3246
 4822 18051 -3348
 4663 16551 -3243
 4872 17414 -2523
 4928 16797 -1450
 5085 17255 -615
 5029 16924 231
 5067 17029 1514
 5238 16093 2279
 4646 15738 3376
 5302 16759 4536
 5562 15540 6442
 5099 15312 7271
 5605 13106 8853
 3603 11342 9977
 6366 10439 12224
 3455 8335 12945
 5195 7493 13921
 4822 6279 16493
 5878 2853 18041
 3343 1987 14835
 3355 384 14330
 3299 -227 16805
 2245 -2339 27725
 -790 -7113 13192
 890 -1807 14903
 -802 -9335 14131
Repetition End
1
 -290 -10716 14732
 169 -4852 14872
 -131 -8123 12347
Repetition Start
 -2301 -3836 8653
 -2393 -9619 17276
 6123 -184 15754
 4104 -1216 15392
 7115 -708 18764
 4183 711 15185
 3115 2864 13389
 4618 5307 14448
 4624 7998 13874
 5014 7842 11696
 5253 9549 11024
 4732 9836 7923
 5974 11476 6365
 5111 15281 5809
 5197 16553 3929
 4364 16492 1229
 5177 18061 -15
 4509 17937 -1450
 4813 17704 -2179
 4836 17450 -2289
 4783 16559 -2899
 4889 17451 -2676
 4751 17157 -2112
 5280 17055 -1711
 5394 17008 -905
 5402 16732 107
 5334 16417 961
 5427 16684 1657
 6372 15694 2608
 5426 16125 3804
 5380 16367 5279
 6360 13514 5983
 5525 14550 7732
 3009 12988 1615
 5570 10775 8582
 5958 11246 11811
 5208 10120 13328
 4357 6040 11551
 4282 6321 13195
 5000 4527 14748
 4002 2349 15843
 1657 2644 17281
 1333 767 15507
 3204 -5517 32767
 -675 -10958 11327
 2071 463 14011
Repetition End
1
 -3153 -10057 14209
 -1621 -5910 14816
 -2714 -7254 14694
Repetition Start
 -2656 -7908 14554
 -1809 -5028 14831
 -1920 -6144 14194
 -1029 -4075 15571
 117 -5397 16510
 -645 -10057 14290
 -2959 -11152 20852
 -2754 -10827 18614
 849 2574 9773
 2508 -213 18427
 3073 -1009 16187
 5114 -1530 16900
 3741 1488 17257
 5783 2114 17203
 3210 1986 17188
 3628 4052 15275
 3503 6817 13895
 4223 6700 12401
 4971 9733 12311
 4930 10766 10623
 4107 13161 9415
 3875 12971 6349
 3506 14731 4737
 4225 16656 3762
 4373 17424 1369
 4546 18300 609
 4549 17676 -1382
 4916 17404 -2496
 4694 17555 -3124
 4940 17108 -3150
 4924 17276 -2861
 4838 17079 -2426
 4886 17170 -1492
 5375 16835 -847
 5290 16963 166
 5098 16582 488
 5496 17023 1816
 4462 15775 2348
 5210 16254 3166
 5206 15696 5064
 5789 16262 5088
 5677 15239 5839
 5104 14010 8346
 5187 12769 8439
 5504 14362 9975
 5350 11892 10875
 5359 10556 11827
 4667 8680 12879
 5137 4900 13680
 3871 3367 15272
 5494 6979 15848
 1322 5292 17512
 4086 2695 17957
 2525 -1510 14869
 2385 -1048 14897
 3379 -95 17876
 2640 -7137 14252
 1493 -4221 12745
 1650 -5656 15224
 3164 -6310 15278
 1010 -6640 14070
 1700 -5588 15320
Repetition End
1
 856 -5527 14381
 855 -5388 14908
 506 -6874 15309
Repetition Start
 261 -5000 14498
 -36 -6736 14395
 -418 -7109 14291
 -532 -5790 15305
 1131 -6909 13606
 -96 -5679 14515
 787 -6681 14461
 1054 -7630 14713
 745 -6625 14230
 -726 -6592 15088
 591 -6517 13865
 148 -6427 14556
 163 -6489 14349
 332 -5786 14798
 -1344 -11495 13657
 2962 -6984 10900
 2762 -1499 13228
 233 -4744 14827
 -203 -5814 14668
 351 -5549 14820
 -88 -7643 14288
 120 -5981 11921
 407 -5772 14468
 14 -5388 15874
 684 -5122 14172
 -91 -5870 15499
 -230 -5593 15036
 209 -4324 15634
 -251 -5300 14938
 1093 -5381 15761
 457 -6040 14695
 198 -5919 14440
 -207 -5594 14697
 308 -5117 14807
 244 -6029 14904
Repetition End
0
 692 -5202 14978
 292 -6284 14392
 20 -5440 15164
 51 -5848 15179
 219 -5323 15011
 187 -6292 15524
 148 -5684 14447
 -249 -5925 14536
 -167 -5439 14889
 -133 -5655 14732
 4 -5164 14526
 -117 -5624 14636
 432 -4546 15075
 214 -6378 15173
 -270 -4852 15175
 -149 -4819 14943
 -89 -5215 15080
 -128 -5815 15454
 -169 -5692 14784
 20 -5197 15397
 -56 -4991 15291
 -140 -5367 15197
 81 -4704 15294
 -237 -5373 15129
 -14 -4743 15097
 -172 -5412 15568
 -168 -4755 14570
 -104 -5184 15027
 -334 -5488 15020
 -94 -4778 15528
 -32 -4908 15356
 -215 -5742 14935
 -334 -5320 14647
 521 -4412 15774
 -1577 -4682 15310
 411 -6033 14993
 -266 -4756 15118
 -272 -5259 14976
 -91 -5172 14937
 -311 -5492 15032
 -273 -5249 15142
 -18 -5266 15111
 -228 -5086 15133
 -208 -5269 14766
 -302 -5019 14794
 -314 -5272 15052
 -63 -5055 14855
 -88 -4993 15058
 7 -5732 14420
 -100 -4444 15068
 -772 -4835 14859
 -463 -4978 14959
 -272 -5272 14870
 -133 -5172 15554
 -42 -5229 15326
 -133 -4950 15165
 -201 -5453 14824
 -308 -5149 14860
 -267 -5159 15240
 -143 -5113 15432
 -187 -5199 15017
 -179 -5310 15143
 -281 -5119 15047
 -108 -5359 15050
 -281 -5128 14697
 -404 -5263 15163
 -69 -4612 14643
 -117 -5180 15139
 -245 -5179 14876
 -258 -5218 14959
 -145 -5132 15064
 -250 -5298 14894
 -165 -5432 15266
 -291 -5200 14749
 -224 -5081 15173
 -264 -5222 15236
 -117 -5088 15343
 -168 -4828 15020
 -216 -5326 15008
 -392 -5320 15140
 -223 -5104 15042
 -295 -5129 15299
 -216 -5242 15010
 -159 -5464 15259
 -220 -5183 15257
 -180 -5203 15104
 -236 -5137 15069
 -172 -5284 14830
 -225 -4819 14774
 -202 -5000 15239
 -207 -4990 15192
 -238 -4818 15052
 -148 -4858 15125
 -217 -5009 15000
 -89 -4775 14960
 -246 -5131 15115
 -197 -5072 15002
 -132 -5138 15682
 -298 -4827 15447
 -143 -4920 15308
 -146 -5250 15072
 -297 -5159 15330
 456 -5776 14541
 -125 -5996 16481
 -541 -6060 15259
 -242 -6146 14460
 -136 -5827 14640
 -38 -5510 14894
 142 -5787 14895
 109 -5424 15262
 1 -5897 14932
 1 -5833 15013
 109 -5674 14659
 9 -5810 14973
 -13 -5640 14935
 -16 -5662 14910
 21 -5679 14784
 -56 -5622 14931
 1 -5499 14698
 -316 -5418 14667
 -134 -5173 14917
 -220 -5736 14904
 -108 -5232 14865
 -158 -5468 15081
 -170 -5393 14951
 -275 -5539 14916
 -146 -5582 14555
 -133 -5239 15473
 -145 -5658 15156
 -267 -5390 15172
 -186 -5529 15400
 -138 -5669 14936
 -91 -5157 15128
 -25 -5279 15589
 -114 -4770 15236
 -71 -5464 14945
 116 -5295 15057
 -84 -5162 14957
 -148 -5209 14975
 -87 -4968 14921
 -314 -5166 15007
 -290 -4883 15107
 -85 -4884 15202
 -210 -5111 14956
 -274 -5141 15013
 23 -5136 15106
 -781 -6821 14822
 1274 -3005 15667
 572 -5967 15270
 1470 -2459 12737
 -462 -7103 15611
 -825 -6215 14915
 323 -6930 14710
 -1574 -4242 15350
 -2025 -5650 14732
 -1016 -7357 15095
 794 -5415 14932
 -764 -4288 15113
 -1713 -5907 15163
 1111 -5195 14807
 334 -7346 13248
 -1675 -5809 14969
 2053 -3827 14177
 2362 -5319 14174
 332 -5478 14868
 2065 -5309 14843
 -258 -6367 14985
 271 -5179 15183
 177 -5367 15074
 706 -5292 15066
 758 -5418 14686
 392 -5357 14721
 639 -5199 15079
 447 -5222 15312
 670 -5518 14686
 117 -5157 15135
 587 -5243 15042
 387 -5306 15048
 680 -5477 14878
 403 -5293 15087
 591 -5152 14874
 250 -5248 14772
 432 -5090 15076
 175 -5437 14783
 431 -5658 15039
 601 -5284 15162
 524 -5416 14807
 446 -5388 14967
 460 -5501 15076
 555 -5526 14943
 458 -5261 15364
 496 -6047 14490
 975 -5821 16305
 358 -5888 14992
 1272 -6355 14601
 1451 -8178 13920
 941 -3528 14968
 -452 -5597 15205
 -531 -5294 14718
 -481 -5510 14646
 9 -5811 14890
 583 -5725 14772
 760 -6103 14892
 783 -5271 15693
 20 -5952 14821
 -94 -6096 15716
 -290 -6071 15076
 62 -5581 14998
 446 -5759 14797
 223 -5666 14472
 -63 -5856 15158
 47 -5835 14904
 -47 -5745 15400
 157 -5686 14962
 105 -5707 14854
 10 -5537 14895
 -203 -5366 15378
 365 -4976 15021
 -35 -5399 14949
 -306 -5227 15127
 349 -5393 15154
 239 -4695 14978
 209 -5190 14845
 117 -4974 15287
 -60 -5054 15264
 -213 -4981 15231
 -279 -5676 15965
 -56 -5463 14651
 -620 -5947 14686
 294 -4753 15142
 -299 -4929 14745
 -437 -5710 14557
 100 -4480 15089
 -33 -5613 14578
 -382 -5316 14930
 -285 -5334 15564
 -260 -5246 14722
 -343 -5430 15257
 139 -5270 15488
 -353 -5333 14745
 -394 -5034 14710
 -1020 -5903 14996
 -351 -5696 14601
 -229 -5358 15098
 -424 -5004 15338
 -184 -4985 14926
 -460 -5329 14989
 -738 -5599 15104
 321 -4717 15066
 291 -4462 15324
 303 -5486 14753
 -267 -5376 14234
 -283 -5165 15593
 -140 -5276 15226
 -412 -5260 15117
 21 -5505 14674
 -122 -5467 15059
 -185 -5452 14636
 -320 -5563 14874
 -106 -5717 14767
 -27 -5447 14952
 -135 -5800 14878
 35 -4981 15145
 -91 -5698 14955
 -89 -6088 14037
 64 -5562 14379
 -215 -5665 14297
 104 -5834 14520
 -136 -5733 15074
 -68 -6056 14663
 -6 -6192 14476
 -19 -6078 14702
 -116 -5873 14885
 -140 -5371 14802
 -345 -6081 14793
 -355 -5580 15092
 -237 -5475 15227
 90 -5837 15406
 -25 -5167 15083
 -104 -5551 15012
 -105 -5509 14956
 -361 -5485 15023
 -368 -4981 15092
 -140 -5278 15085
 -223 -5382 14724
 -145 -5352 14878
 181 -5810 14627
 -98 -5057 15123
 47 -5508 15054
 -131 -5766 14958
 45 -5416 14863
 69 -5511 14879
 -72 -5540 15451
 22 -5488 14623
 -212 -5728 15034
 -254 -5686 15191
 -100 -5574 15110
 47 -5509 15038
 -79 -5585 14822
 13 -5869 14990
 -76 -3866 15078
 341 -7257 14817
 290 -5772 14631
 -251 -5450 14672
 -259 -5567 15364
 195 -5638 15323
 93 -5805 14716
 626 -5341 15005
 119 -6286 14738
 -127 -5452 14753
 -117 -5875 14678
 473 -5452 15053
 93 -5722 14872
 -130 -5986 14449
 -284 -5245 14929
 127 -5182 14893
 -361 -5876 15082
 -551 -5265 15051
 145 -5658 15004
 763 -5639 14610
 -105 -5550 15006
 -12 -5230 15112
 41 -5550 14695
 818 -5777 14664
 -195 -5084 15036
 220 -6107 15098
 87 -4983 15188
 -441 -5529 15117
 -894 -5654 14914
 712 -5335 15020
 557 -5472 14922
 359 -5510 15043
 -42 -5551 14861
 -170 -5340 15142
 -216 -5069 15202
 -59 -5592 15360
 -241 -5254 15101
 34 -5380 14938
 122 -5252 14963
 -92 -5067 15147
 -2 -5376 15171
 -53 -5223 14960
 -189 -5350 15854
 -250 -5235 15150
 -210 -4839 14956
 -323 -5485 15311
 -139 -4651 15176
 -475 -5109 15121
 -297 -4741 14989
 -147 -5217 15311
 -26 -4659 15292
 -338 -5005 15244
 -402 -4848 14964
 -417 -4769 15033
 -140 -5049 15139
 -192 -4715 15221
 -316 -5203 15320
 -231 -5005 15251
 -145 -4746 15256
 -184 -5018 15296
 -247 -4994 15161
 -47 -4862 15107
 -43 -4887 14977
 -236 -5076 15066
 -472 -5239 14967
 7 -4914 15189
 2 -5438 15243
 -162 -4895 15192
 41 -5762 15017
 -262 -5334 15230
 -4 -5262 14982
 -103 -5421 15021
 -255 -5361 15035
 -87 -5301 15188
 12 -5249 15245
 40 -5485 15011
 -218 -5528 15028
 4 -5519 15162
 -145 -5343 15102
 -273 -5345 15184
 -387 -5507 15005
 -482 -4642 15215
 -298 -5480 15483
 -320 -5077 14845
 336 -5238 15147
 -311 -5007 15196
 -550 -4964 15018
 -622 -5102 15187
 -316 -4772 15024
 -310 -4892 15076
 -364 -4790 15303
 -326 -5188 15223
 -304 -4451 15150
 -305 -5035 15137
 -277 -4929 15346
 -183 -5033 15258
 -312 -4838 15165
 -320 -5023 15130
 -295 -5056 14981
 -317 -4920 15141
 -233 -5217 14884
 -204 -5015 14917
 -254 -4993 15015
 -286 -5192 15141
 -246 -5005 15017
 -249 -5152 15014
 -404 -5154 15097
 -257 -5269 15023
 -275 -5251 15056
 -321 -5099 15161
 -264 -5251 15241
 -250 -5059 15035
 -477 -5323 15072
 -209 -5140 15187
 -69 -5130 15238
 -372 -5282 15140
 -447 -5220 14996
 -356 -5219 15085
 -241 -5205 15021
 -364 -5279 15095
 -498 -5166 14863
 -423 -5327 15236
 -355 -5042 15238
 -448 -5427 15037
 -355 -5073 15080
 -349 -5292 15083
 -259 -5061 15163
 -346 -5133 15059
 -381 -5079 15036
 -293 -4980 15102
 -296 -5113 15272
 -538 -4890 14994
 -397 -4981 15312
 -304 -4983 15268
 -267 -4952 15108
 -312 -4755 15027
 -311 -4986 15171
 -199 -4875 15269
 -323 -5037 15101
 -243 -5058 15076
 -162 -5068 15082
 -309 -4965 15153
 -75 -5231 14822
 -182 -4975 15067
 -228 -5123 15068
 -220 -5144 15106
 -173 -5156 14963
 -283 -5234 15062
 -265 -5200 15121
 -371 -5220 15025
 -298 -5365 15068
 -294 -5239 15110
 -283 -5266 15054
 -500 -5400 15102
 -371 -5087 15171
 -289 -5261 15032
 -267 -5209 15050
 -201 -5339 15011
 -450 -5300 15111
 -356 -5192 15043
 -379 -5326 15081
 -201 -5125 15221
 -217 -5356 15016
 -271 -5872 14900
 -302 -4801 15004
 -124 -4855 15076
 -339 -5292 14933
 -297 -5048 15041
 -288 -5077 15058
 12 -5140 15127
 7 -4900 15141
 -295 -5683 14998
 -363 -4999 15125
 -54 -5443 14742
 -193 -7046 14258
 224 -5425 14109
 290 -4608 15450
 34 -5859 15570
 26 -5417 15027
 -200 -4969 15330
 -93 -5634 14752
 553 -5311 15024
 595 -5146 15413
 147 -4987 14550
 -451 -5750 15048
 314 -4506 15104
 -132 -5792 15093
 685 -4613 14882
 63 -5627 15192
 66 -5189 15074
 88 -5192 15159
 223 -5213 14838
 83 -5300 15082
 361 -5224 15283
 72 -5348 15158
 298 -5347 15022
 258 -5404 14832
 133 -5574 14998
 174 -5368 15058
 87 -5524 14919
 103 -5577 15114
 22 -5493 15480
 182 -5306 15533
 11 -5496 14887
 -68 -5230 15214
 100 -5506 14998
 63 -5222 15043
 -18 -5588 14994
 151 -5353 14844
 38 -5477 15267
 131 -5524 14907
 43 -5252 15096
 128 -5604 15085
 -18 -4998 14639
 -55 -5500 15104
 178 -5197 15013
 166 -5165 15020
 25 -5189 15074
 84 -5118 15093
 72 -5104 14979
 68 -5212 14948
 128 -5073 15146
 404 -5473 14755
 189 -5046 15024
 275 -5229 14958
 191 -5362 15074
 285 -5423 15085
 196 -5281 15091
 183 -5410 15162
 189 -5352 14916
 186 -5460 14937
 160 -5341 14955
 219 -5448 14890
 31 -5397 14753
 106 -5141 15025
 -7 -5534 14772
 314 -5114 14935
 108 -5534 15217
 153 -5311 15173
 137 -5456 14841
 197 -5399 15153
 301 -5394 14909
 74 -5524 14719
 200 -5492 15390
 35 -5417 14967
 50 -5266 15079
 47 -5531 14865
 149 -5373 14944
 127 -5351 14956
 98 -5404 15101
 139 -5371 14998
 125 -5445 14895
 45 -5538 15167
 237 -5161 14957
 -3 -5380 15240
 231 -5488 15503
 52 -4893 15085
 -3 -5388 15225
 215 -5089 15128
 148 -5262 15225
 74 -5090 15195
 -7 -5157 15023
 -64 -5165 15090
 81 -5151 15029
 174 -5069 15056
 -44 -5100 14844
 -141 -4928 15156
 13 -5151 15153
 0 -5055 15085
 -11 -4938 15021
 82 -5050 15052
 98 -5200 15197
 37 -5060 14957
 99 -5095 15000
 192 -5105 15120
 -54 -5316 14998
 388 -5263 14892
 377 -5004 15186
 279 -5161 14944
 179 -5346 15279
 338 -5168 15096
 32 -5181 15129
 212 -5211 15544
 285 -5081 15286
 158 -5184 15184
 85 -5361 15526
 159 -5301 14693
 282 -5293 14474
 190 -5139 15148
 279 -5220 14902
 317 -5205 14836
 128 -5244 15515
 409 -5035 14906
 217 -5362 15207
 123 -4912 15197
 -129 -5183 15149
 367 -5278 14905
 312 -5230 15058
 453 -4971 14970
 483 -5317 15350
 -63 -5318 14970
 162 -4693 15229
 -444 -5232 14805
 229 -4881 14521
 -327 -5874 15098
 11 -4537 15252
 -71 -5347 14894
 -389 -5459 14991
 -171 -5075 15056
 -35 -5438 15035
 -158 -5509 15498
 -85 -5164 15191
 27 -5161 15295
 -175 -5131 15223
 4 -5492 15014
 -127 -5433 15082
 15 -5094 15050
 12 -5733 14998
 -214 -5490 15119
 -447 -4230 15723
 -356 -5302 14747
 -306 -5201 14935
 -89 -5019 15037
 -271 -5007 15125
 -168 -5523 15167
 -40 -5178 15129
 -24 -5024 15155
 -256 -5503 15064
 -46 -5273 14971
 28 -5328 14970
 -106 -5318 15065
 -105 -5323 15250
 -15 -5420 14976
 -23 -5459 15029
 73 -5485 14869
 -21 -5401 14959
 -17 -5452 14509
 -140 -5477 14976
 35 -5153 14742
 -130 -5852 14499
 74 -5096 15101
 -359 -5461 15068
 -531 -5346 15205
 84 -5346 15097
 461 -5540 15011
 346 -5605 15042
 -260 -5449 15104
 -256 -5316 15012
 -174 -5599 14847
 68 -5357 14859
 297 -5485 15053
 214 -6072 14634
 -278 -4603 14937
 -191 -4694 15161
 -111 -5159 15211
 -150 -5093 15212
 390 -5648 14867
 235 -4920 14782
 311 -5044 14596
 319 -4286 14703
 -503 -4660 14922
 -523 -4935 15287
 180 -5041 15076
 364 -5054 14646
 -509 -4110 15503
 198 -5692 15006
 -215 -5202 15016
 372 -5206 14369
 134 -5306 15075
 314 -5446 14934
 215 -5175 14771
 -77 -5499 15096
 -162 -5137 14856
 94 -5352 14910
 335 -5343 15149
 102 -5232 15009
 -7 -5219 15062
 -44 -5248 15057
 91 -5313 15099
 192 -5281 14980
 127 -5245 15014
 19 -5402 14704
 -13 -5517 14906
 124 -5130 15027
 126 -5383 14962
 109 -5179 14993
 -67 -5702 15108
 137 -5194 15339
 9 -5470 15117
 -1 -5343 15618
 31 -5524 14916
 60 -5464 15034
 75 -5336 14884
 60 -5552 15299
 -82 -5488 14955
 45 -5124 15116
 -90 -5588 14857
 -17 -5278 15098
 -57 -5463 14920
 113 -5315 14965
 50 -5399 14745
 -56 -5353 14818
 46 -5749 14919
 -82 -5479 15243
 -164 -5700 14921
 57 -5528 15248
 71 -5614 14908
 84 -5429 15015
 83 -5685 15030
 165 -5560 15194
 110 -5552 14572
 25 -5452 15115
 98 -5719 14930
 70 -5435 14827
 3 -5582 14562
 -6 -5594 15042
 244 -5613 14855
 -27 -5430 15202
 92 -5447 15044
 121 -5376 14949
 7 -5708 14925
 83 -5487 15004
 -81 -5377 14846
 -32 -5420 14948
 37 -5389 15079
 -42 -5367 15060
 1 -5321 15032
 32 -5368 14989
 21 -5319 14998
 -18 -5365 14803
 -148 -5110 14930
 -28 -5305 15071
 -52 -5284 15044
 6 -5116 14867
 74 -5387 15178
 85 -5006 14743
 -39 -5475 15147
 138 -5177 15130
 79 -5312 15106
 16 -5525 15089
 -14 -5209 15088
 138 -5416 15083
 109 -5221 15130
 56 -5448 15012
 128 -5478 14884
 291 -5431 15135
 16 -5297 15133
 -55 -5484 15002
 113 -5401 14985
 -9 -5483 15024
 53 -5380 14910
 6 -5385 15035
 67 -5504 14620
 -35 -5597 14936
 9 -5214 14953
 9 -5583 14879
 75 -5179 15082
 -37 -5434 14919
 -39 -5546 14992
 191 -5166 15085
 91 -5252 15082
 49 -5372 15025
 77 -5324 15002
 37 -5458 14978
 176 -5564 15215
 84 -5368 14940
 -1 -5257 15070
 153 -4661 14798
 -199 -5087 14968
 -14 -5985 15428
 4 -6398 15371
 -1991 -11164 13448
 -292 -6580 14322
 745 -6254 13841
 740 -8491 14273
 -237 -4428 15992
 -269 -5984 15013
 -541 -7152 14530
 -249 -5937 14762
 238 -4815 15232
 -322 -5332 14499
 -154 -6029 14584
 137 -6475 14154
 955 -4982 14732
 -166 -4931 15594
 417 -5799 15019
 936 -12850 7743
 -1120 -6944 13960
 -149 -5992 14980
 -452 -6601 14825
 -533 -5490 14766
 348 -5350 15210
 623 -4989 15111
 206 -4687 15092
 -175 -5695 15004
 -210 -5121 15522
 -660 -4970 15583
 -617 -5158 15679
 1354 -5183 15997
 -286 -5724 14045
 -1150 -5832 15130
 -352 -4660 15001
 263 -5710 14713
 -91 -5877 14699
 -140 -4735 15276
 -540 -6165 14219
 -392 -5334 15018
 -606 -5690 15373
 -418 -5934 14065
 -379 -5612 15213
 -839 -4883 15286
 -774 -5333 14519
 -566 -4886 14832
 -475 -5685 14975
 -1036 -5648 14918
 -971 -5898 14576
 -584 -5334 15105
 -372 -6162 14691
 -890 -5346 14795
 -761 -5130 14835
 -652 -5562 14574
 -948 -5275 15062
 -997 -5459 14856
 -1100 -5473 14858
 -826 -5462 14690
 -352 -5905 14750
 -681 -5947 14564
 -796 -6081 14596
 -590 -5536 14566
 -709 -5813 13731
 -866 -5124 15240
 -500 -5736 14874
 -462 -6560 14343
 -730 -6183 14303
 -728 -5719 14622
 -1279 -5780 14791
 -922 -5778 15542
 -1214 -5834 14918
 -566 -5687 14796
 -1041 -6226 14585
 -1001 -5719 14899
 -680 -5831 14833
 -943 -5641 14810
 -946 -5682 14711
 -816 -5705 14709
 -888 -5879 14586
 -775 -5994 14557
 -749 -5898 14720
 -569 -5802 14718
 -599 -6051 14686
 -763 -5697 14774
 -1112 -6003 14578
 -870 -5944 14415
 -794 -6088 14524
 -828 -6001 14703
 -842 -6004 14658
 -792 -5908 14588
 -877 -5987 14645
 -922 -5976 14652
 -735 -6110 14570
 -814 -6004 14608
 -862 -5989 14687
 -802 -5991 14654
 -912 -5889 14673
 -953 -6014 14662
 -977 -5876 14815
 -907 -5811 14758
 -939 -5834 14699
 -906 -5837 14692
 -996 -5751 14747
 -807 -5666 14651
 -1001 -5728 14670
 -986 -5669 14755
 -1007 -5733 14793
 -979 -5720 14633
 -984 -5648 14765
 -928 -5733 14863
 -1010 -5798 14771
 -915 -5616 14815
 -921 -5793 14805
 -947 -5759 14789
 -806 -5949 14839
 -921 -5783 14830
 -937 -5780 14804
 -932 -5871 14724
 -855 -5796 14675
 -906 -5845 14773
 -898 -5865 14668
 -905 -5905 14664
 -863 -5869 14727
 -853 -5865 14748
 -850 -5952 14642
 -875 -5963 14543
 -884 -5919 14808
 -959 -5890 14794
 -833 -5970 14657
 -907 -5877 14775
 -899 -5984 14609
 -884 -5864 14735
 -953 -5859 14792
 -940 -5850 14700
 -848 -5882 14746
 -943 -5923 14688
 -943 -5947 14669
 -876 -5940 14519
 -972 -5925 14767
 -914 -5660 14760
 -971 -6115 14515
 -772 -5861 14732
 -947 -5939 14709
 -838 -5819 14733
 -931 -5897 14673
 -921 -5824 14774
 -921 -5911 14752
 -946 -5985 14570
 -883 -5829 14638
 -886 -5898 14646
 -939 -5918 14622
 -781 -5775 14589
 -1176 -5739 14673
 -547 -5449 15014
 -1279 -5378 15075
 -1099 -6093 14481
 -971 -5627 14640
 -642 -5672 14925
 -1065 -5440 14791
 -1118 -5399 15040
 -860 -5888 14923
 -980 -5775 15019
 -572 -5534 15014
 -793 -6349 15191
 -424 -4892 14763
 -1661 -4563 15067
 -600 -4686 14967
 -922 -5193 14915
 -868 -4984 15088
 -238 -4281 15667
 -1168 -4223 15090
 -823 -5306 15674
 -842 -4566 14942
 -560 -4743 14889
 -413 -4783 15448
 -394 -4680 15320
 -486 -5111 15462
 -1420 -4604 15817
 -1325 -3860 15475
 -336 -5067 15436
 -886 -6797 14899
 -1621 -6754 15158
 -682 -7050 14329
 -259 -5941 14596
 -1258 -5142 14779
 -1391 -6497 14821
 -994 -6679 13820
 -528 -6530 14944
 -223 -6311 14515
 -306 -5281 14323
 -1428 -6754 15446
 91 -4384 14482
 -110 -5179 15174
 -1212 -6234 13784
 -956 -5501 14112
 -1243 -5547 14476
 -1088 -4925 14590
 803 -4976 14095
 -1651 -6567 14914
 -1700 -6281 14425
 -140 -7517 12798
 354 -6535 13632
 -73 -7895 13302
 26 -8942 13862
 127 -7071 13089
 1551 -7727 12863
 1245 -7350 14522
 944 -8132 13201
 965 -8017 13929
 -100 -8272 13664
 -252 -8168 14184
 98 -7293 14339
 224 -7561 13890
 -1632 -7604 13619
 -572 -7098 13701
 -414 -7759 13531
 -603 -8003 13587
 -481 -6798 14066
 -356 -7753 13543
 28 -7526 13697
 -100 -7642 13804
 -1071 -8112 12407
 -39 -6642 13927
 -51 -7855 14526
 -183 -8224 13948
 -448 -6344 14465
 -244 -6860 14328
 -341 -7094 13976
 268 -7314 13646
 -172 -7942 13665
 -167 -7240 13958
 -41 -7393 14047
 -158 -7465 13951
 -144 -7583 13759
 -741 -7674 14145
 45 -7401 13608
 -19 -7181 14060
 -514 -7586 13928
 149 -7695 13481
 -18 -7349 13919
 -274 -7429 13999
 -129 -7598 13784
 -387 -7105 13940
 136 -7543 14053
 333 -7358 14149
 -404 -7231 13953
 -259 -7252 14172
 -273 -7105 13872
 -363 -7297 13637
 -27 -6850 14339
 107 -7305 13872
 -132 -7370 14589
 -268 -6982 14254
 -339 -7399 13954
 -468 -7173 14030
 430 -7188 14154
 -108 -7381 14085
 -304 -7154 13704
 -505 -7201 14608
 -144 -7308 14081
 -249 -7215 13808
 -497 -7680 12684
 -223 -6845 14230
 -465 -7534 14653
 -271 -7127 13720
 -265 -7598 13939
 -316 -7270 13953
 -170 -6379 14358
 -459 -8374 13551
 -42 -7969 13722
 -482 -7341 14078
 -770 -7328 14113
 -542 -7845 13564
 -302 -7970 13705
 229 -6553 13937
 -116 -7325 14288
 -265 -7235 14119
 -135 -7124 14098
 -32 -7045 13929
 -101 -7297 13775
 -490 -7138 13950
 -135 -7275 13866
 30 -6910 14159
 -121 -7117 14108
 -276 -7274 13931
 -305 -7310 14054
 -167 -7223 13822
 -660 -7873 15192
 -871 -6897 13720
 461 -7601 13985
 956 -7109 13481
 242 -7641 13815
 433 -7555 14331
 648 -7519 13891
 -435 -7543 14186
 -496 -7113 13943
 -142 -7352 14068
 -100 -7181 14074
 -488 -6891 14151
 -232 -6730 14165
 73 -6852 14098
 -579 -6749 14263
 -567 -6861 14238
 409 -6875 13881
 -295 -7374 14442
 295 -6994 14173
 -412 -7314 14093
 96 -7075 14089
 274 -6933 14273
 119 -7140 14280
 -66 -6854 14506
 -82 -7025 14359
 151 -6834 14375
 145 -6630 13846
 -177 -6857 14162
 122 -7012 14184
 -24 -6880 13962
 34 -6835 14368
 9 -6965 14280
 -56 -6965 13581
 145 -6688 13920
 -205 -7008 14309
 -15 -6819 14110
 -20 -6840 14428
 45 -6932 14192
 396 -7039 14170
 313 -6986 14359
 -41 -6822 14567
 55 -6712 14623
 -212 -6720 14301
 36 -6837 14511
 366 -6675 14345
 144 -6981 14186
 -398 -6624 14446
 -114 -6455 14527
 -101 -6665 14390
 21 -6545 14397
 229 -6568 14378
 -49 -6538 14053
 -316 -6405 14734
 -387 -6600 14538
 -93 -6800 14167
 -235 -6468 14695
 -206 -6449 14323
 -150 -6595 14800
 -340 -6957 14001
 -344 -6582 13962
 -57 -6246 14492
 -34 -7008 14062
 -229 -6620 14549
 -292 -6778 15074
 327 -6484 14643
 347 -7075 14969
 -350 -6169 14573
 -491 -6593 14072
 -355 -6581 14299
 -222 -6610 14750
 -119 -6428 14591
 -21 -6882 14842
 -475 -6377 14187
 -532 -6672 14513
 -478 -6442 14475
 -405 -6694 14425
 -115 -6394 14737
 -550 -6818 14065
 -477 -6647 14145
 -398 -6505 14381
 -497 -6308 14320
 -277 -6385 14416
 -399 -6612 14454
 -713 -6225 14754
 -329 -6771 14475
 368 -6878 14162
 -50 -6713 14467
 -1146 -6001 14459
 -1046 -6990 14455
 -66 -6859 14217
 -6 -6892 14413
 -489 -6913 14741
 -260 -6719 14784
 -461 -6615 14402
 -485 -6942 14117
 -372 -6695 14303
 -239 -6790 14294
 -344 -6938 14197
 -417 -6659 14150
 -478 -6888 14337
 -290 -6942 14284
 -354 -6755 14477
 -525 -7056 14039
 -439 -6353 14619
 -284 -7208 14120
 -369 -7493 13889
 -337 -6944 14455
 -425 -6770 14386
 -353 -7096 13573
 -869 -7242 13821
 -575 -7091 14441
 -232 -6847 14342
 -494 -7227 14093
 -589 -7095 14170
 -414 -6939 14164
 -402 -6881 14233
 -465 -7194 13931
 -342 -7034 14060
 -574 -7049 14048
 -627 -7168 14111
 -587 -6983 13871
 -484 -7429 14237
 -522 -7039 14011
 -636 -6952 14001
 -605 -7339 14056
 -828 -7050 14586
 -818 -7125 13521
 -850 -6947 14169
 -808 -6891 14230
 -774 -6939 14163
 -741 -7002 14362
 -752 -6827 14075
 -736 -7031 14001
 -764 -6992 14057
 -678 -6845 14094
 -803 -7017 14080
 -679 -6990 14141
 -717 -7111 14174
 -574 -6747 13984
 -778 -7054 14157
 -508 -6976 14576
 -751 -7295 14327
 -742 -6946 13945
 -573 -6810 14227
 -513 -7012 14148
 -546 -7111 14180
 -588 -6939 14292
 -751 -6826 14017
 -681 -6918 14350
 -541 -7015 14535
 -623 -6801 14447
 -535 -6666 14335
 -182 -6588 13799
 -1206 -6889 14249
 -1303 -6730 13961
 -850 -6824 13931
 -500 -6937 14285
 17 -7148 13912
 -210 -6851 13622
 -1079 -7280 14084
 -1027 -7139 14122
 -321 -7074 14111
 -305 -7204 14403
 -703 -7441 14174
 -667 -7342 13770
 -587 -6977 14086
 -703 -7231 14135
 -207 -7289 13902
 -624 -7379 14095
 -374 -8045 13774
 -376 -7799 13849
 -405 -7552 13868
 -688 -7125 13759
 -639 -7832 14027
 -564 -6791 14196
 -577 -8116 13770
 -1017 -7785 13903
 76 -7129 13826
 -212 -7280 13773
 -572 -7365 13648
 -1331 -7217 13791
 -768 -7472 14224
 -324 -7441 14088
 -549 -7382 14124
 -539 -7910 12965
 -104 -7576 13660
 -535 -6918 13763
 -1056 -7742 13888
 -796 -7425 13950
 -559 -7391 13866
 -392 -7484 13549
 -620 -7634 13984
 -759 -7401 14182
 -547 -7021 13828
 -736 -7896 13538
 -1015 -7465 14337
 -607 -7299 13689
 -744 -7310 13876
 -819 -7641 13482
 -934 -7526 13756
 -540 -7612 13821
 -427 -7778 13829
 -1041 -7537 13665
 -988 -7598 13682
 -366 -7730 13710
 -637 -7658 13809
 -982 -7655 13675
 -637 -7528 13818
 -959 -7323 13812
 -89 -7668 13674
 -96 -7512 13751
 -439 -7440 13900
 -258 -7548 13821
 -214 -7657 13822
 -239 -7658 13805
 -205 -7547 13763
 -323 -7306 13776
 -609 -7537 13968
 -136 -7505 14120
 -369 -7388 13850
 -236 -7414 14132
 -506 -7473 13958
 -483 -7368 14177
 -144 -7552 14359
 -487 -7454 13798
 -255 -7525 14291
 -366 -7389 14291
 -503 -7120 13607
 -196 -6887 13582
 -344 -7303 14013
 -469 -7326 13729
 49 -7295 13997
 -298 -7368 14099
 -340 -7257 14056
 -13 -7109 14471
 -490 -7320 13993
 -518 -7432 13702
 -277 -7649 14118
 -195 -7487 14025
 -510 -7441 13809
 -794 -7098 14148
 269 -7793 13590
 -138 -8034 13731
 190 -7651 13890
 247 -7899 13800
 -39 -8098 13834
 -364 -7606 14030
 310 -6861 13838
 -26 -7849 14168
 253 -6529 15112
 -704 -9541 13266
 -40 -8010 13255
 452 -7872 13360
 -401 -7847 13445
 11 -7634 13502
 -1023 -7739 13839
 504 -7739 12901
 313 -7749 13490
 -336 -7902 13649
 -74 -7914 13820
 379 -7852 13326
 331 -8087 13149
 131 -8107 13420
 444 -8105 13350
 92 -7941 13712
 -208 -7957 13738
 -194 -8072 13938
 1159 -8079 13569
 589 -8098 13748
 530 -7875 13760
 179 -7053 14068
 -208 -7734 14008
 116 -8092 13304
 -68 -7374 14253
 -663 -9271 12199
 -313 -9197 13545
 60 -6632 14818
 -250 -7365 14227
 -143 -7451 13906
 48 -6850 13868
 -104 -6719 13784
 -283 -6661 13647
 -69 -6991 12995
 -636 -6876 14376
 -281 -7098 15375
 -411 -7048 14048
 -362 -6776 14127
 202 -7012 14421
 191 -7228 14028
 -302 -6905 14431
 -238 -6835 14128
 -588 -6722 14161
 -757 -6676 14183
 -445 -6459 14226
 -213 -7154 13896
 -505 -6797 14232
 -447 -6776 14345
 -698 -6887 14293
 -289 -6767 14179
 -454 -6892 14286
 -503 -6938 14318
 -553 -6899 14041
 -931 -6749 14539
 -518 -6814 14095
 -422 -7179 13924
 -474 -6923 14373
 -210 -6869 14204
 -616 -6965 14396
 -848 -6889 13934
 -685 -7197 14278
 -859 -6972 14162
 -1077 -7091 14057
 -983 -6924 14122
 -874 -6969 14242
 -1002 -6995 14124
 -756 -6754 13962
 -924 -7022 14142
 -807 -7121 13564
 -957 -7115 13991
 -1033 -7091 14100
 -726 -7368 13954
 -950 -7061 14179
 -762 -7199 14084
 -905 -7324 14188
 -914 -6818 13951
 -779 -6988 13689
 -944 -7365 13912
 -1231 -6897 13893
 -531 -7345 13398
 -830 -6742 13676
 -1151 -7314 14169
 -1044 -7127 13714
 -1060 -7125 13982
 -1175 -7275 13893
 -1031 -6944 14073
 -999 -7090 14089
 -1088 -7119 14037
 -1050 -6868 14018
 -741 -7503 14220
 -890 -7465 14188
 -838 -7092 14260
 -1164 -7214 13707
 -1297 -7285 14329
 -713 -7272 14089
 -532 -7361 13930
 -984 -7405 13839
 -906 -7875 13757
 -1720 -7147 13827
 -1645 -7071 13848
 -1462 -7460 14031
 -1023 -7462 13907
 -548 -7593 13656
 -1130 -7567 13832
 -936 -7283 13991
 -1215 -7485 13818
 -1147 -7575 14013
 -986 -7478 13780
 -986 -7295 13790
 -1157 -7495 13881
 -1376 -7345 14161
 -1174 -7552 13908
 -1059 -7277 13752
 -1026 -7618 13622
 -1090 -7552 13659
 -1335 -7466 13673
 -1589 -7470 13953
 -1485 -7380 13892
 -1405 -7586 13590
 -1172 -7571 13470
 -1464 -7336 14305
 -2041 -7354 12866
 -2258 -7883 13780
 -1876 -7182 13763
 -1034 -7070 14014
 -1116 -6753 13694
 -1944 -7396 13589
 -2182 -7208 13931
 -1979 -7238 14002
 -1539 -7345 13935
 -1237 -6949 14042
 -1877 -6830 14149
 -2104 -6811 13757
 -2023 -6786 14006
 -1430 -6780 14140
 -1443 -7481 13884
 -1541 -7586 13881
 -1654 -7002 14225
 -1689 -7215 13997
 -1675 -7196 13951
 -1709 -7083 13970
 -1734 -7363 13886
 -1540 -7144 13839
 -1718 -7553 13879
 -1743 -7105 13960
 -1698 -7331 13726
 -1729 -7544 13773
 -1681 -7325 13720
 -1788 -7281 13837
 -1899 -7225 13826
 -1895 -7281 14039
 -1683 -7315 13813
 -1792 -7261 13839
 -1495 -7441 13631
 -1252 -7641 13742
 -1980 -7519 13837
 -1954 -7274 13864
 -1608 -7179 13543
 -1891 -7195 13733
 -1761 -7589 13967
 -1514 -7660 13910
 -2191 -7410 13794
 -1686 -6952 13743
 -1085 -7530 13957
 -1598 -7477 13609
 -2116 -7213 13920
 -1955 -7291 13742
 -1653 -7494 13912
 -1635 -7513 13815
 -1540 -7738 13729
 -1480 -7447 13587
 -1796 -7272 13807
 -2265 -7448 13566
 -1762 -7071 13767
 -1792 -7423 13810
 -1449 -7461 13708
 -1602 -7307 13856
 -1867 -7354 13796
 -1820 -7514 13798
 -1864 -7428 13688
 -1780 -7577 13718
 -1844 -7496 13673
 -1565 -7712 13749
 -2201 -7232 13416
 -2108 -7269 13767
 -1719 -7374 13711
 -1768 -7648 13715
 -1853 -7199 13654
 -1854 -7277 13563
 -1788 -7379 13742
 -1779 -7515 13717
 -1840 -7495 13803
 -1562 -7299 13793
 -1830 -7680 13598
 -1766 -7514 13700
 -1711 -7755 13774
 -1434 -7286 13613
 -1900 -7697 13546
 -1788 -7580 13810
 -1735 -7590 13577
 -1656 -7710 13905
 -1458 -7724 13619
 -1411 -7688 13666
 -1454 -7733 13699
 -1475 -7741 13626
 -1914 -7551 13611
 -488 -7664 13946
 -1052 -7279 13714
 -1798 -7672 13496
 -1480 -7219 13758
 -1550 -7704 13546
 -1508 -7719 13728
 -1638 -7481 13562
 -1441 -7543 13646
 -1374 -7568 13479
 -1418 -7748 13663
 -1709 -7728 13520
 -1505 -7867 14138
 -1086 -7419 13577
 -1614 -7863 13516
 -1303 -7596 13486
 -1698 -7659 13677
 -918 -8106 14033
 -567 -7381 13463
 -1465 -7919 13406
 -1346 -7740 13779
 -1127 -7593 13726
 -1257 -7975 13539
 -1478 -7928 13862
 -1359 -7589 13668
 -1684 -7968 13837
 -2155 -7139 13880
 281 -8235 12955
 -778 -8166 13321
 -1845 -7362 13776
 -2703 -7489 13127
 -1529 -8113 13345
 -460 -7962 13877
 -1097 -8356 13773
 -1411 -7758 13029
 -1010 -7650 13413
 -1150 -8085 13582
 -1533 -8051 13676
 -1332 -7897 13141
 -1111 -8202 13556
 -1196 -8090 13499
 -1453 -7962 13541
 -1439 -7999 13322
 -1319 -8214 13986
 -958 -8050 13450
 -1252 -7779 13947
 -2148 -7882 13339
 -2000 -7876 13603
 -877 -7937 13652
 -695 -8236 13692
 -1322 -8022 13370
 -1718 -8070 13205
 -1678 -8055 13440
 -903 -8025 13585
 -1156 -8272 13650
 -2582 -7389 13470
 -1717 -7871 13081
 -1285 -8172 13670
 -1073 -7557 13755
 -1226 -8478 14042
 -2273 -6730 13670
 -2054 -6824 13875
 -1723 -7751 13739
 -1577 -7100 14151
 -1537 -7210 14118
 -1763 -6973 14430
 -1260 -7660 13807
 -1613 -7364 13576
 -1862 -7137 13811
 -1720 -7424 13885
 -1403 -7660 13850
 -1752 -7421 13704
 -1819 -7672 13869
 -1554 -7478 13555
 -1242 -7043 12718
 -2070 -7880 14211
 -1256 -7847 13542
 -1057 -8869 13432
 -1270 -8084 13370
 -1462 -7806 13348
 -1641 -8032 13535
 -1751 -7896 13326
 -1192 -7969 13616
 -1529 -8094 13402
 -1896 -7962 13282
 -2225 -7642 13415
 -2206 -7817 13270
 -1940 -8136 13536
 -1436 -7751 13250
 -1506 -7521 13625
 -1961 -7481 13630
 -2066 -7265 13659
 -2146 -7305 13671
 -1873 -7396 13822
 -1607 -7566 13615
 -1715 -6890 13708
 -2424 -7152 13744
 -2185 -7091 14115
 -1827 -7303 14102
 -2034 -7448 13634
 -1949 -7243 13755
 -1285 -7045 13810
 -1276 -7542 13689
 -1613 -7517 13710
 -1989 -7430 13759
 -2037 -7323 13818
 -2007 -7498 13546
 -1702 -7578 13614
 -1673 -7578 13517
 -1762 -7390 13696
 -1940 -7596 13708
 -2079 -7469 13716
 -1807 -7526 13653
 -1696 -7517 13666
 -1840 -7503 13511
 -1760 -7547 13354
 -1633 -7354 13495
 -1783 -7674 13603
 -1711 -7382 13687
 -1736 -7612 13691
 -1843 -7522 13583
 -1829 -7504 13679
 -1725 -7755 13589
 -1661 -7626 13618
 -1537 -7426 13540
 -2251 -7792 13494
 -2310 -7782 13454
 -2315 -7985 13293
 -1938 -7881 13551
 -1739 -8147 13487
 -1751 -8101 13452
 -1985 -7853 13644
 -1594 -7539 13579
 -1935 -7782 13368
 -1894 -8177 13523
 -1464 -7793 13531
 -1752 -8060 13593
 -1423 -8250 13867
 -1316 -7761 13741
 -1302 -7621 13873
 -1194 -7884 13483
 -1106 -7819 13705
 -1162 -7926 13567
 -1043 -7864 13723
 -1072 -7782 13618
 -1166 -7724 13502
 -1195 -7699 13555
 -1219 -7819 13707
 -1094 -7737 13835
 -1248 -7809 13660
 -1185 -7831 13750
 -977 -7911 13577
 -998 -7687 13511
 -1294 -7634 13602
 -1038 -7814 13632
 -1128 -7738 13631
 -1153 -7743 13525
 -996 -7713 13592
 -986 -7655 13618
 -1112 -7744 13282
 -1177 -7521 13525
 -919 -7884 13617
 -1130 -7670 13797
 -1047 -7645 13501
 -1123 -7683 13678
 -1035 -7671 13510
 -1122 -7608 13715
 -1030 -7786 13712
 -1081 -7674 13693
 -984 -7783 13754
 -906 -7604 13566
 -884 -7681 13781
 -1114 -8060 13645
 -1306 -7718 13948
 -1076 -7731 13581
 -959 -7642 13509
 -1228 -7800 13691
 -1170 -8071 13498
 -947 -7901 13558
 -781 -7725 13567
 -1114 -7403 13566
 -1174 -7615 13647
 -1244 -7636 13619
 -1024 -7733 13550
 -1020 -7879 13525
 -1036 -7930 13698
 -1167 -7611 13759
 -1040 -7760 13468
 -1223 -7751 13550
 -1040 -8132 13705
 -966 -7876 13712
 -989 -8239 13487
 -961 -7664 13627
 -994 -8090 13340
 -1390 -8052 13427
 -1324 -7798 13522
 -1367 -7906 13367
 -1348 -7894 13458
 -796 -8243 13272
 -946 -8086 13631
 -1198 -8166 13533
 -2355 -8025 13502
 -906 -8527 13126
 -1309 -8662 13137
 -1129 -8122 13354
 -1272 -8180 13141
 -1433 -7988 13232
 -1512 -8025 13245
 -1131 -8260 13453
 -824 -8209 13282
 -829 -8166 13504
 -1021 -8065 13282
 -784 -7947 13520
 -1200 -8508 13549
 -1146 -7972 13428
 -918 -8043 13228
 -1475 -8149 13370
 -1030 -7962 13559
 -1202 -7577 13541
 -1474 -7702 13292
 -1893 -7517 12503
 -163 -8652 13719
 -1335 -8468 13481
 -506 -7606 14109
 -2128 -7387 13477
 -2643 -6832 14544
 -1786 -8080 13501
 -1394 -7120 13898
 -103 -9179 14103
 738 -4521 14565
 1326 -8596 13181
 -430 -7692 13655
 -307 -7620 12975
 -918 -7021 14157
 -847 -7831 13761
 -824 -6878 14367
 -81 -7334 14144
 -530 -7124 14022
 -716 -7497 14018
 -673 -6601 14027
 -538 -7087 14038
 -676 -7133 14013
 -667 -7015 14041
 -520 -7112 13967
 -507 -7185 14205
 -656 -6902 14405
 -550 -6864 14251
 -620 -7088 14135
 -580 -7015 14175
 -584 -6940 14071
 -508 -6956 14143
 -340 -6940 14016
 -482 -7116 14024
 -500 -7224 13965
 -538 -7132 14147
 -450 -7184 14152
 -331 -7028 14031
 -441 -7299 14010
 -410 -7096 14013
 -470 -7091 14077
 -348 -7235 14102
 -225 -7214 14061
 -302 -7197 14024
 -291 -7222 14034
 -246 -7250 13987
 -278 -7214 14153
 -4 -7264 13803
 -292 -7532 13949
 -216 -7332 13768
 -130 -7459 13994
 -68 -7447 13805
 -263 -7398 13943
 -116 -7510 13873
 -224 -7570 13988
 -131 -7481 13872
 -173 -7542 13958
 -143 -7507 13798
 -209 -7590 13825
 -135 -7636 13894
 -171 -7476 13640
 -51 -7650 14062
 36 -7331 13877
 -114 -7698 13804
 -188 -7589 13775
 -161 -7632 13795
 -160 -7626 13851
 -95 -7587 13797
 -152 -7587 13834
 -151 -7618 13794
 -165 -7647 13810
 -119 -7595 13731
 -122 -7675 13835
 -158 -7542 13519
 -132 -7640 13899
 -143 -7372 13872
 -135 -7600 13812
 -252 -7387 13905
 -200 -7249 14013
 -330 -7373 14017
 -387 -7203 13987
 -351 -7257 14179
 -191 -7274 14007
 -222 -7219 13916
 -289 -7283 14015
 -389 -7297 14068
 -317 -7221 14185
 -362 -7218 14090
 -344 -7355 14041
 -393 -7194 14059
 -388 -7119 13914
 -403 -7163 14177
 -393 -7140 13983
 -416 -7186 14049
 -337 -7137 13992
 -317 -7181 14022
 -411 -7206 14055
 -343 -7211 14027
 -312 -7136 13953
 -240 -7297 13957
 -305 -7374 13997
 -294 -7259 13897
 -295 -7367 13961
 -244 -7374 13967
 -234 -7408 14007
 -231 -7450 13882
 -209 -7433 13935
 -193 -7467 13851
 -254 -7463 13881
 -53 -7505 13714
 -226 -7528 13957
 -235 -7528 13842
 -159 -7538 13809
 -196 -7478 13884
 -283 -7492 13887
 -211 -7484 13951
 -164 -7531 13841
 -231 -7547 13813
 -150 -7536 13867
 -179 -7527 13854
 -194 -7588 13842
 -273 -7499 13606
 -199 -7736 13938
 -72 -7397 13892
 -135 -7546 13751
 -81 -7441 14027
 -90 -7568 13866
 -157 -7672 14104
 -217 -7226 13887
 -355 -7344 13921
 -258 -7581 13880
 -231 -7255 14027
 -367 -7322 14051
 -472 -7292 14043
 -430 -7345 13902
 -372 -7205 13681
 -448 -7065 14017
 -451 -7504 14042
 -360 -7096 14048
 -371 -6736 15048
 -401 -7170 14164
 -330 -7183 14014
 -474 -7467 13615
 -436 -7290 14263
 -562 -7746 14617
 -264 -7084 14015
 -29 -7327 13266
 -661 -6999 14046
 -423 -6910 13715
 -704 -7460 13992
 -493 -6779 15550
 -119 -7240 13742
 -299 -8191 14232
 142 -7026 13525
 -357 -7604 14166
 -538 -7413 13032
 190 -6696 13897
 409 -7308 13821
 -963 -8590 15282
 545 -6948 14064
 -417 -7814 15292
 -27 -7824 13690
 -293 -6958 14036
 -1110 -8014 13388
 -544 -7450 14221
 -311 -7978 13283
 288 -6082 14297
 131 -6850 13935
 -693 -7330 16757
 -163 -7119 14310
 -758 -7025 14698
 392 -7377 13819
 98 -6993 14125
 -138 -7393 13381
 -541 -7609 14111
 -907 -7638 14857
 849 -5950 13826
 1 -7244 14059
 -853 -7288 14710
 -491 -7028 13985
 -221 -6920 11609
 190 -7072 13696
 62 -7084 13855
 -1632 -8176 14559
 -177 -7194 13861
 -401 -7608 12953
 281 -6212 14056
 -17 -7295 14108
 -1334 -10095 15155
 471 -6370 13634
 -912 -7609 14345
 -404 -6907 13733
 -423 -7982 14621
 -834 -7073 15032
 -346 -7936 13915
 -832 -7501 13501
 -175 -7750 13576
 312 -6311 14440
 87 -7166 14202
 -672 -8845 8464
 460 -5330 13784
 -381 -7229 14001
 -102 -7084 13925
 14 -7236 14186
 -391 -6820 14418
 435 -5986 14139
 -370 -7369 14039
 -307 -7194 13846
 -327 -7478 14357
 -605 -7868 16353
 590 -5663 14264
 -337 -7729 13917
 -520 -6980 15129
 -45 -6915 13977
 52 -6900 14064
 -186 -6627 13280
 -146 -7819 14141
 -292 -7094 14456
 -81 -7172 13876
 104 -7208 14210
 -591 -7767 13058
 -283 -7314 13993
 -822 -6107 16528
 189 -6326 13952
 -380 -7823 13998
 -303 -6258 16474
 807 -6335 13954
 -313 -7491 13298
 -419 -8328 14287
 388 -7096 14121
 -607 -6219 14035
 -116 -7843 17056
 -376 -9019 14197
 -2351 -9985 11193
 415 -7192 13195
 -395 -7185 13743
 -1458 -11229 19365
 471 -6241 14158
 -410 -7354 14293
 1407 -6969 12075
 -355 -6698 13831
 -5864 -538 16057
 425 -4190 14622
 -257 -6665 14003
 -6808 -24026 15457
 -839 -7418 14336
 -775 -7316 13928
 -2085 -6513 8345
 322 -7605 14417
 -517 -8494 13649
 1361 -7078 12560
 -578 -7646 13493
 1509 3065 23718
 982 -7692 14228
 366 -6903 13969
 270 -4807 23342
 558 -6534 14187
 -52 -5996 14175
 -920 -12034 12478
 -56 -6764 14392
 -736 -8078 14129
 2184 -6699 13191
 -800 -6963 14481
 3286 -7693 10474
 757 -7389 13510
 218 -9981 13999
 112 -6883 14102
 377 -5121 13641
 570 -7233 14330
 -276 -6844 14397
 306 -6937 14209
 -154 -6911 14687
 247 -7051 14285
 -350 -7177 14201
 379 -6093 14310
 -159 -6776 14220
 31 -6954 14057
 -47 -7351 14071
 10 -6730 14428
 -252 -6892 14237
 -99 -6878 14248
 93 -6950 14249
 37 -7005 14161
 2 -6872 14254
 -76 -6821 13705
 0 -6974 14327
 57 -7017 14266
 114 -7115 14153
 86 -7085 14127
 74 -7094 14069
 98 -7073 14171
 99 -7063 14132
 91 -7090 14160
 145 -7188 14079
 121 -7085 14289
 143 -7246 13927
 112 -7335 14146
 159 -7158 14099
 145 -7228 14104
 174 -7101 14077
 34 -7102 14133
 72 -7162 14196
 89 -7215 14214
 122 -7021 14194
 191 -7081 14273
 33 -7134 14295
 547 -5790 14740
 -127 -7136 14033
 16 -7363 14075
 -68 -7557 14070
 86 -7585 14049
 -123 -7318 14016
 -43 -7276 14061
 -79 -7238 13936
 -182 -7479 13806
 261 -7382 14096
 174 -7364 13784
 62 -7589 14136
 50 -7233 13451
 -365 -7249 14009
 -315 -7709 13898
 82 -7211 13857
 69 -7091 14070
 -386 -7623 13796
 -231 -7147 13975
 -168 -7284 13876
 45 -6988 14281
 -338 -7163 14025
 -247 -7360 13998
 -187 -7201 14130
 -73 -7328 14217
 -26 -7174 13822
 32 -7005 13776
 -450 -7654 14175
 -86 -7280 14050
 -84 -7130 14066
 -168 -7370 13862
 -87 -7165 13944
 -119 -7044 14006
 -232 -7337 14259
 -143 -7222 14053
 -115 -7292 14234
 135 -7129 14157
 -110 -7108 14117
 171 -7187 14044
 -302 -7324 14112
 -211 -6842 13880
 -978 -4909 14196
 644 -8630 14261
 -917 -7394 14844
 -781 -6858 14061
 -808 -6576 14571
 -1314 -6558 14262
 -1319 -6181 14524
 -956 -6771 14373
 -281 -6582 13967
 -177 -6874 14099
 -580 -6892 14314
 -658 -6521 14461
 -643 -6355 14046
 -767 -6730 14657
 -742 -5606 14549
 -271 -6421 14616
 -1104 -6954 14560
 -122 -6210 14671
 -21 -7045 14282
 -1152 -7253 12730
 -152 -6123 14021
 -469 -5234 14041
 -112 -7246 14299
 -561 -5314 15238
 -713 -6422 14275
 -462 -6830 15032
 -500 -7124 14569
 -422 -6968 13806
 -423 -6573 13967
 -416 -6590 14454
 -539 -6682 13373
 -43 -7407 14353
 -822 -6899 14188
 -846 -7104 14046
 -661 -7329 14388
 -388 -6862 14218
 -834 -7291 13902
 -624 -6947 14134
 -839 -7296 14027
 -267 -7082 13793
 -632 -6892 14348
 153 -6739 13878
 -504 -7420 13760
 256 -6788 14031
 -163 -7320 14517
 2016 -6112 14270
 -1187 -6749 14255
 419 -9525 13908
 -280 -5445 13937
 246 -6815 14708
 -722 -6824 13943
 -460 -6512 14748
 -729 -6799 14246
 -87 -6662 15010
 -294 -7012 14032
 72 -6878 14475
 -661 -7014 14246
 -912 -6422 14575
 312 -6469 14479
 -261 -6511 14475
 -587 -7002 14054
 -178 -6174 14439
 -588 -6801 14829
 -219 -6520 14168
 -240 -6477 14854
 -330 -6444 14249
 -366 -6199 13841
 -400 -7071 14347
 -77 -6240 14557
 -355 -6695 14567
 -568 -6825 14348
 -311 -6605 14313
 -128 -6530 14429
 -197 -6646 14283
 -273 -6683 14357
 -245 -6683 14588
 -386 -6308 14301
 -259 -6503 14427
 -250 -6643 14386
 -192 -6520 14126
 -370 -6553 14083
 -92 -6470 14322
 -352 -6785 14645
 -272 -6714 14615
 -164 -6648 14280
 -235 -6596 14159
 -388 -6683 14356
 -262 -6859 14026
 -354 -6694 14060
 -153 -6420 14102
 -220 -6823 14346
 -283 -6605 14378
 -224 -6676 14348
 -161 -6680 14293
 -270 -6769 14348
 -188 -6634 14160
 -261 -6708 14457
 -227 -6677 14273
 -355 -6704 14351
 -290 -6757 14359
 -374 -6684 14351
 -296 -6460 14512
 -366 -6701 14263
 -294 -6625 14284
 -380 -6723 14510
 -391 -6714 14375
 -363 -6744 14138
 -327 -6733 14350
 -360 -6742 14491
 -345 -6788 14108
 -329 -6774 14431
 -339 -6769 14134
 -404 -6808 14492
 -270 -6540 14427
 -365 -6919 14181
 -299 -6729 14441
 -274 -6868 14344
 -355 -6811 14320
 -334 -6798 14264
 -357 -6760 14177
 -370 -6798 14350
 -273 -6668 14278
 -349 -6700 14133
 -579 -6767 14451
 -361 -6746 14655
 -362 -6560 14357
 -422 -6898 13986
 -201 -6626 14445
 -279 -6720 14248
 -451 -6804 14364
 -361 -6683 14485
 -417 -6650 14321
 -391 -6658 14357
 -417 -6613 14324
 -283 -6677 14291
 -342 -6713 13979
 -449 -6529 14458
 -354 -6554 14415
 -332 -6674 14331
 -331 -6520 14400
 -416 -6576 14353
 -326 -6482 14493
 -337 -6563 14315
 -349 -6509 14366
 -257 -6595 14404
 -233 -6648 14441
 -309 -6536 14767
 -242 -6676 14645
 -262 -6577 14527
 -213 -6748 14418
 -184 -6665 14473
 -69 -6695 14405
 -209 -6584 14393
 -303 -6718 14391
 -230 -6566 14275
 -252 -6681 14401
 -216 -6582 14346
 -258 -6629 14383
 -222 -6724 14710
 -378 -6625 14385
 -229 -6476 14422
 -290 -6659 14265
 -274 -6544 14450
 -280 -6580 14359
 -329 -6612 14380
 -236 -6597 14368
 -235 -6615 14360
 -228 -6657 14386
 -214 -6630 14347
 -210 -6665 14515
 -219 -6598 14274
 -168 -6565 14629
 -85 -6527 14442
 -221 -6853 14264
 -163 -6656 14411
 -108 -6553 14447
 67 -6559 14858
 -796 -7327 14284
 -426 -6741 14301
 45 -6910 14309
 9 -6465 14414
 -914 -6977 14323
 -632 -6773 14306
 -317 -6866 14345
 -162 -6991 14445
 -369 -6834 14347
 -339 -6945 14231
 -368 -6988 14245
 -71 -7064 14270
 -201 -6821 14318
 -506 -6933 14192
 -363 -6820 14236
 -408 -7018 14217
 -254 -6845 14237
 -323 -6895 14134
 -265 -6750 14233
 -344 -6824 14103
 -512 -7007 14160
 -354 -6667 14167
 -338 -6996 14000
 -428 -6415 14391
 -302 -6862 14308
 -496 -7124 14139
 -578 -7096 14860
 -311 -6292 14523
 -471 -6713 14360
 -350 -6487 14296
 -581 -6425 14531
 -719 -6512 15117
 -512 -6465 14607
 -446 -6636 14337
 -474 -6564 14297
 -637 -6564 14560
 -580 -6502 14269
 -740 -6665 14552
 -591 -6632 14349
 -441 -6873 14279
 -459 -6423 14415
 -917 -6784 14375
 -402 -6738 14367
 -340 -6975 14479
 -334 -6931 14607
 -653 -6646 14452
 -506 -6677 14233
 -380 -6656 14422
 -561 -6754 14290
 -621 -6667 14345
 -568 -6674 14454
 -485 -6707 14305
 -532 -6728 14361
 -469 -6728 14328
 -189 -6699 14499
 -630 -6712 14181
 -563 -6718 14217
 -703 -6819 14280
 -493 -7116 14285
 -199 -7019 14142
 -636 -6881 14137
 -452 -6889 14101
 -469 -7125 14047
 -194 -7357 14110
 47 -6999 13971
 -255 -7191 14059
 -466 -6992 14175
 -283 -6930 13990
 -430 -7324 14361
 -103 -6885 14226
 -237 -7054 14133
 -485 -6902 14247
 -137 -7037 14054
 25 -6827 14184
 -543 -7072 14100
 -732 -6845 14115
 -304 -6914 14270
 -270 -7023 14085
 -414 -7003 14118
 -58 -6963 14123
 -185 -6933 14208
 -350 -7011 14213
 -387 -6901 14195
 -218 -6785 14161
 -242 -6963 14207
 -70 -6827 14307
 -641 -6779 14395
 -436 -6794 14411
 -112 -6826 14256
 -285 -6893 14238
 -426 -6869 14350
 -194 -6690 14425
 -406 -6904 14291
 -339 -6545 14343
 -307 -6960 14044
 -247 -6716 14324
 -200 -6722 14260
 -376 -6634 14305
 -323 -6894 14210
 -495 -6734 14340
 -103 -6679 14267
 -311 -6876 14286
 -345 -6609 13996
 -283 -6888 14264
 354 -7364 14389
 -252 -6662 14851
 -1337 -6250 14454
 -1775 -6113 14294
 -1639 -6487 14532
 -879 -6669 14127
 -104 -6941 14265
 161 -6851 14175
 -211 -7075 14156
 -480 -6410 14377
 -507 -6334 14453
 -659 -6451 14189
 -540 -6757 14377
 -488 -6852 14218
 -161 -6645 14487
 -504 -6336 14182
 -492 -6493 14476
 -390 -6449 14501
 -681 -6569 14379
 -606 -6370 14498
 -806 -6408 14272
 -486 -6571 14500
 -470 -6574 14452
 -561 -6393 14423
 -621 -6438 14387
 -721 -6383 14425
 -570 -6484 14219
 -538 -6503 14477
 -481 -6418 14290
 -535 -6518 14365
 -545 -6267 14513
 -771 -6339 14460
 -628 -6331 14475
 -647 -6427 14433
 -668 -6457 14490
 -337 -6626 14355
 -429 -6561 14462
 -712 -6341 14537
 -606 -6302 14666
 -830 -6200 14359
 -808 -6322 14411
 -708 -6541 14588
 -390 -6419 14532
 -420 -6504 14930
 -459 -6667 14622
 -587 -6460 14698
 -657 -6440 14303
 -727 -6357 14366
 -732 -6260 14895
 86 -6239 14263
 -545 -6469 14497
 -522 -6022 14608
 -810 -6003 15192
 -413 -5896 14532
 112 -6250 14593
 -163 -5339 14543
 443 -4780 14880
 -257 -6690 14468
 -151 -6706 14451
 -14 -6797 14291
 -221 -6382 13948
 -235 -6659 14532
 7 -6684 13953
 300 -6811 14349
 -4 -6196 14655
 -362 -6751 14267
 -547 -6737 14219
 -586 -6573 14326
 -635 -6263 14069
 -592 -6599 14649
 -333 -7014 14300
 -1020 -6251 14487
 -1112 -6885 13940
 -281 -6625 14686
 -632 -7346 14655
 -1045 -7195 12193
 -313 -6227 14570
 29 -7198 14112
 0 -6590 14422
 -485 -7134 14060
 -20 -6668 14599
 -365 -7047 14221
 -456 -6809 14243
 -754 -6830 14371
 -1044 -6306 14675
 -1029 -5893 14417
 -520 -6302 14422
 -395 -6467 14573
 -582 -6265 14306
 -632 -6438 14451
 -605 -6113 14516
 -854 -6402 14532
 -742 -6369 14610
 -611 -6481 14537
 -647 -6452 14366
 -777 -6392 14498
 -631 -6302 14533
 -798 -6388 14046
 -602 -6586 14599
 -717 -6310 14527
 -694 -6510 14429
 -607 -6456 14468
 -603 -6543 14391
 -687 -6587 14336
 -707 -6434 14190
 -498 -6476 14424
 -517 -6730 14493
 -553 -6619 14608
 -670 -6573 14309
 -682 -6518 14256
 -770 -6602 14251
 -619 -6532 14485
 -679 -6575 14300
 -680 -6461 14203
 -655 -6552 14373
 -659 -6523 14533
 -578 -6551 14218
 -607 -6595 14333
 -537 -6632 14468
 -588 -6660 14393
 -579 -6567 14662
 -643 -6630 14437
 -514 -6441 14752
 -598 -6655 14525
 -542 -6391 14519
 -493 -6492 14486
 -718 -6542 14397
 -745 -6572 14886
 -663 -6178 14616
 -771 -6249 14627
 -706 -6189 14518
 -724 -6150 14560
 -861 -6482 14706
 -848 -5730 14366
 -757 -5998 14544
 -755 -6023 14511
 -638 -6166 14496
 -803 -5911 14680
 -791 -6090 14706
 -665 -6050 14578
 -715 -6084 14679
 -642 -6066 14598
 -678 -6012 14566
 -631 -6158 14336
 -630 -6109 14499
 -633 -6124 14569
 -630 -6157 14629
 -627 -6080 14478
 -674 -6022 14527
 -921 -6271 15051
 -302 -5999 14679
 -680 -6175 14501
 -544 -6204 14578
 -491 -6116 14665
 -648 -6140 14686
 -611 -5979 14510
 -489 -6023 14752
 -596 -6267 14550
 -607 -6079 14642
 -578 -6164 14693
 -588 -6110 14564
 -603 -6156 14771
 -632 -6103 14396
 -635 -6116 14531
 -595 -6202 14556
 -643 -6087 14574
 -676 -6253 14547
 -637 -6052 14424
 -594 -6140 14435
 -618 -6278 14501
 -709 -6082 14302
 -681 -6230 14624
 -472 -6222 14161
 -865 -6296 14536
 -666 -5973 14693
 -728 -6360 14611
 -592 -6309 14331
 -783 -6274 14561
 -909 -6396 14231
 -884 -6333 14317
 -765 -6225 14517
 -741 -6507 14705
 -903 -6107 14459
 -879 -6222 14390
 -857 -6256 14509
 -1031 -6285 14057
 -740 -6376 14643
 -697 -6218 14692
 -913 -6368 14521
 -791 -6238 14469
 -755 -6245 14505
 -818 -6511 14600
 -665 -6029 14663
 -769 -6256 14644
 -873 -6144 14665
 -736 -6160 14748
 -851 -6180 14625
 -776 -6079 14565
 -795 -6089 14553
 -799 -6088 14555
 -848 -6324 14696
 -703 -6046 14690
 -869 -6026 14776
 -637 -6172 14752
 -806 -6092 14775
 -675 -6262 14701
 -721 -6111 14666
 -765 -6166 14628
 -813 -6104 14633
 -793 -6032 14673
 -791 -6064 14559
 -682 -6122 14551
 -698 -6143 14571
 -737 -6103 14621
 -747 -6132 14494
 -747 -6036 14546
 -804 -6079 14539
 -685 -6205 14629
 -748 -5990 14596
 -771 -6152 14606
 -600 -6098 14703
 -784 -6128 14502
 -764 -6204 14620
 -671 -6271 14594
 -672 -6174 14465
 -761 -6137 14679
 -547 -6197 14406
 -730 -6157 14582
 -702 -6110 14386
 -681 -6237 14614
 -654 -6027 14606
 -806 -6338 14768
 -666 -6221 14673
 -687 -6184 14557
 -847 -6292 14603
 -636 -6092 14641
 -741 -6207 14440
 -755 -6132 14639
 -788 -6332 14732
 -869 -6279 14556
 -773 -6055 14492
 -711 -6307 14485
 -725 -6268 14637
 -752 -6102 14470
 -773 -6268 14627
 -718 -6196 14454
 -813 -6206 14541
 -703 -6149 14476
 -754 -6239 14690
 -686 -6109 14390
 -839 -6178 14628
 -863 -6155 14288
 -903 -6221 14460
 -810 -5967 14505
 -881 -6253 14653
 -876 -5974 14546
 -958 -6121 14659
 -800 -6088 14612
 -833 -6187 14559
 -792 -6139 14568
 -785 -6161 14639
 -787 -6220 14674
 -721 -6143 14585
 -858 -6155 14657
 -630 -6190 14730
 -802 -6140 14704
 -673 -6230 14605
 -738 -6164 14616
 -668 -6174 14560
 -820 -6170 14673
 -583 -6012 14549
 -707 -6152 14706
 -685 -6004 14520
 -728 -6260 14672
 -642 -6047 14486
 -725 -6100 14596
 -708 -6228 14606
 -791 -6073 14517
 -686 -6053 14459
 -687 -6279 14649
 -819 -6161 14625
 -755 -6130 14603
 -730 -6284 14688
 -727 -6134 14448
 -786 -6272 14709
 -628 -6071 14504
 -737 -6272 14577
 -691 -6106 14523
 -853 -6222 14377
 -571 -6220 14832
 -765 -6073 14717
 -767 -6326 14588
 -764 -6221 14648
 -826 -6386 14638
 -718 -6119 14487
 -791 -6303 14750
 -707 -5987 14477
 -838 -6149 14654
 -727 -6055 14483
 -830 -6165 14524
 -831 -6125 14532
 -852 -6219 14817
 -786 -6372 14753
 -850 -6137 14728
 -902 -6429 14629
 -804 -6044 14561
 -781 -6318 14781
 -715 -6051 14532
 -824 -6181 14614
 -776 -6046 14532
 -829 -6223 14608
 -716 -6146 14587
 -738 -6155 14621
 -840 -6172 14601
 -687 -6247 14646
 -870 -6069 14578
 -630 -6085 14554
 -708 -6122 14586
 -672 -6141 14629
 -784 -6046 14533
 -752 -6382 14635
 -783 -6131 14348
 -876 -6888 14421
 -785 -5888 14823
 -589 -7064 14661
 -413 -7779 14172
 -243 -7102 14045
 791 -7500 14220
 834 -6366 14396
 67 -6733 14417
 -621 -8860 13752
 1305 -8275 13948
 -1487 -2430 15186
 -1383 -8674 13533
 -2365 -5902 14675
 -2445 -5710 15047
 -1190 -5969 13648
 -1699 -7374 13610
 -1479 -8184 13816
 -970 -7642 14574
 -1088 -7015 13681
 -1562 -7596 13226
 -2032 -8758 13583
 -1026 -7340 13763
 -1122 -7181 13524
 -1464 -7075 13618
 -981 -8227 13417
 -1180 -7515 14001
 -1003 -7032 13218
 -990 -7891 13737
 -1409 -7622 13637
 -594 -7583 14248
 -1205 -7977 13656
 -1131 -7452 13830
 -1294 -7557 13733
 -1256 -7536 13503
 -1555 -7970 13698
 -1219 -7511 13590
 -1175 -7688 13632
 -1213 -7960 13613
 -1287 -7651 13317
 -1403 -7424 13879
 -1279 -7432 13889
 -1378 -7611 13826
 -1216 -7810 13777
 -1225 -7366 13864
 -1357 -7468 13657
 -1332 -7688 13883
 -1537 -7585 13817
 -1545 -7813 13342
 -1287 -7689 13462
 -1239 -7716 13586
 -1237 -7590 13397
 -1291 -7740 13571
 -1539 -7674 13716
 -1518 -7734 13545
 -1365 -7533 13519
 -1428 -7509 13713
 -1408 -7768 13481
 -1416 -7873 13571
 -1477 -7578 13725
 -1483 -7809 13603
 -1417 -7853 13496
 -1362 -7769 13603
 -1245 -7759 13565
 -1443 -7797 13563
 -1457 -7749 13575
 -1377 -7756 13596
 -1297 -7611 13229
 -1353 -7559 13699
 -1306 -7683 13349
 -1225 -7664 13451
 -1300 -7531 13542
 -1290 -7580 13688
 -1229 -7629 13361
 -1310 -7628 13708
 -1242 -7567 13605
 -1228 -7662 13657
 -1216 -7715 13685
 -1385 -7590 13758
 -1283 -7893 13518
 -1243 -7431 13773
 -1252 -7548 13722
 -1255 -7797 13766
 -1286 -7638 13766
 -1260 -7519 13571
 -1346 -7691 13695
 -1284 -7579 13731
 -1309 -7738 13667
 -1442 -7735 13690
 -1294 -7567 13756
 -1130 -7962 13609
 -1478 -7817 13691
 -1340 -7856 13434
 -1371 -7799 13427
 -1418 -7755 13672
 -1391 -7869 13521
 -880 -7799 13745
 -1494 -7701 13611
 -2437 -7857 13525
 -2652 -7269 13738
 -64 -8475 13447
 -481 -8628 13531
 -1211 -7936 13644
 -1237 -7801 13505
 -1327 -7852 13519
 -1549 -7886 13633
 -1457 -7854 13463
 -1080 -7640 13651
 -918 -7747 13460
 -1177 -7798 13704
 -1255 -7705 13565
 -1352 -7619 13522
 -1332 -7676 13756
 -1348 -7647 13645
 -1250 -7883 13683
 -1216 -7652 13674
 -1264 -7767 13537
 -1319 -7737 13690
 -1067 -7498 13309
 -1349 -7482 13465
 -812 -7837 13529
 -695 -7621 12556
 -660 -8150 13898
 -1456 -4580 14222
 1334 -7052 14820
 -1525 -9007 14819
 168 -5555 14415
 -932 -7564 14379
 -147 -6438 14298
 -597 -6566 14492
 -308 -6393 14766
 -653 -6650 14326
 -398 -6445 14330
 -774 -6457 14285
 -449 -6524 14500
 -509 -6449 14493
 -493 -6585 14736
 -486 -6658 14637
 -411 -6485 14661
 -604 -6391 14483
 -613 -6597 14499
 -518 -6341 14469
 -559 -6530 14406
 -527 -6375 14105
 -525 -6446 14476
 -405 -6105 14840
 -152 -5752 15233
 -262 -7214 14024
 -1008 -6943 14005
 -1376 -8377 14470
 -671 -7296 13874
 -416 -7642 13204
 -506 -7070 13693
 -1025 -5813 14595
 970 -5707 15060
 -647 -4668 15314
 -966 -5685 15193
 -908 -5681 15207
 50 -4271 14664
 498 -3863 15127
 -161 -5804 14952
 3073 -5706 14263
 -217 -4404 14763
 -321 -6627 14781
 -1437 -5663 13389
 -628 -7270 15182
 -2936 -9221 18827
 1379 -5154 17588
 5609 -6003 21160
 -910 -12515 12829
 2481 -764 12258
 1152 4414 11801
 4692 7213 14076
 5842 6947 13692
 3706 6988 12902
 2696 9627 14085
 4094 9044 12201
 3621 9639 13914
Repetition Start
 3154 7290 11596
 7400 11245 10562
 5556 14598 7642
 5280 15804 5371
 4314 16112 4734
 5252 16561 3034
 7551 18605 4199
 1544 17929 -520
 4619 15356 2167
 5697 17100 4472
 5126 15409 3044
 4789 13957 4785
 5587 13745 5924
 5041 14125 6488
 5346 17640 4366
 5041 15259 4068
 4918 14562 4611
 4703 16234 714
 6217 22547 3373
 4678 14164 1752
 4917 19467 3324
 5678 17098 4240
 4586 11548 4047
