Repetition start
1.06190029393
1.21629914349
0.958291382191
1.12044872276
1.01282655975
1.04148872068
0.855891254028
1.04550689471
1.08723249167
0.944759875332
0.96397508483
0.99172600579
0.96158832321
0.9450953309
0.992165829955
0.996474430793
1.00181568609
0.992107733576
1.03449679008
0.92651593355
0.93096705345
1.01514344537
0.96448843317
0.940108909049
1.05668526694
1.02972692123
1.04444702803
1.12339746393
1.04961672675
1.46839319116
1.1946974166
0.978441736245
Repetition end
0
1
0
Repetition start
1.10724406522
1.07455822176
0.931660987823
0.905880848744
0.882337824469
0.927334745567
0.991042290984
0.9869112878
0.888224640119
0.976317224218
0.961764873031
0.934851619034
0.928448025125
0.970891258844
0.995845862941
1.02613934566
0.979379052182
0.959217047192
0.991816453188
0.998571489415
0.999152675782
0.932058768334
0.950140487877
0.952371430327
0.978581793674
0.960643719526
0.929631083243
0.881148901849
0.864919609527
0.883272660853
1.06753996436
1.00276885187
Repetition end
0
1
0
Repetition start
1.22290816165
1.11074042913
1.11859084235
1.00417162212
0.934814475043
1.06841553744
1.00352264749
0.844186303572
0.950990542099
0.936645098154
0.91873092664
0.927807616304
0.949694708423
0.952943051669
1.02403169411
0.977386146345
1.00896275291
0.982481539452
0.966321225154
0.964702051391
0.946059839931
0.987521194053
0.935575628137
0.902599936197
0.942948060176
0.891101410669
1.09217123291
1.18912187671
0.540300347444
0.861456338159
1.04000056558
1.02884693554
Repetition end
0
1
0
Repetition start
1.08539045229
1.10967780064
1.0531526506
1.07079964188
1.05663107235
0.930037196291
0.944443746841
0.884474019971
0.886934468417
1.03557677634
0.977543035341
0.990512133661
1.00249820888
1.16510358282
1.00664659268
0.991811431366
0.985162807642
0.971211432725
0.942247794169
0.914142338209
0.920689600609
0.914836791979
0.911831482616
0.897423283697
1.09474162211
1.13429820041
1.05783187364
0.890489379696
1.13905103237
0.971989180766
1.01699031246
0.992220174071
Repetition end
0
1
0
Repetition start
1.16515356014
1.18169829803
0.972287950915
0.878955420072
0.856672696123
0.884308814969
0.899495037298
0.947969584071
0.956462983336
0.996275000818
0.965907766936
1.00487987269
0.956352534282
1.0264601062
1.00024740876
0.983677683318
0.955499055075
0.931719560698
0.911509240863
0.99197913783
0.902368324325
0.978352150425
1.04756717787
1.14274831629
1.00620228561
0.997172302799
0.959790580434
1.26551720372
0.871939913152
1.01989680712
1.10034993915
1.07143931174
Repetition end
0
1
0
Repetition start
1.04329470924
0.922978334953
0.844419577941
0.914881504381
0.980867437788
0.976161762031
0.988025394688
0.99980815895
0.999307355315
1.00084196721
0.981933868803
1.00163157548
1.00517431467
0.999936573059
0.961723831653
0.964184997557
0.959262011364
0.942973652363
0.958803346255
0.944518287671
0.936798027604
0.930157400435
1.01091156061
0.95686216223
0.834133789204
0.821772853592
1.0672514661
1.18080818237
0.964471084811
1.17672005431
0.968581796472
1.05579941382
Repetition end
0
1
0
Repetition start
1.06421862653
1.01964567171
1.15029407154
1.14845997276
0.995592198604
0.963994229417
1.03076397938
0.971902005244
0.851487298585
0.992590441322
0.895858999465
1.02132592513
1.01527355789
0.992582689265
0.968242989425
1.01576637054
1.00621631178
0.977442918636
0.976955085045
0.952799907728
0.973256069822
0.938345162584
0.915832236829
0.919751896715
0.958070111363
0.925557664841
1.1215061466
1.10189846847
0.970898618144
0.991706498766
0.834969927645
1.20276476681
Repetition end
0
1
0
Repetition start
1.03537334289
1.10857094586
1.07926658128
1.04756014203
1.20882642297
1.036163202
0.957173447847
0.937218466845
0.891557759257
0.858392715435
0.976075594635
1.0137441918
0.996758366432
0.99150692509
1.02791170369
1.01110534778
1.01570579684
1.01673349812
0.992262369996
0.937842842833
0.925693431343
0.946762700629
0.898683392006
0.907337647978
0.914718964811
0.947938672097
0.936102455279
1.10025368374
1.1484818823
1.11430621732
1.03483398927
0.855314865816
Repetition end
0
1
0
Repetition start
1.07502020502
1.24509257722
1.16958389272
1.25601651379
1.19288101536
1.01324175932
0.960687374111
1.02946028055
0.896164055655
0.863728821498
0.886723551968
0.91953684814
0.974170767682
1.01449749974
1.02726605524
1.07769799069
1.02428099038
0.987592013892
0.993205773857
1.01374942468
0.979383563392
0.978361252735
1.00498348173
0.982745830067
0.983000315792
0.948205544484
0.959842043913
0.909631770382
0.935268864508
0.811728381595
0.864821471123
0.981809188041
Repetition end
0
1
0
Repetition start
1.22165560527
0.952749361997
1.10847308878
1.08341117
0.893612398045
0.913948386152
0.80081119714
0.971278837324
0.86521279758
0.871504154519
0.976113355347
0.972129890007
1.00867705079
0.968829542017
0.97372359768
1.01320512864
0.991554136947
1.00909106709
1.00153900906
0.98694202656
0.941312340053
0.980794894166
0.918781312503
0.928307133603
0.97490107924
1.03549417162
0.924606179078
0.666761735505
1.76443372369
1.22372396149
1.03985880333
1.14840626025
Repetition end
0
1
0
Repetition start
1.11577229963
1.03568502812
0.953974950661
0.881276924064
0.847988777595
0.793689477765
0.982858970132
0.989798645597
0.975833429937
1.01625444641
1.0731730799
1.00760929144
0.97767979031
1.00935110848
0.986546803773
0.973432547081
0.983496001025
0.956989587149
1.01536723497
0.914906140976
0.889024528286
0.998698120996
1.00114590585
0.916441773558
0.9664985524
0.956420222649
0.854510319109
0.901008439508
0.89326758645
1.63288617424
1.04910259989
1.06603924406
Repetition end
0
1
0
Repetition start
1.17081157913
1.12257658856
0.941754686209
0.91634947218
0.933572603329
0.89910116562
0.955050809349
0.993191663345
0.846708878011
0.924032485085
0.974353659266
1.02866301482
1.02039228087
0.993777857171
0.995748920218
0.984529004463
0.991048929289
1.01279673901
1.00138776567
0.973051280115
0.979609530904
0.92832790663
0.93287710193
0.93675691441
0.982618782377
0.980413737407
1.007781677
0.996033717198
0.825198881153
1.09419689075
1.23055847234
1.09034190193
Repetition end
0
1
0
Repetition start
1.09240461096
1.07375370363
0.942046618407
0.927196322567
0.94736387982
0.944484060006
0.946356024012
0.847513694466
0.93927937961
0.997487297629
0.965407361346
1.01447407176
0.987542817011
1.01606393646
0.998375125737
0.980125180875
0.987343480813
0.960948655211
0.989869214056
0.980686509317
0.928199045362
0.949464048079
0.954315048432
0.98559815428
0.961629999886
0.834273297205
0.955990875889
0.957083903052
1.08856145903
0.971915215553
1.06989390304
1.07254590434
Repetition end
0
1
0
Repetition start
1.02085157381
0.929184615341
0.947157904802
0.936502615545
0.926393752951
0.887228317299
0.994681162672
0.888171124069
0.892725302167
0.899364258819
1.06930553445
1.06027285231
1.01601310797
0.9721753682
1.03517282041
1.02008638943
1.00258650289
1.0024805354
0.988750489605
0.954711268281
0.927656461556
0.920249609264
0.882713194131
0.976458864435
0.972389843471
1.0936363621
1.10622224133
1.09027016238
1.03567027519
1.0079697368
1.06400393361
1.07724138864
Repetition end
0
1
0
Repetition start
1.27435848802
1.04399582122
0.9667298207
0.876113517287
0.93027916081
0.88087186149
0.846901537859
0.925016574292
0.925455496814
1.00148758846
1.03454396296
1.00525502688
1.00611773756
0.985342055956
1.00890815121
0.999973164511
0.995879675731
0.971680082388
0.933266444671
0.947656474149
0.909311655794
0.964865719008
0.921984847846
0.898853149878
0.871785485807
1.13602312177
1.06212388071
1.05485228735
1.48975272288
0.928795242093
1.12750143038
1.05692892672
Repetition end
0
1
0
Repetition start
1.30225395483
1.25156434341
1.05069683225
1.04597751201
1.00862775032
1.01600860907
0.833217961054
0.871621126212
0.866509752653
0.910735126315
0.992050705889
0.922987311335
1.00491133891
1.00120683394
0.996974107246
1.02726549496
1.00957402158
0.969228376439
0.979217819854
0.953869538612
0.964450595848
0.925854050313
0.917649852877
0.902254160029
0.974504277864
1.07860588496
1.07447780433
1.02743827363
0.928413971394
0.945824959071
0.934097246045
0.992621036114
Repetition end
0
1
0
Repetition start
1.17363636209
1.15258993493
0.920892007508
0.946599165473
0.941087734188
0.922714901448
0.809397592745
0.918903088385
0.852653095969
0.921125996731
1.05213623004
1.00345578273
1.03702355333
0.987745941068
1.0276076355
1.01105591148
1.00656590693
1.00433973498
0.976471816621
0.969719328762
1.00620502718
0.874100718998
0.992088962528
0.954225479403
0.917049534135
1.04256467099
0.97252392539
0.95356880471
0.886988745769
1.5214205693
1.01058527885
0.982291025203
Repetition end
0
1
0
Repetition start
1.17854837815
0.985293839411
0.913200301898
0.893764900537
0.905158487242
0.884788003432
1.01013206643
0.973325818714
0.99064999949
1.01019271068
0.987482468081
1.0286226779
0.987998714695
1.01939067018
1.00403606377
1.01583450064
0.952674520848
0.970846856297
0.957590262968
0.921684669793
0.972662808883
0.978885757661
0.889173338958
0.943547788803
0.97852074361
0.957624901358
1.02848250404
1.01990973364
0.962318765155
1.17061643251
0.946643833704
1.06250825696
Repetition end
0
1
0
Repetition start
0.264578532034
1.06880410961
1.08313154575
1.02398267087
0.903637305649
0.879494942498
0.822844552953
0.873247735815
0.927454346005
1.04407124523
1.00476066989
1.03142603362
1.05015333197
1.0090572023
1.00967052241
1.03721580929
0.974139069508
0.982918513301
0.96603912945
0.974590253547
1.02856294282
0.917394616788
0.932223047985
0.935548001888
0.877553322373
0.890682498849
0.96233597618
0.935634366048
0.960943237536
1.31142714481
1.04486631442
0.906071487061
Repetition end
0
1
0
Repetition start
1.18865269161
1.27983950398
1.25919429776
1.16274505187
0.806203141625
0.89479721688
0.842965118605
0.921399230144
1.00684826767
0.999972642956
1.03761919426
0.984014621117
0.981703305852
1.02318978042
1.00100936836
1.00127474554
0.994632011188
0.965673030427
0.922627113942
0.889034348228
0.890728772961
0.907575767989
0.884220043498
0.914470779089
0.977907543873
1.00766351989
1.04913027547
1.07212570368
0.999513196548
0.910139806132
1.1317294896
1.005509499
Repetition end
0
1
0
Repetition start
1.27231890017
1.13122519899
1.00038023887
0.945130184815
0.969025609204
0.867632189135
0.832034554273
0.835078827862
0.915684499858
1.03030000806
0.982620913021
1.01438316755
1.01098119333
0.994991876725
1.03522447685
1.00098870433
0.997196000908
0.992875133111
0.986365376137
0.946685151072
0.869419792432
0.959077704291
0.943057130292
0.943047643773
0.922418708812
0.993804938669
1.0241902346
0.92878470544
1.58270521172
0.952195364945
0.949165376097
1.19970334231
Repetition end
0
1
0
Repetition start
1.31369008027
1.17528469747
1.01633005978
0.980112552532
0.900740609241
0.948720045518
0.960078283688
0.924846342089
0.86904262676
0.81152810372
0.93212586288
1.00038587494
1.005370512
1.02158869763
1.00343031122
1.00991186599
0.979908475336
0.989266537687
1.03369757245
0.959312470244
0.925138292494
0.910714477635
0.945111194173
0.949082421689
0.919407771756
0.96125571673
0.932867513884
0.996684534987
1.03070601833
1.00582544029
0.916923881969
1.03733681486
Repetition end
0
1
0
Repetition start
0.955001194124
1.55412114193
0.834618706866
1.13649838399
1.1743476118
1.00679880364
0.819693752084
0.815277471441
0.916603962919
0.925841802315
0.882513748949
0.977327119943
1.0311898987
1.03557728716
0.991495681604
1.00835816818
1.01425288019
1.03644419206
0.988667186574
0.989048302053
0.990084915243
0.98391257316
0.957522307163
0.928930138392
0.939881437296
0.926614607589
0.981003127432
1.00833891826
0.999455381892
0.991381620172
1.04481669102
0.902397661952
Repetition end
0
1
0
Repetition start
0.840443654158
1.07822252088
1.08937198929
0.951967609547
0.90009020057
0.908863612958
0.903025169613
0.881800461792
0.916154336492
1.03067377999
1.0458591607
0.963067030852
0.99427182619
1.02660790623
1.06958114739
1.0339796487
0.921680286421
1.07102045953
1.00613791489
0.903458350692
0.962874735455
1.01078619746
0.902059677541
0.975003779997
0.983226298899
1.02156945088
0.934295647818
0.854970453749
1.80349314376
1.08530337186
0.979243120377
1.12135720065
Repetition end
0
1
0
Repetition start
1.1114937503
1.107949397
1.00663456721
1.05952747628
0.955391549636
0.903705368454
0.863082161554
0.885091256435
0.880081247527
0.95023210813
0.914968217124
0.976466704438
0.955816736116
1.01426007546
1.00769474391
0.987863923719
1.00820913937
1.0007773094
0.98955390807
0.987413896507
0.917285025398
0.942591862395
0.891198036657
0.983028880348
0.927717688561
0.947061239393
0.928489223373
0.988298636498
0.977149087211
1.6398547567
1.06707654924
1.0266525351
Repetition end
0
1
0
