Repetition start
0.727199462383
1.02439478155
1.02999549298
1.0156724662
1.01266532419
0.992532161488
0.985271673678
0.966499618146
1.05244318097
1.00951941235
0.961493207389
1.11963550917
1.04206757956
1.06638341222
1.10053888066
1.1460285109
1.11740147102
1.14370436955
1.07108474981
1.06293919896
1.05312863754
0.977270636351
1.06022096161
1.00283303951
0.984456091144
0.926003646696
0.942731668208
1.06225943121
1.44871298687
0.967778458953
1.52374736129
0.973260948158
Repetition end
0
1
0
Repetition start
1.3617172082
0.768298410539
0.906513147132
0.985904972973
0.89550928721
1.04339649594
1.05240336082
0.92099763249
1.00019045223
1.00798322466
1.10295163148
0.942091785222
1.02120507983
1.07563753415
1.19502853312
1.11386606015
1.12622106863
1.08726362004
1.0778441789
1.02069969564
1.06174966495
0.897659622216
1.01640642072
1.00496283454
0.921507826923
0.947871985492
1.12820780244
0.848516324546
0.595273979573
0.865317118974
0.85144361051
0.971545845667
Repetition end
0
1
0
Repetition start
1.00053149866
1.45216025224
1.10900194484
1.00689725569
1.01428231104
0.860571570092
0.864257196114
1.06381899993
1.03848071949
0.959618038588
0.896959642161
1.08204261485
1.0002164085
1.04823558024
1.1420708435
1.12980684736
1.11233574721
1.11193364044
1.10912574063
1.11212686787
1.11001822636
1.07610817425
1.05484168374
1.01739891546
0.966748733478
0.977083963405
0.982258864695
0.970880833713
1.07605323553
2.04313680403
1.58035006735
1.03096115698
Repetition end
0
1
0
Repetition start
1.18912757528
1.29672819766
0.782390034485
0.907516328508
1.04491704244
0.931444891275
0.923755298107
0.936687558524
1.03044210382
1.07590278751
1.06024836454
1.01169506251
1.19290827203
1.13121972083
1.11088305211
1.11277239698
1.05498399805
1.0619298899
1.05951183703
1.01773074538
0.871681797505
1.05393224448
1.00282304303
1.12148967258
0.853926249965
0.952440635644
0.95412988728
0.985429843859
2.09347330941
1.56384841552
1.21265487407
1.13406464828
Repetition end
0
1
0
Repetition start
1.30044339778
0.868240631984
1.04955202478
1.07637052035
0.940783841006
0.968689497474
0.943173151215
1.10141480754
1.02976763454
0.898823470676
1.05718208514
1.01596800441
1.04593442005
1.17073506702
1.12238970229
1.07073046362
1.05913257258
1.07302896501
0.976332919791
0.997374397633
0.98033704101
1.00470895996
0.962112712196
0.766677964406
0.896465797897
1.08267914658
0.864960366599
0.901810934623
1.62964482224
1.14899470313
0.863253167934
1.23649059753
Repetition end
0
1
0
Repetition start
1.16730861125
0.789173257722
1.3095863421
1.03769393115
1.02841318332
1.04631047543
0.980550061612
1.02208711445
0.9400721412
0.991218395863
1.01125578984
1.02840543686
1.11219169103
1.04951402766
1.08111582258
1.20165779706
1.08798410161
1.11654081668
1.03456836417
1.02605576695
1.01336876154
1.00473364269
1.04305290926
0.968731981925
0.869226511451
1.09253439449
0.969195742118
0.956504684702
0.816202688164
0.826591405471
1.16104069145
1.13632049991
Repetition end
0
1
0
Repetition start
1.41369888204
0.845455990334
1.05274975045
1.086929436
1.0047107045
1.00546714024
0.997097736097
1.05159761489
0.902094110826
1.00592881676
1.05108439139
1.11142591003
1.1255448532
1.17133864208
1.13854150696
1.08790317508
1.12838980963
1.09734430326
1.05341964209
0.978864540968
1.00713491764
0.959149831961
0.941111724336
0.996425851923
1.04875504827
1.064507847
1.05722861932
1.07022297095
1.47763316629
1.51801186577
0.745145889669
0.994403542038
Repetition end
0
1
0
Repetition start
1.26870087977
1.09172812298
0.974061775792
0.997024899382
1.04479286966
1.03186018007
1.00853541787
0.903311948995
0.991348294668
1.0966205615
1.04456888279
1.11403242167
1.18173149642
1.12690687828
1.141182089
1.09043190922
1.10910233317
1.10396089095
1.06433359927
1.02831442017
1.02636251802
1.0179196515
0.932796283322
0.993429439202
1.00611436075
1.0853178929
1.00497401633
1.10135700798
1.13466425359
0.906724659577
1.05919763014
1.11123495097
Repetition end
0
1
0
Repetition start
1.04348653092
1.64422699522
0.75956983912
1.10730295199
0.900835729872
0.889584590325
0.879076430481
1.02395436652
0.996631449138
0.990958588522
1.04912675481
1.12559824673
1.15245927458
1.19700157434
1.0048219034
1.12229385175
1.09617738439
0.948047751578
1.10466259958
1.15942447877
0.987820033307
1.02005974456
0.903112270008
1.06715196694
0.880397440791
1.00501949652
0.954666934596
1.40729058892
1.02843123886
0.988243792129
0.955821339046
0.986819856648
Repetition end
0
1
0
Repetition start
1.04492026356
1.03704761422
1.03633319237
0.973222479639
0.968371540407
0.927719479491
0.993681441872
0.930472671507
1.00108068343
1.02895862516
1.03272288975
1.06014113454
1.1558732711
1.16026389461
1.27401214488
1.03995235243
1.13418688764
1.08072667026
1.12899734202
1.07496551393
1.08240154451
1.05724975389
1.04430683253
1.05486796566
1.11572359448
0.898661336796
1.03942959797
0.884546166375
0.854298743014
1.72747423731
0.873361547884
1.36335506622
Repetition end
0
1
0
Repetition start
0.786379511254
0.968814418943
0.84608384168
0.939181738692
1.01094037753
0.935652177415
0.900027007204
0.96205030919
1.05339440797
0.872299115195
1.07111218261
1.13845709318
1.13898562171
1.17251369238
1.13244676605
1.11776450402
1.10131201872
1.07555526474
1.07475942183
1.06652253079
1.07908918451
0.997809430374
1.00097241843
1.01261631723
0.840740080405
0.896771663352
1.14451742001
0.907841113964
1.00422746811
0.855275110425
1.10248014936
1.07578341713
Repetition end
0
1
0
Repetition start
1.20073009834
1.12118088985
1.03223208604
1.02942305629
0.983682829979
0.974406349272
1.03753246506
0.98353569073
0.961948456125
1.05279377184
0.976774944086
1.12636883066
1.27601083423
1.09035659332
1.10007767843
1.11393799066
1.12999770916
1.06885245903
1.00015675352
1.03811415439
0.994492957404
0.979119219374
1.0404454937
0.985030671147
1.12906588346
0.976682834841
0.977262941934
0.917694874754
1.50900283583
0.906422867813
1.17229956406
0.948739535239
Repetition end
0
1
0
Repetition start
0.954390846057
1.15363927205
1.04997253673
0.967841179687
0.945187641205
0.941081258069
1.03365636702
1.08869732614
1.03319916247
1.07745068478
1.02080763469
1.16944870272
1.18307107143
1.09936476506
1.07903821595
1.09016107909
1.09270852265
1.1183198662
1.0431647313
1.04567839964
1.01169146129
0.976792735616
0.939884148377
0.963961914494
0.932242882596
0.858991858297
0.847066661043
0.850266518164
0.778923203218
1.2340712249
0.869938452074
1.07933618058
Repetition end
0
1
0
Repetition start
0.932704490051
1.30587637152
0.819335948867
0.884736399557
1.07313134556
1.11770526852
1.01867989733
1.02510619805
0.981753478373
1.02652675539
1.14654247455
1.19600950595
1.12637159063
1.08621321067
1.10232686855
1.11068683115
1.10965847034
1.06885914559
1.05522479218
1.05643616812
1.03723675364
1.02503946377
1.01782415055
1.07385798032
1.08318269313
1.0096760605
0.978853258828
0.789382768069
1.2448552548
0.88889132714
1.05191050973
0.958082781395
Repetition end
0
1
0
Repetition start
0.742271601781
0.746688870057
1.00618355351
1.09131977323
1.06639781711
1.05531700739
0.92628427915
0.923433814469
1.01162657815
1.05039844311
1.02392046394
0.868015484706
1.03265528947
1.01060858871
1.10266259399
1.14599937695
1.11002892375
1.10809306001
1.0806193746
1.03711218034
1.0768288651
1.03863930689
0.981445316296
1.02196253167
1.03271191824
1.00436723456
0.842681203416
0.767726585358
0.920432710245
0.951815645796
0.888197118101
1.00209427745
Repetition end
0
1
0
Repetition start
0.94732308361
1.16068827507
1.69940663866
1.4427106455
1.17602918393
1.06650336316
0.978118231403
1.02004102955
0.904108384181
0.919066614705
1.00756327556
1.06132345588
1.13804842499
1.11486540568
1.18843451545
1.08942635894
1.10581614458
1.10480374294
1.08981408827
1.10884777657
1.09563317305
1.05876424514
0.988413899834
1.02310707677
1.00491566136
0.968339442732
0.929772028566
0.910807419596
0.731549389289
0.953622744699
1.02298333742
1.01709843823
Repetition end
0
1
0
Repetition start
1.60718721111
0.676954306939
0.807144418742
1.10416836465
0.96043476856
0.884553058512
0.909395190306
0.881121268745
1.03844026886
0.9853294699
0.908924204151
1.02737754868
1.04551922311
1.12015554168
1.21582939574
1.11527948405
1.11997903339
1.09296506577
1.06304670391
1.04539778736
1.06365977304
1.0431303442
0.939792163445
1.06076665923
0.998996018288
0.931153041877
1.00562422328
0.928763447269
1.36221393433
0.765288578293
0.916288967465
0.905637128955
Repetition end
0
1
0
Repetition start
1.48107187019
0.909332463328
1.39952376069
0.957505655456
1.01990882233
1.05177123469
0.999940961719
0.992563396121
1.04484698482
0.885647521591
1.04732762345
1.00593502168
1.13186500979
1.17765171558
1.14227965442
1.13999498618
1.12107689941
1.09263850513
1.08080150427
1.07795912565
1.08302652981
1.06430776111
1.02079473231
1.03422226787
0.985245079812
1.0065519393
0.962408918322
0.826111563607
0.804251601384
0.898447602671
1.01405342543
0.88170188696
Repetition end
0
1
0
Repetition start
0.959193152564
1.13594817723
1.71524502289
0.557733313232
0.898588907918
1.08319653242
0.979733423133
0.902394501799
0.991193622757
1.01920835819
1.01536933909
1.00920237026
1.091827863
1.11452696523
1.14460866263
1.11389131562
1.08355127738
1.11180031136
1.08271437816
1.06555763127
1.06851721475
0.989707946042
1.04244884648
1.01683286221
1.07699485127
0.915909809841
1.013897652
0.984320710971
0.915540952454
0.823997603484
1.38210462378
1.04086291855
Repetition end
0
1
0
Repetition start
1.28778657045
1.20274406601
1.23056936155
1.36917820823
1.07716038646
0.987685966636
0.933229217628
1.00041192668
0.944302180573
0.958405176049
1.01502886296
0.932000580512
0.876040463791
0.959337897702
1.08546020976
1.10454962233
1.14446994468
1.12425779324
1.13977100135
1.09339611766
1.11968944068
1.08377817444
1.06969005522
1.06580650666
1.04376379528
1.02230433346
1.02679916822
0.986345774427
0.9970049804
0.920520737377
0.983631206872
1.49677780887
Repetition end
0
1
0
Repetition start
0.982666785198
0.985437555786
1.2673868129
0.622846197379
1.06327682735
0.995047850435
0.93814886606
0.891725723713
1.02039764576
0.972118004703
0.918406106368
0.978989541574
1.01354283226
1.15172880704
1.16290208723
1.10849565928
1.09434074559
1.09843163746
1.10759831088
1.11807497328
1.08634090649
1.03807362489
1.08581543312
0.949154692714
1.06055262337
0.972704522341
1.06052369326
0.87787196656
1.02437364919
1.5339791709
1.08676149303
0.933120172486
Repetition end
0
1
0
Repetition start
1.06343786486
1.68627760133
1.27302706868
1.15120045633
0.936816763264
1.02350386557
1.00865162802
0.897171584048
0.989083422534
1.03033729464
0.955168319999
0.990396508933
1.01022545326
0.928173485286
0.973217788672
1.07708140672
1.20988482897
1.08620166653
1.10443545971
1.13767952969
1.08735138286
1.0446069849
1.07270038629
0.974380039991
0.958414467801
0.920993660446
1.02518136569
0.955192054007
1.01047610775
1.4181257337
0.910228024465
1.01557785438
Repetition end
0
1
0
Repetition start
0.987534595288
1.10325444768
0.918994517129
1.04215175083
1.00433404506
0.878416259662
1.00259247212
1.04630617267
1.05695006375
1.00358475833
0.99568265959
0.969271279261
1.09825216693
1.12675482594
1.1016318624
1.06968582038
1.12950631301
1.11290154591
1.0805467465
1.07604426027
1.07047148206
1.06665513694
1.10022562657
1.05207486275
0.991133620155
0.976673922858
0.954576227818
0.966876491004
0.954766846854
0.961848906426
0.791729783639
1.58979132165
Repetition end
0
1
0
Repetition start
1.01328285191
1.01875974067
0.902739396818
0.932186834295
0.935923118433
1.00007869925
0.957399762496
0.936035192069
1.04056719234
1.09434995715
1.13632175061
1.12215993937
1.10707366185
1.09696829269
1.09160128089
1.09664684087
1.10040568422
1.05400446391
1.08964024801
1.06238105403
1.04226793361
1.13913686232
0.943703618236
0.977772499054
0.945501135298
0.93472631143
1.00291437474
1.02769988563
0.948097048965
0.755098603213
1.79930169191
0.92751604824
Repetition end
0
0
0
Repetition start
0.873183956521
0.950258019663
1.04053885938
1.10469548608
0.977625802047
1.00794658213
0.935308386204
0.937031591144
1.09847150848
1.08511842053
1.16560502387
1.10479421053
1.14646441915
1.08579944001
1.07338979815
1.12104435224
1.1114219817
1.07663252572
1.07488246527
1.07045258002
1.08183988366
0.983883649949
1.04721212652
1.03217319686
0.729462514476
1.03405387228
0.98831962428
0.948334250415
0.941922811793
0.866328346527
1.13391079114
0.916736729701
Repetition end
0
1
0
Repetition start
1.00231814289
0.925069887753
1.01175176353
1.1024260822
0.850640491177
1.04213813325
1.02078359428
1.0381655066
0.998690089958
0.942405538334
0.883558297985
0.966821026741
0.974910937882
0.947247056681
0.963999096657
0.998369888769
1.16381192071
1.11925481044
1.11788985209
1.09836850187
1.09699506632
1.1250547356
1.08911156243
1.07356850971
0.936524668624
1.04132485941
1.00978942231
1.04805843874
0.952841038303
0.835792762936
2.00587447587
1.5331094531
Repetition end
0
1
0
Repetition start
0.939217680694
1.01157658547
1.0087360634
0.598175895024
1.15112674587
1.22353083588
1.09031774953
1.11514333297
1.09545930744
1.03404700929
1.00626303897
0.942696196081
1.03167178819
0.98509935189
1.1288708282
1.15517506539
1.13203672779
1.07770869089
1.0384438132
1.07084392316
1.06712145803
1.0454336268
1.04880660406
0.929750366249
0.951914348681
1.01499111678
0.971682802512
1.02292889049
1.00387589895
1.00432890407
0.782759495614
1.85279752389
Repetition end
0
1
0
Repetition start
1.09512388589
0.97785445774
1.00766746084
1.05158214997
0.565951217188
1.21048626491
0.977636519156
0.976971420504
1.00380153518
0.964059228907
1.01001444431
1.03120024337
0.867492059546
1.00960153357
1.05567103021
1.14197245138
1.16012206814
1.11540413782
1.13907545963
1.10297601723
1.09998608805
1.04420165794
1.07859506242
1.04863276163
1.07229091878
1.15548673452
0.993378911368
0.954712175497
0.957191008254
1.02842050048
0.8822690443
1.25574740004
Repetition end
0
1
0
Repetition start
0.984081114693
1.26924984381
0.95602414021
1.09692961171
1.00321927667
0.911174294855
0.868127268558
1.07460240709
0.917194750333
1.12359394183
1.07187790975
1.16447183113
1.14322222463
1.16260555318
1.16073543047
1.08693241436
1.15487745694
1.10883680069
1.09769607112
1.05791870814
1.05556541568
1.12700966804
0.915908508301
0.946957890184
0.968427629439
1.08945449591
0.997258873725
0.969538248761
0.966862676289
0.940748677567
0.955682615875
0.965361031775
Repetition end
0
1
0
Repetition start
0.9605323899
1.22833154903
1.08926728771
0.916128466799
1.15454352756
1.02234475205
0.989796810799
0.977940437924
0.965902267157
0.996884899479
0.952833289313
1.00197391042
0.929633517662
1.09219671888
1.08327948875
1.10850657805
1.11138637806
1.07039885973
1.08974969451
1.04951663834
1.05391363081
1.02530247991
1.05517363118
0.951625672641
1.06063487108
0.991613496112
1.0271524262
0.946600318558
0.868053680285
0.82497674203
1.69275024484
1.29612009931
Repetition end
0
1
0
Repetition start
0.938039294737
0.938039294737
0.998861295979
0.998861295979
0.998861295979
1.01263298792
0.974126591105
0.974126591105
0.980568774315
0.944472710331
0.944472710331
0.910446761186
0.910446761186
0.910446761186
0.970685663201
0.980832469393
0.980832469393
1.03812807057
0.961697940462
0.961697940462
0.975105665744
0.975105665744
1.20972065237
1.20972065237
1.20972065237
0.971675807619
0.971675807619
0.971675807619
0.964600623151
1.04467269921
1.04467269921
1.04467269921
Repetition end
0
0
0
