Repetition start
1.02859708534
1.03609947201
1.03187860852
0.94289397968
0.987495056876
0.992594320142
1.02520164201
0.969489834137
0.976351123822
0.988173710773
0.963787462054
0.965258634611
1.02029013251
0.990509337373
1.00476717307
0.983516242842
0.994905776907
0.9963933625
1.05417501043
0.954015946622
1.00633025212
1.00230143072
1.09959650286
0.97980859653
1.13419135462
0.913467089001
1.03222010601
1.05345615457
0.898508255702
0.938884636463
0.995275441802
0.966088665593
Repetition end
0
0
0
Repetition start
0.946729986414
0.981970084037
1.01987199826
0.955688297254
0.995416184524
0.995502195292
0.992250053807
1.01470481562
0.979319841582
0.973019304272
0.977723741569
0.983184219106
0.886495709201
1.00078583552
1.00554084179
1.01804770583
1.03703045769
1.01079323497
0.867923394262
0.96813981582
0.950149834967
1.00794252215
0.979350092081
0.989554700521
0.971801361057
0.919162943383
1.02218666697
0.913642242607
0.857490300031
0.761697605035
0.996846481217
1.02642086408
Repetition end
0
0
0
Repetition start
0.970597591458
0.998644550925
1.00540434721
0.924751880431
1.01413289466
1.00302506525
0.990625588224
1.02191894835
0.978624906929
1.01251101679
1.00696101924
0.965308996147
0.684265531425
1.13672714296
1.02163836994
1.02048072231
0.979521158613
1.0505694456
1.06427766596
0.978669322006
1.03187370404
1.06496842887
1.04705240753
1.11540635214
1.13115921065
0.976990832806
1.13282850517
0.96388350901
0.868284232166
1.07802990135
0.980466643175
0.970881236601
Repetition end
0
0
0
Repetition start
1.05085803393
0.992028156011
0.973184382823
1.00342694578
0.990502229087
0.987929635958
0.96194782101
1.01345773872
0.961219941864
1.01456240674
1.01554838405
0.967812742326
0.895393262336
0.577430481907
1.03169663287
0.995677154041
0.983267594529
0.995946353404
0.98180204712
1.01463922197
0.973461975981
1.05745314984
1.07144510772
0.864423906132
1.24327639621
1.10895334545
1.13389097704
0.979718918958
0.884988476727
0.979203964303
0.898427675028
1.7906471693
Repetition end
0
0
0
Repetition start
0.954617032105
1.21371047097
0.975753162704
0.804049491262
1.01374784637
1.00226196378
1.02727948013
0.985817801771
0.993587431791
0.99965791141
1.0003137264
0.995821637029
0.999961002901
1.0439332046
0.824051006025
0.81627824227
0.585299226892
0.989604618028
1.02984098425
1.03226979182
0.957887636166
1.0492636169
0.958846731078
0.991666916322
0.933186406289
1.03024425917
1.18255394563
0.745644066891
1.23166577833
1.05272124111
0.97349070944
1.00993500327
Repetition end
0
0
0
Repetition start
0.915296011627
0.915939885081
1.35071432644
0.988328859065
1.02010882121
0.955594291923
0.999077611817
1.01635766195
1.07455742266
1.09261910693
0.998812348335
1.29158343988
1.03811244626
0.941115825223
1.1095020161
0.796697524353
1.13498758781
1.0178840785
0.900242480919
0.988130516499
0.980295656131
1.53346084324
1.05418908564
0.969091712766
0.997784630499
0.940756246925
1.0701970052
0.979696895168
1.01584525654
0.985578070505
0.951128672768
0.994863739906
Repetition end
0
0
0
Repetition start
0.884166900209
0.911263792757
1.15196718432
1.01648427486
0.987774443818
1.07978831054
0.849310807131
1.06486151499
0.96516176535
1.15784357579
1.0097008118
1.08289169363
0.95654263382
0.847380591103
1.12013952837
1.06484497452
0.915994017617
0.902159455293
0.975536887432
1.0573227262
0.995798684343
0.97893027697
0.941666125996
1.02404155995
0.988371256925
1.11027057691
0.972874211015
1.02199304909
0.928752743796
0.985530209485
0.995640844341
0.996858116533
Repetition end
0
0
0
Repetition start
0.990922461188
0.962288350903
1.00321257594
1.0101167098
0.960079278957
1.04089096532
1.01402540602
1.02134687618
0.999468574655
1.02082119926
0.969044152332
1.00077024985
0.989482500142
0.691040742568
1.00048982463
0.753079294365
1.03607960492
0.991269253674
0.999336292506
0.992459199905
0.985582506093
1.01799791504
0.984601556728
0.924482204764
0.958342914516
1.22466539562
0.978470892655
1.21209044944
0.846641698071
1.00212022529
1.09172576168
0.990969845621
Repetition end
0
0
0
