Repetition start
1.02873434117
1.03242836264
1.02826749588
1.03749410314
1.06782567225
0.966582787054
1.05447815654
0.891073954511
0.976996336892
0.997514950642
0.989023823004
1.02189520931
1.03852634293
1.0240199219
1.00923715667
1.10628747951
0.944998736368
1.00150034157
1.02052519934
1.01138737676
0.951660786487
1.04640214653
0.98636913592
1.08903653492
1.08445507861
0.996195361621
0.974697510398
0.98433606699
1.02736502977
1.03781393871
1.04264852701
1.00950349102
Repetition end
0
0
0
Repetition start
1.05080486647
1.01676012941
1.0375920428
1.0189584899
1.00298738917
1.02290442102
1.00135008937
1.03760972857
1.06362151987
1.07614733015
1.06045778262
1.12266043939
1.02501477029
1.02758258864
0.982758144064
1.03039569943
0.986201042071
1.00553059251
1.04373356641
1.05943174203
1.06990332509
1.01879688832
1.00258203478
1.05210151299
1.01071511937
1.02620809939
0.928107122528
0.966477799986
0.842117965248
0.910917381339
1.00773875018
1.12222568343
Repetition end
0
0
0
Repetition start
0.878751298173
0.967233659355
1.00608127146
1.06687550124
0.962276150478
0.768398363533
1.20525167659
0.862199997298
1.04846917835
0.945790111066
1.05101892024
0.972685183436
1.18859805142
1.11557233203
0.996335867833
1.02511932599
0.937123280573
0.911814460209
1.04608778037
1.1819239395
1.01678373187
0.890743628348
0.911712831888
0.972769194484
1.02133508944
1.01167745764
0.911489868527
0.954413436239
0.921587078747
1.06978732297
0.977234952194
1.01807883825
Repetition end
0
0
0
Repetition start
1.02284889367
0.953419583167
1.00087629235
1.15014555803
0.887158366807
0.82933055874
0.81964866708
1.50217943756
0.93734560927
1.01453325207
1.00755839323
1.01630141585
1.01119258447
1.00881560809
0.979018390577
0.927606678256
1.12848752087
1.01690244848
1.00069029087
1.01007648973
1.05939926314
1.06529631685
1.0976298811
0.905195183443
0.844469357621
0.771652727228
0.901404889394
1.07542230287
1.09195818759
0.969492629571
0.962516094745
1.02863234761
Repetition end
0
0
0
Repetition start
1.09060221091
0.917265289719
1.0273126971
0.846336959762
2.77442853575
1.10076262808
0.981097695959
1.0211404692
0.989388763181
0.999078670776
1.02992664123
1.03020125041
1.02626724918
0.99824944025
0.999497542586
1.00218297319
0.971562774372
1.00914009021
0.969331516807
0.9997768004
1.17428376436
0.965610226731
1.06645639358
0.874794938122
0.863112718003
0.9648219137
1.08723824115
1.11619744414
0.92972744327
0.907127935512
1.0153498552
1.00235343581
Repetition end
0
0
0
Repetition start
1.01421148715
1.00816016521
1.06769532413
1.06436399734
1.00935079292
1.00343794234
1.47100285722
0.937047636647
1.2576023957
0.845256874895
0.878454789667
0.734930416855
1.0577353238
1.02372004889
1.08559948477
1.07607758173
1.04839000573
1.08325550559
1.01562806826
1.03488561223
1.02034388234
1.00149159091
1.11161513218
1.01762686739
1.04145603633
1.0391714946
1.04446183354
1.02981990034
1.03235473667
1.03686600145
1.05315400361
1.02177078907
Repetition end
0
0
0
Repetition start
1.01705510249
1.06247461688
0.918454891691
0.998759013781
0.491273777395
0.168354943343
1.04021795463
0.986223895165
1.02511511053
1.01497035386
1.0032008138
1.00768370323
1.01011495432
1.01934898691
1.03129733042
1.02230415672
1.04123916516
1.01463729441
1.01428456616
1.01337431802
0.951649559592
1.09843387583
0.925890443294
0.901722204734
1.04245678698
1.18366764172
0.99638899934
1.07584006461
0.907982454871
1.03839452325
0.96166532757
1.25587575199
Repetition end
0
0
0
Repetition start
0.369219902649
2.83016152782
0.88026593681
1.00645162313
1.00252902154
1.01211500877
1.00606034317
0.997185232506
1.0103051056
1.02463323687
1.40853326396
0.963390678956
0.965040657862
0.938542448067
0.956084211009
0.965142883232
1.08199378062
0.996415430373
0.99331887763
0.954885908103
0.980394598068
0.998527733885
0.943558667932
0.940077772281
1.03853605852
1.05575538191
1.10920419352
1.02582159522
1.01307069816
1.00871901809
1.15645287963
0.945904493185
Repetition end
0
0
0
Repetition start
0.979245227932
1.07048541781
1.08670503435
1.0546547655
1.09483085258
1.01663410783
1.06331397706
1.04486626094
0.993738121061
1.00115365858
1.02162341052
0.879249914585
1.00715474725
1.0494154701
0.961908139051
1.19619560655
1.06602629331
1.1853861142
1.1794566835
1.0994553348
1.00415268148
1.014319215
1.06039729038
1.17263639193
0.897552477264
1.24231364551
0.934063192877
1.08762563906
0.925085580981
1.03493718762
1.13022652148
1.05807889932
Repetition end
0
0
0
Repetition start
0.99913608218
1.02183254173
0.808486459128
0.439616181535
0.760313726288
1.57243310735
0.967332593283
1.02944943168
0.993166485599
1.01778349204
1.02830487246
1.01787708269
1.09161191305
1.01814349132
0.847930303563
1.06004646607
1.07165750863
0.95144934788
0.88061719936
1.12730289069
0.818557437609
0.971674331574
0.859155802515
1.10172835075
1.03470562897
0.918108969997
0.997111966928
1.03241894318
1.02073434935
0.81594649059
1.043022683
0.996144611332
Repetition end
0
0
0
