Repetition start
1.05272367044
1.0676780425
0.984865134696
0.984865134696
1.06451560196
1.0475751418
1.1168232921
1.12379541247
1.03367453639
1.06234004591
1.09456885203
1.13031360653
1.02012825985
1.02012825985
0.932398254102
1.03945823175
1.11379159975
1.09164548278
1.09164548278
1.15809481759
1.16937861941
1.16937861941
0.985289432771
1.01662396856
0.964264325048
0.973840477089
0.973840477089
0.860428045729
0.954137241161
1.0074704647
0.997405413398
1.00186805847
Repetition end
0
0
0
Repetition start
1.01496344992
0.998423191872
1.04576727991
1.0668907567
1.00239080867
1.01623379361
0.99126336847
1.08855580381
1.0568937062
1.14504375961
0.996965636345
0.941253994069
1.05548809183
1.30126307416
1.16117687639
0.998651118179
1.13180096451
1.20189461558
1.26693259202
1.16993035455
1.17259625333
1.04316248327
0.819851014345
1.10279967114
0.817584884441
0.899688981046
1.04386777742
0.953801833272
0.966056135372
1.07899918049
1.10143156322
1.12136100614
Repetition end
0
0
0
Repetition start
1.00252784174
1.04466322434
1.06482488108
1.16431224947
1.02270705605
0.920875747255
1.1979543718
1.05712100196
1.05546188889
0.988511831351
0.988511831351
1.05268558609
0.959423411418
1.12481193494
1.12481193494
1.25424670413
1.23514689835
1.21439269024
1.14904439876
1.06553143471
1.0339850728
0.966513293513
1.02221371742
0.938532636081
0.961819796131
0.918643123385
0.960198779441
1.06733546628
1.03545346762
1.03545346762
0.988685544062
0.988685544062
Repetition end
0
0
0
Repetition start
1.04397452004
1.03763904624
1.06126343773
1.06153335672
1.14638378638
1.01981027483
1.05380291224
1.00825069017
0.934344731833
0.903855417894
0.912369235676
0.948148683521
0.854678710198
0.571559594159
1.62026496062
1.03412505556
0.887693570915
1.03113070072
0.954525087311
1.18676182271
1.11887959903
0.965603079825
0.961132454286
0.991394007271
0.975776586911
1.14869106342
0.815104002643
0.928585292688
0.968587988719
1.05691314152
1.11528647513
1.05131732639
Repetition end
0
0
0
Repetition start
1.15953859431
0.957979950417
0.891228809968
0.879607084386
1.0765169096
1.05344204658
1.05512850866
1.07855117536
1.04123117423
1.13865016602
1.11855435452
1.06688136392
1.05131282974
0.986729117359
1.04321635447
1.04778006737
1.06826187261
1.06875401867
1.04012608589
1.03606245933
1.05170274943
1.02314169263
1.04365662061
1.05025933822
1.06815042318
1.04334206811
1.07010655266
1.03570300004
1.035691008
1.04026959869
1.05282046226
1.04000909968
Repetition end
0
0
0
Repetition start
1.09113952897
1.09113952897
1.181982311
1.181982311
1.14656462055
1.14656462055
1.20892802525
1.20892802525
1.25532670835
1.14328712083
1.14980258549
1.06676765054
1.05720957565
1.06155475476
1.06155475476
1.06155475476
0.836907648264
0.858101712131
0.858101712131
0.858101712131
0.976094055356
1.04163397519
1.04542413566
1.04542413566
0.991482082169
1.02722633256
1.02722633256
1.02722633256
1.11240887342
1.11240887342
1.11240887342
1.11240887342
Repetition end
0
0
0
Repetition start
1.13275160461
1.08731895507
1.00691721761
0.993083089718
1.00928949091
1.01361430929
0.990454844849
1.07344746384
1.10127788276
1.03725523022
1.06848734799
0.993102399024
1.02795890152
1.11627735564
1.03127694456
0.969499492279
1.08147306367
1.02031244662
1.11163084771
1.21246697372
0.90004926901
1.05817864433
1.1167648106
1.11397977799
1.01397685055
0.905938532761
0.857768633855
1.0947778181
1.02252092705
0.942595818516
1.00708539372
1.16021902062
Repetition end
0
0
0
Repetition start
1.00853084683
1.03477410154
0.920951625303
0.95205029104
0.933702841574
1.15826934316
1.28611637328
1.192036973
1.06529747958
1.0226000315
1.0629073407
1.06470486175
1.12905394106
1.08044763387
1.20436819362
1.13034960765
1.04695590262
1.09142608522
0.794134225458
0.900249538415
0.640826882559
1.08786467174
1.08530029634
1.03137582134
0.991091163803
1.06430055942
1.06128500092
1.02878876872
1.04826548916
1.11233910632
1.12024500416
1.03030661579
Repetition end
0
0
0
Repetition start
0.799937890387
0.732146547066
0.308568017828
1.3179846238
1.19126070885
0.873125352255
1.04227283027
1.07121852131
1.02052554247
1.02399706649
1.00551885748
0.966689506503
1.06163026821
0.994506045559
0.967155815693
1.0523742049
1.15799447025
0.947681371162
0.969305865336
0.635980754689
1.11595262457
0.984556039557
1.00942748807
0.911275449752
0.969042581937
0.943230509595
1.03367797994
0.874468953052
1.02676573328
1.34211224455
1.06023521305
1.2046327448
Repetition end
0
0
0
Repetition start
1.01118072358
1.01118072358
1.07507956607
1.07507956607
0.973553490732
0.973553490732
1.00677375712
1.00677375712
1.0805725756
1.0805725756
1.0805725756
1.0805725756
1.12220609622
1.36416664174
1.35497278435
1.35497278435
1.28548936092
1.17276521249
1.17276521249
0.791037255451
0.888320457227
0.888320457227
0.877131579876
1.00738561631
1.00738561631
1.00738561631
1.02000452983
0.98603619136
1.04953249752
1.08924184264
1.03762154226
1.03762154226
Repetition end
0
0
0
