6244 15067 -2463
 6149 14497 -2175
 5855 12437 -337
 5654 11082 1225
 5728 9306 3705
 5142 7654 10443
 4869 5547 11473
 5853 6212 11275
 6640 1310 11839
 20799 -15478 17397
 2199 -1008 18773
 -10813 -61 23294
 -5616 -8004 22982
 6800 -1864 14992
 3773 -4188 15029
 -3545 -480 15542
 -314 -555 16124
 -471 -2874 15397
 -1298 -3829 14555
 3698 -2958 16853
 589 -1689 17753
 -2197 229 14802
 5244 -9493 19574
 4434 -161 17622
 1184 -3447 16039
 2327 -5149 15372
 4742 -6682 12830
 2173 -7005 14622
 1919 -6953 17336
 257 -5729 15555
 2482 -7210 15515
 3033 -4442 18049
 -3402 -14269 8557
 903 -14416 8415
 -1659 -12755 8037
 -822 -9644 10256
 5212 -2396 21807
 -2462 -8552 19202
 -2684 -9705 10670
 -862 -11552 10817
 -1326 -10218 13062
 -1080 -7628 17456
 -1658 -7863 15105
 -275 -9743 13358
 -3420 -9487 13217
 -1147 -9223 14186
 -877 -9190 13653
 -1946 -9672 12377
 -1085 -6765 13438
 1606 -9643 14222
Repetition Start
 -714 -8077 15223
 -496 -8196 15446
 -924 -6216 14862
 896 -8708 15085
 -62 -8064 15151
 764 -7778 16545
 1597 -8007 16503
 1161 -6683 15518
 1140 -7277 15770
 2454 -6980 16336
 -8 -8027 16689
 57 -5582 15754
 101 -5287 14332
 -102 -5347 16169
 170 -6266 17138
 75 -5869 16895
 -42 -6470 17837
 255 -6419 18050
 1139 -5150 15257
 1247 -5880 15534
 282 -6917 14201
 -1185 -8344 13548
 270 -7834 11717
 -840 -9366 12488
 -778 -9348 13582
 -1901 -9402 13230
 -993 -10363 12691
Repetition End
0
 -2944 -10164 13792
 -1701 -10970 13483
 -4055 -9999 14024
 -3564 -9874 13978
 -5329 -13037 14406
 2467 -11010 12414
 3610 -8141 8843
 -1792 -14182 12988
 -2880 -11910 13188
 2701 -11482 11854
 386 -12428 11143
 -1353 -11837 12564
 1563 -11967 12553
 782 -11003 12711
 597 -12778 12985
 -432 -11904 11664
 510 -12099 11885
 851 -12634 12095
 619 -12463 11706
 260 -12127 12105
 715 -12546 11655
 246 -12463 11406
 -65 -12361 11750
 -17 -12390 11196
 481 -12786 11334
 829 -12700 11532
 676 -12384 11817
 299 -12353 11787
 599 -12231 11958
 100 -12248 11449
 875 -12422 11147
 -1113 -12333 12097
 -405 -11871 12161
 372 -12091 11917
 569 -12119 11976
 -430 -12198 12149
 788 -12469 12198
 501 -11603 12656
 512 -11452 12990
Repetition Start
 -17 -10974 12494
 349 -10496 12542
 224 -10937 13210
 227 -9710 14115
 2494 -10702 13407
 1374 -10997 13811
 3279 -11011 13174
 1182 -9511 13120
 1581 -9397 13376
 2491 -10093 13865
 2744 -9615 13627
 1694 -9760 13352
 1180 -10143 13151
 978 -10167 12627
 1275 -8655 13293
 1184 -9165 15254
 287 -8980 13498
 2123 -9718 14174
 97 -9149 16378
 1017 -8886 12319
 244 -9261 13453
 1443 -8043 14549
 2159 -8172 14299
 285 -6289 14078
 -2886 -8040 15036
 -2963 -6236 18595
 1540 -8617 19440
 -1656 -11155 15322
 -449 -10664 12216
 -1437 -10392 12556
 -659 -10669 14060
 -376 -11195 14778
 -357 -10568 16612
 -1127 -7436 19347
 109 -7887 17470
 2457 -7176 18206
 -4284 -5856 17789
 2204 -10504 13301
 -2232 -7787 10715
 2607 -12801 12482
 -470 -7843 10849
 -209 -12903 7124
 -1361 -16496 4305
 -2654 -13389 7609
 -434 -12955 9083
 -44 -11973 12974
 1306 -13747 11038
 -157 -13680 11768
 -2118 -12506 10312
 -1331 -12710 10402
 -874 -14070 11782
Repetition End
0
 -7 -14115 10810
 -1210 -12823 10589
 -1375 -13395 10983
 -1156 -13337 10947
 -1466 -13340 10929
 -577 -13109 10393
 -328 -13524 10618
 -953 -12918 10847
 -823 -13122 10392
 -872 -13496 10017
 -1720 -12956 10384
 558 -13003 10563
 936 -14190 11308
 478 -14489 11588
 1902 -11775 12011
Repetition Start
 1358 -11276 11866
 1897 -12695 11322
 1363 -12331 12266
 1775 -12721 14104
 195 -11854 11841
 -826 -9043 12049
 -1393 -13078 14569
 245 -9892 14215
 312 -8998 14764
 1130 -8796 13552
 504 -9195 14583
 921 -8627 13108
 866 -9597 15709
 2720 -8566 18480
 1543 -6980 18932
 887 -8395 18017
 684 -10461 15637
 779 -9391 14696
 342 -10052 13632
 -1422 -9795 12361
 -1597 -11843 11734
 1362 -11592 10011
 2819 -11828 10024
 -1637 -10543 10616
 -415 -11044 11196
 -668 -12090 12617
 246 -12066 11923
 249 -11796 11099
Repetition End
0
 101 -12600 11746
 -232 -12625 11744
 53 -12601 11827
 902 -13041 11450
 628 -13253 11597
 -115 -13283 11555
 103 -12929 11159
 159 -13372 11081
 311 -13324 10867
 88 -13093 10689
 485 -13435 10883
 -321 -13456 11107
 35 -13282 10882
Repetition Start
 296 -13279 10777
 -177 -13369 10829
 142 -13118 10813
 -371 -13277 11725
 56 -12866 11696
 -450 -12649 11598
 -432 -12697 11878
 221 -12434 12443
 928 -12756 13755
 -489 -11344 12279
 85 -11213 12387
 1325 -10780 12790
 -588 -10159 13948
 902 -9238 13443
 430 -9673 13384
 1439 -8370 13577
 730 -6165 13993
 906 -7234 14538
 2335 -6984 12848
 637 -5142 15968
 2504 -1072 14698
 1567 -804 16705
 2422 1427 15278
 2150 3306 13869
 572 5528 12853
 2227 5008 11708
 1887 1241 9088
 -861 30355 32767
 3217 -19181 18068
 17537 6790 32767
 3028 -5028 15894
 3223 -2352 16654
 2928 1481 14169
 3720 427 16959
 2408 2209 16575
 2679 2199 16495
 2277 1398 15409
 1049 -1267 17296
 811 4888 18802
 2008 3487 18058
 1929 7068 16804
 3063 8206 14452
 4205 7840 13082
 4672 10225 11832
 4969 10601 10531
 5228 10521 8785
 6905 13126 6623
 3684 13338 6485
 9181 10776 7428
 7413 7421 12664
 3519 2061 18373
 2985 60 14870
 3260 -2185 12765
 4221 -2838 12844
 2226 -4163 14463
 1441 -7780 13737
 2595 -8443 13184
 -668 -12209 11110
 -1296 -12546 11865
 146 -12961 11363
 -923 -13001 12807
 1008 -14140 14284
 -1404 -13460 10656
 1740 -13257 9236
Repetition End
0
 762 -14547 10521
 1092 -13935 9952
 258 -12398 11503
 -675 -12206 10866
 -661 -12659 11058
 -105 -12650 11065
 -54 -13248 11215
 -611 -12896 10862
 -615 -12836 11046
 -405 -13160 11010
 -1049 -12581 10777
 -1479 -12269 10751
 468 -10154 9486
 -458 -11777 10406
 -1231 -12072 10452
 1930 -12456 14983
 2178 -11929 14978
 -1171 -13991 15630
Repetition Start
 756 -12940 13889
 620 -11698 13557
 -2295 -9030 12631
 -669 -9768 10833
 -639 -9961 10027
 847 -11293 8913
 -3588 -10831 13450
 -665 -11751 12624
 1799 -11827 11957
 97 -13466 10840
 -1327 -13056 11834
 -217 -13314 10547
 1210 -13546 10299
 978 -14450 11759
 784 -13816 12015
 81 -12979 10520
 -1116 -13341 11239
 -373 -13806 10293
 -163 -13234 9284
 -1492 -13771 10264
 -1222 -13576 10312
 -1064 -13690 10303
 -753 -13939 10558
 -483 -14074 10407
 -1399 -13586 10433
 -2211 -13372 10038
 -1857 -13688 9980
 -1040 -13691 9981
 -699 -14186 9756
 -1875 -13433 9851
 -1342 -13817 9777
 -1209 -13857 10298
 -1184 -13795 10034
 -1561 -13806 10097
 -1666 -13772 10181
 -1337 -14061 10333
 -1233 -13820 9999
 -2221 -13574 10150
 -2367 -14034 10239
 -2391 -13571 10209
 -1823 -13638 9903
 -1178 -13719 9917
 -1541 -13829 9712
 -2425 -13593 9992
 -2413 -13614 10314
 -1810 -13713 9951
 -1788 -13768 9791
Repetition End
0
 -2100 -13802 10220
 -2263 -13662 9995
 -2014 -12886 10019
 -1475 -15559 10300
 -1576 -13633 10058
 -1680 -13912 10096
 -1779 -13809 10129
 -2420 -12999 10077
 -2833 -13096 10334
 -4180 -12458 10678
 -5948 -14748 11440
 2556 -14302 9587
 2525 -11038 9366
 4063 -11057 9726
 1110 -15100 9033
 -3386 -11705 11709
 940 -12902 10009
 -815 -12851 10262
 -736 -12342 10631
 -186 -13862 11691
 -2383 -12052 12434
 -1714 -12389 11495
 -1662 -11926 10855
 -1145 -12150 10903
 -516 -12793 10949
 -1738 -12346 10863
 -906 -12064 10010
Repetition Start
 -1127 -12724 12507
 -1956 -13456 13789
 -2363 -12016 14245
 929 -8905 17668
 -2807 -12250 16281
 898 -10604 15415
 -483 -8822 16638
 -760 -11375 13248
 -2662 -11654 12535
 -4698 -13652 9698
 -2937 -11587 6718
 1187 -13039 5122
 -21 -13107 9163
 -1392 -13227 10694
 531 -14150 9637
 -527 -13650 8791
 -1407 -13749 9604
 -1469 -14947 10325
Repetition End
0
 -1242 -14421 10230
 -656 -13934 9941
 -580 -14867 9361
 -1646 -14361 9683
 -1778 -13912 9568
 -968 -13883 8798
 -1353 -14573 9495
 -252 -14556 9437
 -245 -14633 9293
 -1306 -14177 9574
 -1524 -13733 9326
 -575 -14844 9379
 -215 -13924 9757
 -838 -15287 10509
Repetition Start
 91 -15307 10494
 -1994 -13308 11674
 -790 -13477 9482
 -1549 -12571 10213
 -1739 -12134 11099
 654 -12011 11450
 246 -10559 12320
 336 -11811 13027
 -3324 -9768 14802
 -2304 -9244 14073
 -1486 -9845 14399
 -2081 -8306 14552
 -1939 -6768 14669
 -67 -6970 15332
 -2191 -6565 16929
 -957 -6917 15386
 -1334 -7223 14084
 -1771 -7389 16007
 -1122 -6680 15283
 -500 -6271 17092
 -1458 -7976 18135
 -1239 -6610 16868
 -299 -6441 13262
 3932 -8221 14749
 771 -9458 15644
 254 -10091 15206
 1622 -10126 13070
 -1158 -10712 10209
 -1573 -11715 7602
 -2564 -15061 9398
 -1239 -13755 9483
 650 -12484 9068
 -2081 -12812 10187
 -732 -14927 11747
 400 -15074 10769
Repetition End
0
 -1290 -12993 8787
 -495 -13986 8571
 -1706 -14325 9620
 -609 -13737 9989
 -148 -14592 10153
 -910 -14215 9460
 -2356 -13605 9424
 -2293 -14067 9528
 1288 -15348 8736
 -3159 -14083 9085
 -5523 -14051 10197
 -5080 -14949 10303
 59 -14439 8133
 285 -13642 8878
 -3221 -15708 9000
 -1279 -14928 8292
 561 -14774 8339
 -1559 -15535 8711
 -1263 -14194 8177
 -1331 -14045 8184
 -1162 -15318 8282
 -1452 -14253 9154
 -1180 -14149 8673
 -941 -14366 8963
 -1110 -14869 9355
 -797 -15195 9170
 -1487 -14790 9242
 -823 -14476 8377
 -3110 -14761 8969
 -2077 -13691 9552
 231 -12369 9227
Repetition Start
 201 -14079 13988
 -2325 -9943 12991
 -1729 -8861 14350
 -80 -8493 11825
 965 -8000 13831
 -2296 -3556 14483
 2328 -9562 12102
 -2599 -6661 13524
 -1055 -3455 16100
 2874 -5020 18074
 3075 -9468 18572
 3354 -7910 17539
 753 -6070 16347
 785 -5361 15854
 2293 -5731 16284
 1146 -5969 16351
 -23 -5701 17598
 -818 -5243 16888
 978 -6893 17268
 2322 -6769 18389
 2741 -5375 18264
 4099 -5362 17246
 2948 -3536 16524
 2629 -3568 17324
 1514 -5579 16199
 504 -8695 9666
 -1894 -7228 12717
 -180 -7081 7750
 493 -10988 14025
 2001 -6609 16386
 1014 -8606 14507
 -1237 -10271 12516
 -1367 -13637 10781
 -1923 -14131 9948
 -2347 -13476 9849
 -2109 -13632 10232
 -763 -13905 11756
 -1042 -14528 11168
 -412 -13268 10428
Repetition End
0
 -2121 -12799 11174
 -2073 -15203 8858
 -215 -13739 9447
 247 -14387 10433
 1202 -13306 9863
 -836 -13803 11383
 -1670 -13253 10599
 653 -13360 9956
 325 -13452 10382
 -1012 -13254 11406
 5 -12933 10859
 -545 -13268 10885
 483 -13086 11442
 174 -12469 11582
 324 -11983 10699
 632 -10232 10984
 36 -9720 12371
 1377 -9301 14554
 1670 -10159 16518
 1861 -9661 15711
Repetition Start
 -6902 -8638 7037
 9893 1682 6572
 -2138 -990 4473
 -9429 -9076 17176
 12396 -3882 18815
 1734 1630 8932
 -282 -1333 19470
 2701 -4746 13222
 2070 151 16950
 5437 826 16667
 2196 1743 15876
 2537 1020 15800
 1345 -192 16665
 574 -1148 16728
 443 -954 16529
 269 608 16461
 1695 268 15745
 93 -349 17390
 902 7 16269
 312 -1225 17563
 2134 -1433 15636
 -742 -377 17222
 -125 2488 18901
 2373 -1546 18760
 3646 3061 14779
 3380 7889 14193
 4717 10089 12969
 4478 9565 11856
 5067 10518 10766
 5242 12832 6673
 3465 7764 6024
 5233 11084 8257
 5330 13847 10684
 6219 10281 11713
 6244 10896 11553
 6104 10207 10898
 5208 9287 12655
 3062 6923 15131
 2827 4308 14013
 4107 3878 14838
 3738 1830 16777
 1335 -585 15385
 1302 -3679 16480
 2148 -5263 12374
 -3441 600 13895
 -7064 216 15266
 -5160 -10011 12386
 2177 -14691 16216
 -3234 -10853 13172
 -1046 -12162 15509
Repetition End
0
 349 -12290 15233
 5207 -6351 11235
 3632 -10067 10505
 -233 -13725 12149
 -3311 -13160 14077
 1360 -11900 12187
 -961 -11302 12319
 -1122 -12324 12567
 -9 -13325 11284
 -526 -12872 11437
 -883 -12800 10974
 62 -12808 12624
 21 -12987 12018
 -1084 -12540 11695
 -1062 -12519 11293
 -245 -12842 11244
 633 -12742 11293
 -522 -12745 11251
 -169 -12858 11113
 -324 -13068 11189
 -290 -12963 10763
 -192 -13121 10425
 123 -13156 11002
 -414 -12847 11342
 -92 -12558 10958
 -295 -12125 10545
Repetition Start
 -1356 -11571 11779
 922 -13471 11311
 -3029 -10111 11959
 530 -10409 12785
 243 -8739 15395
 2727 -10277 15000
 -2567 -9204 20205
 -2175 -8549 20372
 2720 -8214 19202
 2535 -7590 17469
 1375 -8369 9800
 -4311 -11979 7053
 -2529 -13527 4141
 -567 -14714 7456
 -923 -12136 11452
 -1047 -12485 10199
 -219 -13375 10805
 -921 -13702 11397
 -921 -13373 10456
Repetition End
0
 -163 -13354 10362
 -1381 -13617 11291
 -319 -13862 10516
 -69 -13705 9901
 -1016 -13945 10552
 -1411 -14037 10499
 -763 -13804 10645
 -348 -13614 12331
 -183 -14868 12454
 -2833 -11919 7472
