3921 -1614 16167
 4216 -1561 16533
 4002 -735 16885
 4107 315 16625
 4010 -34 15847
 4239 -816 15761
 3088 -1621 16120
 1574 -3011 15260
 3452 -2215 15671
 3931 -2801 14696
 3469 -2336 13559
 -1521 -2021 19261
 -1238 -4448 16341
 143 -2969 15605
 562 -1906 15257
 -671 -1693 15972
 477 -1649 15966
 -510 -2376 16092
 -652 -2454 15507
 263 -2096 15572
 1115 -1664 16473
 -50 -2262 17304
 1159 -2213 17605
 2572 -3154 16137
 5892 -2415 14254
 7146 -1804 13813
 -2571 -4887 18701
 4005 793 15434
 653 -4188 15679
 2689 -3262 16736
 358 -3119 15741
 113 -2359 15840
 -3 -3823 15598
 1009 -4057 15512
 2976 -4106 15230
 782 -2110 16260
 1946 435 13693
 6003 -4984 12913
 72 -2475 15134
 -6585 -4796 20804
 -1939 -5248 18055
 169 -5585 15442
 1389 -3705 16076
 3916 -3509 15100
 5084 -2999 13654
 4610 -1840 15055
 4395 216 16111
 2147 -3273 15727
 4063 -2500 16815
 -978 -919 15981
 -2371 -358 14843
 19 -2017 16158
 3245 -672 15995
 124 -2949 15788
 2459 -883 15973
 4958 -3158 14996
 1450 -1985 16594
 414 -3169 16065
 1698 -2687 16804
 2415 -2956 15502
 200 -1605 14873
 432 -3414 15402
 -161 -4024 16913
 182 -4730 15818
 4 -5972 14958
 -537 -8116 13003
 -847 -8830 12087
 -646 -8689 11633
 -62 -8535 12638
 -255 -8277 13646
 -118 -7918 13851
Repetition Start
 381 -8572 14137
 -127 -8120 12867
 68 -8630 13222
 -175 -8505 13196
 -237 -8427 12944
 -515 -8515 13207
 -58 -8571 13023
 -502 -8458 13020
 145 -7680 12851
 -208 -7851 13870
 82 -8454 13728
 -382 -7739 12562
 -183 -8698 12435
 -528 -9378 13429
 261 -7928 12925
 511 -8244 13502
 113 -8162 13231
 -8 -8409 13236
 -63 -8265 12920
 -589 -8461 13212
 404 -8109 13399
 -385 -8025 13303
 -148 -9006 13220
 -33 -9130 13103
 228 -8954 13112
 106 -8695 13193
 -500 -8527 13329
 -1164 -6379 12160
 -30 -7713 12664
 -555 -7501 12717
 -843 -9416 13270
 -764 -9381 13919
 -249 -9786 13558
 -893 -8614 12585
 -279 -9800 13141
 -619 -8544 11952
 55 -7757 12374
 -1656 -7547 12259
 -701 -10379 13729
 -52 -10328 12951
 -624 -8125 11850
 -513 -9576 12887
 -405 -9375 12984
 212 -9843 13178
 -67 -8540 12406
 755 -9125 12051
 -177 -9212 12755
 385 -9306 12626
 -299 -8648 12798
 -29 -9076 12367
 -1071 -8874 12920
 67 -8851 12236
 100 -9150 12430
 -685 -8160 12130
 -1158 -9093 12341
 -255 -9143 12582
 -879 -9560 13379
 -221 -8646 12167
 -746 -8808 12951
 -255 -7813 11712
 -223 -8338 12667
 -730 -7663 12042
 -67 -6319 10884
 -1718 -6335 11778
 -2227 -6937 11473
 -1244 -7113 11039
 524 -6242 12631
 -9828 -21868 32767
 -1101 -1953 7873
 928 -6779 14366
 6248 -883 18070
 2468 -2447 13749
 -139 -4827 18327
 1028 -1390 14853
 36 -4455 15133
 263 -3418 15238
 1160 -3859 16211
 1308 -4626 15340
 1078 -4085 15559
 -1242 -4286 15981
 432 -3589 15110
 232 -4587 15637
 -1156 -4221 15579
 -1010 -3820 15596
 76 -5323 15109
 368 -5076 15513
 -1356 -8367 16953
 2247 -6785 16273
 1351 -6209 17260
 592 -2040 16691
 -30 1700 16611
 369 3636 15853
 342 5342 15718
 3616 5163 16674
 760 6935 14994
 3535 9346 13251
 4383 9292 14602
 4489 10711 12459
 6443 11469 12473
 3894 11298 9610
 3989 9333 15373
 1525 4169 16126
 2008 1643 15347
 851 2268 15791
 1112 2315 15448
 -320 -2434 16435
 -451 -4643 13827
 -1019 -6467 14597
 -214 -6728 16855
 1133 -7534 14059
 8786 -2884 9189
 8725 -7414 10720
 -130 -8931 15376
 4384 -9624 12514
Repetition End
0
 2525 -8086 13477
 644 -7594 14586
 -2693 -4446 12998
 -1525 -6436 12211
 -4518 -7765 12466
 -3367 -4348 11723
 -2410 -5586 13201
 -3848 -8200 12946
 -1019 -11925 12659
 -2906 -6077 12464
 1398 -15648 14543
 1683 -8200 12960
 2909 -8470 11196
 4733 -8984 10629
 4160 -11703 11650
 45 -11051 12919
 2391 -10283 11139
 2737 -9495 12014
 -715 -11843 12364
 -4223 -5649 12469
 -4510 -4192 10827
 4085 -11823 13030
 -3253 -10138 13230
 1789 -8385 10129
 3779 -8798 11631
 5987 -8339 9877
 -753 -10611 14166
 -2797 -8586 12218
 431 -11411 13532
 -70 -10066 12454
 -685 -9372 12692
 -122 -8182 11924
 -279 -9024 12800
Repetition Start
 454 -8752 12281
 526 -8535 12231
 1918 -8423 11686
 -939 -8401 13364
 -433 -9447 12812
 -873 -10929 12791
 1514 -9800 12214
 613 -9206 12136
 328 -9812 12513
 -405 -9879 12401
 205 -10511 12616
 915 -9776 11801
 1075 -10658 12378
 1521 -9929 12006
 755 -9222 11696
 1632 -10645 12683
 1222 -10296 12974
 135 -8947 12504
 778 -9868 11989
 512 -9320 11650
 1014 -8813 11676
 -203 -8743 12299
 283 -9055 11793
 -527 -9851 12443
 803 -11649 13173
 -1 -11105 13299
 -162 -9603 11469
 -15 -9245 11313
 -1007 -8801 12326
 -352 -10070 13066
 530 -8419 12446
 -1099 -6149 11439
 1306 -7581 12423
 2117 -6794 11612
 500 -5826 8673
 2017 -1357 16798
 3495 12430 30685
 1605 -9434 8521
 1763 -13603 16617
 2897 674 16996
 2402 -2401 15155
 -335 -2716 16093
 1311 -1290 16212
 -44 -3800 15413
 -1009 -3215 15711
 -514 -3542 15445
 2733 -3431 15367
 950 -2872 16306
 623 -3431 15827
 833 -3080 16005
 391 -4508 16223
 240 -3100 15930
 1170 -2625 15756
 -1840 -5824 17417
Repetition End
0
 69 -2976 15512
 -4634 -1617 16602
 -2732 -112 17651
 -2636 2463 17148
 -1489 1652 16608
 -2103 3297 15984
 296 4130 13730
 309 4023 15255
 2147 7083 17171
 446 8879 15531
 2000 9171 18387
 980 8158 14650
 2954 12004 14081
 4726 10713 12581
 9635 7576 13600
 2101 776 12721
 1342 -4149 12065
 1046 -4143 14840
 858 -1886 15467
 1990 12 17760
 2186 -2918 15537
 6546 -5679 14947
 4365 -6268 17902
 4570 -6504 15539
 1113 -4052 14467
 -25 -3105 14859
 2787 -3297 14732
 2801 -4941 15548
 5705 -9429 16519
 3023 -6775 14107
 4881 -6741 13578
 5311 -6635 13319
 4714 -6019 12821
 4308 -8087 13308
 3640 -7404 14053
 5902 -8014 13032
 5190 -7364 12508
 3398 -7945 14643
 3409 -8960 13407
 6707 -8396 11005
 3700 -10253 14943
 1299 -8692 13454
 1125 -8844 11472
 -3237 -14000 9914
 490 -12358 7557
 -1521 -11196 9228
 -2346 -8767 11106
 -1352 -9858 12457
 -657 -8635 12986
 -912 -9318 13235
 -1242 -8693 11612
 -94 -9322 11555
 -1346 -7953 11415
 -2344 -7779 11789
Repetition Start
 197 -11540 12547
 441 -10824 11477
 -2002 -10936 12317
 -46 -13153 13600
 338 -10044 11221
 -1331 -10758 14011
 -289 -11072 14174
 -499 -8796 11394
 -638 -8046 10492
 -22 -9520 10006
 -906 -9934 12838
 -1067 -8676 12786
 629 -9342 12574
 -366 -9509 12506
 -20 -9653 12296
 -157 -9607 12177
 -364 -9253 12412
 -464 -9368 12165
 -427 -9410 12042
 -359 -9214 11948
 -476 -9020 12219
 45 -7406 11513
 -1496 -8478 12542
 429 -10189 12620
 -852 -9712 12363
 981 -10170 11763
 -43 -8859 11857
 1110 -7452 10450
 -1015 -11514 13333
 -1887 -10319 13457
 -1157 -8431 12016
 -2082 -10244 12849
 -612 -9746 10956
 -1466 -8606 11484
 -1180 -9780 12816
 -1238 -10762 12824
 -1503 -12366 14555
 -174 -10813 12665
 -1134 -10809 12484
 -448 -10036 11864
 -1718 -9796 12301
 -281 -8842 13564
 160 -7860 14804
 614 -7676 14109
 611 -6304 13151
 1470 -6862 14933
 668 -7071 14392
 15 -5438 12580
 -316 -7756 12216
 296 -8588 12039
 -980 -8196 13670
 -775 -7968 12697
 -806 -8431 12584
 -653 -8793 13139
Repetition End
0
 -1182 -8443 12815
 -1214 -8881 13023
 -704 -8841 12676
 -1350 -8420 12749
 -403 -8728 12732
 -1413 -9070 13238
 -405 -8797 12118
 -997 -8843 13072
 -1415 -9026 12979
 -1230 -8589 13009
 -859 -8995 12722
 -901 -9025 12567
 -972 -8749 12512
 -948 -8479 12732
 -756 -9007 12802
 -934 -8929 12824
 -704 -8556 12922
 -829 -8614 12652
Repetition Start
 -718 -9041 13101
 -1059 -8373 12193
 -696 -9380 12717
 -1286 -9081 12863
 -480 -8739 12638
 152 -9821 13623
 -1051 -8239 11916
 -306 -9645 12584
 -110 -8683 12310
 -121 -9194 12501
 239 -9188 12260
 -716 -8523 14359
 -1239 -7683 12034
 287 -9889 12694
 167 -9992 13681
 -122 -8974 13547
 145 -8891 13146
 -328 -8707 14674
 -482 -8110 15024
 -426 -7515 14454
 -714 -7278 14005
 -526 -8058 15238
 -534 -6933 14700
 -622 -6519 14725
 -1438 -5995 15075
 -534 -5697 14654
 -285 -4460 14320
 -1300 -4970 14697
 -1283 -5419 14028
 -833 -6033 13126
 453 -6817 13417
 701 -7235 14472
 644 -8122 14033
 -29 -7728 14170
 -100 -8759 14058
 686 -8105 13032
Repetition End
0
 529 -8580 12817
 -271 -8415 13093
 -370 -8306 12659
 108 -8535 13264
 -101 -8608 12387
 -549 -9074 13041
 -195 -8842 12908
 -738 -8799 13185
 984 -9991 12907
 -3466 -9575 14421
 -130 -8355 13567
 2282 -7229 10551
 6594 -8530 10178
 -3189 -9586 14017
 -441 -9966 12977
 1382 -8965 11903
 754 -8993 12659
 -34 -8777 12787
 639 -9363 12559
 1463 -9520 12818
 1381 -9521 12788
 1190 -9289 12055
 663 -9836 12516
 471 -9494 12726
 1396 -9564 12294
 1664 -9398 12239
 748 -8807 12145
 690 -9159 12666
 1524 -9708 12522
 2499 -10104 12057
 771 -9414 12414
 1522 -9491 12649
 2054 -9507 12268
 1508 -9459 12289
 1930 -9889 11982
 2134 -9940 12039
 2077 -9714 11708
 1550 -10165 12192
 2105 -10639 13090
 982 -11546 12953
 2660 -9824 10222
 -2366 -6728 13605
 -5456 -6276 11286
 366 -12686 13506
 296 -9786 11615
 -1715 -9071 11910
 -98 -9800 12239
 516 -10089 12088
 18 -10075 12229
 106 -9989 11828
 210 -10103 11961
 -159 -9729 11974
 -835 -9878 12266
 -578 -9896 11824
 -673 -9901 12125
 -440 -9742 11827
 -457 -9755 11932
 -231 -9968 11954
 -342 -9817 12172
 -478 -9827 11969
 -226 -9986 12259
 -267 -9952 11929
 -246 -9791 12027
 -320 -9705 12011
 -270 -9669 12039
 -5 -9769 12162
 -251 -9779 12111
 -111 -9848 11908
 -331 -9912 11954
 -288 -9724 12006
 -318 -9333 11692
 522 -9144 11726
 -581 -9232 12557
 -665 -10734 12920
 -477 -10267 11589
 -783 -9510 11552
 -747 -9757 11883
 -222 -9518 12201
 -1046 -10099 12540
 -601 -10821 11494
 -646 -9257 11239
Repetition Start
 -778 -9256 11125
 -908 -10956 12777
 -791 -10345 12320
 -1096 -11276 12294
 -1280 -9577 11537
 -1243 -10058 11739
 -890 -9305 11371
 -1501 -9787 11923
 -875 -10045 11851
 -1232 -10175 12301
 -1318 -10787 12295
 -880 -10167 11992
 -1243 -10267 12924
 -1312 -9721 12585
 -623 -7900 11119
 -2439 -10838 12931
 -3197 -8890 12252
 -799 -8769 12697
 -2364 -8597 13345
 -1440 -8573 13002
 1282 -7870 11857
 -220 -7723 12083
 -61 -9041 10680
 -472 -9217 11210
 -1106 -9627 12582
Repetition End
0
 -774 -9315 11983
 -759 -9518 11521
 -729 -10088 11719
 -753 -10346 12115
 -1042 -10350 11868
 -605 -10712 11481
 -459 -10566 11037
 -484 -10756 11253
 -1244 -10349 11436
 -1431 -10403 11003
 -978 -10698 10721
 -1071 -10659 10702
 -748 -10756 11024
 -923 -10664 11290
 -1436 -10632 10876
 -1033 -10663 11012
 -1029 -10751 11174
 -1159 -10509 11031
 -971 -10873 11048
 -670 -10727 10923
 -948 -10687 11266
 -157 -10553 11319
 -389 -10650 11087
 -741 -10420 10973
 -722 -10763 11625
 -985 -10827 11496
 -830 -10521 11109
 -935 -10524 11263
 -1420 -10482 11078
Repetition Start
 -1049 -10141 11409
 -956 -10744 10997
 -617 -11412 11021
 -482 -10717 10992
 -378 -10343 11309
 -835 -10139 11283
 -810 -9974 11141
 -1375 -10262 11113
 -887 -10634 11337
 -898 -11043 11120
 -1666 -10385 10825
 -1932 -9596 10659
 -507 -11000 11633
 -1253 -10824 11232
 -802 -10949 11940
 -642 -11126 11448
 -702 -10405 11301
 -1131 -11634 12079
 -1007 -10166 11519
 -957 -10056 11168
 -798 -10127 11212
 -1044 -9501 11263
 -406 -10086 11649
 -365 -10673 12793
 -1097 -9825 11853
 -814 -9751 12036
 -972 -9483 11788
 -1698 -9891 11845
 -2223 -9941 12679
 -1221 -8891 11700
 -1500 -8858 12287
 -1730 -8429 13071
 -1438 -8554 13124
 -1311 -8655 12803
 -2643 -10107 13770
 -1712 -9545 13492
 -1091 -7885 12214
 -1682 -8285 14158
 -1691 -7520 14005
 690 -5956 12606
 -267 -7117 13581
 -63 -7602 11892
 -404 -7750 11440
 -62 -8668 12426
 -998 -9497 13305
 -470 -9054 13368
 -264 -9270 12909
Repetition End
0
 14 -9320 12354
 -595 -9614 11855
 -934 -9125 12284
 -429 -9595 12596
 -1110 -9302 12289
 -885 -9504 11799
 -741 -9480 12154
 -969 -9347 12482
 -846 -9364 12073
 -775 -9678 11993
 -575 -9453 11954
 -599 -9479 12275
 -451 -9517 12549
 -390 -9492 12535
 -655 -9328 12292
 -673 -9381 12400
 -631 -9394 12577
 -1039 -8691 12847
 52 -8121 11996
 -1452 -6440 12178
 -926 -8887 13823
 2010 -6867 11362
 -962 -9843 14008
 -779 -7672 14316
Repetition Start
 114 -4199 9734
 129 -5048 11857
 -2078 -4482 13131
 -721 -4868 12364
 -4140 -6785 13346
 14876 5488 5505
 -4318 2407 10302
 1905 -3732 9516
 1456 -8900 17687
 3939 -4267 15648
 522 -2654 14734
 1244 -3283 16785
 627 1129 16852
 -1311 -3223 15889
 -2243 -2746 15647
 403 -4191 15444
 632 -3618 16261
 2627 -3022 16397
Repetition End
0
 -280 -3194 18999
 2461 -2440 16393
 5871 2753 18164
 7174 3643 16024
 3524 3960 14524
 3677 5420 15115
 4850 6421 15541
 4486 8819 16089
 4605 8357 15683
 5204 10554 15481
 3477 10275 13225
 5687 10956 9882
 7042 12120 11060
 5327 11058 13713
 5126 6056 14820
 3315 2213 15743
 2133 -337 14929
 1598 -1411 14748
 3117 -315 14808
 2885 -132 16460
 3250 922 15230
 2148 -1182 16209
 1886 -3278 16198
 1869 -3189 16362
 1000 -3178 17082
 2565 -3075 15162
 2910 -4618 15063
 3300 -5310 15752
 2759 -7010 15164
 3142 -7997 13975
 3201 -7418 15299
 3031 -6241 15361
 -936 -6317 13718
 -1907 -7557 13074
 -2314 -8749 11623
 -1504 -9648 11155
 -864 -9259 12535
 -890 -8636 14695
 -1811 -9605 13338
 -3890 -11844 11165
 -3975 -5283 8837
 -4057 -3791 14059
 3950 -16863 12524
 -3198 -9837 12799
 -2715 -10155 10964
 -1341 -9302 11252
 -2591 -10727 11250
 -306 -10297 11541
 -262 -10119 11572
 -1190 -10070 11266
 -677 -10425 11600
 -573 -9735 11816
 -588 -10461 11777
 -260 -10146 11648
 -552 -10282 11717
 -156 -10176 11557
 -1005 -10353 11562
 -1394 -10837 10841
 -1646 -11227 11269
 -1564 -10723 10208
 114 -11664 10876
 -619 -11313 9087
 -56 -12041 11307
 -96 -10702 11162
 -462 -10280 11435
 -488 -10596 12042
 208 -10165 10087
 -1783 -10180 12482
 -3908 -9134 12866
 -784 -10251 11983
 -331 -9537 11532
 -2158 -7770 11503
 212 -9918 11955
 -1055 -10841 14071
 -630 -10252 13962
 368 -8959 11649
 382 -8962 11915
 529 -9485 11282
 246 -6157 10196
 -1078 -8533 13194
 92 -9294 13388
 -633 -7774 11285
Repetition Start
 -615 -4468 10146
 -1631 -5489 12205
 -558 -6562 12551
 1203 -5985 11745
 -2018 -4276 10033
 -848 -12508 19522
 3636 -14262 -4080
 6727 -1025 8595
 4490 -4224 24120
 509 -8070 12309
 -753 174 17812
 1800 477 15367
 1568 -959 16342
Repetition End
0
 3419 -1492 15193
 958 -3013 16511
 1172 -2290 15621
 343 -2406 16511
 1284 -1125 16520
 251 -1896 16802
 -2549 -1839 17428
 -867 -1697 18166
 -1083 812 17447
 1196 2492 16526
 895 3173 16855
 3895 5383 16072
 3265 6207 14470
 3616 7953 14474
 2922 9398 13926
 3980 10288 13187
 3757 10356 12572
 3755 10979 12917
 6583 10460 12203
 4756 9882 13832
 4584 8203 14565
 4147 6070 15008
 2026 874 14928
 1966 518 16094
 -1400 -356 15278
 1182 1031 15733
 3748 1380 16267
 5002 336 15567
 6271 -1520 19324
 3376 -4387 16390
 2535 -2895 15691
 5426 -3518 16555
 3399 -3696 15555
 4212 -4008 15273
 4409 -4826 14660
 4376 -4814 15433
 4450 -4887 14808
 3557 -4277 14474
 5969 -2151 13700
 5348 -3053 14402
 1983 -2765 14239
 2496 -2999 15173
 -3175 -4620 18670
 -1443 -3666 16545
 -5146 -4275 17023
 -4581 -1720 16138
 -2040 -1231 13684
 -1387 -2932 17050
 98 -1287 16945
 700 -2992 14338
 220 -536 15381
 -2023 -1530 16997
 -4103 -1827 16986
 -1590 -786 15953
 -307 -1865 15587
 -196 -2047 15656
 -318 -1669 16674
 744 -1837 17275
 30 -3520 17589
 2543 -3319 16461
 4730 -4250 14983
 6466 -4786 15016
 7248 -5175 14463
 5202 -2733 15316
 9766 -3797 14606
 6991 -979 14267
 6944 7 12183
 9978 -103 13751
 9766 -89 14250
 10221 -1034 11811
 1724 2912 16909
 5124 -8320 16836
 7499 -2935 14188
 7131 -3909 13786
 6079 -3969 14688
 3656 -3475 15683
 2234 -6078 15509
 3832 -5680 16953
 1548 -4683 14169
 3651 -5828 15016
 3974 -5416 14912
 3303 -4553 15247
 5427 -5147 15356
 4380 -4289 15727
 5363 -5221 15503
 6134 -4900 14724
 6802 -4024 14997
 7293 -4387 15944
 11414 -2118 13423
 14408 -1034 9385
 15392 1677 11852
 10960 835 10897
 6510 183 11365
 11576 -4350 14327
 10433 -4778 15432
 5958 -6199 13260
 7264 -5169 15159
 7989 -5489 14040
 7476 -4534 13361
 8243 -4395 13652
 8296 -3955 13685
 7895 -5099 13596
 7851 -5713 13591
 7410 -5783 14207
 6345 -4249 14521
 7485 -4443 14280
 8011 -4165 14325
 7540 -4846 14134
 8139 -5056 13258
 7556 -5191 13482
 8295 -4136 11420
 6651 -5302 13729
 4883 -5734 14222
 4007 -6650 14905
 4323 -6955 15052
 4423 -7013 14556
 4941 -6984 14244
 4594 -6078 13868
 4104 -6374 14417
 3366 -8260 15106
 3842 -6147 14422
 5366 -5675 14282
 6772 -5407 13761
 7041 -4534 12752
 7436 -5516 12475
 7373 -6122 14353
 6312 -5622 14656
 7167 -7043 14441
 7058 -6695 14164
 4631 -4976 14340
 6242 -5503 14684
 7468 -5034 12641
 6387 -5384 12893
 4796 -6655 12704
 6599 -9113 13251
 6537 -10274 13494
 4868 -10945 11774
 3776 -9509 12337
 3841 -10602 12861
 4070 -10316 12512
 3826 -9320 12107
 3886 -9278 12314
 3909 -9551 12268
 4847 -10348 12437
 5176 -9153 12415
 4574 -8888 13042
 4115 -8612 14539
 6294 -6639 12423
 9716 -6112 10938
 8075 -2663 12398
 7017 -4053 13454
 6201 -6286 14224
 4766 -3705 14222
 5507 -6198 12096
 2989 -6072 14362
 512 -5525 14634
 -1971 -4418 13602
 521 -7032 14646
 -2569 -5964 15467
 752 -6111 14948
 -791 -7287 13912
 -621 -7793 12888
 -412 -8199 13616
 -585 -7444 12887
 -2 -6056 11891
 430 -9038 13077
 -976 -8325 12968
 -1872 -7878 13241
 1130 -7668 13653
 -63 -8941 14064
 1024 -7603 12160
 -2530 -11909 16582
Repetition Start
 -1162 -9207 15174
 -2219 -8534 14865
 -94 -7886 14474
 -1706 -8619 13462
 -719 -7842 12831
 452 -6740 12807
 566 -6337 13644
 2174 -6196 12180
 -118 -7298 13168
 140 -7866 12743
 -24 -7719 13542
 633 -8487 14035
 -1892 -8546 14886
 -881 -8511 14427
Repetition End
0
 2442 -8990 12186
 7110 -7096 10937
 5687 -7830 10967
 -846 -9954 13295
 499 -10560 14051
 703 -8250 15387
 2815 -13064 13932
 -4075 -6793 9671
 -10721 -770 11093
 -5646 -7082 10914
 -2681 -10624 12187
 -3423 -9448 11131
 -4124 -10733 12674
 -931 -11890 13269
 1314 -8513 11755
 6508 -7274 8553
 1574 -11553 10677
 -4692 -14103 13716
 -288 -11136 10329
 805 -10862 10152
 -1644 -10884 10544
 -1305 -10989 10528
 -601 -11122 10564
 -1055 -11031 10918
 -933 -10459 10032
 -533 -10485 10021
 -872 -11466 10295
 -672 -12748 10186
 -435 -11874 10968
Repetition Start
 -772 -11448 9431
 -1278 -10839 9265
 -862 -12712 9374
 -1475 -14205 11330
 -1810 -12667 10969
 -1518 -12143 10921
 -328 -12457 11895
 -1711 -9819 10971
 -698 -8701 10140
 32 -10456 9190
 753 -9645 9384
 -1417 -10976 11805
 -943 -10399 10842
 -446 -10823 11126
Repetition End
0
 -684 -10551 11307
 -538 -11056 11035
 -504 -10622 11067
 -569 -10788 11204
 -765 -10694 11277
 -781 -10602 11155
 -733 -10852 10905
 -898 -10884 10874
 -649 -10914 10952
 -924 -10722 11054
 -838 -10810 10930
 -976 -10771 10896
 -926 -10758 11018
 -976 -10912 10684
 -1139 -10783 11128
 -700 -10708 10730
 -748 -10726 10838
 -1129 -10745 10942
 -850 -10906 10860
 -955 -10682 10968
 -1123 -10766 10723
 -1041 -10844 11183
 -657 -10468 11139
 -277 -10386 10821
 -635 -10630 10992
 -886 -10255 10782
 -1157 -9471 10419
Repetition Start
 746 -11047 11715
 71 -8263 11014
 1040 -6947 11046
 2470 -7076 15964
 -1035 -7091 7514
 -1166 -6206 9688
 2878 -859 7205
 -14580 -10386 32767
 -1264 -4890 32139
 2538 189 14174
 -3997 4167 17842
 -1070 -236 15540
 -111 -1919 16904
 2140 -367 16990
 2404 -440 16291
Repetition End
0
 2183 -1137 16329
 2043 -1509 16939
 2125 -2184 16776
 -48 -1116 16412
 680 -818 16342
 -379 -2664 17085
 1651 147 16412
 2698 364 15572
 2185 -1469 16611
 1775 -612 17860
 -433 -1764 16891
 1396 -750 17855
 2986 289 17395
 1548 758 16887
 4918 2198 18831
 5711 2638 15695
 4853 5340 14645
 5734 6277 13550
 5985 7855 13226
 5964 8342 12254
 7357 10011 13192
 5311 11195 11419
 4722 13968 10274
 7063 13185 12297
 8676 10698 9512
 6394 14799 10662
 11089 10329 13608
 5795 5837 14710
 1572 2 15109
 1927 255 14862
 2560 2158 14728
 3662 3172 15374
 5215 2036 16050
 6145 -1932 16960
 3578 -1584 15877
 3593 -3872 17319
 3982 -3634 16366
 3806 -3952 15160
 4252 -2641 15383
 5856 -1285 13920
 4363 -3838 16240
 3583 -1758 16082
 2575 -2922 17078
 2108 -2171 16794
 1671 -2700 17235
 3218 -3526 14988
 1878 -2826 15070
 453 -2338 16040
 -472 -741 15344
 1778 -2074 15244
 2192 -2652 16305
 2915 -5076 16188
 1849 -3095 14330
 2628 -5887 15605
 2967 -5611 12890
 4523 -8202 13314
 4910 -8126 13074
 6309 -8161 14165
 4921 -7496 14215
 5070 -8763 12933
 4101 -8994 12341
 3118 -9429 12324
 1773 -10339 11096
 1380 -9979 11805
 1648 -10069 12178
 1544 -9714 12402
 2632 -10102 13260
 2186 -9677 12918
 2714 -9621 11635
 1743 -10405 12254
 1752 -10131 11989
 2134 -10414 11915
 1797 -9760 11682
 1744 -10405 12064
 1922 -10195 11952
 1907 -9985 12071
 2082 -9907 12113
 1998 -10301 12074
 1959 -10042 11940
Repetition Start
 1698 -10006 11862
 2127 -10077 11806
 2037 -10426 11791
 1866 -10073 11868
 1539 -10256 12070
 2082 -10054 11946
 2210 -10288 11914
 2064 -10005 11886
 2147 -10369 12173
 2000 -10447 11898
 2234 -10345 11952
 1614 -10000 11864
 1798 -10225 11755
 1823 -10489 11894
 1987 -10174 11614
 1733 -9946 11423
 1473 -10230 11846
 1128 -9886 11763
 1757 -10204 11937
 1676 -10479 12079
 1699 -11410 12091
 1312 -10140 11980
 449 -10449 11204
 533 -10853 12386
 1341 -9681 11376
 2165 -10615 11657
 1370 -10694 11701
 1395 -9941 11712
 2036 -9812 12788
 2072 -9793 12533
 1291 -7765 13536
 1774 -7866 14167
 1693 -7879 13913
 2693 -8306 14444
 2260 -7021 13558
 1443 -6397 13000
 1516 -5741 13709
 2359 -5140 14488
 3170 -5749 14244
 2767 -3223 11909
 1930 1966 10529
 5020 2506 10093
 4860 2844 9681
 13051 10781 25083
 -12652 -7585 7276
 10805 6644 21899
 7581 -1102 13138
 5421 -3903 17153
 5900 -296 15933
 4186 893 16618
 4812 2924 15684
 3513 1608 16497
 2496 -464 16425
 2863 -302 15598
 3054 -1025 16664
 2724 -865 16592
 3170 331 16583
 3790 -1089 16625
 2854 -260 17049
 466 779 17167
 3667 -1892 17601
 1407 1048 17493
 677 6360 15161
 -1319 7638 18406
 1923 7945 15517
 3178 9949 14682
 5416 10964 10141
 4170 11542 12270
 5009 12765 6426
 4095 12405 7991
 5923 17382 10267
 6150 11646 12850
 4874 7371 16760
 859 2356 15470
 594 2729 13700
 3088 4362 14342
 5310 5070 15394
 2942 3823 16811
 4369 2716 18155
 4726 787 16262
 2989 -2407 15470
 3632 -3124 15289
 6197 -4822 15105
 4682 -4019 17511
 6315 -1093 14021
 5744 -792 12412
 5784 -6023 16226
 2824 -2581 16650
 3031 -7259 17120
Repetition End
0
 3599 -3870 15273
 1387 -4657 15736
 -283 -4023 14695
 349 -3925 14139
 -1080 -3539 14369
 1714 -6948 16158
 2812 -3501 11118
 -783 -6781 15159
 -2077 -8464 14577
 41 -9627 10769
 205 -11751 10293
 -1859 -13235 11798
 3188 -9600 9525
 6665 -8722 8248
 5014 -10427 11270
 2449 -12322 12006
 2341 -10517 10364
 3317 -11884 11069
 2701 -11745 10521
 1885 -11735 10502
 2594 -11591 10107
 2536 -11587 10531
 1976 -11299 10430
 2023 -11297 10489
 2108 -11309 10677
 1840 -11229 10654
 2060 -11184 10660
 2136 -11287 10715
 2013 -11237 10799
 2057 -11245 10640
 2266 -11302 10750
 2188 -11413 10650
 2118 -11266 10520
 1905 -11162 10810
 1088 -11043 10835
 1549 -11079 11085
 1593 -11572 10577
 2751 -11398 10982
 1646 -10841 10785
 2072 -10983 10476
 1789 -10290 11551
 2157 -10962 11497
 1675 -10812 11120
 1678 -10597 11274
 1459 -10846 11240
 1512 -10724 11381
 1921 -10678 11210
 1673 -10867 11220
 2022 -11042 11203
 1440 -10709 11182
 1692 -10957 11200
 1702 -10833 11128
 1851 -10845 11100
 1856 -10844 11180
 1732 -10775 11072
 1845 -11068 11358
 1674 -10834 11298
 1642 -10785 11334
 1503 -10789 11357
 1750 -10880 11205
 1770 -10922 11160
 1691 -10883 11083
 1733 -10882 11134
 1747 -10899 11169
 1603 -10853 10924
 1576 -10907 11265
 1821 -10761 11334
 1962 -10656 11047
 1865 -10888 11281
Repetition Start
 1751 -10867 11240
 1574 -10786 11139
 1841 -10731 11059
 1944 -9999 10935
 1679 -9129 11672
 1773 -6483 11694
 4000 -7662 10553
 -2031 -8176 9519
 1516 -6473 5602
 19847 -2839 12685
 15499 2555 2732
 -15913 21018 6851
 3574 21969 20728
 -9314 -8918 18354
 -157 -1772 25963
 12405 3152 20627
 9016 6366 14758
 1244 14184 12770
 7616 19044 7764
 6656 16472 11680
 -427 -9545 8175
 6423 9435 11652
 1449 -4660 13873
 1132 -7608 11301
 -546 -7215 12871
 1463 -5225 12700
 -557 -9012 13132
 2481 -7748 13688
Repetition End
0
 2007 -8037 13461
 45 -6772 13474
 175 -9598 14801
 336 -9399 12315
 164 -8589 12367
 72 -8296 13463
 453 -9210 13312
 -1014 -8578 12640
 -134 -9081 12923
 66 -9678 12800
 127 -8914 12660
 -338 -8868 12330
 -820 -8976 12787
 -884 -7770 13170
 -99 -9039 12591
 -886 -8967 11770
 1493 -10966 12782
 -189 -11731 13177
 7113 -8438 11531
 3311 -7795 11639
 794 -11064 12440
 -3202 -10819 14231
 -69 -9127 11402
 302 -9554 10806
 -785 -9999 12213
 -1162 -9954 11781
 -251 -9244 11888
 -1586 -9997 11680
 -1610 -10155 11593
 -1307 -9719 11948
 -1110 -9753 11796
 -842 -10174 11917
 -897 -9862 11559
 -316 -9986 11673
 -221 -10306 12017
 -442 -10160 11740
 -421 -10254 11675
 -878 -10230 12129
 -94 -10643 11355
 2158 -10645 11708
 -615 -10259 12314
 522 -10391 11977
 2814 -6051 8054
 -3395 -6139 11798
 -1253 -8223 10706
 2648 -12132 10170
 -487 -11570 10416
 -985 -10300 11038
 1202 -10678 11324
 1512 -11258 10861
 1519 -9856 10434
 -433 -11402 11641
 1135 -10807 11706
 1525 -10543 12204
 837 -9884 11717
 2026 -10539 12000
 1071 -10417 11918
 940 -9964 11427
 1119 -10402 11680
 799 -10527 11797
 763 -10210 11729
 593 -10144 11419
 694 -10313 11702
 925 -10271 12074
 925 -10411 11920
 1215 -10349 11632
 949 -10445 11718
 1161 -10573 12012
 1128 -10240 11663
 839 -10235 11733
 772 -10482 11878
 758 -10447 11583
 708 -10246 11470
 629 -10345 11212
 -23 -10667 11705
 517 -10404 11642
 722 -10487 11734
 693 -10371 11517
 426 -10457 11603
 482 -10622 11642
 840 -10406 11683
 793 -10351 11823
 353 -10546 12148
 677 -10096 11471
 1152 -10241 11609
 1216 -8967 12050
Repetition Start
 1026 -8770 13123
 1980 -8697 12258
 1314 -6425 12502
 144 -2983 12864
 -2480 -4108 6724
 562 4348 5322
 26634 -6960 14584
 11048 -7287 21117
 -1710 -32768 12037
 1664 -6943 9803
 355 4232 17421
 -14 -3313 14135
 4586 -71 16629
 4369 1937 17878
 3383 -1271 17844
 1296 1581 19172
 2383 939 18433
 3371 3264 17723
 2562 4793 16823
 4239 7102 14518
 5671 7496 13773
 6810 11474 16057
 5949 10030 12015
 7601 12715 8261
 7006 15031 7338
 6790 10746 13315
 2915 969 15406
 4256 -3812 13934
 5039 4307 14775
 5099 2075 17764
 2642 -2100 14187
 1453 -5316 11668
 1570 -9202 10349
 2155 -7655 15112
 3990 -6604 13957
 1584 -7494 14523
 153 -8609 14662
Repetition End
0
 477 -9375 14982
 2737 -11098 12463
 9578 -8384 10896
 8075 -6411 8105
 3782 -8643 10502
 -1140 -12188 13256
 1750 -11229 9944
 3247 -10224 10357
 1715 -11112 11453
 12 -11625 11159
 1739 -10325 11119
 1704 -10650 11208
 854 -11092 12285
 1079 -10253 12020
 1836 -10497 10596
 885 -10778 11237
 1518 -10604 11448
 1843 -10433 11333
 1275 -10738 11181
 932 -10710 11759
 1200 -10737 11193
 1596 -10742 10895
 699 -10387 11201
 1900 -10746 11577
 1062 -10724 11408
 1585 -10871 11205
 1101 -10688 11419
 1169 -11074 11194
 1366 -10835 11147
 1566 -10918 11325
 1465 -10733 11533
 908 -10662 11346
 995 -10833 11577
 1157 -10636 11244
 1101 -10699 11245
 964 -10816 11482
 920 -10682 11523
 781 -10902 11601
 1158 -10730 11639
Repetition Start
 1165 -10113 11248
 1605 -10332 11614
 1299 -10243 11664
 1466 -10041 11758
 1097 -9521 12212
 1981 -9751 12553
 1537 -8339 11696
 2102 -9414 13200
 1150 -7373 13659
 -2020 -4074 10817
 -460 12 8884
 3975 -138 7638
 4526 7144 10333
 -4817 2884 8316
 -3590 20310 30871
 6555 10692 20814
 1701 -8414 17484
 2801 -2581 14809
 5081 -2382 15335
 3893 -162 17257
 4432 3167 18392
 6643 6315 17624
 5256 6718 17248
 4043 7593 16456
 7513 10425 18669
 2313 4633 6339
 7157 16960 10317
 7284 9469 13346
 2404 4032 14217
 1662 -2199 13153
 805 -574 14421
 1985 -4338 12609
 2459 -1830 14438
 2015 1507 16646
 1653 -4798 18174
 2543 -6281 14953
 141 -8209 13263
 1291 -9257 11894
 811 -10298 11105
 3030 -10732 11617
 2734 -11045 11729
 1816 -10851 11137
 -279 -9973 13267
 2578 -10354 12073
Repetition End
0
 1381 -10164 11128
 449 -11198 11649
 1382 -10591 11247
 1775 -11093 11792
 123 -10454 10942
 -117 -10824 11224
 229 -10775 10804
 1724 -10078 10036
 441 -11029 10913
 -307 -10995 11465
 603 -11062 10822
 999 -10742 11266
 551 -11023 11699
 781 -10898 11708
 1027 -10602 10674
 751 -10562 11121
 1613 -11945 11001
 1650 -10358 11660
 2325 -11388 11336
 1193 -10448 10717
 1415 -10305 11368
 706 -11107 11563
 1373 -12154 9763
Repetition Start
 2206 -11919 10880
 -563 -14727 11700
 -6285 -9167 8116
 -1773 -3117 9819
 8979 -29842 18128
 6384 -13338 12859
 -105 -7875 9645
 2415 -10367 9617
 1428 -11369 11176
 1353 -10593 11647
 837 -9666 11811
 1026 -10299 11762
 2085 -10022 11855
 781 -9782 11845
 177 -9446 13442
 3431 -8994 10844
 1621 -7312 9170
 -5948 -955 12895
 -941 -1719 8966
 13083 11925 -611
 20647 1105 6172
 17866 27803 14829
 -4917 -15346 8880
 3149 23090 6619
 -7172 210 14339
 -3648 -3025 15618
 602 2119 15623
 1626 1309 16573
 2256 805 16709
 750 712 16336
 1104 -1738 17596
 2102 543 16113
 504 -1538 16175
 1299 2941 17770
 -3466 -3189 18456
 697 -19 17013
 5280 4545 18025
 2449 6030 13042
 7103 10911 15453
 -1949 16598 15279
 3279 7555 6569
 5975 7843 12215
 7004 7341 14521
 5507 7561 15669
 2684 1300 12089
 3101 980 13354
 6349 1145 15633
 8145 2363 13307
 5486 -815 19098
 5725 -2625 17554
 6138 1477 12092
Repetition End
0
 9290 -6598 15846
 6695 -6863 8201
 9988 -12846 11608
 5377 -8848 12371
 36 -9333 9993
 1857 -11496 11286
 377 -10752 10718
 3938 -11099 10801
 3478 -8750 12305
 3119 -10937 13511
 2244 -10511 11791
 4303 -10427 11149
 3179 -10580 11165
 2793 -10960 11468
 3539 -10883 10598
 3235 -10897 10634
 3194 -10852 10627
 3313 -10863 10585
 2891 -11041 11464
 3735 -11167 11082
 2499 -10991 10996
 2725 -10773 11101
 2916 -10904 11082
Repetition Start
 2840 -10688 10579
 3039 -11300 10850
 2915 -10730 11109
 2621 -11004 11785
 2984 -10642 10693
 2483 -10656 10936
 3015 -11256 10759
 3127 -10901 10952
 2676 -11099 11176
 3028 -10961 10996
 2740 -11047 11087
 3345 -10950 11114
 3373 -11211 11320
 3043 -10458 11687
 1773 -8457 11111
 4407 -10423 11272
 2067 -7841 11443
 1410 -16368 15101
 6213 -7716 12633
 1111 -8463 13299
 2909 -6015 9871
 4994 -2755 12047
 767 -2802 9626
 418 -1547 9301
 -1550 3029 5274
 32767 21822 32767
 -2408 -25705 25559
 5246 1806 17089
 2338 2581 16140
 69 -3553 16990
 3629 -1789 16316
 5185 -71 16342
 4943 977 16935
 4931 1534 16889
 3900 -483 16087
 4199 -1588 16676
 5230 942 18736
 1626 3561 16705
 3140 4803 17086
 2051 7318 16732
 5471 7184 16545
 6649 7152 17116
 3541 13537 10755
 8819 13682 7368
 11477 13321 7389
 9032 10212 12421
 1809 -221 14573
 3455 3075 14631
 1640 572 15120
 3760 1518 15466
 3640 3437 16789
 7627 -5990 16451
 6657 -2907 16285
 2388 1 16391
 901 503 14547
 6599 -929 12568
 11848 -9868 15910
 6078 -7804 13707
Repetition End
0
 5901 -6036 12709
 9597 -4156 11386
 7722 -3535 14498
 1052 -8361 20070
 3177 -3495 15538
 6162 -3969 14098
 585 -6634 16306
 2562 -5118 13943
 2141 -3804 14649
 3076 -4015 16608
 2205 -3427 14384
 3276 -4520 15658
 3336 -3823 14569
 1826 -3564 15501
 4008 -2748 17354
 3089 -2835 16001
 3447 -3069 15515
 3788 -2680 16168
 3661 -2714 16263
 4163 -2357 15980
 3409 -1981 16067
 3075 -1806 16343
 3821 -1926 16214
 3717 -1937 16114
 3364 -1975 15971
 4093 -2151 15750
 3556 -1915 16192
 3808 -1944 16048
 3779 -1946 15987
 3738 -2121 15954
 3638 -2179 15994
 3993 -2183 15714
 4178 -1708 16260
 3984 -1791 16256
 3881 -2022 15881
 3885 -1950 16014
 3836 -1962 16140
 3837 -1861 16153
 3767 -1999 15937
 3994 -1919 16196
 4224 -2101 15959
 4005 -1921 15906
 4167 -2031 16043
 3657 -2015 16098
 3750 -2066 15908
 3841 -2080 15984
 3825 -2110 15979
 3929 -2143 16017
 4011 -2117 16015
 4226 -2241 16032
 3997 -2151 15830
 3964 -2311 15630
 4057 -2366 15707
 4099 -2451 16005
 3910 -2384 15947
 4122 -2605 15423
 3766 -2750 16715
 4445 -2276 16610
 4873 -2377 15500
 4112 -2784 15117
 4163 -2598 16288
 4467 -3204 15876
 4357 -2846 15457
 4327 -2709 15945
 4394 -2929 15623
 4276 -2528 15496
 4130 -2514 15876
 4410 -2467 16044
 4360 -2359 15855
 4760 -2311 15750
 4421 -2312 15756
 5084 -2247 16088
 4949 -2178 15556
 4999 -2095 15918
 5239 -1636 16057
 3619 -2174 16220
 3215 -2669 15994
 1661 -3414 15017
 1866 -2037 15245
 2383 -2542 15871
 3736 -1553 17134
 7128 -3131 14430
 9558 -2941 12472
 10477 -1964 12760
 -3178 -5818 23333
 474 209 16975
 4678 387 14282
 366 -2452 16395
 2319 -2641 17937
 2085 -2723 15028
 3692 -3281 15484
 3968 -2981 15939
 3966 -2891 15971
 3446 -3372 15196
 4104 -3176 15473
 3840 -3210 15704
 3580 -3395 16637
 3306 -3147 15710
 3499 -3024 15746
 3580 -2842 16151
 3787 -2944 15998
 3197 -3159 15484
 3378 -3009 15754
 3371 -3270 15652
 3435 -3086 15831
 3442 -3212 15697
 3297 -3103 15838
 3647 -3136 15876
 3227 -3246 16019
 3527 -3263 15713
 3632 -3315 15834
 3404 -3260 15532
 3570 -3244 15763
 3658 -3230 15891
 3658 -3187 15810
 3407 -3217 16124
 3689 -3061 15857
 3711 -3085 15846
 3496 -3034 15672
 3461 -3026 15918
 3675 -3052 15911
 3785 -2991 15647
 3404 -3355 14989
 3565 -3181 15973
 3268 -2739 15827
 3428 -2879 15589
 3468 -2817 16183
 4101 -2969 15826
 4197 -3012 15929
 4087 -3023 15449
 3947 -3038 15881
 4160 -2973 15987
 4232 -2998 15792
 4040 -2889 16221
 3191 -3365 15400
 4094 -3317 16017
 3399 -3255 15390
 3817 -2534 16430
 4477 -2242 17139
 4856 -2322 16717
 4987 -4517 14990
 3865 -3310 12927
 1662 -4906 14132
 6519 -4067 14274
 4536 181 16666
 2767 -1942 17990
 4530 -731 16064
 4083 -1367 16136
 4153 -1063 16544
 4301 -1724 16125
 4805 -2207 15776
 4083 -2545 15823
 4085 -2285 16532
 5080 -2773 17861
 5908 -364 17860
 5264 1908 16359
 6733 241 14458
 7335 2505 12630
 7351 461 11031
 5350 -2400 15366
 6673 -1636 17258
 8741 -5452 14992
 7264 -2504 14492
 6382 -3358 13680
 8692 -3212 12936
 5599 -4622 13402
 5904 -5883 14323
 6576 -8549 17088
 11591 -10298 17632
 7715 -10054 16741
 7938 -9873 17362
 7717 -7097 16971
 4883 -4113 14873
 5558 -1195 12966
 5673 1028 11431
 4644 2966 10619
 2915 1716 12693
 4763 1868 16189
 6712 1702 18004
 5515 1803 16181
 5429 1678 15142
 5948 1340 15661
 6102 1304 16189
 6138 1707 16138
 5800 1397 15687
 5721 1508 15794
 5942 2146 16805
 6384 1154 16456
 5860 393 15683
 5773 899 15417
 6879 1112 16603
 6832 1527 15834
 5215 519 15223
 6182 1985 17256
 6152 400 15318
 5174 768 16271
 6328 1962 17034
 5162 -244 15779
 6017 1180 14306
 6529 2671 14994
 7025 2324 15985
 4304 1230 16333
 5939 1611 15782
 6434 1618 16123
 5637 1372 16147
 5699 1455 16107
 6067 1212 15782
 5651 1316 15812
 5934 1314 16340
 5386 1353 16088
 6126 1333 15574
 5567 1325 16060
 5412 1445 15810
 5854 1354 16083
 5504 1264 16017
 5585 1250 15958
 5780 927 16100
 5632 1181 16018
 5318 836 15197
 5786 1469 15823
 5972 1358 15879
 5953 1967 13934
 5263 1525 12162
 6213 1227 13201
 4471 21 14701
 7523 -1551 14899
 6416 -3556 15356
 5823 -4831 14570
 6494 -5583 16878
 6161 -10322 17154
 7590 -11169 17876
 6421 -9835 17846
 5795 -9546 18107
 5714 -7090 18349
 5040 -3435 15366
 3725 -2010 12732
 3899 629 11113
 3722 2448 11069
 4151 1228 11995
 5961 1767 15100
 5193 1309 17882
 4581 900 16529
 5809 1715 15205
 4559 1277 15706
 4828 1893 16661
 5717 2357 16073
 4756 2193 15547
 5134 2012 15780
 5082 1450 16117
 4987 1530 16133
 4802 1427 15921
 4853 1269 16260
 5168 1400 16315
 5687 2012 16446
 5502 663 16885
 3949 1972 16064
 2481 3581 15457
 3911 2093 15334
 8517 2406 15115
 8720 1938 14767
 2953 2075 15998
 4511 2386 17294
 6504 1251 15978
 4734 1291 15661
 4444 855 16256
 5780 1027 16282
 5267 1121 16173
 5130 1475 16145
 5639 1269 15885
 5356 968 15934
 5309 1476 15951
 5477 1329 16128
 5204 1613 15965
 5480 1718 16161
 5456 1909 16136
 5288 1575 15988
 5166 1528 16077
 5175 1516 15941
 5151 1351 16183
 5160 1309 16100
 5297 1217 16041
 5380 1141 16160
 5139 1128 16084
 5030 1173 16116
 5035 1223 16212
 5051 1309 16131
 4998 1150 16042
 5428 1387 15872
 5339 1092 16111
 5264 1211 16178
 5178 1190 16050
 5595 1229 16094
 5483 1266 15982
 5475 1109 15855
 5267 962 16101
 5426 952 15962
 5507 1025 15942
 5401 936 15860
 5427 1029 16146
 5233 868 16074
 5039 875 16026
 5100 769 16400
 5357 753 15821
 5339 766 16129
 5553 753 15979
 5242 697 16186
 5272 661 16079
 5281 511 15981
 5025 591 16327
 5198 598 16069
 5285 597 16059
 5277 571 15996
 5322 588 16076
 5241 601 16114
 5150 730 15925
 5217 892 16220
 5191 805 16065
 5301 836 15998
 5175 769 16084
 5463 707 16112
 5514 651 15945
 5411 748 16134
 5802 475 16201
 6078 525 16716
 6225 59 16802
 3904 632 16725
 3043 1146 16028
 3009 956 15945
 2342 -1692 15744
 233 -2847 16295
 313 -3849 16122
 2194 -2035 16647
 4087 213 16067
 3159 880 16820
 5225 -322 15340
 5884 -1322 16131
 4782 -2532 14927
 5682 -3198 15066
 4151 20 16457
 3860 307 17546
 3616 -1571 15701
 3137 -1246 16957
 2385 -619 16142
 2638 -1244 15975
 3272 -1315 16312
 2973 -1261 16436
 3412 -1239 16263
 2997 -1649 15663
 3725 -1324 15832
 3402 -1273 14469
 2774 -1337 14165
 1588 -2223 14874
 2599 -2885 13555
 2632 -2449 13125
 288 -5887 14885
 -705 -7449 17502
 749 -9487 18417
 1604 -8123 16517
 1137 -8193 16483
 2050 -6936 15800
 2123 -6667 15616
 1313 -5149 16043
 2784 -4064 15686
 3705 -3813 15437
 2795 -3014 15434
 3205 -2157 15272
 4441 -778 14619
 4678 705 14033
 4673 -582 14338
 4775 -353 15918
 4315 -425 16706
 4030 -347 15995
 5533 546 15222
 3527 -884 16584
 4757 542 14127
 3925 1914 14979
 6862 -2654 18042
 5315 222 17326
 5200 500 16198
 4670 -947 14975
 6397 429 14512
 5271 1304 15962
 1176 -1253 17568
 6158 1623 15475
 4311 -460 15677
 4782 557 16650
 4944 489 16379
 5101 267 16022
 4936 31 16180
 4727 -24 16166
 4776 -21 16004
 4774 343 16318
 4484 873 16266
 4196 972 16304
 4268 302 15045
 2239 125 17363
 4527 464 15820
 6573 1390 14755
 4600 -100 16227
 4327 733 16278
 4595 -815 15963
 4272 -824 15960
 3773 -1086 16876
 5352 62 16245
 4031 670 16511
 4568 594 15666
 1397 1888 15267
 576 1554 15489
 7106 -1012 16590
 4339 1452 15604
 4315 -1232 18475
 3581 612 17791
 5097 519 15383
 4993 -302 15507
 4796 140 16174
 5617 796 16435
 3876 -32 17143
 3227 44 17104
 4676 622 15906
 3557 263 16752
 4588 638 16676
 3221 141 15297
 4769 190 15527
 4505 498 16413
 4716 233 15576
 5323 -110 15652
 5340 127 16537
 5025 -101 16070
 4758 345 16216
 4735 256 16374
 4960 349 16105
 4805 433 15851
 4990 302 16070
 4985 274 16093
 5217 288 16024
 5040 268 16135
 5161 233 16144
 5019 171 16042
 5066 -67 15688
 4918 145 16133
 5017 85 16114
 4943 165 16188
 5052 268 16083
 5127 304 16214
 5093 262 16065
 5062 129 15627
 5202 77 16159
 5155 155 16070
 5167 169 16058
 5282 8 15987
 5277 153 16085
 5175 145 16072
 4893 64 16112
 5254 135 15977
 5177 91 16107
 5076 -18 16076
 5018 -117 16019
 5041 5 16006
 5189 -52 16118
 5197 33 16112
 5016 -1 15505
 5239 94 16087
 5262 57 16084
 5286 3 15989
 5219 -23 15994
 5302 -8 16078
 5155 -40 16076
 5129 -172 15987
 5030 -264 16214
 5227 -281 16053
 5737 -48 15842
 5138 -348 16192
 6123 -1329 15526
 5166 -1027 18352
 3446 1384 16203
 3815 -778 16213
 4643 293 16545
 4037 877 15968
 5254 -561 16271
 4539 235 16335
 4417 -238 16081
 4748 -492 16066
 4821 -45 16225
 5117 174 16346
 5525 422 15926
 4843 593 16141
 4946 475 15868
 4663 253 14495
 2575 2277 10902
 5395 -671 12656
 4518 -401 15241
 6902 -5059 16003
 4457 -6133 14585
 5009 -6929 14785
 5187 -7948 13624
 5123 -8175 13734
 6002 -7849 13299
 5953 -8685 12822
 5001 -10112 13769
 5677 -10645 14060
 6892 -11173 14801
 5604 -10855 15683
 6377 -9399 15734
 6302 -8565 15826
 5814 -6673 14936
 5970 -4973 14143
 5492 -3626 14319
 5170 -2499 14745
 4353 -1399 14793
 3687 -292 13769
 2799 -736 13403
 3206 -951 14379
 2814 -2243 15427
 4633 -2468 15489
 3653 -1909 16028
 4063 -1715 16175
 4447 -1960 15670
 4291 -1854 16201
 4346 -1332 16430
 4485 -1211 15507
 4178 -1125 15806
 4619 -1222 16205
 4377 -1386 16307
 4430 -1324 15944
 4641 -1533 15978
 4461 -1629 16028
 4389 -1611 15877
 4439 -1640 15877
 4606 -1454 15938
 4634 -1470 16195
 4522 -1546 15987
 4729 -1450 16036
 4557 -1512 16242
 4367 -1556 15997
 4197 -1780 15908
 4809 -1725 15672
 5757 -2602 15294
 4212 -2407 16625
 5064 -1798 14619
 -997 -1961 17216
 1610 -2652 16793
 5205 -781 15077
 2729 -1460 15906
 7543 -2021 16506
 2839 -1925 15182
 3265 -1601 15885
 5015 -2632 16226
 4535 -1889 16029
 4798 -2024 15553
 5094 -2043 15712
 4501 -2094 16162
 4942 -1811 16400
 3778 -764 18403
 4309 -1563 15406
 2221 -2153 15338
 4125 -1809 16037
 4350 -2396 16248
 3531 -1553 15688
 5835 -773 14526
 7698 -1897 14412
 2595 -2338 18536
 4522 -2385 15253
 5981 -2122 16230
 1790 -2439 14601
 2668 -3529 17228
 3829 -474 16650
 4696 -2730 15204
 2738 -531 16382
 5736 -1689 15841
 4274 -1517 16581
 3581 -1025 14316
 3031 -456 12750
 3469 -2760 9910
 2546 -3481 12961
 437 -7253 14953
 2055 -9745 16827
 2354 -9672 16388
 4485 -12983 21315
 600 -9240 19641
 541 -10867 19361
 4094 -8727 17557
 3111 -5675 14791
 774 -1186 11617
 1722 1874 10827
 4140 1836 11139
 6069 -1972 14068
 4505 -469 17746
 4876 -482 16497
 4055 -1248 15766
 4851 -1239 15814
 4315 -1164 16076
 4702 -1763 16298
 4711 -1312 15999
 4344 -1381 16174
 4385 -1438 16353
 4327 -1200 16163
 4700 -1177 16281
 4386 -1148 15974
 4375 -1022 16101
 4676 -733 16129
 4366 -696 16204
 4511 -889 16221
 4578 -657 16111
 4430 -825 16020
 4354 -790 16016
 4240 -916 16158
 4211 -894 16208
 4481 -724 15918
 4272 -1031 16304
 4715 -696 16021
 4969 -1407 15546
 4127 -742 16481
 3063 -1835 15626
 3120 -828 16188
 3791 -3895 17537
 4570 -2823 15569
 4474 -2430 15672
 4542 -2376 14641
 4439 -2224 13751
 4247 -4108 14024
 3467 -5002 15306
 3996 -5567 15097
 3961 -5217 14689
 2794 -5842 15092
 3747 -6588 15029
 3661 -6383 14045
 3349 -7144 14463
 3332 -7753 15322
 1397 -8404 17743
 3342 -7548 15258
 2922 -7761 15390
 5122 -7122 16423
 2813 -6406 16461
 3435 -5649 16174
 4602 -3730 15502
 3062 -2860 14655
 4042 -3218 13702
 4378 -1115 15260
 3592 616 13723
 4850 1288 13200
 4330 -824 16512
 3968 -597 16526
 5488 -146 15111
 5366 120 16293
 5170 -66 16080
 5433 -24 15795
 5365 -203 15912
 5182 -349 15932
 5271 72 16055
 5145 -172 16077
 5188 -26 16208
 5324 -1 15977
 5404 -46 15875
 5222 -210 16239
 5109 -229 16003
 4893 207 15919
 4811 -64 16063
 4753 -346 15983
 4808 -489 15832
 4296 -1211 15562
 4378 -1788 15938
 4084 -2144 16247
 4725 -2601 16845
 4769 4183 16893
 6815 4446 17492
 5974 2987 13921
 5744 2042 13532
 5924 2028 16433
 6078 1860 17064
 6474 1839 15508
 5246 1494 15641
 5520 1213 15155
 4860 138 14238
 4326 -1199 14004
 3089 -740 15117
 3209 -2256 16466
 3756 -3183 16324
 3274 -3479 15865
 3037 -4048 16273
 2051 -4977 17086
 2638 -4526 16809
 2901 -4817 16640
 3134 -5157 17739
 3892 -5605 20094
 2353 -3751 19215
 2259 -2818 17600
 2919 -1906 16716
 3767 -594 15381
 4132 921 13162
 6846 2777 11497
 7053 2697 13135
 4970 1969 14096
 4978 1092 17060
 7903 572 16877
 5677 1635 15242
 5462 458 16401
 6006 667 15970
 5776 775 16065
 5575 720 15825
 5930 727 16057
 5837 758 16017
 5943 776 15734
 5895 705 15705
 5857 677 15950
 5750 647 15701
 5967 443 16387
 6092 539 16135
 5680 553 15785
 5889 799 15822
 5863 921 16923
 5149 88 15573
 5559 276 16029
 5702 396 16085
 5179 354 15736
 5629 628 16124
 5216 269 15548
 5189 5 16323
 5353 186 15878
 5126 -44 16195
 5135 -153 16137
 5352 464 16651
 4856 -852 15546
 4986 -244 16354
 4763 18 15749
 4885 -698 15757
 5764 216 16231
 4772 -143 16163
 4903 -71 15588
 4225 -1278 16655
 4462 -887 17126
 4513 -703 15769
 5040 -237 16783
 4205 -59 14941
 4223 -322 13514
 3688 -295 14059
 2943 -921 13863
 2098 -3453 15793
 3529 -4129 15183
 2373 -5474 15331
 2366 -6355 15490
 3064 -5936 15839
 2426 -6693 16455
 3258 -7868 17918
 -479 -5588 17900
 199 -8584 19033
 1601 -6224 18205
 1919 -4279 17553
 2324 -2929 15120
 4343 -626 14126
 4838 341 13722
 5702 903 13545
 4398 3358 12498
 4108 2566 13426
 122 513 15795
 3825 1271 16752
 6224 -554 14830
 5428 -17 14162
 7820 -3806 16839
 12806 -7258 17418
 6674 -1686 14127
 5719 -4213 14315
 8086 -3366 15747
 7645 -1868 15095
 6060 -584 15538
 6237 -1482 16192
 4813 -2848 17309
 4531 -412 15157
 4663 -2687 14531
 5663 -1858 15656
 5330 -1263 15791
 4497 -838 15628
 4132 -1987 16321
 2111 -4030 15796
 3062 -2745 16305
 3163 -2568 16142
 3893 -2189 15787
 3970 -2101 16659
 1721 -1351 18178
 963 -1975 12036
 780 -505 16416
 -488 -1038 14539
 -496 1064 14980
 6026 -3193 19234
 3554 434 16562
 422 -3985 14734
 2505 -4809 15646
 5470 -3327 15187
 2306 -3043 15774
 146 -3546 15089
 1087 -5383 15744
 -1915 -4228 17183
 -979 -3323 17469
 1470 -7785 12643
 -881 -8160 13355
 2731 -8831 12898
 1814 -6552 13059
 1137 -7063 14091
 1303 -6822 14829
 1387 -7252 14039
 1452 -7516 14193
 1760 -6959 14016
 1242 -7138 13535
 1187 -6951 13052
 1363 -5613 13693
 -846 -6438 14286
 1560 -7356 14950
 496 -5633 13287
Repetition Start
 866 -6100 12323
 3103 -7823 13183
 1571 -6179 12460
 -337 -8440 14868
 -992 -10833 16398
 1466 -8591 14034
 469 -6945 13263
 1889 -6928 14925
 1703 -6124 13777
 1682 -6245 13288
 2621 -7225 13667
 1247 -7647 14177
 1450 -6777 12700
 800 -8355 14309
 1400 -8861 14866
 1056 -7958 14346
 1430 -7577 13723
 670 -9032 14552
 2031 -9080 14969
 2104 -7580 13276
 2100 -7795 13596
 1609 -7584 13641
 2130 -7535 14173
 1673 -7863 13874
 1998 -8862 14350
 1604 -8187 14785
 1194 -6489 14757
 1155 -9597 13898
 -799 -7446 15512
 2203 -8566 15958
 2562 -6221 13928
 2747 -7091 13816
 649 -5500 14409
 2657 -7490 14587
 1878 -6431 13686
 1919 -6476 15642
 2288 -3894 12236
 2220 -5633 13419
Repetition End
0
 4295 -7493 14131
 2513 -6652 13573
 1451 -6750 14059
 2344 -7352 14664
 1977 -7837 13960
 1622 -7774 13697
 1344 -7610 14455
 3383 -7977 13271
 1096 -7616 13474
 1692 -7793 13970
 1666 -7890 13680
 1874 -8147 13421
 1990 -7986 13260
 -1260 -7139 14101
 -183 -7919 14700
 -2442 -7905 16400
 2248 -7781 12903
 3039 -6842 13610
 8591 -4216 9898
 3328 -9335 14354
 2382 -8192 13586
 3139 -7656 12767
 3055 -8568 13751
 1705 -8305 13084
 2455 -8911 12741
 1458 -8336 12004
 2776 -9238 12951
 2957 -7990 14265
 4432 -8940 13629
 2846 -8395 13056
 3380 -9247 12272
 3142 -9189 12862
 4776 -9712 11895
 4594 -10104 11100
 4034 -9519 12462
 4768 -10842 13858
 4186 -12178 14422
 2154 -5831 13518
 -2315 -3959 12435
 979 -8744 13418
 3782 -10462 12524
 -266 -8897 12831
 2290 -9220 12672
 2546 -9349 12699
 2806 -9491 12653
 2476 -9558 13285
 2038 -9489 12391
 2578 -9473 11860
 1859 -9736 12185
 1788 -9501 12418
 1722 -9555 12925
 1894 -9604 12695
 1725 -9590 12515
 2414 -9299 12366
 2157 -9107 12199
 2138 -9185 12640
 2192 -9112 12709
 1925 -9390 12752
 1923 -9138 12489
 2373 -9589 12623
 2219 -9705 12453
 1857 -9117 12538
 1997 -8977 12769
 1557 -8923 12595
 1944 -9309 12626
 2167 -9211 12734
 1894 -8786 13077
 1924 -9116 13233
 2221 -8796 12946
 1719 -8855 13006
 2046 -8622 12877
 1366 -8433 13337
Repetition Start
 1780 -8355 13436
 1745 -8546 13197
 1577 -8332 13473
 2036 -8293 13041
 1845 -8141 13646
 1425 -7325 13240
 1089 -7584 13345
 1395 -7581 13522
 1473 -8221 13377
 1300 -8462 13872
 1255 -7664 13090
 978 -8709 14381
 2606 -8061 13182
 1176 -8233 13728
 1639 -7429 12981
 860 -8198 13812
 1390 -7054 13326
 708 -7922 14462
 689 -7704 14550
 722 -7175 14111
 1016 -7335 14113
 499 -6484 13747
 1156 -8442 15185
 1268 -7482 13941
 989 -6954 13602
 337 -6623 14443
 1072 -7259 14308
 869 -7272 14253
 925 -7234 14621
 631 -7209 14540
 827 -7592 14559
 508 -7175 14878
 933 -7487 15143
 331 -6520 15183
 -255 -7163 13846
 44 -6622 14045
 1881 -5801 13291
 1774 -5819 13874
 1107 -5698 14750
 1295 -6231 14591
 1537 -6719 13572
 3593 -7036 12236
 701 -8459 13863
 1244 -7888 12826
 1750 -8447 12672
 1516 -8741 13549
Repetition End
0
 1456 -9561 12675
 1764 -8491 11802
 875 -10296 12212
 1645 -10028 12191
 1254 -9464 12730
 560 -9820 12634
 1176 -10692 11820
 1473 -10090 12348
 508 -10123 11809
 1331 -10118 11560
 262 -10656 12610
 1056 -10015 11415
 1055 -10336 11428
 858 -10441 11737
 940 -10280 11674
 672 -10583 11851
 759 -10583 11960
 676 -10344 11702
 1055 -10364 11618
 662 -10110 11732
 916 -10331 11769
 638 -10284 11585
 1065 -10473 11338
 1120 -10315 11692
 722 -10235 11841
 627 -10314 11757
 720 -10270 11733
 791 -10206 11621
 521 -10009 11755
 169 -10459 12069
 675 -10188 11977
 1469 -10240 11464
 856 -10226 11785
 765 -10337 12258
 767 -10057 12088
 718 -10087 12333
 1679 -10015 11639
 887 -9822 11654
 991 -10178 11944
 1143 -9902 11725
 245 -10116 12427
 397 -9859 12376
 409 -9750 12024
 978 -9240 11364
 1765 -9776 12484
 1618 -8048 12014
 283 -5916 12317
 1069 -5836 12269
 -3527 -5120 13783
 563 -3362 8375
Repetition Start
 9245 -2018 4193
 13118 -3730 3965
 6978 9757 27579
 -12299 -547 22925
 -268 10531 22700
 -6380 -1971 18437
 -3115 -2995 16864
 2498 -933 18091
 3793 1966 16823
 10262 5561 16776
 7584 6447 14904
 6749 8753 15367
 4611 9016 14501
 7983 12156 15820
 3678 8963 8644
 8443 15789 10159
 8310 9428 12119
 7705 8405 13687
 474 -26 13883
 1974 -2058 13765
 -681 -1991 14196
 762 628 18887
 5453 -3347 14913
 6417 -4074 17773
 4413 -8919 16019
Repetition End
0
 3735 -3177 12942
 1345 -3477 14295
 4230 -4940 16995
 7389 -4115 14272
 2367 -3077 14407
 5571 -3365 13298
 -4 -4542 16697
 -629 -4743 16332
 3583 -5714 14180
 3402 -3717 13172
 1591 -4228 15176
 2297 -2857 15434
 4026 -1993 16656
 4280 -1152 19037
 3581 -736 17771
 4192 -1439 15018
 3804 -879 16164
Repetition Start
 3953 -813 16612
 3960 -1321 15664
 3555 -876 15266
 3990 -1559 17526
 4242 -1971 16355
 4161 -1912 15033
 3493 -2167 16221
 3672 -2030 16273
 3893 -2057 15782
 3664 -2072 16142
 3887 -2038 16134
 3919 -2215 15823
 3711 -2223 16056
 3756 -2238 15986
 3655 -2124 16071
 4073 -2120 16036
 3692 -2097 15965
 3640 -2131 16036
 3956 -2251 15854
 3728 -2148 15926
 3736 -2238 15985
 3956 -2199 16022
 3789 -2233 16115
 3779 -2431 16432
 3518 -60 19819
 3326 -3662 14583
 5235 -1795 13463
 7799 -2325 14644
 5704 -1511 15612
 -1364 -3826 21400
 2888 -1678 18922
 3736 -2490 12285
 -2214 -2899 13697
 -2066 -4869 16668
 5487 -4577 14266
 -4275 -3468 15303
 -3010 -4883 15048
 -2762 -12896 8682
 -149 -7040 8891
 3374 -9794 12456
 -687 -4874 17522
 511 -5035 16948
 91 -6445 14487
 853 -7397 13243
 -300 -7240 13974
 401 -7333 13131
 -1023 -7446 12981
 -629 -7501 13505
 1054 -8124 13593
 -3 -8832 14143
 618 -7809 13194
 1364 -7503 11609
 -1069 -7752 13238
 270 -8113 12310
 1439 -12224 17608
 193 -10145 14035
 -680 -8958 13573
 -359 -8609 14918
 -969 -7445 15102
 0 -4583 12534
 2382 -8041 11194
 -158 -6571 11732
 2387 -8475 12692
Repetition End
0
 734 -7931 13928
 1811 -8357 13057
 -515 -8632 14551
 782 -8656 13123
 1168 -9137 12514
 811 -8901 13195
 1464 -8845 12873
 671 -8391 13177
 316 -8076 12666
 1025 -8585 12622
 1416 -9896 13153
 238 -8628 13413
 1321 -8610 12935
 778 -8523 12943
 906 -8548 12893
 1208 -8791 12970
 858 -8325 13040
 2165 -8871 12896
 1330 -8675 12463
 725 -7891 12864
Repetition Start
 799 -7148 12323
 1504 -8457 12202
 1286 -8327 12299
 2510 -9279 12860
 1437 -8486 13164
 1570 -9752 14148
 1505 -10389 13739
 1366 -8571 12411
 1655 -8551 12353
 1883 -7695 12037
 1430 -9219 13798
 1701 -9300 13742
 2431 -7610 12544
 927 -8976 14509
 873 -9408 13897
 243 -9612 14617
 397 -9074 15029
 2139 -7699 13444
 497 -7991 14071
 1096 -6758 12611
 1610 -7157 13097
 -745 -7649 12454
 258 -8703 11914
 1823 -9271 11945
 1115 -9791 11113
 1652 -10509 12233
Repetition End
0
 110 -10433 12037
 799 -10141 11470
 1184 -10321 11224
 562 -9820 10723
 5 -10685 10683
 29 -10963 11777
 172 -10955 11298
 744 -10239 11391
 404 -10825 11077
 -473 -11013 11599
 408 -11272 11125
 608 -10846 10696
 -90 -10661 11507
 161 -11020 11630
 242 -10379 11538
 365 -10216 11042
 506 -10711 11627
 -405 -10392 11846
 67 -10573 10982
 176 -10424 11230
 76 -10320 11236
 136 -10556 11356
 769 -10389 11387
 98 -10421 11763
 20 -10469 11794
 655 -10675 12404
 776 -9635 13508
 607 -9400 13350
 846 -7552 14128
 2536 -6251 13339
Repetition Start
 938 -5704 11878
 1264 -6182 6130
 3901 2636 3770
 4074 11633 6549
 2416 1119 5978
 12526 -22114 32767
 3218 -6295 16069
 6884 -1668 14284
 7394 -986 16159
 3844 -4103 15494
 3302 -2519 18092
 1216 115 20260
 2915 -7339 17208
 -280 7888 18446
 2339 7733 16480
 -1 9481 15016
 4719 14537 15312
 4182 11427 8631
 8183 12618 9562
 6025 9146 10428
 -367 -4347 13426
 -903 2319 16113
 3811 571 13786
 7392 460 13996
 2959 -3809 14001
 1421 -4947 14736
 5412 -3035 16342
 10102 -1889 11970
 1094 320 13486
 -4645 -6155 18101
 4209 -5083 19428
 5604 -1776 16476
 3226 -3446 15606
 2886 -3849 15614
 2979 -4474 15359
 3137 -5082 15043
Repetition End
0
 3103 -4999 15394
 3020 -4947 15495
 3050 -4880 15380
 2937 -4468 15444
 2869 -4454 16021
 2864 -4666 16579
 3501 -4298 16101
 3503 -4350 15780
 3956 -4185 15705
 3995 -4412 16339
 3677 -2939 15329
 3720 -2900 14702
 2663 -2904 14741
 3763 -3158 15742
 2191 -3484 15522
 3439 -3055 15557
 2565 -2866 15410
 2665 -2572 16465
 3390 -2723 15770
 3287 -3085 15731
 3625 -3069 15639
 3506 -3898 14847
 2575 -3419 15345
 3851 -4679 15262
 3940 -4851 15938
 4003 -4862 14920
 4006 -5216 15548
 5268 -4782 16107
 4430 -2328 18767
 5347 -4108 16072
 1659 -1945 14525
 -742 179 14941
 919 -515 15243
 2683 -1554 15678
 4753 -7963 19441
 3408 -2935 16808
 2078 -2386 15095
 8057 -2357 14084
 7152 -2992 13407
 2040 -4703 17213
 3312 -3080 16645
 4777 -3782 15730
 2841 -3545 14993
 1292 -4178 16657
 2407 -4985 14339
 1679 -3799 14207
 -621 -3167 14229
 -1104 -3986 17453
 171 -5486 17902
 895 -8283 13668
 25 -11371 8065
 39 -11640 9089
 196 -10697 10616
 2345 -9863 12382
 609 -9114 13581
 935 -9749 12184
 1333 -10644 10837
 916 -10404 11265
 664 -10710 12119
 779 -10504 11436
 1473 -11127 11560
Repetition Start
 1083 -10226 11613
 701 -10662 11988
 518 -10488 11685
 584 -10164 11705
 808 -10191 11718
 576 -9725 11465
 487 -10274 13160
 -859 -9075 12850
 -421 -9516 12128
 520 -9019 11892
 212 -10084 12134
 1429 -9506 12369
 421 -9405 12134
 850 -9121 12480
 847 -8512 12874
 667 -8872 13068
 507 -9087 12740
 903 -8967 12517
 -559 -8796 13429
 -194 -9006 13650
 1408 -8964 13408
 -181 -7959 12889
 467 -8156 13166
 174 -8131 13269
 533 -7417 13131
 419 -7217 13700
 398 -8108 13845
 953 -6840 13601
 1270 -6582 13297
 -1 -5414 11850
 -164 -3440 12480
 3738 -4860 11373
 2711 1297 10088
 1032 7210 3311
 17314 32767 32767
 -2138 -27199 32767
 7292 -1836 13010
 8964 859 16085
 6047 -6521 16121
 6815 883 16981
 2607 836 16047
 3757 2715 17521
 1215 6133 16708
 6905 2872 15318
 1978 5153 16188
 2124 4492 16068
 3380 3871 16414
 3573 5177 15569
 3508 6166 14409
 4247 7771 15059
 5648 8142 14389
 5663 9290 15022
 4411 12960 16941
 5623 10584 9924
 8375 13372 7708
 9987 15758 11457
 5032 10547 14555
 1691 111 14149
 1044 -3541 14064
 2652 -740 12703
 4640 4201 17878
 5840 -1040 17471
 12148 -2575 17188
 2671 -204 17453
 7894 -1952 15219
 2366 547 15040
Repetition End
0
 4520 2511 15726
 8878 1169 12132
 12820 -3645 13455
 8436 -6570 13026
 5449 -2774 13297
 7892 -5451 13945
 3426 -7512 15536
 4573 -7320 14131
 5198 -4688 15508
 1993 -1641 14957
 2737 -3425 15846
 5418 -5807 15653
 2021 -5353 15382
 6833 -6779 12942
 5577 -6162 14411
 5668 -6817 14194
 7364 -7272 12129
 6301 -5907 13553
 4856 -6957 15084
 6492 -7117 13926
 8173 -8660 13384
 6162 -7878 12148
 4034 -9222 11671
 2513 -11410 10638
 2494 -10393 8952
 2731 -11916 9870
 1879 -10345 11097
 2882 -11668 10989
 3951 -11146 10747
 4076 -11267 11385
 1463 -11255 10506
 1272 -11382 10195
 2775 -11814 9730
 3599 -12207 9751
 2689 -11693 10735
 1756 -12176 10054
 3583 -12114 8644
 2697 -11781 9527
 -672 -11677 9926
 1685 -12574 9630
 3534 -12024 9429
 462 -12110 10050
 2893 -12045 9711
 1246 -12734 9360
 2351 -11510 9844
 2098 -11965 9738
 1592 -12795 10370
 1382 -11266 11897
 1658 -12252 8920
 1174 -11013 9649
 3462 -12912 11804
 -2619 -10189 9709
 -592 -11462 10624
 3248 -11089 12106
 1785 -10668 10958
Repetition Start
 -413 -9558 11792
 2353 -10980 11130
 1000 -10418 10963
 1977 -11305 11406
 -335 -8361 10949
 1620 -10109 11630
 898 -9039 11296
 1836 -10341 11939
 1620 -10243 11816
 -510 -10748 12121
 1203 -10991 12537
 -543 -10972 12304
 1990 -11187 12004
 150 -7506 10450
 2560 -10134 9908
 3225 -10352 10225
 2010 -10808 11893
 1887 -10979 11547
 1864 -11049 11120
 1205 -10997 10584
 724 -10684 10693
 1606 -11547 10447
Repetition End
0
 1001 -11382 10646
 1752 -11289 9569
 1026 -11023 9839
 900 -11592 10645
 939 -11136 11211
 554 -10714 11074
 1506 -12022 10497
 100 -11570 9878
 1276 -11519 10386
 725 -10797 11267
 1705 -10461 10537
Repetition Start
 1279 -10426 11591
 2226 -11026 11494
 1821 -10254 12111
 2896 -11034 12171
 1618 -10718 11746
 3276 -10871 12184
 2346 -9522 10993
 984 -7867 12984
 2519 -9982 11693
 1265 -9915 11488
 2271 -8333 11885
 2559 -8404 11924
 1679 -5754 11848
 1747 -5667 11049
 5054 -5037 7388
 15296 -8217 11625
 -1589 -7355 10189
 3782 3801 81
 24201 25011 23639
 -4565 399 6680
 -5757 1232 22423
 -4524 4617 15485
 -3064 6502 14514
 -639 4011 16554
 -297 2220 16334
 -1211 2445 15701
 -718 2641 16183
 -1503 2818 16021
 -1807 3404 15654
 -1401 4129 15751
 -2231 2011 16196
 -1127 3155 15951
 -1847 2789 15900
 -3299 2847 15636
 -3459 4286 15314
 -2465 3862 16432
 -2294 3400 16084
 -2909 3869 16124
 -1307 3969 15543
 712 4758 16289
 375 2931 17072
 6319 3996 17792
 8072 4299 17912
 5773 5301 17537
 9242 11079 12572
 8776 8790 10031
 5289 7736 9803
 10504 9477 13349
 2321 13988 14887
 3690 9041 9395
 5533 11023 10220
 7950 11779 10646
 7650 12919 8590
 6403 10113 13475
 8361 11599 16514
 5633 7167 16930
 4350 1422 13703
 2399 6107 11707
 5910 3915 13392
 2594 1440 15791
 2843 -2274 13976
Repetition End
0
 9827 -947 17312
 2718 -1614 16846
 4478 -2522 17897
 5686 -4237 15222
 4819 -3679 15461
 6065 -4422 15932
 4236 -3504 14696
 3879 -3485 14336
 4745 -3029 16394
 2778 -3608 16693
 4652 -3331 17425
 2402 -5084 15589
 4419 -5058 14709
 3258 -2841 12983
 1925 -2554 13981
 4369 -1681 16153
 5531 -5619 17560
 1017 -2462 15765
 3708 -4673 14823
 2490 -4658 15481
 2879 -4274 15833
 1597 -4113 14859
 1701 -4681 14909
 994 -3976 15535
 4414 -4087 15392
 2914 -4021 16074
 2674 -4125 15326
 3111 -4126 15701
 3029 -4122 15258
 3087 -3567 15539
 3411 -3484 15849
 2965 -3653 15880
 2530 -3549 15861
 2276 -3429 15130
 2607 -3512 15065
 2244 -2809 16816
 -10 -5338 17952
 4619 -3158 14896
 3869 -2980 15769
 5533 -2677 14210
 6258 -2884 14598
 4362 -2786 15767
 3404 -2774 16802
 3494 -677 17134
 612 -3678 14419
 651 -4611 15398
 2042 -6630 15230
 -1256 -4721 11023
 -266 -7987 13575
 689 -6377 14956
 -254 -7544 15006
 -335 -6606 14342
 649 -9928 12267
 1402 -9307 11093
 4905 -11446 11105
 35 -8929 11731
 257 -10281 11927
 1250 -10547 11228
 1693 -11028 12156
 1902 -10562 11532
 1139 -10660 11288
 1246 -10587 11428
 1378 -10644 12071
 305 -10301 11194
Repetition Start
 2016 -10480 11770
 910 -10351 11654
 1031 -10420 11464
 1477 -10500 11431
 960 -10238 11427
 1709 -9977 10986
 -280 -7769 11049
 2300 -10129 10925
 993 -9008 10761
 1828 -5696 10347
 -1319 -7404 15459
 -963 -2693 14514
 2674 -5799 12887
 -4728 -1046 9467
 8137 -4749 18150
 19903 26883 31299
 1110 -7856 5463
 7774 -2015 23010
 -581 2925 14214
 1933 3115 16839
 5267 4727 15502
 3121 1870 16538
 4386 2367 16046
 4182 -462 17051
 3665 -300 16669
 2322 714 16820
 1742 2976 20559
 -2498 2746 18484
 3024 3510 16655
 2538 5278 16539
 2664 7048 14832
 2223 6571 13720
 5834 9349 13264
 5260 11962 11853
 5609 11038 9870
 7876 11058 9374
 6679 12437 15913
 5265 10530 14838
 822 -737 15647
 2341 -2910 13086
 93 -901 12880
 4771 2912 15418
 7183 -343 17369
 4422 -2956 17740
 4263 -1041 19107
 1620 -1955 14777
 3900 -984 15431
 3901 1560 15584
 2143 233 16954
 8327 -6293 13749
 8917 -3446 13235
 5937 -3886 14276
 2122 -7297 15723
 -734 -4824 17819
 3076 -6093 13254
 5309 -6658 13728
 56 -8055 14729
 3114 -8350 13008
 7874 -9228 12637
 5592 -8760 12928
Repetition End
0
 2232 -9747 11608
 2826 -9411 12553
 2493 -10994 11357
 739 -11083 7947
 1516 -12042 9737
 3020 -11486 10152
 2961 -14689 10952
 1001 -9785 9771
 1377 -12507 10980
 1721 -12251 10223
 1501 -11756 9348
 1125 -12126 9699
 1379 -12030 9493
 755 -11452 9302
 676 -11942 8733
 1113 -12695 9636
 1309 -12372 10230
 790 -12004 9875
 1041 -12116 10121
 1070 -12086 9878
 1647 -12309 9223
 1467 -12115 9478
 1055 -12064 9614
 241 -11376 9664
 1578 -13218 10563
 1399 -11918 10103
 636 -11506 9927
Repetition Start
 1536 -12004 10361
 2096 -12177 9937
 1551 -11330 10472
 1640 -11090 11501
 1907 -10877 11898
 1948 -9002 11839
 2237 -7984 13206
 568 -8152 11795
 586 -8995 7770
 1123 -4484 5867
 5559 324 5970
 733 2766 8870
 13622 15032 20092
 28013 -15595 16777
 14959 7591 25903
 7914 -2207 14911
 6780 -4201 13188
 7171 -2241 15216
 6064 831 15549
 3542 1866 17382
 2517 3379 16660
 2637 581 16846
 1723 -166 15574
 1974 -222 19912
 1890 -970 19742
 4669 2072 18867
 6113 2859 15548
 3738 4820 15905
 3956 6121 15025
 5018 8806 15310
 5311 13084 10377
 6475 19292 1639
 10150 13904 5364
 4533 13268 14178
 907 6173 14533
 2281 -400 15001
 1612 -520 14483
 3417 4530 14579
 5227 5274 16807
 5152 -1315 14812
 2296 3024 15059
 3085 2551 14051
 1687 3946 14491
 472 3285 17208
 8250 -3502 18331
 5096 -2132 17184
 3707 -3715 17003
 9071 -5332 12768
 8733 -3681 11710
 6080 -3347 13056
 625 -4457 16327
Repetition End
0
 3419 -4905 15462
 3581 -4557 14991
 2925 -4939 15672
 2887 -4335 15978
 3960 -3982 15519
 3291 -4533 15018
 4106 -4308 15163
 3781 -4355 14975
 3416 -4570 15058
 3848 -4614 15005
 3995 -4397 15374
 3315 -4391 15292
 3776 -4598 14959
 3846 -4101 16170
 3395 -5244 14956
 3745 -5071 15283
 3703 -4418 15475
 3523 -4615 15244
 3698 -4619 15049
 3630 -4711 15374
 3500 -4813 15278
 3594 -4707 15308
 3717 -4793 15571
 3881 -4638 15310
 3723 -4740 15159
 3946 -5055 15001
 4422 -4479 17439
 5213 -3126 14215
 1622 -4462 13688
 683 -6207 14009
 -1733 -7095 14289
 -2266 -6447 16323
 481 -7669 14218
 452 -8581 12020
 -1192 -13713 6160
 -305 -11860 8039
 1952 -13521 8826
 2259 -11485 12586
 21 -11276 11398
 2388 -12361 9900
 1264 -12685 10002
 1048 -11962 9293
 1201 -11387 9578
 1311 -12434 9895
 72 -11690 9459
 914 -11674 9795
 557 -11741 9945
 1002 -11317 9392
 1699 -11073 8364
 -1584 -9091 6166
 -44 -14675 10091
 1078 -11063 8363
 806 -10182 12192
Repetition Start
 680 -9441 12794
 203 -8873 12951
 -633 -9279 13983
 -421 -8162 11465
 728 -8918 10378
 -350 -6233 13973
 -270 -6315 14713
 971 -5833 14067
 252 -6688 14202
 -1660 -8641 11925
 3263 -12121 12876
 5819 -9192 15300
 -1198 -7865 16910
 891 -9979 19090
 2953 -6847 13642
 1182 -8041 10720
 2619 -8455 12878
 163 -10716 14672
 -1151 -11241 16748
 2105 -8974 18897
 1847 -7906 17380
 3105 -4673 15569
 3709 -3488 15790
 3692 -3689 16955
 3698 -2476 16830
 -1832 -4595 3714
 3562 -6776 21089
 4529 -3373 17265
 -203 -8930 9881
Repetition End
0
 5 -13248 6485
 1580 -12679 6621
 -812 -11143 10705
 -140 -9851 11712
 2116 -10154 12369
 502 -10095 10842
 1211 -11429 10654
 1495 -10193 11715
 609 -11007 11915
 1170 -11322 11333
 774 -10898 10498
 955 -10975 10257
 2197 -9694 10856
Repetition Start
 3629 -7182 13714
 851 -6828 12527
 2554 -5082 14228
 6078 -10452 13376
 -1318 -4206 12042
 2024 -7801 13781
 3667 -6860 16208
 -3223 -3997 16684
 3525 -6628 20624
 5550 -8410 13993
 5929 -4299 17146
 5808 -1706 14972
 5355 -151 15447
 4658 2392 15158
 4113 2270 14530
 3547 7746 14159
 6129 8513 13895
 3695 12507 12642
 4025 12294 10552
Repetition End
0
 6769 13801 9816
 6433 15182 8429
 6740 14456 8591
 6608 14363 8470
 7166 14265 7793
 6631 15286 7183
 6388 14860 7267
 6803 15162 7145
 7123 14779 7360
 7436 14649 7847
 6722 14538 8164
 6769 14139 8562
 6554 13932 8922
 6410 13961 9012
