Repetition start
0.284423828125
0.324462890625
0.271057128906
0.316284179688
0.254028320312
0.284484863281
0.183776855469
0.215026855469
0.187866210938
0.195556640625
0.205444335938
0.199096679688
0.274536132812
0.930358886719
1.68817138672
1.15417480469
0.605041503906
0.467407226562
0.921081542969
0.443969726562
Repetition end
0
Repetition start
0.316223144531
0.0603637695312
0.140991210938
0.170593261719
0.219604492188
0.223999023438
0.225341796875
0.204650878906
0.142028808594
0.133850097656
0.125305175781
0.161376953125
0.423278808594
0.042236328125
0.925048828125
0.706115722656
0.695129394531
0.895324707031
0.839721679688
0.595275878906
Repetition end
0
Repetition start
0.0924682617188
0.121948242188
0.160583496094
0.160095214844
0.170593261719
0.15673828125
0.109802246094
0.180358886719
0.250732421875
0.0763549804688
0.148193359375
0.086181640625
0.11328125
0.0480346679688
0.43359375
0.430114746094
0.455200195312
0.487609863281
0.241333007812
0.204284667969
Repetition end
0
Repetition start
0.161193847656
0.15234375
0.241333007812
0.160278320312
0.214660644531
0.202087402344
0.3125
0.18994140625
0.2353515625
0.271667480469
0.2685546875
0.392578125
0.462890625
0.514099121094
0.584411621094
0.382080078125
0.484497070312
0.391418457031
0.317321777344
0.342590332031
Repetition end
0
Repetition start
0.0665893554688
0.0557250976562
0.072265625
-0.0047607421875
0.0267333984375
0.07177734375
0.0545654296875
0.0115966796875
0.0576782226562
0.0947265625
0.158447265625
-0.0211181640625
0.0100708007812
0.1455078125
0.182434082031
0.321594238281
0.252685546875
0.0963134765625
0.0928344726562
0.112854003906
Repetition end
0
Repetition start
-0.0126342773438
-0.01123046875
-0.01953125
0.0211181640625
0.00946044921875
0.0175170898438
0.0438232421875
0.0706176757812
0.015625
0.0314331054688
0.096923828125
0.177734375
0.173156738281
0.062255859375
0.197631835938
0.292602539062
0.200561523438
0.2255859375
0.171508789062
0.205993652344
Repetition end
0
Repetition start
0.344787597656
0.344787597656
0.423461914062
0.401062011719
0.413513183594
0.147766113281
1.57891845703
0.512145996094
0.512145996094
0.469299316406
0.625183105469
0.93505859375
0.769165039062
0.900024414062
1.1357421875
0.693054199219
0.650512695312
0.71142578125
0.810241699219
0.976684570312
Repetition end
0
Repetition start
0.309020996094
0.310363769531
0.310363769531
0.331481933594
0.424987792969
0.228210449219
0.228210449219
0.228210449219
0.376342773438
-0.897583007812
-0.897583007812
0.872619628906
0.872619628906
1.48840332031
0.289794921875
0.289794921875
1.05181884766
1.07690429688
1.07690429688
1.03460693359
Repetition end
0
Repetition start
0.293273925781
0.293273925781
0.293273925781
0.2509765625
0.396362304688
0.191467285156
0.260620117188
0.397888183594
0.480529785156
0.480529785156
0.497924804688
0.35107421875
0.35107421875
0.306213378906
0.353942871094
0.377258300781
0.377258300781
0.271484375
0.307312011719
0.307312011719
Repetition end
0
Repetition start
-0.170227050781
-0.174072265625
-0.174072265625
-0.25634765625
-0.265502929688
-0.214111328125
-0.214111328125
-0.167236328125
-0.167236328125
-0.0543212890625
-0.0341186523438
0.0452270507812
0.0452270507812
-0.0753173828125
0.030029296875
-0.035888671875
-0.030517578125
-0.00872802734375
-0.00872802734375
-0.00872802734375
Repetition end
0
Repetition start
0.0863037109375
0.172241210938
0.313659667969
0.693237304688
0.693237304688
-0.037353515625
0.141357421875
0.56298828125
0.476135253906
1.58599853516
1.58599853516
1.03155517578
1.09936523438
0.868774414062
0.868774414062
0.907836914062
0.907836914062
1.14520263672
1.11419677734
1.11419677734
Repetition end
0
Repetition start
0.240783691406
0.183410644531
0.199951171875
0.1923828125
0.126098632812
0.193237304688
0.293701171875
0.714538574219
1.06109619141
2.40161132812
1.32427978516
1.12652587891
1.14093017578
1.12377929688
1.1826171875
1.35485839844
1.70788574219
1.57312011719
1.43896484375
0.975769042969
Repetition end
0
Repetition start
0.129638671875
0.117614746094
0.132385253906
0.17578125
0.420593261719
-0.0419921875
0.0393676757812
1.81231689453
1.26867675781
2.82415771484
0.0074462890625
2.20849609375
1.72106933594
2.10107421875
2.12451171875
0.650756835938
0.294494628906
0.545532226562
0.217468261719
0.513977050781
Repetition end
0
Repetition start
0.451110839844
0.611877441406
1.51843261719
-1.36968994141
0.276123046875
0.65966796875
1.47607421875
1.21801757812
1.34576416016
1.48669433594
2.09600830078
1.70861816406
1.79290771484
1.17736816406
0.877563476562
1.52209472656
0.898986816406
0.476379394531
0.165832519531
0.692321777344
Repetition end
0
Repetition start
0.194274902344
0.231201171875
0.291931152344
0.298706054688
0.514892578125
0.700378417969
0.389587402344
2.90472412109
0.917297363281
1.28100585938
1.58636474609
1.86657714844
1.78356933594
1.71459960938
1.83709716797
0.919616699219
0.917297363281
0.317077636719
0.238952636719
0.128295898438
Repetition end
0
Repetition start
0.0712280273438
-0.219116210938
0.300842285156
0.101623535156
0.182006835938
0.239135742188
0.322326660156
0.212341308594
3.69250488281
0.450256347656
0.545959472656
1.03527832031
1.07977294922
2.04266357422
1.82666015625
1.58892822266
0.981018066406
1.41156005859
1.45355224609
1.45074462891
Repetition end
0
Repetition start
0.207641601562
0.168640136719
0.168029785156
0.186950683594
0.169677734375
0.212524414062
0.346008300781
0.00872802734375
0.871948242188
0.498779296875
0.412170410156
-0.155883789062
1.3095703125
1.1904296875
1.52026367188
1.7822265625
1.96453857422
1.26611328125
1.22283935547
1.14624023438
Repetition end
0
Repetition start
0.432678222656
0.479248046875
0.571044921875
0.553161621094
0.450012207031
0.46240234375
0.377807617188
0.4833984375
0.482238769531
0.467895507812
0.53515625
0.3330078125
0.585632324219
0.626770019531
0.578125
0.595336914062
0.557434082031
0.676574707031
0.648803710938
0.610717773438
Repetition end
0
Repetition start
0.410034179688
0.4140625
0.448608398438
0.409545898438
0.405883789062
0.407165527344
0.438903808594
0.467651367188
0.4423828125
0.467407226562
0.475708007812
0.482116699219
0.466125488281
0.497863769531
0.479125976562
0.50732421875
0.620056152344
0.372619628906
0.377319335938
0.385986328125
Repetition end
0
Repetition start
0.697021484375
0.815002441406
2.70471191406
0.615173339844
2.01190185547
0.615600585938
0.656372070312
1.19970703125
1.37829589844
1.88409423828
1.716796875
2.19476318359
2.09906005859
1.82232666016
1.81866455078
0.835021972656
1.23760986328
1.03875732422
1.22778320312
0.702697753906
Repetition end
0
Repetition start
1.05480957031
1.07098388672
1.08239746094
1.09759521484
1.07171630859
0.989379882812
1.22875976562
0.825866699219
0.46142578125
0.103881835938
0.368408203125
0.408874511719
0.398132324219
0.366394042969
0.269592285156
0.272644042969
0.249206542969
0.240173339844
0.305358886719
0.403076171875
Repetition end
0
Repetition start
0.364624023438
0.320373535156
0.320922851562
0.371765136719
0.373229980469
0.364135742188
0.317749023438
0.379943847656
0.449523925781
0.394287109375
0.327270507812
0.3203125
0.3876953125
0.481201171875
0.401428222656
0.424133300781
0.211730957031
0.274475097656
0.148742675781
0.2060546875
Repetition end
0
Repetition start
0.073974609375
0.629089355469
1.19018554688
1.37738037109
0.929870605469
1.15203857422
0.7802734375
1.59020996094
1.62060546875
1.56243896484
1.06988525391
1.10888671875
1.33349609375
0.802673339844
1.14251708984
0.909423828125
1.2392578125
0.939086914062
0.894226074219
0.84619140625
Repetition end
0
Repetition start
0.123718261719
0.104675292969
0.205871582031
0.256896972656
0.317932128906
0.25390625
0.374450683594
0.487365722656
0.8603515625
5.056640625
1.12707519531
1.50628662109
1.18957519531
1.46441650391
1.38452148438
2.09423828125
1.79779052734
1.83923339844
1.63336181641
1.09576416016
Repetition end
0
Repetition start
0.111145019531
0.152770996094
0.0942993164062
0.126831054688
0.137512207031
0.191711425781
0.192565917969
0.194885253906
0.0526733398438
0.167785644531
0.0481567382812
0.171325683594
0.188842773438
0.142456054688
0.189086914062
0.188903808594
0.149841308594
0.118103027344
0.0447387695312
0.0308837890625
Repetition end
0
Repetition start
0.224487304688
0.161499023438
0.451965332031
4.44647216797
0.153442382812
0.950805664062
1.095703125
1.21618652344
1.09735107422
1.02795410156
1.24377441406
1.71551513672
1.74627685547
1.68438720703
1.35046386719
1.85394287109
1.77972412109
1.81457519531
1.41705322266
0.887756347656
Repetition end
0
Repetition start
0.131164550781
0.165893554688
0.18896484375
0.225402832031
1.01062011719
1.55615234375
1.39154052734
1.22277832031
1.2119140625
1.54278564453
1.41534423828
1.48651123047
1.498046875
1.61846923828
1.72778320312
2.13800048828
0.763977050781
0.643798828125
0.474365234375
0.688659667969
Repetition end
0
Repetition start
-0.0087890625
0.0422973632812
0.125183105469
-0.0390014648438
0.754943847656
2.97521972656
1.37670898438
1.224609375
1.04559326172
1.26110839844
1.56298828125
1.49658203125
1.79553222656
1.95184326172
1.20159912109
1.40863037109
1.22973632812
1.03729248047
1.00750732422
0.762634277344
Repetition end
0
Repetition start
0.248474121094
0.451049804688
0.49609375
0.561828613281
0.473999023438
0.09912109375
0.245239257812
0.594970703125
0.235656738281
0.429809570312
0.265869140625
0.734130859375
0.690979003906
0.854553222656
0.977233886719
1.03503417969
1.10180664062
1.09100341797
1.12432861328
0.045654296875
Repetition end
0
Repetition start
0.620178222656
0.399780273438
0.714111328125
0.549438476562
0.397827148438
0.488525390625
0.794372558594
0.57763671875
1.06939697266
0.679504394531
1.14599609375
1.16418457031
1.26043701172
1.35546875
1.27642822266
1.55346679688
1.55346679688
1.74176025391
1.76049804688
1.64007568359
Repetition end
0
