Repetition start
1.70368671122
1.11638779128
0.878057977555
0.829482419051
0.829482419051
1.04210165498
1.17551041649
0.954245190464
0.944392757817
1.00290175105
1.03241261959
0.979510114131
0.950173165043
0.971037655451
1.00003618123
0.974280196656
0.94827643862
0.971981856553
0.989214160931
0.967035872849
0.982478663432
0.979465605964
0.979465605964
0.987257140361
0.994592975909
0.994592975909
0.955623545081
0.988329741076
0.988595614738
0.988595614738
0.980773120538
0.959381116621
Repetition end
0
0
0
Repetition start
1.00535966812
1.00535966812
1.01872607112
0.957795215781
0.91069678599
0.888563585495
0.952471344797
1.03542625577
1.03542625577
1.2457005275
1.2457005275
1.2457005275
1.09430637003
1.09430637003
1.09430637003
1.07410291047
1.07410291047
1.10613857573
0.990699233845
0.943209865324
0.943209865324
0.959916778356
0.959916778356
0.957985394572
0.947764088548
0.947764088548
0.947764088548
0.957145691861
0.98552433348
0.98552433348
0.98552433348
1.03972938118
Repetition end
0
0
0
Repetition start
0.933126590077
0.933126590077
0.937172091279
0.933695163167
0.96492020501
0.881053919994
0.881053919994
0.881053919994
0.881053919994
0.881053919994
0.942039462775
1.12799252587
1.05788263317
1.13811618404
1.13811618404
1.05221286022
0.98500139122
0.98500139122
1.03356051438
1.1083899964
1.06206715757
0.980453441698
1.23052257995
1.0859451671
0.960487209823
0.968658235265
0.812667370944
0.807571811162
0.94724257333
0.94724257333
1.01947131291
0.97600160322
Repetition end
0
0
0
Repetition start
1.00414374433
1.02775407618
0.945785272222
0.959547396168
0.998858869913
0.947052581662
0.946142496307
0.92653447104
0.965805950386
0.73110397024
1.09036907231
0.974098211034
0.965517885786
1.04205995784
0.916315257473
1.06416637863
1.03961561475
1.01500592437
1.01042094631
1.09569048747
1.00304529179
1.05264997586
1.11332271733
1.0335510638
1.1282242345
0.989393313468
0.835115273472
0.951335043101
0.851682230205
0.887278130411
0.918946735409
1.00382571139
Repetition end
0
0
0
Repetition start
1.00961273593
1.00961273593
0.951897185994
0.951897185994
1.0108111335
1.06833152107
0.908724520335
0.919102729263
1.05847207563
1.00184637286
1.06279862113
1.05979419927
0.905131928743
0.995912499861
1.05992907414
1.02564119093
1.03187779803
1.04676244971
1.04676244971
1.05636055314
0.957672698256
1.21281785486
1.19745290079
0.934541287265
0.813912974114
0.806542778546
0.806542778546
0.806542778546
0.819018721981
0.941655110275
0.89605974808
0.89605974808
Repetition end
0
0
0
Repetition start
0.990279715815
0.993496086338
0.956529328043
1.009728455
1.02500905885
1.02500905885
1.02500905885
0.962923813455
1.05614746382
1.08999627424
0.96459389745
1.10795429423
1.02119761247
1.02119761247
1.01794754359
1.01794754359
1.00618706893
1.07090818577
1.05096772996
1.05096772996
1.09459635992
1.08850583465
1.00988594866
0.993123345305
0.827143872912
0.840776787937
0.840776787937
0.929025083453
0.860228249311
0.860228249311
0.965508178169
1.00691011601
Repetition end
0
0
0
Repetition start
0.970981527275
0.977332128521
0.963256615496
0.981297568213
0.968011553482
0.978497548802
0.984955319523
0.974148501821
0.978973955186
0.966147869636
0.958140965734
0.912388591383
0.939174940039
0.998174748748
0.871152433206
0.863718700908
1.02659114314
0.992857260189
0.936271158156
1.16321923127
1.01044843524
1.00800609208
1.04868346376
1.05365905422
1.00506754327
1.20915407706
1.13464100198
1.07671787687
0.886719172221
0.996568824572
1.29239949145
1.0196376376
Repetition end
0
0
0
Repetition start
0.948084954722
0.904961047546
0.911167520269
0.911167520269
0.911167520269
0.957343918464
0.957343918464
1.0216565762
1.0216565762
1.10179786839
1.10179786839
1.13428631146
0.96493669209
1.01089026799
1.01089026799
1.06106574712
1.06106574712
1.00395732037
1.00395732037
1.12660711289
0.980265094686
1.23069385256
1.14339510572
1.14339510572
0.845199545155
0.913241206956
1.04820338882
0.916340591358
0.916340591358
0.807896862015
0.814882576878
0.814882576878
Repetition end
0
0
0
Repetition start
0.978156347428
1.09939270189
0.926019480993
0.872695555609
0.989436799
1.08858106643
1.02564756172
1.06512576033
1.02231117325
0.906338870279
1.00384815582
0.90715886039
1.06376583239
0.940344029187
0.958450460101
0.898471817108
0.907817810112
0.886081386669
1.00419678176
1.22682803918
1.10857916379
1.06346635139
1.05467488846
1.04338044353
1.08734662924
0.862316874572
1.09279927077
0.93990162951
0.914480680191
1.03994656899
0.901198012738
0.926255287861
Repetition end
0
0
0
Repetition start
0.973066069354
0.924985867872
0.813485622928
1.05061390583
0.964021931201
1.02319410575
1.02319410575
1.02827406777
1.02827406777
1.05267870301
1.05267870301
1.01878018868
1.0272425939
1.03204913857
1.03204913857
1.07473408216
1.07473408216
1.07473408216
1.02313800608
1.11499412006
1.11499412006
1.03733759235
1.01969454908
0.994277429442
0.760438721426
0.760438721426
0.760438721426
0.761154029047
1.00488089032
1.02876054048
0.950151266036
0.950151266036
Repetition end
0
0
0
Repetition start
0.971698712877
0.970261452203
0.975362223195
0.974699434771
0.947281430299
0.927340851693
0.915013320056
0.93046488637
0.976707161679
0.939762780197
0.969014633473
1.03063658511
1.11522639484
1.06431139431
1.06431139431
1.00289026385
1.01763166115
1.04545214915
1.03071351438
1.02988458138
1.0311448394
1.01379022844
1.08176161577
1.05262477637
0.995812956184
1.03488944772
0.960201986014
0.876920334133
0.799525145701
0.970186984733
0.975053193096
0.970835713133
Repetition end
0
0
0
Repetition start
0.91057843334
1.03408357896
0.870700291868
0.870700291868
0.870700291868
0.870700291868
0.957584612326
1.19100388002
1.01775283375
1.01775283375
1.02830971606
1.10482438047
1.10482438047
1.10482438047
1.04999739542
1.04999739542
1.04999739542
1.03338612773
1.07964570666
1.01390095145
1.03383110086
0.988401092832
0.953387976545
1.00861569491
1.00861569491
0.877768971772
0.907064834075
0.881992414919
0.881992414919
0.897999857999
0.897999857999
1.00089878617
Repetition end
0
0
0
Repetition start
0.744608866938
0.744608866938
0.979914749975
0.979914749975
0.951463098612
0.951463098612
0.997456596265
0.997456596265
1.38808930862
1.04925665102
1.04925665102
1.07433499488
1.07433499488
1.08538374916
1.08538374916
1.02747874406
1.08132237409
1.05834416055
1.03017799695
1.11102450502
0.983972115041
0.962935589791
0.944490834248
0.903725200332
0.90870758321
0.742585025537
1.05425783518
1.05425783518
1.05425783518
1.05425783518
1.05574978384
1.05574978384
Repetition end
0
0
0
Repetition start
0.977623047017
0.978242262996
0.976301205964
0.978757097522
0.975030271124
0.978186938576
0.975363854074
0.995416856292
0.969170117804
0.975388714136
0.976741234635
0.954345947094
0.993394489245
0.976586257646
0.959364326321
0.984818920447
0.968502618752
0.97554181928
0.973969974125
0.971042253367
0.981722396909
0.988055906501
0.96829227432
0.981263177018
0.973513801594
0.987054949831
0.963350776072
0.979545926477
0.976733072643
0.984751731445
0.985988934425
0.951267648845
Repetition end
0
0
0
Repetition start
0.844804603632
0.961281416377
0.961281416377
1.21097129652
1.21097129652
1.12101608599
1.12101608599
1.047525917
1.11244814469
1.11244814469
1.11244814469
1.11244814469
1.06748880207
1.06748880207
1.06748880207
1.07681246521
1.12032583234
1.12032583234
1.12032583234
1.04524999618
0.979395558316
0.979395558316
0.979395558316
0.931907579574
0.881891164392
0.881891164392
0.961616822612
0.961616822612
0.654100795801
0.654100795801
1.01633034385
1.01633034385
Repetition end
0
0
0
Repetition start
0.983580999466
0.983580999466
0.990122743668
0.990122743668
0.896583746927
0.896583746927
0.960654909172
1.07576321979
1.07576321979
1.17012697342
1.03318416852
1.03318416852
1.09242240852
1.04650643608
1.06141380404
1.09607403983
1.09607403983
1.05857425756
0.973800156961
0.973800156961
0.873974119958
0.83397647979
0.83397647979
0.83397647979
0.83397647979
0.820680907946
0.820680907946
0.960609738735
1.03805783647
0.984018989929
0.948317521832
0.948317521832
Repetition end
0
0
0
Repetition start
0.829279140331
0.829279140331
1.13583347908
1.13583347908
1.13583347908
1.11222639805
1.05343164626
0.997120529988
1.1694065051
1.1694065051
1.07848765487
1.08896769244
1.01165734845
1.01165734845
1.0980786244
1.0980786244
1.0980786244
1.0980786244
1.07126777197
0.978532318917
0.978532318917
0.986835253053
0.986835253053
0.963183209611
0.762874591969
0.762874591969
0.786580404961
0.786580404961
0.845014024895
1.05987208064
1.05987208064
1.05987208064
Repetition end
0
0
0
Repetition start
0.96662013047
1.98055355184
1.98055355184
1.09265600738
1.09265600738
1.09265600738
1.22782727957
1.22782727957
1.22782727957
1.13335310599
1.13335310599
1.07390892069
1.07390892069
1.19499941384
1.19499941384
1.11531903836
1.11531903836
1.11531903836
1.11531903836
0.796286281331
0.796286281331
0.857957924396
0.857957924396
0.577554001936
0.577554001936
0.577554001936
0.992282277184
0.992282277184
1.11313180757
1.01557953623
1.01557953623
1.01557953623
Repetition end
0
0
0
Repetition start
0.91311837613
0.91311837613
0.91311837613
0.820655135849
0.957435827959
1.01331693025
1.10803784458
1.15703914267
1.15703914267
1.15470013134
1.15470013134
1.11876719005
1.11876719005
1.11876719005
1.05182566198
1.08438372602
1.08438372602
1.08438372602
1.14175023301
0.876376954669
0.921477674676
0.921477674676
0.921477674676
0.921477674676
0.760643931888
0.760643931888
0.823784324997
1.10772689608
0.976061585704
0.976061585704
0.976061585704
0.976061585704
Repetition end
0
0
0
Repetition start
1.12665329916
1.12665329916
1.26083265699
1.26083265699
1.26083265699
1.26083265699
1.26083265699
1.26083265699
1.08718018303
1.13637860934
1.13637860934
1.0154971886
1.0154971886
1.04707257164
1.04707257164
1.04707257164
1.12685509558
0.878114148409
0.987434635232
0.987434635232
0.987434635232
0.801991896661
0.778078201909
0.778078201909
0.778078201909
0.778078201909
0.965860229068
1.10141106843
1.10141106843
1.10141106843
1.10141106843
1.10141106843
Repetition end
0
0
0
Repetition start
1.15022385753
1.15022385753
1.32212245763
1.32212245763
1.07911945518
1.07911945518
1.07911945518
1.07911945518
1.1063889458
1.17134842168
1.17134842168
1.17134842168
0.984336994209
0.984336994209
0.984336994209
0.984336994209
0.984336994209
0.984336994209
1.15790820106
1.15790820106
1.15790820106
0.868587950388
0.868587950388
0.868587950388
0.869306282801
0.986506023038
0.986506023038
0.885744889748
0.885744889748
0.839326206694
0.839326206694
0.839326206694
Repetition end
0
0
0
Repetition start
0.732994600803
1.75618752817
1.22174157032
1.09989996673
1.01175721475
1.01483790085
0.982542849576
0.974353779702
1.02109234692
0.986659185163
0.992677494391
0.99076433503
0.991860593046
0.991932274815
0.991586886364
0.995832897139
0.984925988186
0.997827384463
0.968296602499
1.23795409649
1.11053587559
1.11368976426
1.11368976426
1.02246058955
1.02246058955
1.18668274928
1.07594078581
0.981659422716
0.75831624867
0.889106176959
0.677873751026
1.20325400076
Repetition end
0
0
0
Repetition start
1.44756189266
1.44756189266
1.44756189266
1.44756189266
1.07529466501
1.07529466501
1.02778140779
1.02775135403
1.02775135403
1.02775135403
1.12004421033
1.12004421033
1.12004421033
1.16648823379
1.16648823379
1.16648823379
1.16648823379
0.991334144564
0.991334144564
1.11284418896
1.11284418896
1.10779204397
1.10779204397
1.10779204397
1.00210285741
1.00210285741
0.883554587689
0.883554587689
0.883554587689
0.774715691954
0.774715691954
0.866180053814
Repetition end
0
0
0
Repetition start
0.954233954936
0.954233954936
1.14935578399
0.914744988395
0.739831764624
1.32814351377
1.09428454858
1.10083415593
1.10083415593
1.09338222349
1.09338222349
1.09338222349
1.09338222349
0.982498626669
1.07190373573
1.07190373573
1.07190373573
0.978158592525
1.03039678405
1.03039678405
1.03039678405
0.868307657456
0.802676948294
0.802676948294
0.802676948294
0.851999621235
0.851999621235
0.851999621235
1.04444375731
1.04444375731
1.00209258598
0.962578672671
Repetition end
0
0
0
Repetition start
0.92406508167
0.92406508167
1.60463034766
1.60463034766
1.11205793563
1.07655980341
1.07655980341
1.07655980341
1.07655980341
1.07655980341
1.093719763
1.1602019195
1.1602019195
1.1602019195
1.1602019195
1.09008881504
1.09008881504
1.09008881504
1.02292502473
1.02292502473
1.07730836451
1.07730836451
1.07730836451
0.831805977749
0.831805977749
0.917294961103
0.917294961103
0.923096742304
0.697832627657
1.08242576857
1.0610410354
1.0610410354
Repetition end
0
0
0
Repetition start
0.921307116104
1.7813278702
1.7813278702
0.695788156495
0.695788156495
0.695788156495
1.2576240819
1.2576240819
1.19654765546
1.11664228874
1.11664228874
1.12224707776
1.12224707776
1.02594656814
1.02594656814
1.02594656814
1.07675059278
1.07675059278
1.07675059278
1.07675059278
1.07675059278
0.898672332342
0.955079804167
0.955079804167
1.07379396189
1.07379396189
0.782608972196
0.782608972196
0.83733066886
0.83733066886
0.976560510633
0.976560510633
Repetition end
0
0
0
Repetition start
0.676706854373
0.676706854373
0.908958252391
1.37165534101
0.714247726065
0.714247726065
1.03932090106
1.03932090106
1.10780380532
1.10780380532
1.10780380532
1.11231946391
1.12888390773
1.12888390773
1.12888390773
1.12888390773
1.11089731424
1.05038559211
0.956929374644
0.956929374644
0.892281007042
0.892281007042
0.979692864517
0.745805067864
0.745805067864
0.947764021728
0.995802324336
0.995802324336
1.07697872717
0.938285724874
0.937159669217
0.990321127347
Repetition end
0
0
0
Repetition start
0.912052405986
0.844266126536
0.844266126536
0.988274941782
0.733695560516
0.733695560516
1.54998120875
0.955579105579
0.955579105579
1.20461570053
1.13617939623
1.10082915258
1.04159976287
1.04159976287
1.09359189832
1.07784161091
1.07784161091
1.07784161091
0.892868007441
0.892868007441
0.852154206828
0.844530975984
0.793684887374
0.793684887374
1.02688200622
1.02688200622
1.02688200622
1.00699984514
1.00699984514
0.977227059266
0.977227059266
0.952506533066
Repetition end
0
0
0
Repetition start
0.980896590456
0.980896590456
0.980896590456
0.980896590456
1.26027014928
1.26027014928
1.26027014928
1.44198131203
1.44198131203
1.04250197735
1.04250197735
0.868410006981
0.868410006981
0.868410006981
0.868410006981
0.868410006981
0.954691492703
0.954691492703
0.954691492703
0.877412904883
1.03225859175
1.03225859175
1.03225859175
0.80535077564
0.80535077564
0.80535077564
0.977623633843
0.977623633843
0.977623633843
0.731458607796
0.731458607796
1.0970399253
Repetition end
0
0
0
Repetition start
0.917090328437
0.917090328437
0.968142243833
0.563506880925
1.21721766958
2.10149870035
1.14864504651
1.14864504651
1.06344300034
0.9941669959
1.07646175641
1.0868862882
1.0868862882
0.997845941163
0.997845941163
0.997845941163
1.10877986512
1.10877986512
1.10877986512
1.10877986512
1.09500981902
0.884120792494
0.901403550379
0.901403550379
0.944678791692
0.944678791692
0.941034110898
0.941034110898
0.941034110898
0.853378594788
0.931242115832
0.931242115832
Repetition end
0
0
0
Repetition start
0.749434809513
0.749434809513
0.749434809513
0.749434809513
0.97261036148
1.3935581373
1.10202185543
1.10202185543
1.23434127387
1.23434127387
1.23434127387
1.07081651654
1.1837977542
1.1837977542
1.1837977542
1.03657186807
1.03657186807
1.03657186807
1.03657186807
1.03645278959
1.18658882557
1.18658882557
0.834885936291
0.834885936291
0.676034753031
0.676034753031
0.697348052851
0.697348052851
1.22889287187
1.22889287187
1.22889287187
1.08656298682
Repetition end
0
0
0
Repetition start
1.15808188622
0.948593204324
1.37105025796
1.37105025796
1.08457357014
0.981622998679
1.00183500557
1.00183500557
0.998880090805
0.998880090805
0.99359913714
0.99359913714
0.980517600845
0.994306445579
0.988667951476
0.986031693585
1.05052280616
1.05052280616
1.05052280616
1.13914593403
1.13908906953
1.14479122855
1.03782428914
1.03782428914
0.783798353082
0.813917065953
0.87198342449
0.87198342449
0.87198342449
0.889910128699
1.20584644265
1.20584644265
Repetition end
0
0
0
Repetition start
1.25949343469
1.15812015075
1.15812015075
1.16618300759
1.16618300759
1.16618300759
1.16618300759
1.06778215719
1.06778215719
1.06778215719
1.06778215719
1.06778215719
0.997352519062
0.997352519062
1.00295819146
1.00295819146
1.00295819146
1.00295819146
1.140137681
1.09213423763
1.09213423763
1.09213423763
1.09213423763
0.969856355323
0.969856355323
0.969856355323
0.792449080903
0.778935217056
0.778935217056
0.924386895863
0.895737332599
0.895737332599
Repetition end
0
0
0
Repetition start
1.10996512211
1.10996512211
0.96223338486
0.96223338486
0.975073497475
0.975073497475
1.16584649609
1.16584649609
1.16584649609
1.16985615878
1.16985615878
1.16985615878
1.16985615878
1.17558353289
1.17558353289
1.17558353289
1.06163507206
1.02910454779
1.02910454779
1.02910454779
1.14091257167
1.14091257167
0.981438793332
0.981438793332
0.981438793332
0.749312696842
0.749312696842
0.79296665943
0.79296665943
1.02546754639
1.02546754639
1.02546754639
Repetition end
0
0
0
Repetition start
0.811038183199
0.811038183199
0.811038183199
0.650644215699
1.12856275289
1.57117346628
0.939909393954
0.939909393954
1.09412021843
1.09412021843
1.09412021843
0.974249683583
0.974249683583
1.12633847047
1.18103366585
1.18103366585
1.18103366585
1.18103366585
1.18103366585
1.05290830446
1.05290830446
1.11425173605
1.11425173605
1.11425173605
0.956503078141
0.956503078141
0.874916928469
0.752672089522
0.801172544664
0.801172544664
0.973022378623
0.973022378623
Repetition end
0
0
0
Repetition start
0.985668734343
1.002815827
0.993271997189
0.985195703344
0.992714308382
1.03131578156
1.01882619887
0.984271189726
1.00372262864
0.97827117402
0.954388347931
0.923170252677
1.00160873361
0.964815859449
0.944889801667
0.986377380576
0.843393667795
0.944790682333
0.94855012225
0.932935746196
0.890284728417
1.01367026349
1.31705656034
1.04306431486
1.11883479661
0.775176083458
0.822737501756
0.817318552606
0.975942115183
0.95628051117
0.938680815128
1.01129081321
Repetition end
0
0
0
Repetition start
0.989201441493
0.996838693122
0.995516707134
0.992572837254
1.01511601018
1.01097064915
1.00476498186
0.992978664787
0.974635702936
1.00860171688
0.975308083726
0.913634008248
0.878129168412
1.01575762726
0.954814619055
0.947366585218
1.06334574256
1.12117876169
1.33557312441
1.05282608475
1.19247581438
0.998322152174
0.713497692456
0.913978395505
1.00582740696
1.00895856779
0.96563354206
0.95823883242
0.980608269085
0.910646306668
1.03224663728
0.983093593287
Repetition end
0
0
0
Repetition start
0.982979597206
0.991896417677
0.971820918799
0.951481234239
0.960805205411
0.94987102946
0.961284305437
0.931997796535
0.951424982128
0.967187916058
0.877039871088
0.991614585582
0.878340797788
0.936448942529
1.0692939001
1.11523726441
1.19489321648
1.457796834
1.03018189155
1.12769985252
0.892436949168
0.857599446411
0.886035353355
0.98798538197
0.988507815916
0.963950394167
0.923572904242
0.872870766716
0.940958561638
0.966900600302
0.916819595816
1.10917307467
Repetition end
0
0
0
Repetition start
1.09739240346
0.939796315674
0.973916883743
0.956561066484
0.925253844629
0.931099918692
0.899701640971
0.899701640971
0.881119862968
0.904847311241
0.899357078396
0.780047638249
0.959038437681
0.996006713131
0.994908922169
1.2219383902
1.55042243717
1.37314540922
1.07005580205
1.07005580205
1.06540384794
1.01129565911
0.894994526216
0.772409598939
0.666088105897
0.809011864943
1.19054856305
0.919537494317
0.85563085492
0.925875876214
1.04326964799
1.05537704427
Repetition end
0
0
0
Repetition start
0.996648060145
1.00657935254
0.911930272899
0.932243234248
0.974497538325
0.990348335345
0.935210876415
0.935210876415
0.878978427466
0.935792110372
0.795728761338
0.95654415853
0.892027353187
1.23115982903
1.0268905387
1.32435710994
1.44333088192
1.00343344832
1.10258838722
1.10258838722
0.88410440794
0.837914348702
0.782456044076
0.98221911012
1.00804438991
0.966406157562
0.907857345058
0.862772383819
0.94782162306
0.967966537766
1.04318908979
1.0671277278
Repetition end
0
0
0
Repetition start
0.939500567612
0.981707335838
0.976796171842
0.967888210354
0.959752635534
0.94910514607
0.939222497845
0.865094020645
0.832201805901
0.936430611251
0.936430611251
1.03769311264
1.03769311264
1.00806905379
0.943944076531
1.10908521642
1.3440103542
1.1648024585
1.08506757382
1.12293602604
1.12293602604
0.980578302441
0.785197766948
0.810298065696
0.913698580426
0.929287962853
0.933315363282
0.922794194936
1.08233469967
0.850269422975
1.02617334374
1.02526400738
Repetition end
0
0
0
Repetition start
1.0148185848
0.988257157179
0.956702074544
0.956702074544
0.993596441398
0.95485493328
0.684878471768
1.0208177835
0.938901937821
1.0200000741
0.975346198806
0.977214574549
0.883576537234
1.03103206781
0.957956423533
0.884085290486
1.11961948675
1.42303958297
1.22384296814
1.19975284711
1.00663026324
0.788800531279
0.838999419176
0.907202345624
0.918261266325
0.975309783448
1.00230947742
0.928243164285
0.952339683302
0.893662997493
1.02364996714
1.03401407892
Repetition end
0
0
0
Repetition start
0.946614602136
0.951726426723
0.998391745046
0.96456323824
1.00512148633
0.96634363667
0.897512785168
0.886399928093
0.970500642854
0.882332608089
0.849278635565
0.978537494544
1.0484598426
1.0484598426
1.00970107191
1.2062434956
1.48115527282
1.48115527282
1.00960225494
1.20733502494
1.20733502494
0.914150904187
0.826415639226
0.796880060535
0.82899245453
1.0043819614
1.05381845062
0.807406814372
0.899597557229
1.0439884705
1.00323792487
1.00323792487
Repetition end
0
0
0
Repetition start
0.986818597669
0.97707318114
1.00155133563
0.9725382266
0.9725382266
0.955278578397
0.962246224617
0.955889248196
0.980534786873
0.980534786873
0.93343314581
0.918713259611
0.875375881948
0.894715088273
0.928187932023
1.03460947567
1.11414064064
1.27800680007
1.23443731923
1.0998069169
1.0998069169
0.902275192249
0.891574848773
0.876394151052
0.907397680087
0.980928913357
0.963089978394
0.942834398058
0.87372343786
0.956355338902
0.96949189565
0.914908999357
Repetition end
0
0
0
Repetition start
0.961856840339
0.960822292338
1.04265154255
0.954821134679
0.883046134061
0.972275764854
0.914026330982
0.927785888045
0.939721317038
0.939710724502
0.902525138376
0.879671530807
1.07023767398
1.29663922281
1.27682448107
1.23021630771
1.11377834131
0.946223381684
0.851957074453
0.837961747412
0.941628293408
0.966557956806
1.01134661234
1.01114603166
1.02804270961
0.85872188806
0.968399655534
0.968399655534
1.00140471815
0.943500186449
1.01826320731
1.07819622261
Repetition end
0
0
0
Repetition start
0.975873797757
0.958062006111
0.950296426002
0.929229000174
0.965849651281
0.88518305062
0.88518305062
0.88518305062
0.88518305062
0.898279864539
0.942587807452
0.854082949052
0.948914989486
1.21823213041
1.14274843854
1.29829186146
1.15635717385
1.15635717385
0.999131919288
0.841142417716
0.841142417716
0.824138415973
0.924549808848
0.924549808848
0.950920919803
0.981734998852
0.948317211495
0.915951956385
0.895554511164
0.969624342049
0.969624342049
1.00489892011
Repetition end
0
0
0
Repetition start
0.977006345975
0.978377667522
0.887473541356
0.94959253636
0.959075266926
0.985387843043
0.876469659394
0.971748790488
0.941912113498
0.924758831446
1.07242019074
1.11638366184
1.42277266913
0.98186641598
1.16953636148
1.11230512624
1.11230512624
1.11230512624
0.931515971228
0.844021784313
0.841420343896
0.899960607587
0.892623409817
1.01992352017
0.965108236749
0.871132798453
0.871132798453
0.871132798453
0.91046285172
0.863775735232
1.00274002117
1.00274002117
Repetition end
0
0
0
Repetition start
0.96470608289
0.990351995371
1.03194958084
0.981841581445
0.934617054327
0.915363612475
0.976298521603
0.948951012328
0.942618392988
0.942618392988
0.879332191253
0.879332191253
0.895881279597
1.04167708948
1.03408857742
1.10277320734
0.80405516918
1.27432482908
1.6796602879
1.6796602879
0.940724078217
1.14393546185
1.03993794303
0.875466626778
0.738237498264
0.770925094592
1.0296541676
0.931339809148
0.940437023732
0.834346846577
0.891015820334
0.952532533299
Repetition end
0
0
0
Repetition start
1.03910582316
1.03910582316
1.00079132041
1.02998147416
0.952658629055
0.945979641539
0.990969548641
0.938610464303
1.02339538276
0.91567098686
0.874640488848
0.834217164116
0.834217164116
0.834217164116
0.893582430133
0.889693536463
0.97359134161
1.07679875319
1.22754909842
1.22754909842
1.24747828096
1.10276011539
1.14104316996
1.14104316996
1.00682685952
0.888454102463
0.856982555241
0.87712112126
0.906677161865
0.984646428622
0.923839546843
0.923839546843
Repetition end
0
0
0
Repetition start
1.04435337146
1.01080463788
0.990120563324
0.933127228839
1.01161146884
0.966157632518
0.966157632518
0.982841362325
0.979965477844
0.966918063034
0.929572046147
0.90914755702
0.938061835897
0.860674839575
0.90182256303
0.979876886737
1.04109249404
1.20419035381
1.25510371301
1.11356904677
1.08156022517
0.901987686751
0.819884099813
0.844308061512
1.00844400603
0.986114571369
0.993456661442
0.993456661442
0.910012127349
0.909627034059
0.966753681258
0.997635200311
Repetition end
0
0
0
Repetition start
1.02297332298
0.985614985253
0.976329687978
0.950488160064
0.975988765027
0.9753241202
0.897760687779
0.940014332506
0.873368779944
0.897925780562
0.797360767704
0.797360767704
1.08840027279
1.08840027279
1.01996720336
1.14777863183
1.14777863183
1.10078766471
1.30829308742
1.12420633752
0.911623762195
0.949005703506
0.924627103744
0.868020538207
0.960972405397
1.03754215047
1.03754215047
1.07953361561
0.942445920897
0.927085784264
0.88285385516
0.88285385516
Repetition end
0
0
0
Repetition start
1.03032070431
0.967025144197
0.994284368364
0.963572452242
0.910991753865
0.901314958111
0.901314958111
0.901314958111
0.892865766926
0.977883288801
0.977883288801
0.866969942605
0.827563801932
1.09059590872
1.09059590872
1.24943198322
1.23970980627
1.10187524894
1.07259439073
0.997576406715
0.917366294801
0.904175037473
0.904175037473
0.997554644606
0.967915985433
0.934972626641
0.904276800242
0.904276800242
0.893549936834
0.97179734366
0.990976134804
0.990976134804
Repetition end
0
0
0
Repetition start
0.955752733219
0.955752733219
1.01959015687
0.938092761598
0.97585110693
0.988987414055
0.973205369272
0.901008520132
0.901008520132
0.901008520132
0.911903795196
0.911903795196
0.941806486532
0.941806486532
0.867813101632
0.962689481235
1.09581203905
1.36781088786
1.12570062153
1.06528289021
0.998395789757
0.922499691522
0.959213981023
0.959213981023
0.959213981023
0.959213981023
0.916146702122
0.943616822064
0.899377648179
0.85729364944
0.884946255214
0.98114276417
Repetition end
0
0
0
Repetition start
0.949771241516
0.97889384462
1.03940161929
0.93877731966
0.93877731966
0.943503126008
0.929093437568
0.946284058895
0.923121859814
0.88358342007
0.87619717902
0.87619717902
0.969890830273
1.06031883626
1.14151871465
1.24852984073
1.20121103549
1.00757694079
0.986907986823
0.986907986823
0.933042680833
0.96121194456
0.968630894907
0.936680232697
0.914004336243
0.914004336243
0.954677127058
0.954677127058
0.919756358132
0.84929370716
0.84929370716
0.944549769085
Repetition end
0
0
0
Repetition start
0.953541139139
0.969958282476
0.969958282476
0.961463663993
0.915146873254
0.909473314411
0.980810952976
0.91861521501
0.935311060754
0.901006692647
0.946998816207
1.20332268695
1.20332268695
1.24906908478
1.24906908478
1.09687109353
1.05645744195
0.981518227445
0.981518227445
0.945941345452
0.885335580769
0.906942025231
1.00722369101
0.978348321756
0.896391759921
0.979334494314
0.979334494314
1.00265687911
1.00429832098
1.00429832098
1.01667152369
1.01667152369
Repetition end
0
0
0
Repetition start
1.33478196262
1.33478196262
0.999991636688
0.999991636688
0.867172331291
0.867172331291
0.867172331291
1.04546702951
1.04546702951
0.995847419125
0.995847419125
1.29357355211
1.29357355211
1.29357355211
0.900371818181
0.900371818181
0.900371818181
0.679575486106
0.679575486106
0.679575486106
0.558664867569
0.558664867569
1.98874727232
1.98874727232
1.98874727232
1.98874727232
0.939631720715
0.939631720715
1.10881815118
1.10881815118
1.10881815118
0.978104725908
Repetition end
0
0
0
Repetition start
1.04148669794
1.04148669794
1.04148669794
1.29697484614
1.30118939581
0.921825896588
0.832109369273
0.832109369273
0.925563106509
0.918785472513
0.876947016366
0.876947016366
0.787081386646
0.787081386646
1.01855144884
1.01855144884
1.2311643587
0.938703789329
0.938703789329
0.938703789329
1.09005321349
1.03842948691
1.23587742797
1.23587742797
1.03581090955
0.561826627397
0.97037124909
1.30049900051
1.25861260929
0.872292837307
1.05838368327
0.967997568316
Repetition end
0
0
0
Repetition start
1.45947612508
1.45947612508
1.59349317328
1.59349317328
1.59349317328
1.59349317328
1.15319126774
1.15319126774
1.05622329685
1.05622329685
1.35750155044
1.1329970341
0.349953088214
0.453105716459
1.38953874119
1.38953874119
1.38953874119
2.0983642195
0.975103635201
0.975103635201
0.560970561639
0.560970561639
1.15488169551
1.19878472945
1.04844066808
0.853153852614
0.853153852614
0.942811611439
0.942811611439
1.09695061643
1.09695061643
1.09695061643
Repetition end
0
0
0
Repetition start
1.03203224006
1.08143736795
1.22815328297
0.873461471273
0.873461471273
0.805511631273
0.805511631273
0.960380410162
0.960380410162
1.21671856556
1.21671856556
1.84125646489
1.84125646489
1.84125646489
1.84125646489
1.84125646489
1.751579148
1.751579148
1.33382445113
1.33382445113
0.865218646765
0.865218646765
0.56070469419
0.56070469419
0.56070469419
0.457963953582
0.961200898985
0.841923604573
0.841923604573
0.841923604573
0.687677030096
0.859118366937
Repetition end
0
0
0
Repetition start
1.01330622471
1.00630552342
0.993887428762
1.00706241662
1.05339468027
1.02866397995
0.993196997007
0.97163853007
0.961986053019
0.96225477081
0.999430087977
1.00125868008
0.97222962081
1.01332546849
0.987624764558
0.980252128015
0.972174157315
0.985633057535
1.06794438505
1.00331717586
1.04557601205
0.905071036336
0.955072539456
1.12220893614
0.947263438429
1.05210557075
1.00694408631
0.979394139548
1.0390023881
0.988267088023
1.01091880914
1.04098757085
Repetition end
0
0
0
Repetition start
0.981297883305
0.981297883305
0.857065930704
0.857065930704
0.647831754523
0.647831754523
0.524319141116
0.524319141116
0.671409387379
0.671409387379
1.3195318095
1.34633341287
1.18951391275
1.47476794925
1.17279755359
1.03559611889
1.03559611889
1.07279639145
1.28554676958
1.23085953698
1.29034667351
1.29034667351
1.06552851365
0.851729980238
0.7048556196
0.7048556196
0.654757451461
0.654757451461
0.750443171161
0.964796028424
1.13812698394
1.13812698394
Repetition end
0
0
0
Repetition start
1.39374229542
1.08007431375
1.08007431375
1.08007431375
1.08007431375
1.08007431375
1.53856923821
1.53856923821
1.53856923821
1.83026394466
1.83026394466
1.83026394466
1.55389458598
1.55389458598
1.55389458598
1.2026557704
1.2026557704
0.804570191823
0.804570191823
0.804570191823
0.586538982027
0.729953257586
0.729953257586
0.71488248741
0.71488248741
0.939395351577
1.16290397406
1.16290397406
1.16290397406
1.02601021167
1.02601021167
0.942018100351
Repetition end
0
0
0
Repetition start
0.916000896815
1.05120997386
1.05120997386
1.08828390262
1.08828390262
1.08828390262
1.08828390262
0.875046667064
1.29477714288
0.978550348789
1.05308440906
1.02944225754
1.02944225754
1.00993548095
1.00771423164
1.00771423164
1.00771423164
1.00771423164
0.960551120257
0.938473605212
0.938473605212
0.909084487176
0.996360238275
0.925065002944
0.939557827054
0.939557827054
0.995665804245
0.995665804245
0.995665804245
0.931880294313
0.931880294313
0.931880294313
Repetition end
0
0
0
Repetition start
0.842765131762
0.842765131762
0.848731358977
0.864951296239
0.864951296239
0.962087596209
1.00971015542
0.94743831083
0.949341104808
0.980737144089
0.980737144089
0.926029226434
1.01386690009
0.997340631783
0.998714212718
1.07019366001
1.05934040898
1.02370764174
1.00516475285
1.00552754345
0.98181956543
0.983788387411
0.989371932396
0.989371932396
0.964822610631
0.964822610631
0.945372778571
0.941604057282
0.922980579057
0.924669872234
0.942955785708
0.941853826423
Repetition end
0
0
0
Repetition start
0.975591579341
0.871281272222
0.889922626339
0.885525362505
0.900454417553
0.957514570769
0.960736147014
0.968791603149
1.01760915647
0.973048749498
0.964352795561
0.96200382569
1.01140543052
1.00368900212
0.995776685105
1.02523227377
1.01079509431
1.00204535203
1.00714309773
1.01026113921
0.996253348636
0.978343661078
0.97022914252
0.951602425153
0.989303408944
1.0079997373
0.966260188868
0.911149121923
0.914621182414
0.959600608001
0.999030196166
0.979078905462
Repetition end
0
0
0
Repetition start
0.983307073719
1.00222378695
0.982780250875
0.991746464651
0.964270769094
0.990765478074
0.994700645066
0.961060899859
0.995362115953
0.967946476869
1.05367128017
0.99447114655
0.984118414923
1.00066998136
1.00252679758
0.98564283907
1.00474146599
1.24121711723
0.850008975799
0.962141813629
0.92550583658
0.871715911499
0.881111840483
1.01912921162
0.927214042909
0.789199276674
0.948275584174
0.86003795758
0.645623942561
1.1637985231
0.969266048389
0.989699228511
Repetition end
0
0
0
Repetition start
0.987301246343
0.979285894484
1.02068373884
0.989927121936
0.99265580502
0.988815798207
0.987478348489
1.00631990353
1.06665710321
1.06964912357
1.14641581725
1.34554548544
1.07164628568
1.15988079648
0.865514690466
0.804874826589
1.15807616196
0.982161769979
0.96827082358
0.821381909523
0.848788634504
0.925570093693
0.990302279174
0.855454211786
0.745293165252
0.871206800113
0.987490003647
0.813672009055
0.178957930018
0.846567819722
1.07860822145
1.01788357344
Repetition end
0
0
0
Repetition start
0.928518724657
0.861915504874
0.977634636764
1.03693838739
1.02575586444
1.08564150845
0.86991070482
0.930707115947
1.08967322379
1.01492869093
0.876947878714
0.878459244543
0.920375851667
1.00027559253
0.786682209409
0.950369331836
0.983090004762
0.907769171293
0.956343216653
1.0042351989
0.93760605252
0.966537446559
0.974569472756
1.01430418804
0.946796420979
0.909223891432
0.787756738838
0.910775731021
0.662698492081
1.38385542776
1.58745777969
0.862655166649
Repetition end
0
0
0
Repetition start
1.05940154177
0.906706088906
0.966424299949
0.984039803989
1.00802348945
0.997921204167
1.03486209865
0.993720226172
1.03800404747
0.958351557712
0.968263023018
0.98098029702
1.040754221
0.992719819105
1.06529003106
1.00303410337
0.999831321393
1.02290721798
0.96720574143
1.13631105158
0.935975752942
1.11211523095
0.960565372846
1.04621007072
0.93996266725
0.85286944172
0.940473809004
0.678055134923
0.664120856694
0.716285120106
1.17587903716
0.899071770147
Repetition end
0
0
0
