Repetition start
13075
15072
17081
21149
22519
28246
25752
23826
24906
22540
21055
19321
16712
15010
14609
16679
17315
16517
17596
17332
Repetition end
16421
Repetition start
16692
22893
23160
24567
21970
26383
21008
22793
22793
21024
20603
18865
18607
16515
15113
16346
14239
18071
18354
18466
Repetition end
17255
Repetition start
22227
22227
22166
22201
21680
19268
20274
23043
23043
20271
19949
19949
18652
18652
18440
18251
16334
13850
13632
12386
Repetition end
17390
Repetition start
25102
25102
25102
25102
25102
22527
23869
23869
23869
20955
25102
22745
22745
20642
20604
20604
18697
21106
16379
16379
Repetition end
16791
Repetition start
16792
18305
18953
23043
20958
21154
21062
19921
21268
22366
21201
21256
20413
20413
19228
17263
17596
15419
14801
16446
Repetition end
16838
Repetition start
17346
22339
18743
21938
19445
20951
19880
22189
21333
18231
18002
18856
18856
18809
18809
17018
16990
15694
12679
15968
Repetition end
17435
Repetition start
18350
20521
20485
20226
20226
19960
22129
21589
21336
21336
19495
19495
18589
18134
16912
15385
16974
13504
15020
16986
Repetition end
17552
Repetition start
16349
16349
18126
19563
20486
20486
20486
21342
22055
20051
20785
18959
20964
19554
20249
18116
16147
14334
12329
17560
Repetition end
17334
Repetition start
20196
20273
20273
20400
20281
19399
19399
18423
20117
21221
18967
18967
19560
18884
18884
18440
18440
15300
14369
15337
Repetition end
