Repetition Start
17143
15082
13075
15072
17081
21149
22519
23199
28246
25752
23826
24906
23515
22540
21055
19321
16712
15010
14829
14609
16679
17315
16071
17466
15945
16517
17596
17332
Repetition End
16421
17685
16663
17158
17084
17599
16893
16764
16504
16914
18281
18395
16630
16963
17636
16003
15892
14374
14338
15569
Repetition Start
16692
22893
23160
24567
21970
26383
21008
22793
21024
20603
18865
18607
16515
15113
16346
14239
18071
18354
18466
Repetition End
17255
16897
16973
16911
18007
16843
16108
13672
13464
16149
16609
17538
Repetition Start
22227
22166
22201
21680
19268
20274
23043
20271
19949
18652
18440
18251
16334
13850
13632
12386
Repetition End
17390
16154
17653
18861
14606
14218
14544
15230
16963
21935
19981
Repetition Start
25102
22527
23869
20955
25102
22745
20642
20604
18697
21106
16379
Repetition End
16791
17116
14257
15957
18271
18078
18021
15710
14040
13229
Repetition Start
16792
18305
18953
23043
20958
21154
21062
19921
21268
22366
21201
21256
20413
19228
17263
17596
15419
14801
16446
Repetition End
16838
18170
17952
17567
14936
12173
14404
17476
Repetition Start
17346
22339
18743
21938
19445
20951
19880
22189
21333
18231
18002
18856
18809
17018
16990
15694
12679
15968
Repetition End
17435
18408
18086
17147
16622
13958
13197
14872
20110
Repetition Start
18350
20521
20485
20226
19960
22129
21589
21336
19495
18589
18134
16912
15385
16974
13504
15020
16986
Repetition End
17552
18866
17467
16579
13306
13038
17268
Repetition Start
16349
18126
19563
20486
21342
22055
20051
20785
18959
20964
19554
20249
18116
16147
14334
12329
17560
Repetition End
17334
16965
16706
14908
14061
15973
16493
18074
19284
Repetition Start
20196
20273
20400
20281
19399
18423
20117
21221
18967
19560
18884
18440
15300
14369
15337
Repetition End