Repetition start
16987
20196
20196
29410
22076
22076
22071
22071
21680
22577
20188
19490
16980
16439
15991
14891
14600
14036
15737
20017
Repetition end
1
Repetition start
17853
18662
18132
20670
23776
23520
21863
20882
21113
19121
17554
16493
15493
16797
18589
14449
15462
17166
15977
18271
Repetition end
1
Repetition start
17003
23802
17319
20659
20462
21426
22056
21420
20836
16722
15383
17613
13898
15163
16315
16199
17174
19222
17725
17349
Repetition end
1
Repetition start
20061
22172
23965
23965
23965
20715
20053
20053
20228
19139
17720
17720
17497
17921
17921
17921
17604
15809
16402
16746
Repetition end
1
Repetition start
20545
20755
20755
19416
19416
19462
18486
18486
18486
18486
18072
18072
16853
16853
19710
19710
19710
19710
19710
19710
Repetition end
0
Repetition start
24107
23672
23672
19272
19272
22530
22171
21846
19747
19920
20446
18083
18083
18197
15549
15549
16594
16594
14983
18245
Repetition end
1
Repetition start
17452
24114
18823
26623
20749
23178
19661
21408
21633
20158
19565
17949
16376
17200
17200
16083
16083
15893
18234
17655
Repetition end
1
Repetition start
15394
14642
15092
16355
22662
24354
21557
22019
22723
21441
22503
20570
19289
18236
17342
22303
15696
16335
17667
19293
Repetition end
1
Repetition start
19974
19749
19749
22866
25337
25337
26044
24672
21167
21167
20696
19118
21156
18501
18213
16167
15852
15852
11139
15172
Repetition end
1
Repetition start
17783
19675
24612
21974
22526
22926
22926
21646
23059
21419
20122
20122
20122
15969
15969
17412
17412
17467
16281
16640
Repetition end
1
