Repetition start
21957
21764
21862
21862
21595
21595
21595
18869
23294
19565
16401
17194
17194
17194
17194
15723
13987
16976
16976
19426
Repetition end
1
Repetition start
16379
18193
18193
21440
21440
21719
21719
18910
23915
22219
21450
18240
18587
16774
16859
16859
16930
15780
15780
13430
Repetition end
1
Repetition start
18710
20586
18872
18872
23377
23377
23377
22066
21326
22282
22282
20495
18646
19938
17581
20174
17824
13597
15674
17277
Repetition end
1
Repetition start
20720
22490
22488
22488
19568
23513
23513
23513
21708
22234
21059
20351
17052
17052
16558
18008
19492
13735
16969
17570
Repetition end
1
Repetition start
18397
18397
22450
22636
21524
21524
20738
20803
20398
22215
22215
20507
17171
17210
15775
15775
15140
14736
14736
14736
Repetition end
1
Repetition start
18907
21174
21280
21434
22334
20311
20311
19115
19684
19684
22339
22339
19728
17044
15540
15540
15433
17183
17183
16735
Repetition end
1
Repetition start
19849
19849
19849
22552
22552
23651
23651
23126
21325
20831
20384
20184
18101
18101
18961
17386
17027
17027
17911
17276
Repetition end
1
Repetition start
21251
22789
22789
19642
21726
23300
23300
21500
21500
20428
20428
20428
19440
19440
19094
17836
16843
17753
17261
16705
Repetition end
1
Repetition start
24153
21996
22088
22088
22564
22564
23373
21617
19595
19595
17718
17718
16409
16547
16547
16547
17498
17647
17647
14863
Repetition end
1
Repetition start
20331
20331
20221
22421
21884
21666
22084
20649
20649
18336
18336
18336
17948
18152
15707
15707
15707
17780
12680
12680
Repetition end
1
