Repetition start
20076
20076
20076
23970
23691
23611
23611
26776
26776
26776
22577
22577
20879
20879
21380
16854
15648
15759
17717
16800
Repetition end
1
Repetition start
16590
22395
21652
22503
21821
22843
19966
19966
19191
17069
15312
15312
15421
15421
15421
17868
17868
14721
18550
18550
Repetition end
1
Repetition start
20351
20255
21281
22195
21806
21806
22999
21956
20607
20607
20680
20680
17112
18119
18119
18119
17487
17487
18457
15381
Repetition end
1
Repetition start
19130
18101
20398
20398
20398
21731
22581
21417
22214
21995
19745
20253
19949
16679
16679
16679
18374
18374
18261
17350
Repetition end
1
Repetition start
20900
20900
24809
25900
25900
24983
23045
24967
21084
18584
18584
21483
17335
17335
18183
18183
18148
18148
16306
16306
Repetition end
1
Repetition start
20326
23270
23270
23301
23067
23408
23174
22744
24973
20642
18536
18749
18749
18749
18256
16866
16866
16380
16819
18551
Repetition end
1
Repetition start
20080
23370
23501
23307
23961
23961
24046
22135
22135
22135
19438
19438
18423
16653
16653
18402
18402
18402
17210
17210
Repetition end
1
Repetition start
19707
19707
24320
20349
22892
22519
24394
22489
22470
17616
18747
17996
17996
17334
20776
18237
18237
18237
15336
15336
Repetition end
1
Repetition start
19882
21625
21625
20839
22248
22248
22248
21934
22339
22692
22692
22692
22692
17761
18624
19131
20173
18408
21362
21585
Repetition end
1
Repetition start
21068
21173
20684
20684
19468
21401
21889
21889
21700
21700
19248
19248
21655
18343
20587
22248
20815
19271
14991
15883
Repetition end
1
