Repetition start
20390
20390
20098
16288
15719
14165
13982
23764
20518
24408
27143
24869
22826
23620
21680
19035
18017
18247
14950
14439
Repetition end
1
Repetition start
21761
22968
23406
22946
22946
24377
22162
21674
19710
19710
19710
17011
17011
18458
18458
14996
14996
16626
16626
15198
Repetition end
1
Repetition start
18942
22545
22545
22841
22841
20922
20922
25932
25932
24954
21960
19125
19125
19599
19599
18292
17463
17463
17463
14560
Repetition end
1
Repetition start
17934
17934
22331
22331
24597
24597
24597
25125
26029
22880
22880
20725
19301
20883
20883
16458
15175
15175
15175
13462
Repetition end
1
Repetition start
18865
21233
24601
24793
24396
23343
23343
22200
22200
21550
21550
18106
16938
16938
18818
16025
16025
15214
15214
15214
Repetition end
1
Repetition start
22291
22291
23781
26610
25490
25490
25490
23354
21643
17548
17548
22485
18503
18503
15926
15926
16523
15300
15300
15516
Repetition end
1
Repetition start
16064
18544
20691
20691
25580
21078
23635
25288
20912
22263
22263
17063
22697
17902
15605
15605
16643
16643
15262
16074
Repetition end
1
Repetition start
20549
23333
23333
20288
22686
23199
23199
24006
26575
19146
19495
18549
18549
15218
15218
17634
16987
15134
16002
16002
Repetition end
1
Repetition start
20201
24842
24842
24842
24842
27294
27294
20086
24659
24389
24102
20270
16969
19304
19304
17805
17805
17588
16482
16482
Repetition end
1
Repetition start
17511
13438
13438
13438
15196
24645
22651
23600
23600
21411
23373
23373
23373
27061
22507
22507
23448
17036
18511
17291
Repetition end
1
