19378
21013
17300
23208
22452
27299
16299
20647
24846
33937
22487
18178
22214
19916
28853
20666
22635
15270
24213
26525
17926
19782
25579
27026
18107
17599
19270
19204
18212
18005
19703
20818
19628
18186
21372
21542
19248
20217
18645
19010
17591
19946
24243
19577
Repetition Start
20390
20098
16288
15719
14165
13982
23764
20518
24408
27143
24869
22826
23620
21680
19035
18017
18247
14950
14439
Repetition End
1
14626
17069
17119
18098
Repetition Start
21761
22968
23406
22946
24377
22162
21674
19710
17011
18458
14996
16626
15198
Repetition End
1
17158
15499
13843
15078
Repetition Start
18942
22545
22841
20922
25932
24954
21960
19125
19599
18292
17463
14560
Repetition End
1
16467
14961
15754
15354
15683
18277
Repetition Start
17934
22331
24597
25125
26029
22880
20725
19301
20883
16458
15175
13462
Repetition End
1
19053
16828
14828
14708
16846
Repetition Start
18865
21233
24601
24793
24396
23343
22200
21550
18106
16938
18818
16025
15214
Repetition End
1
17042
19138
16541
13191
18209
18819
Repetition Start
22291
23781
26610
25490
23354
21643
17548
22485
18503
15926
16523
15300
15516
Repetition End
1
15647
15761
12036
Repetition Start
16064
18544
20691
25580
21078
23635
25288
20912
22263
17063
22697
17902
15605
16643
15262
16074
Repetition End
1
14682
15741
18110
Repetition Start
20549
23333
20288
22686
23199
24006
26575
19146
19495
18549
15218
17634
16987
15134
16002
Repetition End
1
17826
14009
13253
17942
Repetition Start
20201
24842
27294
20086
24659
24389
24102
20270
16969
19304
17805
17588
16482
Repetition End
1
19011
18719
19636
Repetition Start
17511
13438
15196
24645
22651
23600
21411
23373
27061
22507
23448
17036
18511
17291
Repetition End
1
17370
18816
17129
18512
18796
18602
21713
19003
20170
21225
20707
22065
17625
13572
21653
18386
22461
22773
21420
23601
18057
19144
17531
