Repetition start
19724
19028
18703
17466
20148
20669
19930
18803
16802
40077
14951
17999
19618
17789
17913
19471
19626
23910
15294
19953
Repetition end
0
Repetition start
24851
18863
21837
19511
17769
18421
20077
19228
19931
18806
16915
19495
19609
20037
21346
19657
17009
18218
22934
24772
Repetition end
0
Repetition start
18776
19919
17663
20061
21993
16649
19514
19527
20803
21079
16848
20600
19314
21076
21208
19444
21464
23690
19196
17753
Repetition end
0
Repetition start
19811
19459
25919
23136
20034
18758
18194
19706
24329
17098
19045
22300
19525
19398
21894
21811
19947
19975
20736
21725
Repetition end
0
Repetition start
21450
25271
18620
19928
17536
17759
16847
17837
16860
19455
16494
17487
18099
19690
18618
17901
18130
18771
21582
18138
Repetition end
0
Repetition start
21663
19353
19709
16681
9339
14303
37729
17860
17083
23167
19174
19067
19466
21843
21457
20513
19430
18531
20505
20467
Repetition end
0
Repetition start
20370
18009
56871
18611
19364
19826
20483
18920
17754
18045
17178
18718
22235
19137
20006
21443
17687
19765
21388
18726
Repetition end
0
Repetition start
22362
26717
30761
32008
27535
27535
26795
28862
29933
29927
28302
28132
24505
20375
20210
20210
17891
14406
15121
21238
Repetition end
0
Repetition start
21461
24349
29590
31974
31974
28540
26709
27846
29547
29547
29539
30983
28779
27424
24404
25371
21516
15621
15903
12276
Repetition end
0
Repetition start
20951
25030
29161
29050
27868
26673
26370
27710
27307
28298
26559
26420
25504
23222
19443
16514
17058
17325
19293
18703
Repetition end
0
Repetition start
23820
28600
27820
29574
28256
27978
25913
30079
26992
23999
23999
22821
21690
21585
18723
18247
15780
17669
16160
19789
Repetition end
0
Repetition start
24011
23098
25690
28145
28724
28465
27922
29897
29523
24316
21821
20545
22513
19866
18590
18642
18310
19042
18317
19587
Repetition end
0
