Repetition start
1.00295412987
1.00601957582
1.00261667376
1.0013415104
1.00438486743
1.00141969316
1.01916728703
1.0051464128
1.00664646131
1.00552282721
1.20174209272
1.48707639053
1.61067152344
1.72741430295
0.58134834178
0.980669620348
0.990637074737
0.936153028347
0.91223389962
0.676215286007
0.914423174492
0.952605911296
1.06301506089
0.998557915463
0.937199528545
0.919613221501
1.06650047096
1.10402785878
1.03497421176
0.941136778653
0.888521104117
0.913558409333
Repetition end
0
0
0
Repetition start
0.924056182278
1.05805101241
1.03128406259
1.04703919525
1.45683617731
1.2054858654
0.921003032339
1.14880774005
0.971562542395
0.800987789221
1.00185761731
0.973411850645
0.778232052536
0.73512078523
1.0174122234
0.968622178059
0.946862040406
1.03058311003
1.02080492322
0.98967558803
0.986839630141
0.952914539146
0.928966184292
0.776310348829
0.884600906113
0.712861311323
0.877573974479
0.978156831105
1.86063696607
1.05750271573
0.869428591225
1.32529339747
Repetition end
0
0
0
Repetition start
1.02839034042
0.990761541334
0.972256875296
1.16999431698
1.55450172488
0.647189381126
1.19280286759
1.0343605114
0.934789476437
0.779330546863
0.675291893021
0.830349029765
1.05887077198
0.891914857887
0.958373234357
0.96952498301
1.00090415693
1.01475012768
0.993670065532
0.938327864856
0.995852310241
0.972264446489
1.0301374644
0.786264129002
0.809187521357
0.82897210655
0.990994002182
0.985316768368
0.81937001445
0.856982300942
2.01528586078
0.979995457526
Repetition end
0
0
0
Repetition start
1.03495644494
1.05305640403
1.83697862628
1.57180369089
0.755539952289
1.00896183909
1.03801791129
0.910791365825
0.941411825615
0.785449682509
0.82361711673
0.905443401903
0.995761924525
0.905565780463
0.993022719221
1.01765115443
0.92527007827
1.01021904791
1.00308173085
0.902915690761
0.943451557039
1.03900434934
0.839794922673
0.909789074767
0.902541708597
0.969407836919
0.872498574778
0.957451836947
0.981005316648
0.817765373116
2.09738464568
0.983223881614
Repetition end
0
0
0
Repetition start
0.950945367025
1.08267032776
1.46755666775
1.76011620881
1.15227231758
0.784469755118
1.07571384943
0.957960078988
0.929198789772
0.976159220396
0.992534854491
0.894134908435
0.995245520016
1.00479116105
0.996750732751
1.05987968147
0.992229595943
1.01709450452
0.957636787592
0.968791428188
0.955211780222
0.977704160927
0.845387886797
0.908162027885
0.999762913047
0.980982440716
0.891048353782
1.90700049655
0.673209904671
1.40276240233
1.34223060594
1.0254478475
Repetition end
0
0
0
Repetition start
1.11998902197
1.2830213116
1.28362712213
1.70671072423
0.975105331459
0.973328310337
0.973328310337
0.959073829752
0.817438381225
0.891496167425
0.747517712333
0.772185656354
1.08920536862
0.982404448959
0.902141597942
0.966503678763
1.00998296004
0.960618708617
0.945125681568
0.951896340669
1.04987751908
0.933180739612
0.933180739612
0.851030529168
0.892126165109
0.772291702656
0.952173085994
0.97610692842
1.00573641016
0.888972221175
1.64609357443
1.12367433517
Repetition end
0
0
0
Repetition start
1.09350658331
0.998633846638
1.0205067703
1.32850217793
1.27060611852
1.26090107396
0.910552967776
1.05457961802
0.889465265019
0.847624321086
0.978585166516
0.853206382091
0.712073416856
0.994174591339
1.01338595288
0.995433936653
1.01974530914
1.00749338443
1.02526936314
0.955657510211
1.01126245386
0.908437089625
0.983198495974
0.94054424424
0.869487108325
0.852863311281
0.873051233729
0.799698185613
0.843567150666
0.804686296332
1.12665413736
0.908791683594
Repetition end
0
0
0
Repetition start
1.59011060996
1.08492913187
2.13011611805
1.1294374866
0.924956008229
0.878923502859
0.881105380163
0.8669227892
0.81301066279
0.686745546641
1.00184746235
0.943622058918
1.00061897031
0.968644028682
1.04811965201
0.979057887009
0.979057887009
1.00579240261
0.936690597016
1.04344752392
0.918647129924
0.90701801338
0.892668948989
0.670492971463
0.812867166473
0.980193713166
0.980193713166
0.985116478785
0.985116478785
0.985116478785
1.41081936665
1.32561550914
Repetition end
0
0
0
Repetition start
1.57552552945
1.3296087658
1.2180673081
1.74970103801
1.09569786873
0.839128691089
0.840964740218
0.688828977386
0.976037288576
0.976037288576
0.790876713082
0.735451723144
0.931713393306
1.0355997503
0.94520316201
0.976339711526
1.05460743424
1.03021596775
0.985174376754
0.995479891997
0.963275486247
0.969004499554
0.931253264729
0.973029905575
0.958807338448
0.908246115211
0.889720147569
0.747177106417
0.847873062322
0.948634548708
0.99151898563
0.939484534264
Repetition end
0
0
0
Repetition start
0.790058277212
1.14540343854
2.13330780294
0.956101933638
0.876922012151
0.910398285327
0.970911515968
0.761290948507
0.782365050897
0.633742244032
1.36842206255
0.936329575921
0.944709512613
1.04246212945
1.03844563738
1.04409663511
1.00203906912
0.905097312625
0.952868075215
0.911179528056
1.066052607
0.923689962947
0.941685035786
0.992232965569
0.987182768134
0.796709838282
0.76422596121
0.80395764751
0.841818067988
0.922967532102
1.04072607032
0.784512431427
Repetition end
0
0
0
Repetition start
1.02492859558
1.02360957825
1.02360957825
1.02360957825
0.942774757351
0.942774757351
0.990699393656
0.985184839697
1.01688184182
1.01688184182
1.01606185394
1.01606185394
1.04071031141
1.02844929226
1.055225936
1.00199931114
0.947004360861
0.953606183113
0.819939424055
0.777218643262
1.71090923247
0.764738630527
1.16487259487
1.16487259487
1.16487259487
1.16487259487
0.950351135791
0.950351135791
1.05067754964
0.994144443437
0.994144443437
1.02936629363
Repetition end
0
0
0
Repetition start
1.15192122714
1.15192122714
1.15192122714
1.15192122714
1.06835133063
0.925265754159
0.925265754159
0.901946983796
0.901946983796
0.901946983796
0.926347901161
0.926347901161
0.926347901161
1.03991459384
1.03991459384
1.03991459384
1.08580279372
1.08580279372
0.986412684904
0.934170183887
0.959569245735
0.959569245735
1.02543216621
1.02543216621
1.05852903893
1.00345483049
1.00345483049
1.00345483049
1.10291382913
1.10291382913
1.10291382913
1.10291382913
Repetition end
0
0
0
Repetition start
1.02454460847
1.00009117791
1.00852658235
1.01043771774
1.01765512259
0.978370183617
0.978370183617
0.978370183617
0.997040881732
0.9691075984
1.03309440942
1.1312398995
1.01137308159
1.07524348194
1.02773725748
0.92307202365
0.943746773528
0.943746773528
1.00046753571
0.932252770772
0.932252770772
0.957948949252
0.980339129113
0.957551964381
0.883937867425
0.933926870059
0.962108816967
1.0107853332
0.956155950855
1.39981644856
1.02911539125
1.01457457324
Repetition end
0
0
0
Repetition start
0.961015172859
1.01804483331
0.990711381302
1.00375538186
0.991873886826
1.03709599474
0.969734466536
0.970129676464
1.03426460515
0.950516155528
0.950516155528
0.991286202566
1.06379450099
1.13182640072
1.33477411449
0.927940032651
1.07594849818
1.02303465348
0.954848531028
1.01969716852
0.936546583954
0.988636005946
0.865394321323
0.956433968129
0.90316414179
0.911147053107
0.850294249282
0.928883421211
0.903371370264
1.15343185712
1.9223148523
0.851814049131
Repetition end
0
0
0
Repetition start
1.02427159783
0.977695391614
0.988338397187
1.00212690731
0.991982577781
0.993137664969
1.0086926657
1.0086926657
1.00303526585
0.980889008035
1.02958438846
1.16377385772
1.10925568355
1.13623339657
1.02201212202
1.16489622643
0.968953153628
0.942356298993
1.01394628475
0.932871611078
0.930998969086
0.927490533606
1.04316792569
1.00934283926
1.0048272124
0.873078708367
0.846830787947
0.825849894194
0.903123003057
0.881138044882
1.27425381468
0.851673252445
Repetition end
0
0
0
Repetition start
0.904256296586
0.904256296586
1.00220216106
1.09445078402
1.09445078402
1.09445078402
1.03936584426
1.02119962797
1.02123998997
1.02123998997
0.89893641924
0.834384958247
0.99155198605
0.99155198605
0.998656092551
0.941085186894
0.915544000093
0.915544000093
0.81076260419
0.846620927243
0.846620927243
0.846620927243
0.926781940448
0.926781940448
0.926781940448
0.968209400389
0.968209400389
0.968209400389
0.849729807857
0.849729807857
1.45185714319
1.45185714319
Repetition end
0
0
0
Repetition start
1.00162785811
1.01129574936
1.00404302244
0.995190583088
0.984817303335
0.984817303335
1.15323971653
1.12329316631
1.01206996153
1.12472085337
1.06293633036
1.06293633036
0.911864625657
0.754740194491
0.823009659497
1.03107743373
1.06162259043
0.99932470841
0.99932470841
0.906394052977
0.92501450226
0.92501450226
0.962566365626
0.912709906355
0.911068424432
0.911068424432
0.9511052075
0.886056696982
2.00957528984
1.00994225697
1.08857630621
1.02285881644
Repetition end
0
0
0
Repetition start
0.978252676318
1.01772323057
1.03833497721
1.03833497721
1.18999160204
1.08786929981
1.10620422632
1.10620422632
1.01450495031
1.02274323896
1.02274323896
0.863898255292
0.887318786234
0.962083532441
0.918908220813
0.960453324341
0.918184484333
0.918184484333
0.944606038218
0.888689399379
0.897083452138
0.897083452138
0.897083452138
0.861136183686
0.861136183686
0.901352116633
0.901352116633
0.773405459733
1.63096927341
0.969193920206
1.23070074195
1.23070074195
Repetition end
0
0
0
Repetition start
0.992303310229
0.992303310229
1.00964187402
1.03016302774
1.01751523913
1.01751523913
1.01052211632
1.01052211632
1.00133661633
1.00251297433
1.00888047261
0.98177896019
0.982566932753
1.00943862593
1.00460291969
1.00460291969
1.01781234315
1.00761640474
1.00280870564
0.998033193132
0.998033193132
1.01372396743
0.997835924583
1.01186378279
1.02092231473
1.00451867463
1.00451867463
1.00460931265
1.00460931265
1.14497790393
1.22566549035
1.22566549035
Repetition end
0
0
0
Repetition start
1.09552565751
1.09552565751
1.09552565751
1.16092640427
1.19914270992
1.19914270992
1.11822686165
0.92022334462
0.846340531704
0.846340531704
0.846340531704
0.835399922756
0.835399922756
0.892346813355
0.892346813355
0.975530599909
0.929074646402
0.927863619987
0.927863619987
0.9378443185
0.9378443185
0.903234261203
0.897362399581
0.897362399581
0.897362399581
1.28923553982
1.28923553982
0.729308540586
0.729308540586
1.14180388016
0.973537583893
0.998034103894
Repetition end
0
0
0
Repetition start
0.994920713067
0.994920713067
1.02503687615
1.14953339929
1.14953339929
1.15503185452
1.15503185452
1.15503185452
0.990540306716
0.990540306716
0.96774642437
0.96774642437
0.924590725503
0.907787108764
0.907787108764
0.907787108764
0.803034190414
0.803034190414
0.925376344815
0.961091728937
0.917924307701
0.889227312077
0.960827481942
0.960827481942
0.941870234736
0.941870234736
0.901014965917
0.901014965917
0.838868761783
0.838868761783
1.47081693586
0.675460146541
Repetition end
0
0
0
Repetition start
0.979033795516
0.979033795516
1.01991221921
1.01991221921
0.999994790168
1.01621669626
0.958805444344
0.958805444344
1.165982321
1.29464663087
1.06847599411
0.970333846559
1.07289722129
0.887871975415
0.895235244803
0.887354291117
0.887354291117
1.03833862775
1.03833862775
1.03833862775
0.991075602345
0.991075602345
0.948425296897
0.855499288806
1.0083724322
0.956583019312
0.917967370215
0.917967370215
0.8190322445
0.927272737993
0.927272737993
1.75463676744
Repetition end
0
0
0
Repetition start
1.08601342766
0.954575345839
1.05780000595
1.01750451186
1.01750451186
0.984632386512
0.997988954868
0.997988954868
1.0510878736
1.2574818766
1.07724255577
1.12786697445
1.00784415003
1.10317939092
1.10317939092
1.02428037209
0.908180763626
0.873604611258
0.873604611258
0.873604611258
0.989489788938
1.07454000524
0.938536408865
0.985839696377
0.985839696377
0.90006086844
0.912728226303
0.928185022224
0.983636863164
0.972926261299
1.46020381528
0.863413118846
Repetition end
0
0
0
Repetition start
1.02224466465
1.003746482
1.00374663973
1.00374663973
0.998385353324
0.999520883672
0.99839509574
1.01787786407
1.08739885108
0.958005872096
1.10494941637
1.26653055332
1.02212971202
1.11263068415
1.11263068415
0.946612097262
0.946612097262
0.83666249949
0.851771639594
1.02306486218
1.02306486218
0.940457532793
0.934385644173
0.927389641006
0.927389641006
0.857782070996
0.888893759977
0.863806752319
1.9973109513
1.9973109513
1.18728142534
1.08012460053
Repetition end
0
0
0
Repetition start
1.00216739996
1.00604135478
0.989841641
1.0136256382
1.03284247221
1.00955733174
1.03288092754
1.01269634618
1.1522947107
1.1522947107
1.12167985064
1.01770928246
1.01770928246
1.12911648426
1.12911648426
0.965261772273
0.965261772273
0.833166154344
0.89613596061
0.895902168278
0.929540628564
0.880294631456
0.880294631456
0.806251565983
1.08399322953
1.08399322953
1.99111224777
1.99111224777
1.99111224777
0.895744153184
1.44059051521
0.937307578446
Repetition end
0
0
0
Repetition start
0.999874958401
1.01150335132
1.00507204852
1.0137933243
1.01289060102
0.989234054145
0.99924712413
0.990754340856
0.979504439714
1.02116231418
0.998965773498
1.02500542808
0.991327012129
0.99232696319
0.99546495113
0.995147107529
1.00902024064
1.02709032421
1.02021066821
1.0085678098
1.00660714807
1.02950175706
1.02613583506
1.00509603294
0.993239817173
1.0125867699
0.979142764701
1.00945362015
1.00251075404
1.00112313663
0.977195393519
1.00854123922
Repetition end
0
0
0
Repetition start
2.04212844117
0.905346553693
0.905346553693
0.765299119494
0.765299119494
0.873401516479
0.862420263354
0.81894091426
0.81894091426
0.916025462637
0.99753006807
0.845606428349
1.01644949092
0.966406932374
0.966406932374
0.857612382323
0.977062764778
0.834144730975
0.834144730975
0.922922704871
0.922922704871
0.922922704871
1.01048231239
1.11582106275
1.11060162851
1.11060162851
0.570050496183
0.612683740129
0.870280694637
1.25950548458
1.09415574892
1.07228439606
Repetition end
0
0
0
Repetition start
0.983855407444
0.941072351354
1.00927257121
1.02092676279
1.00085282654
1.03206266006
0.992125976713
1.0105440692
0.958986870865
0.886523361778
1.105770951
1.30629868445
0.844460042903
0.975823065241
0.975823065241
1.0249402265
0.842732489288
0.8407524272
0.82714575775
0.795442354547
0.726258942554
1.06587211626
0.959206631111
0.794617997838
0.845863302889
0.92532080455
0.834570292503
0.734412263371
0.922557719442
1.32992345692
0.955361419819
1.58202474263
Repetition end
0
0
0
Repetition start
1.00915269308
0.983005831705
1.04299399706
0.998613346088
0.969184781767
1.01585789358
1.00073135536
0.936375269143
0.891959892375
2.24628094515
1.85395513736
0.870898836507
0.925152587307
0.908165711483
0.853003575256
0.914012976878
0.936984309779
0.862702156041
1.02015038396
0.841831649097
0.943297781029
0.920543179398
0.925154542256
1.07348942881
0.969370545172
0.974227008463
1.0422603348
0.947686157085
0.824232205286
0.852354097347
0.956143979977
0.908491031584
Repetition end
0
0
0
Repetition start
0.977663445729
0.994515844707
1.13979795271
1.04410283441
1.02667436803
1.02813772155
0.992822665312
1.01611790434
1.23019290133
1.33694727698
2.14056657447
0.850749031925
0.929188029171
0.804625140709
0.991909188938
0.655825372534
0.719914118166
0.853586700239
0.970955579845
1.01255784164
0.963175768155
0.936812577945
1.00823125715
0.918159166837
0.931891585483
0.847341026198
0.910040569731
0.915538712495
1.04531898796
1.03246007532
1.08021993206
1.03454769528
Repetition end
0
0
0
Repetition start
1.0429613974
1.02781175969
0.987508920587
0.908898940209
1.20628770747
1.09359846768
2.04334310581
1.54034516093
1.66310501088
1.01111971305
0.854527582798
1.13745754688
0.906055999002
0.897578081325
0.831953837595
0.915679668725
0.966829031593
0.9644608568
1.00217462066
0.964307956732
0.978409965125
0.940548634756
0.946993236116
0.850804987227
0.963391392391
0.885393902776
1.04703451123
0.882450151771
1.17858313663
0.998937015767
0.849335703127
0.836660527003
Repetition end
0
0
0
Repetition start
0.955447365466
0.96348687566
1.08902022479
1.00918947455
1.06571916482
0.989120244123
0.982457226673
1.4462800074
1.21839112262
0.971603856411
0.835239631587
0.932083244664
0.888499299784
0.720210519551
0.988560297927
1.02573063617
0.987184475713
0.903349866641
0.940114302153
1.01484106693
1.03581066139
1.00586970426
0.872958432695
0.976017185547
0.933884250263
0.874847239119
0.929538957365
0.888749064772
0.957907312704
1.05999722472
1.41955693289
0.952285836894
Repetition end
0
0
0
Repetition start
0.984108974069
1.04699386626
1.02659242048
1.35369747421
1.83968248389
0.757703773328
0.914409098977
0.853547628139
0.958373273228
0.91442661084
0.825162496422
0.793126215122
0.773548221851
1.09528864197
0.94149607313
0.859165757889
1.10665692716
0.990868741429
0.94316253425
0.902150092048
1.05877789166
1.01831026336
1.10572623567
1.04514835969
0.900411721435
0.795436575341
0.855256934049
0.989362844783
0.916661083907
0.834820569381
2.23045523234
1.02189316602
Repetition end
0
0
0
Repetition start
1.13485224355
0.955883102294
0.955883102294
1.00228705428
1.11559868422
1.00783031655
1.0050010278
1.00070289406
0.999432738165
0.966917864617
1.01922340788
1.00543972446
0.997742836137
1.00344064877
0.993581723415
0.946090831012
0.997517719822
1.00599040872
0.989751585243
0.997357066632
1.00046229108
1.00463418693
0.986817729407
0.968497870306
1.00912643877
1.00787834019
1.01140855762
1.01836925732
0.992745117003
1.00555236353
1.00555236353
0.997535003219
Repetition end
0
0
0
Repetition start
1.14327845018
1.91853168388
1.38172392374
1.17572662315
1.01137684601
0.935468706278
0.68590151208
0.822252660817
0.888987244202
0.875568252204
0.9192644228
0.928984442308
0.973053022064
0.973053022064
0.824364077606
0.824364077606
0.921840572118
0.921840572118
1.02504216767
1.04813807713
0.986530162401
0.851701996253
0.953654773237
0.953654773237
0.785215226136
1.03955360867
1.03955360867
0.954471797425
0.851501867341
1.0857097229
1.0857097229
1.03580723572
Repetition end
0
0
0
Repetition start
1.08193448904
1.03122192944
1.00278544294
1.00278544294
0.916285629578
0.910530181332
0.910530181332
1.02084006783
0.878336219313
0.926030411167
0.926030411167
0.926030411167
0.926030411167
0.926030411167
0.880712640725
0.880712640725
0.936542946351
0.99402263968
0.995122602558
0.995122602558
0.995122602558
0.942402209937
0.942402209937
1.41952442316
1.41952442316
1.19570225083
1.19570225083
1.19570225083
1.03779237962
1.03779237962
1.03779237962
1.11924308121
Repetition end
0
0
0
Repetition start
1.1064844436
1.06471713406
0.899803982108
0.899803982108
0.786308823305
0.842095470354
0.842095470354
0.918616831058
0.918616831058
0.918616831058
0.918616831058
1.01658188419
1.01658188419
1.01658188419
0.944544845007
0.944544845007
0.944544845007
0.907675253347
0.907675253347
0.850053618472
0.850053618472
0.850053618472
1.66768597165
1.66768597165
0.992717980324
1.06206720317
1.06206720317
1.02814167279
1.02814167279
1.02814167279
1.00803770462
1.00803770462
Repetition end
0
0
0
Repetition start
0.982723000337
0.994170574419
1.0617671185
1.0617671185
1.12808629059
1.12808629059
1.03832813355
1.14418585712
1.14418585712
1.10928714767
1.10928714767
1.05595354633
0.900650657127
0.900650657127
0.902093871309
0.82843721775
0.921000010855
0.880741614783
1.01868018258
1.01868018258
1.02092579947
0.967903201645
0.934231645932
0.940238550951
0.940238550951
0.918216655615
1.67028565934
0.896190397726
0.984890526549
0.984890526549
0.984890526549
0.984890526549
Repetition end
0
0
0
Repetition start
0.994763975191
0.998729110572
1.01684475243
1.02707259875
1.02707259875
1.09462856191
1.09462856191
1.17112010801
0.971967702382
1.19455832488
1.0133932848
0.943406972612
0.943406972612
0.942212912705
0.917106932021
0.830906447963
0.884975623163
0.892941786892
0.926594190152
0.926594190152
0.86520304311
0.86520304311
0.936614709331
0.884525447524
0.917928696834
0.917928696834
1.01485064587
0.94228961464
1.44771968679
1.04787135928
1.04787135928
1.04787135928
Repetition end
0
0
0
Repetition start
1.00681376317
0.994857538957
0.994857538957
1.0197077065
1.0197077065
1.0197077065
0.965847925268
1.04432944144
1.04721192376
0.958960027832
0.946111369107
1.26396721273
1.06719073062
1.44319262722
1.31944587724
0.817842206302
0.817842206302
0.880072371104
0.880072371104
1.05695085678
1.05695085678
0.908517865024
0.82271903216
1.12742008736
1.12742008736
0.974125256446
0.866638435059
0.866638435059
1.26054312939
1.06275478807
0.950744550541
1.00629439345
Repetition end
0
0
0
Repetition start
0.932659361919
0.997475255098
1.02924020311
0.976547983062
0.976547983062
1.03019678997
0.961712925597
0.961712925597
0.961712925597
1.64400199792
1.64400199792
1.64400199792
1.53945869947
1.26661968292
1.26661968292
1.26661968292
0.751950722232
0.751950722232
0.97076284198
0.97076284198
1.04759837893
0.85459265636
0.892727689086
0.892727689086
0.795218021237
0.798952783124
0.798952783124
0.798952783124
1.89257210474
1.89257210474
1.02996953487
1.06581791344
Repetition end
0
0
0
Repetition start
1.04975158912
1.04432297594
1.04432297594
1.00550418434
0.988519649249
0.988519649249
0.995172441051
1.00057766479
1.00914157052
0.989775363168
1.0114036828
1.00977981196
1.00366788662
1.00013209193
0.942827999132
1.06836540911
0.888529959026
1.59482821288
1.69178288299
1.07076860894
1.04952903145
0.974072572269
1.15383631011
1.0110807635
1.06791681681
0.964728819608
0.964728819608
0.808671221961
0.812025796077
1.88791184681
1.03303967321
0.983121130142
Repetition end
0
0
0
Repetition start
0.996818176208
1.01377182212
0.980943673073
0.973609497419
0.983392660509
1.00151782405
0.989972363933
0.929645345037
1.28885742348
1.2950117057
1.21055445766
1.2954150249
1.2954150249
1.21140977817
1.19067489189
1.19067489189
1.5141773635
0.966262047154
1.02767714468
0.851148841725
0.649399322687
0.968278633697
0.968278633697
0.886471577363
0.86735778288
0.901207555355
0.796074020583
0.870050928695
2.07818113965
1.09895304103
0.9900541593
1.36180712456
Repetition end
0
0
0
Repetition start
0.89841730261
0.990501768363
0.990501768363
0.972876292161
0.972876292161
1.01309605599
0.983394956156
1.0091796167
1.00683962454
1.00717907043
1.19889079807
1.03092276193
1.16774285885
0.578485215577
1.27634980672
0.962328636564
1.04272255331
0.981479480965
0.9165627324
0.841002241915
0.82058055903
0.913449108094
0.926440261928
0.925714212719
0.840634370862
0.840634370862
1.30457024561
1.30457024561
1.4669126663
0.889310106666
1.06382320734
1.06382320734
Repetition end
0
0
0
Repetition start
1.02285509428
0.958021574087
1.00870244521
1.00011808101
0.998776480839
0.998776480839
1.00914582317
0.988307315498
1.01613787026
0.98081736807
0.980924572557
0.990879822848
0.872033153652
2.34538423862
1.38463062172
1.28516970282
1.10812602119
1.07784426012
0.928571227242
0.940998386733
0.86598662404
0.91627969372
0.954259496246
0.808666930826
1.00966273914
0.729051852837
0.922694234203
0.897270821742
1.6196148262
1.7626938944
1.27548358368
1.61440293755
Repetition end
0
0
0
