Repetition start
0.812568081699
1.17701793344
0.857576343291
0.946940905178
0.944978846236
0.945871142762
0.94574631833
0.935454638798
0.99948531928
1.08594041934
1.06529448444
1.10633956996
1.04159077328
1.03216412517
0.99945090537
1.01314865787
0.981152520228
1.01161702576
1.00861067547
0.899915189025
1.0946093351
1.1550731695
1.15266978614
1.10668836586
1.04312915676
1.00476261269
1.07004202258
1.04325705733
1.05630143974
1.01315797337
1.02256144273
0.919793134132
Repetition end
0
1
0
Repetition start
1.01498226589
1.1429287397
1.19478786711
1.10255037138
1.01045181047
0.865761292914
0.89623716266
0.988414048708
0.999303992769
0.885207354357
0.978644372081
1.02872621508
1.14649192639
1.1286449625
1.10102068312
1.10303885702
1.08753815357
1.07848771704
1.08165431773
1.06100612343
1.07555987651
1.02235017958
0.970505673227
1.04830411789
1.01613495202
1.01415325598
0.998971272111
1.03441799577
1.00074254347
0.921719958312
0.802702515613
0.874606833938
Repetition end
0
1
0
Repetition start
0.992884288005
0.983750873966
0.91633546081
1.06461816086
1.02225569202
0.975516243279
0.935828325865
0.989414671487
1.0500033949
0.998668613236
0.910560546766
1.03538548612
0.918099260184
1.05709803759
1.077684544
1.02268368864
1.10954529503
1.10994168201
1.11060467086
1.08600030861
1.07999071799
1.07130510184
1.05401448747
0.960654467095
0.986305077916
1.01114804325
1.01129775144
0.689641343272
0.969241613579
0.953551749936
1.30230183691
1.16114254972
Repetition end
0
1
0
Repetition start
0.962817353716
1.06238496557
1.2041808827
0.959366199907
1.02707244641
1.10708881766
1.08437879105
1.0710817152
1.03068232987
0.909214230136
0.93935114769
1.13155914391
1.00187361924
1.03804787057
1.07490624883
1.11006734795
1.09662867026
1.13519477772
1.103328245
1.06573163517
1.07797519016
1.09246491482
1.00265706674
1.0598383024
1.02129552091
0.978264601331
0.97895426446
0.94455393984
0.928465101675
1.07571814538
1.0793395354
0.775378070989
Repetition end
0
1
0
Repetition start
0.979713827522
1.05074996086
1.18818676847
1.16376562301
1.21458930696
0.981852322729
0.898661355451
0.998670386972
1.00546669934
1.02904562806
0.98604603501
0.941005306813
0.928013107189
1.0363086296
1.09463434741
1.10747508606
1.0637515302
1.12196451025
1.09384479963
1.07119582439
1.01356316132
1.05174321064
1.0404127372
1.00092440772
0.945759921553
1.03522501843
1.03504852058
1.06975700589
0.858843606601
2.02370814498
1.13787511952
0.908284626657
Repetition end
0
1
0
Repetition start
1.02082354758
0.971323751309
1.02160739705
1.32876607065
0.898641654329
0.873835832292
0.922807070755
0.943731807066
1.07297877619
0.947533144978
1.10494462721
0.829115819191
1.06221961431
1.12622296234
1.14900380886
1.08424223161
1.1302248339
1.08484128812
1.11421273397
1.0679344905
1.04429757729
1.05018353923
1.0398951507
0.990076272521
0.980436738696
1.0013735212
1.01012619524
0.885851993084
1.01519465132
0.98520619442
1.05098977732
1.03686174393
Repetition end
0
1
0
Repetition start
1.07115920018
0.928452218057
1.36716324512
1.22508703161
0.86044647438
1.20812004327
0.961700392485
0.957429798985
1.10326425339
1.06018953644
1.06687023039
0.917033207781
1.10192989756
1.22776548806
1.04358356014
1.10986931795
1.09085679911
1.13498079358
1.08767723442
1.09406194836
1.04422028777
1.03385471537
1.0984280442
1.02976983947
1.03224712449
1.01919377796
0.977236686685
0.92533521128
0.737608835506
0.986155938708
1.08401091431
0.923098150743
Repetition end
0
1
0
Repetition start
1.17440936539
1.15136183268
1.17391968844
1.06808797921
1.00024457452
0.919786459479
0.841484430041
0.951185647367
1.04666167904
1.031511317
0.900735211995
0.995151375061
0.975567669549
1.0118956761
1.12542774261
1.15119859401
1.05648029155
1.09485116772
1.07760150784
1.10165202338
1.07376289059
1.06701578809
0.982885984833
1.06794039096
1.01407439999
0.991974466086
1.06566216287
0.909327899559
0.980558748408
1.06292288618
0.953528215371
1.02157338741
Repetition end
0
1
0
Repetition start
0.891777654183
1.17137416946
1.13762863193
0.955324390856
0.943260683303
0.866587570951
0.976852025029
1.02511303187
0.979588795744
0.971456711072
0.94945682868
1.04113998708
1.05368499264
1.13156000482
1.0874753173
1.1398123008
1.10687455103
1.11817762542
1.10525656575
1.12235212149
1.09186519109
1.07580909395
1.02938017608
1.07046360495
1.08222126756
1.00850124999
1.06044021442
1.03670742665
1.07244061083
0.988448424769
0.947336182474
1.14944496535
Repetition end
0
1
0
Repetition start
1.21235439868
1.08386453877
0.935155503951
1.18725876805
0.992090554645
0.853942694414
1.01935671083
1.03260472389
1.02342649811
1.13150806632
1.09968994482
1.04757002811
0.926050889308
0.837368925001
1.13670762538
1.18764919831
1.18425389095
1.06615460749
1.08744324949
1.05306964872
1.08035618271
0.964509996999
1.06533137846
1.00344835778
0.908102825738
0.848286278124
0.933130823866
0.959041044111
0.938099355639
1.99397768575
0.926865136351
0.895237885107
Repetition end
0
1
0
Repetition start
0.984589025527
1.26629056914
1.38414724233
1.33240853278
0.96758563301
0.960261907964
0.91089483508
0.959343289494
0.941080553452
1.04619149413
0.970964254644
0.991978080681
0.975446607093
1.00108938558
1.02395393722
1.14119919277
1.12210049435
1.11780767967
1.11278781831
1.09599686661
1.08234184503
1.09305229072
1.07112179218
1.06951182064
1.07300249604
0.95254043335
1.01996402032
0.967078926867
0.837150998667
0.962852390219
1.00044429863
2.009785349
Repetition end
0
1
0
Repetition start
1.09499821623
0.964939492993
1.07761840217
1.23858397
1.37964159483
0.777327077294
1.18568866548
0.982009820241
1.03254720892
0.924411198531
1.05737894814
0.972160228198
0.915182198125
0.988520116549
1.08085453003
1.14711600456
1.16436060026
1.14396508962
1.08086337229
1.12916954395
1.0760172977
1.02294422412
0.988059273394
1.03450885358
1.10683446776
1.06618851231
0.96520048566
1.05772900365
0.947978838604
0.925686919964
0.946378928013
0.8828836809
Repetition end
0
1
0
Repetition start
0.909593287303
1.05364359834
1.08395548945
1.45059852518
0.966543301168
0.897772179846
1.02823206893
0.997027587722
1.15707315804
0.931937959995
1.05196464651
1.15990565223
1.11929421927
1.04752091153
1.09874463
1.08836505927
1.0584138457
1.06133684134
1.05485431977
1.07196556646
1.05400833939
1.04361037545
0.959559441056
0.86224685812
0.979372485026
1.0047764124
0.931052220067
1.01189464896
0.968586573352
0.86884308126
0.819391553353
1.27259277633
Repetition end
0
1
0
Repetition start
1.01805735156
0.976289758743
1.02190042232
0.998476628311
1.05411454815
0.923185455632
0.976860483483
0.895730037842
1.01000427363
0.991757190687
0.877994373726
0.897157729923
1.12290843608
1.0380784893
1.17041179385
1.14408905516
1.06052367745
1.09432505238
1.09181843397
1.06790914934
1.08937086251
1.06141276691
1.07084510597
1.0515407402
1.01936562059
1.10419845385
0.995361408592
1.04188950559
0.967113645273
0.875287589853
0.90854643619
0.901208973201
Repetition end
0
1
0
Repetition start
1.05982026874
1.01280793545
0.960908681934
1.00425048967
0.890382813268
1.7768631736
0.803707750854
0.90084437896
0.954528160737
1.00491049184
0.96164128265
1.07985396068
1.0194599905
0.924808570668
1.12522838347
1.11810731036
1.1124794415
1.10701077011
1.12333787714
1.10104918525
1.08045779655
1.01754075895
1.05254110816
0.93481842622
1.00798035858
1.0184731053
1.05646585722
0.975875576658
0.891162712085
0.851023120408
1.41451679356
0.690726301479
Repetition end
0
1
0
Repetition start
0.991923205025
0.974010052005
0.995110669924
0.966877639171
1.24036338466
0.815207527643
0.990285471439
1.03183640259
0.919543988473
0.902028453947
1.15264351227
0.991837967483
0.953258796197
0.997558014917
1.01670298588
0.966553428131
1.14207499096
1.14346412639
1.11703890533
1.08055458286
1.02854893888
1.03773721811
1.07831632775
1.07503848097
1.02795395479
0.924508682863
1.00473750985
1.12739836824
1.11857701634
1.01108258178
1.04505701885
0.939051111854
Repetition end
0
1
0
Repetition start
1.00831311752
1.0072907439
1.11183029957
0.994383328908
0.899843333023
0.900334807464
0.947045332079
0.9920048846
1.0195939823
0.974792361998
0.946994127123
0.989933494889
0.938067967507
1.08198233607
1.05799597934
1.21590182786
1.10907357614
1.08378779545
1.06868746007
1.05305233048
1.07901230352
1.04506713713
1.0237551371
1.01745231458
0.964753764508
1.01722471357
1.00519572095
0.954065230428
1.05043573442
1.00376090063
0.891013949358
0.975682747346
Repetition end
0
1
0
Repetition start
0.953946847778
0.972963585231
0.975443628221
1.05888734596
0.936385330502
0.93064890566
1.03999445466
1.00569371831
1.02493568501
0.932051995663
0.840864142717
1.02817526045
1.04603526434
1.07947057741
1.10697589957
1.04675441731
1.14344327076
1.11501065831
1.07257666185
1.05821770503
1.04305176458
1.06363464876
1.12152084994
1.00137163135
1.14111459525
1.03907091453
0.963142536166
0.944704045186
0.983415732284
0.910470509201
2.07323385552
0.995223121133
Repetition end
0
1
0
Repetition start
1.00739934496
0.973862359814
0.983654869535
1.00188073423
1.0802650083
0.645311709581
1.07402316134
0.956584440757
1.03733531193
1.13331751419
1.05658852595
0.996891341927
0.990107396504
0.894895714636
1.04802932014
1.13107201285
1.05510931057
1.14507019809
1.10547188061
1.07542902999
1.07704001233
1.02194206713
1.028808429
0.981839593289
1.04061567414
1.01112558032
1.00950048902
1.04847033843
0.986506411991
0.929308046512
1.3899873453
1.03624027101
Repetition end
0
0
0
Repetition start
0.828852014987
1.11023177387
0.958999872568
0.888207773443
1.03379532585
0.90726916169
0.907148943025
1.03679869285
1.08155143855
1.02675181186
0.962989471268
1.17459018395
1.13255663317
1.11148118673
1.1355878999
1.1008640757
1.0928268982
1.12180072477
1.07852837715
1.08797967262
1.03471954239
1.03033636904
1.04398952137
1.00168140809
0.984103364023
1.01099948465
1.09132867918
0.906385974713
0.99246804146
0.981057343735
0.872653102186
2.00104057634
Repetition end
0
1
0
