Repetition start
0.973327636719
0.975219726562
0.999328613281
0.99365234375
0.994140625
0.994812011719
0.959655761719
0.974609375
0.995178222656
0.990966796875
0.996337890625
0.998291015625
0.98095703125
0.993469238281
0.984680175781
0.949829101562
0.952697753906
1.01086425781
0.989135742188
0.962768554688
Repetition end
0
Repetition start
0.95849609375
1.46734619141
1.58123779297
1.7197265625
1.64831542969
1.44757080078
1.38262939453
1.37091064453
1.38122558594
1.50830078125
1.52124023438
1.58587646484
1.55780029297
1.60791015625
1.69622802734
1.39495849609
1.80621337891
0.856750488281
0.75341796875
1.09240722656
Repetition end
1
Repetition start
0.979797363281
1.62023925781
1.65576171875
1.69885253906
1.63977050781
1.75311279297
1.76959228516
1.41973876953
1.45843505859
1.52307128906
1.64477539062
1.63018798828
1.640625
1.7158203125
1.54522705078
1.43145751953
1.55029296875
-0.0836181640625
1.05914306641
0.984497070312
Repetition end
1
Repetition start
1.22680664062
1.62451171875
1.75402832031
1.62945556641
1.73858642578
1.67974853516
1.7265625
1.48614501953
1.46209716797
1.28363037109
1.30456542969
1.41101074219
1.42218017578
1.66564941406
1.65771484375
1.40911865234
1.47485351562
2.08721923828
0.62158203125
1.26208496094
Repetition end
1
Repetition start
1.39868164062
1.17779541016
1.49975585938
1.80670166016
1.62152099609
1.68884277344
1.70617675781
1.70764160156
1.72082519531
1.47833251953
1.56890869141
1.67443847656
1.69543457031
1.70227050781
1.74719238281
1.32739257812
1.16662597656
1.13616943359
0.386413574219
0.677856445312
Repetition end
1
Repetition start
0.382385253906
1.19281005859
1.24078369141
1.54718017578
1.40240478516
1.74462890625
1.70684814453
1.77880859375
1.72064208984
1.77807617188
1.46514892578
1.48431396484
1.59661865234
1.47296142578
1.63690185547
1.67132568359
1.67486572266
1.70904541016
1.45849609375
0.629211425781
Repetition end
1
Repetition start
1.55389404297
1.69805908203
1.71636962891
1.68707275391
1.82476806641
1.82775878906
1.83343505859
1.85559082031
1.66534423828
1.73425292969
1.69891357422
1.66632080078
1.75152587891
1.68023681641
1.67974853516
1.49194335938
1.15954589844
1.330078125
0.217529296875
0.427001953125
Repetition end
1
Repetition start
1.06170654297
0.94189453125
1.62445068359
1.67071533203
1.69989013672
1.80523681641
1.72088623047
1.77905273438
1.70324707031
1.67803955078
1.64916992188
1.55346679688
1.5625
1.69360351562
1.76318359375
1.49304199219
1.44293212891
1.31317138672
0.983825683594
0.785095214844
Repetition end
1
Repetition start
1.05749511719
0.876647949219
1.16009521484
1.38159179688
1.30340576172
1.49261474609
1.63128662109
1.55975341797
1.7587890625
1.70623779297
1.72045898438
1.7001953125
1.76721191406
1.81170654297
1.75268554688
1.74890136719
1.04315185547
1.12860107422
0.826782226562
0.656311035156
Repetition end
1
Repetition start
0.437438964844
0.579467773438
1.55010986328
1.79650878906
1.74969482422
1.64398193359
1.65905761719
1.69592285156
1.72265625
1.75219726562
1.83746337891
1.75744628906
1.77270507812
1.74450683594
1.67028808594
1.58697509766
1.49597167969
1.34777832031
1.43182373047
0.571838378906
Repetition end
1
Repetition start
0.399047851562
1.84350585938
1.43927001953
1.30645751953
1.39251708984
1.62188720703
1.77423095703
1.50543212891
1.53674316406
1.42108154297
1.46984863281
1.56286621094
1.56408691406
1.78039550781
1.79174804688
1.68872070312
1.63391113281
0.802062988281
0.916564941406
0.643005371094
Repetition end
1
Repetition start
0.920043945312
1.29010009766
1.47973632812
1.40545654297
1.45330810547
1.62872314453
1.68792724609
1.54180908203
1.5576171875
1.45843505859
1.67083740234
1.74487304688
1.62091064453
1.72668457031
1.68499755859
1.40686035156
1.38934326172
1.34350585938
0.583557128906
0.418579101562
Repetition end
1
Repetition start
1.74548339844
1.47399902344
1.826171875
1.68188476562
1.76013183594
1.658203125
1.521484375
1.57659912109
1.78106689453
1.74389648438
1.73913574219
1.71594238281
1.66137695312
1.50750732422
1.61999511719
1.15747070312
0.796325683594
0.825866699219
1.02905273438
0.907470703125
Repetition end
1
Repetition start
0.54833984375
1.06115722656
1.70227050781
1.73150634766
1.71099853516
1.64019775391
1.5986328125
1.64093017578
1.60467529297
1.62579345703
1.68035888672
1.50231933594
1.76623535156
1.76739501953
1.61053466797
1.39898681641
1.16632080078
1.81982421875
0.792541503906
0.988159179688
Repetition end
1
Repetition start
0.914001464844
1.52178955078
1.38781738281
1.60223388672
1.69378662109
1.82427978516
1.70465087891
1.67962646484
1.57348632812
1.60327148438
1.61468505859
1.64282226562
1.77911376953
1.61370849609
1.7685546875
1.62933349609
1.43701171875
0.988647460938
1.00140380859
0.413269042969
Repetition end
1
Repetition start
0.598266601562
1.41845703125
1.79486083984
1.71807861328
1.73071289062
1.75030517578
1.79522705078
1.67797851562
1.59613037109
1.78759765625
1.80841064453
1.52642822266
1.44934082031
1.21459960938
1.01043701172
0.732543945312
0.519287109375
0.356079101562
0.570373535156
0.609619140625
Repetition end
1
Repetition start
1.29010009766
1.17388916016
1.49621582031
1.68487548828
1.73303222656
1.57476806641
1.45477294922
1.58062744141
1.62841796875
1.80267333984
1.75531005859
1.72747802734
1.76184082031
1.63909912109
1.37341308594
1.23486328125
1.12878417969
0.524108886719
0.425598144531
0.44873046875
Repetition end
1
Repetition start
1.11505126953
1.44097900391
1.50152587891
1.57696533203
1.59295654297
1.73016357422
1.69500732422
1.78717041016
1.73126220703
1.59613037109
1.63604736328
1.54833984375
1.66851806641
1.66528320312
1.66802978516
1.77142333984
1.7587890625
1.74212646484
1.40637207031
1.34686279297
Repetition end
1
Repetition start
0.820617675781
0.780212402344
1.10510253906
1.41021728516
1.63836669922
1.78997802734
1.71875
1.48657226562
1.50140380859
1.53283691406
1.59844970703
1.7138671875
1.69787597656
1.74871826172
1.77221679688
1.56396484375
1.48815917969
1.47894287109
1.10968017578
1.10229492188
Repetition end
1
Repetition start
1.63153076172
1.2255859375
1.21862792969
1.28106689453
1.30798339844
1.75457763672
1.85998535156
1.43377685547
1.45233154297
1.51013183594
1.55975341797
1.70660400391
1.72692871094
1.62426757812
1.26898193359
1.09484863281
1.10589599609
0.632019042969
0.619750976562
0.643920898438
Repetition end
1
Repetition start
1.19671630859
1.56982421875
1.71685791016
1.77648925781
1.78991699219
1.77325439453
1.837890625
1.95318603516
1.59680175781
1.54248046875
1.49371337891
1.57312011719
1.64678955078
1.71856689453
1.79718017578
1.82629394531
1.60626220703
1.33087158203
0.546813964844
0.538696289062
Repetition end
1
Repetition start
1.21118164062
1.39440917969
1.43469238281
1.52191162109
1.61413574219
1.63671875
1.77172851562
1.77099609375
1.51495361328
1.39953613281
1.57952880859
1.61499023438
1.61352539062
1.80676269531
1.75408935547
1.68145751953
1.22424316406
1.064453125
1.00323486328
0.547302246094
Repetition end
1
Repetition start
0.984191894531
0.942810058594
0.937438964844
0.85888671875
0.812744140625
0.795471191406
0.78515625
0.766723632812
0.787719726562
0.751159667969
0.716430664062
0.728637695312
0.730346679688
0.748046875
0.76513671875
0.727478027344
0.701538085938
0.675109863281
0.660888671875
0.6806640625
Repetition end
0
Repetition start
0.623107910156
0.7685546875
0.747741699219
1.21685791016
0.732299804688
1.23443603516
1.05224609375
1.22076416016
1.45086669922
1.51080322266
1.70758056641
1.51232910156
1.39453125
1.35266113281
1.38061523438
1.25933837891
1.11077880859
1.20697021484
-0.232543945312
0.776611328125
Repetition end
0
Repetition start
0.738159179688
1.24816894531
1.28961181641
1.18322753906
1.26098632812
1.38244628906
1.61505126953
1.51287841797
1.51409912109
1.37982177734
1.46917724609
1.451171875
1.33898925781
0.708618164062
0.870971679688
0.871215820312
0.754211425781
0.953369140625
1.09167480469
0.6083984375
Repetition end
0
