Repetition start
1.28344726562
1.33953857422
1.32611083984
1.41363525391
1.65649414062
1.2236328125
1.62286376953
1.15881347656
1.16265869141
0.453125
-0.465270996094
1.67541503906
0.872741699219
0.932922363281
0.984558105469
1.06329345703
1.46051025391
1.47790527344
1.38201904297
1.20928955078
Repetition end
0
Repetition start
1.1787109375
1.16436767578
1.22003173828
1.26007080078
1.69256591797
1.48217773438
1.52520751953
1.24163818359
0.398071289062
-0.0269775390625
0.484130859375
0.371032714844
1.45074462891
0.640686035156
1.06890869141
0.960144042969
1.28918457031
1.33129882812
1.56628417969
1.22875976562
Repetition end
0
Repetition start
1.13977050781
1.22125244141
1.17596435547
1.37042236328
1.27221679688
1.36865234375
0.729248046875
-0.0398559570312
0.212646484375
0.0203247070312
0.711364746094
1.01489257812
0.789855957031
1.18005371094
1.18096923828
1.28656005859
1.11932373047
1.35601806641
1.24884033203
1.24322509766
Repetition end
0
Repetition start
1.20538330078
1.23773193359
1.27276611328
1.31146240234
1.36279296875
1.39562988281
1.41534423828
1.02032470703
1.18414306641
0.3935546875
0.042724609375
0.377075195312
-0.482116699219
1.22064208984
1.02886962891
1.44818115234
1.09741210938
1.4482421875
1.33978271484
1.30578613281
Repetition end
0
Repetition start
1.07922363281
1.22076416016
1.35955810547
1.44470214844
1.34582519531
1.41821289062
1.58258056641
1.49383544922
1.23333740234
1.21704101562
1.31390380859
1.33245849609
-0.342407226562
0.541320800781
0.585998535156
0.243957519531
0.159545898438
0.919677734375
1.14105224609
1.23223876953
Repetition end
0
Repetition start
1.09594726562
1.14404296875
1.22100830078
1.22515869141
1.40386962891
1.36053466797
1.56951904297
1.38952636719
1.56695556641
1.26037597656
1.06732177734
0.951049804688
1.22406005859
1.27789306641
0.975158691406
1.06945800781
1.42248535156
1.38751220703
1.26623535156
1.23620605469
Repetition end
0
Repetition start
1.22100830078
1.29302978516
1.41912841797
1.50170898438
1.42242431641
1.15863037109
1.08227539062
1.01867675781
0.342163085938
0.0439453125
0.0911254882812
-0.222045898438
1.24963378906
1.21887207031
0.837341308594
1.24566650391
1.54028320312
1.07287597656
1.37933349609
1.15649414062
Repetition end
0
Repetition start
1.13311767578
1.33447265625
1.41986083984
1.36627197266
1.50427246094
1.48211669922
1.32952880859
1.05651855469
1.13171386719
0.662536621094
0.126159667969
0.535522460938
0.428649902344
0.302368164062
1.20709228516
0.748657226562
1.35900878906
1.33911132812
1.27722167969
1.31457519531
Repetition end
0
Repetition start
1.17730712891
1.17779541016
1.27368164062
1.37677001953
1.32330322266
1.18725585938
0.706481933594
0.615112304688
-0.091064453125
0.0254516601562
0.228637695312
-0.275207519531
2.32318115234
1.14910888672
1.18548583984
1.22650146484
1.29833984375
1.32580566406
1.193359375
1.2392578125
Repetition end
0
Repetition start
1.07922363281
1.11663818359
1.20928955078
1.34790039062
1.39526367188
1.29925537109
1.14971923828
1.01477050781
0.740112304688
0.870239257812
0.641845703125
-0.200805664062
-0.00067138671875
0.124694824219
1.05395507812
1.0927734375
1.31439208984
1.26550292969
1.24267578125
1.03155517578
Repetition end
0
