Repetition start
0.459655761719
1.11926269531
0.978271484375
1.09887695312
1.28918457031
1.36492919922
1.40100097656
1.63098144531
1.61566162109
1.47351074219
1.48345947266
1.27307128906
1.35260009766
1.39685058594
1.43310546875
1.47595214844
1.32177734375
1.11834716797
0.990905761719
0.337707519531
Repetition end
1
Repetition start
0.266174316406
0.289855957031
0.332214355469
0.592590332031
1.04699707031
1.16369628906
1.14233398438
1.47009277344
1.60589599609
1.66815185547
1.33392333984
1.29327392578
1.4130859375
1.40856933594
1.40411376953
1.46026611328
1.42901611328
1.15740966797
0.367980957031
-0.870056152344
Repetition end
1
Repetition start
0.447204589844
0.373474121094
0.445434570312
0.114074707031
1.1630859375
0.961975097656
1.26672363281
1.50152587891
1.44647216797
1.47192382812
1.37225341797
1.3505859375
1.28521728516
1.24328613281
1.35894775391
1.51226806641
1.60345458984
1.59643554688
1.3681640625
0.496337890625
Repetition end
1
Repetition start
0.815612792969
1.30297851562
1.18182373047
1.48406982422
1.57281494141
1.49102783203
1.37390136719
1.29400634766
1.32202148438
1.25219726562
1.29553222656
1.49230957031
1.59594726562
1.48864746094
1.63934326172
1.49829101562
1.20623779297
0.980895996094
1.88201904297
0.190185546875
Repetition end
1
Repetition start
0.3095703125
0.0232543945312
0.13525390625
1.00463867188
1.65808105469
1.4580078125
1.47644042969
1.37731933594
1.34875488281
1.26440429688
1.29431152344
1.37854003906
1.40216064453
1.51727294922
1.50427246094
1.41931152344
1.57659912109
1.36712646484
1.39636230469
1.04620361328
Repetition end
1
Repetition start
0.517150878906
0.388122558594
0.422668457031
0.474365234375
0.381103515625
1.05035400391
0.949890136719
1.06713867188
1.44165039062
1.54748535156
1.62280273438
1.28820800781
1.38226318359
1.40368652344
1.48559570312
1.50506591797
1.53930664062
1.49389648438
1.39630126953
1.55584716797
Repetition end
1
Repetition start
0.277893066406
0.301635742188
0.116333007812
-0.200988769531
0.669067382812
0.777893066406
1.24652099609
1.38311767578
1.30859375
1.39605712891
1.40551757812
1.36657714844
1.36755371094
1.28094482422
1.45971679688
1.49481201172
1.55822753906
1.61920166016
1.32720947266
1.09283447266
Repetition end
1
Repetition start
0.3330078125
0.0184326171875
1.24035644531
1.20306396484
1.10266113281
1.43743896484
1.30694580078
1.41784667969
1.34289550781
1.25939941406
1.33843994141
1.33331298828
1.51800537109
1.47491455078
1.38232421875
1.29772949219
1.28503417969
1.15252685547
1.38012695312
0.363647460938
Repetition end
1
Repetition start
0.279846191406
0.181579589844
0.868469238281
1.07843017578
1.62335205078
1.39514160156
1.40417480469
1.37762451172
1.54406738281
1.25286865234
1.33453369141
1.31646728516
1.443359375
1.47845458984
1.55029296875
1.54156494141
1.5849609375
1.52276611328
1.46905517578
-0.255493164062
Repetition end
1
Repetition start
0.46630859375
1.04571533203
1.26501464844
1.61041259766
1.513671875
1.39422607422
1.45684814453
1.50469970703
1.37188720703
1.27520751953
1.17956542969
1.345703125
1.40930175781
1.46722412109
1.35791015625
1.74420166016
1.15093994141
1.25616455078
0.2470703125
0.656311035156
Repetition end
1
Repetition start
0.415161132812
-1.54553222656
0.477416992188
1.27313232422
1.57025146484
1.48773193359
1.45684814453
1.47607421875
1.36871337891
1.24731445312
1.37353515625
1.48565673828
1.484375
1.53924560547
1.57440185547
1.46630859375
1.21142578125
1.23175048828
0.0618286132812
0.272399902344
Repetition end
1
Repetition start
-0.133056640625
-0.290161132812
1.25952148438
1.28088378906
1.34796142578
1.45153808594
1.59924316406
1.55114746094
1.38177490234
1.35498046875
1.44879150391
1.30792236328
1.2841796875
1.27239990234
1.38018798828
1.36059570312
1.42840576172
1.54016113281
1.36492919922
1.39947509766
Repetition end
1
Repetition start
0.510925292969
0.246520996094
1.01452636719
1.2001953125
1.23999023438
1.24371337891
1.50256347656
1.40240478516
1.24114990234
1.30535888672
1.35284423828
1.42413330078
1.49377441406
1.56616210938
1.65057373047
1.40704345703
1.39379882812
1.32232666016
1.34887695312
0.617553710938
Repetition end
1
Repetition start
0.329711914062
0.334655761719
-0.407043457031
0.607788085938
1.29064941406
1.08648681641
1.24102783203
1.41650390625
1.17535400391
1.20660400391
1.19671630859
1.30932617188
1.35150146484
1.43280029297
1.55426025391
1.4775390625
1.48706054688
1.34423828125
0.948486328125
0.667846679688
Repetition end
1
Repetition start
0.31005859375
0.523864746094
0.531127929688
1.09875488281
1.22882080078
1.43908691406
1.40155029297
1.39398193359
1.35021972656
1.42791748047
1.47747802734
1.53509521484
1.37524414062
1.53308105469
1.27874755859
1.37390136719
0.824035644531
2.00982666016
0.747863769531
0.759155273438
Repetition end
1
Repetition start
0.507385253906
1.47467041016
1.3681640625
1.61676025391
1.51971435547
1.42877197266
1.41064453125
1.26251220703
1.18182373047
1.22448730469
1.28796386719
1.36163330078
1.41497802734
1.49865722656
1.56298828125
1.57360839844
1.2294921875
1.19104003906
0.035888671875
0.841430664062
Repetition end
1
Repetition start
0.254272460938
0.455322265625
1.28436279297
1.04010009766
1.40051269531
1.43310546875
1.44622802734
1.36669921875
1.30657958984
1.30200195312
1.22161865234
1.37054443359
1.38391113281
1.45764160156
1.59020996094
1.50299072266
1.61596679688
1.47381591797
0.96435546875
-0.0843505859375
Repetition end
1
Repetition start
0.348999023438
0.9462890625
0.630065917969
1.21929931641
1.43676757812
1.51995849609
1.5732421875
1.38354492188
1.27624511719
1.41723632812
1.40795898438
1.52075195312
1.43109130859
1.58807373047
1.51177978516
1.76123046875
1.30944824219
1.15008544922
0.933166503906
0.799194335938
Repetition end
1
Repetition start
0.439819335938
0.2412109375
1.16180419922
1.2392578125
1.31341552734
1.46264648438
1.38330078125
1.56311035156
1.41906738281
1.24884033203
1.30603027344
1.26007080078
1.31439208984
1.44171142578
1.57348632812
1.49975585938
1.6337890625
1.55981445312
1.30322265625
1.06085205078
Repetition end
1
Repetition start
-0.047119140625
0.142028808594
0.794372558594
1.64300537109
1.39147949219
1.65985107422
1.43762207031
1.36578369141
1.26086425781
1.02716064453
1.28826904297
1.51440429688
1.54241943359
1.54797363281
1.43432617188
1.36486816406
1.35748291016
1.25030517578
0.973205566406
0.819396972656
Repetition end
1
Repetition start
0.318786621094
0.264404296875
-0.0243530273438
1.28442382812
1.20465087891
1.20477294922
1.49005126953
1.32952880859
1.40899658203
1.23907470703
1.369140625
1.36737060547
1.42651367188
1.51611328125
1.63824462891
1.33734130859
1.56585693359
1.630859375
1.44299316406
0.648864746094
Repetition end
1
Repetition start
0.515502929688
1.05670166016
1.24859619141
1.44195556641
1.43798828125
1.23266601562
1.36944580078
1.63830566406
1.24908447266
1.41967773438
1.60327148438
1.22192382812
1.18499755859
1.21820068359
1.33319091797
1.46856689453
1.58709716797
1.14581298828
1.35510253906
0.0546875
Repetition end
1
Repetition start
0.407287597656
0.439819335938
0.21630859375
-0.396301269531
1.25225830078
1.20141601562
1.48474121094
1.33068847656
1.57659912109
1.23431396484
1.32666015625
1.08953857422
1.26635742188
1.30505371094
1.43341064453
1.73107910156
1.48400878906
1.34362792969
1.03662109375
1.10681152344
Repetition end
1
Repetition start
-0.452819824219
0.69189453125
1.05078125
1.10382080078
1.45916748047
1.44561767578
1.49353027344
1.46295166016
1.42932128906
1.50183105469
1.31805419922
1.20599365234
1.18426513672
1.20587158203
1.48992919922
1.59460449219
1.37554931641
1.29370117188
1.05798339844
0.358093261719
Repetition end
1
Repetition start
0.5595703125
0.19970703125
0.19970703125
0.769104003906
0.322204589844
0.322204589844
0.532775878906
0.466674804688
0.466674804688
0.319213867188
0.558288574219
0.558288574219
0.558288574219
0.360290527344
0.480407714844
0.409118652344
0.409118652344
0.409118652344
0.488159179688
0.488159179688
Repetition end
0
