3172 18731 -6603
 3272 18272 -4926
 3624 17716 -2826
 3762 16346 -3558
 3385 17269 -3325
 4633 12437 -1963
 2834 14212 -1275
 3851 14528 -1580
 5133 16568 -288
 3571 13405 -2638
 3935 17499 -3344
 4849 18713 -2350
 5224 17151 -2787
 3709 16203 -2765
 5034 15877 -2746
 5110 23925 -2168
 7410 12234 793
 6437 15119 4982
 6981 14621 9062
 9191 12189 7622
 7162 14286 6252
 7635 13459 7771
 9367 14430 9002
 9361 13136 6584
 7113 13723 8291
 7379 12411 7307
 6334 15081 5612
 7120 16186 5638
 6195 14769 3969
 5690 14535 1915
 6682 17644 2829
 7206 16230 1496
 7061 16350 1175
 4433 17114 1447
 4149 17031 1081
 3747 18559 752
 5002 15598 -22
 5489 17551 712
 4635 17074 740
 4209 16964 -415
 3563 17450 -686
 4862 17519 1092
 3304 17266 957
 3476 17326 721
 3610 17238 892
 3003 17334 1335
 2870 17093 652
 2579 17563 1098
 3082 17207 797
 2582 17038 785
 2803 17616 435
 2740 17579 899
 2681 17180 877
 2681 17447 586
 2227 17419 744
 2454 17626 723
 2237 17131 591
 1864 17337 977
 2198 17825 1642
 1906 17496 947
 1965 17176 910
 1592 17206 1073
 1572 17423 730
 1760 17269 1135
 1529 18080 1400
 1844 17145 1057
 1803 17837 1250
 1426 17405 1472
 2301 18157 1716
 1870 17991 43
 2391 18005 318
 2095 16164 1105
 2420 17306 1383
 2528 17742 1337
 2163 17476 1408
 2456 17335 1625
 2161 17534 2078
 1706 17081 1779
 2262 17539 2165
 3401 16887 2181
 2718 17342 2970
 1996 17170 2553
 2450 17495 2451
 2763 17212 2315
 2527 17233 2194
 1876 17329 2491
 2131 17097 2366
 2609 17407 2578
 2064 17461 2294
 2331 17019 2296
 2229 17194 2499
 2341 17429 2436
 1966 17374 2585
 2598 17144 2675
 1879 17362 2751
 1821 17441 2746
 2385 17124 2256
 2873 17200 2185
 1361 17567 2173
 1684 17527 2279
 70 17360 2508
 1737 17488 2344
 1430 17318 2309
 1716 17316 2648
 1557 17316 2198
 1587 17425 2545
 939 17391 2351
 829 17010 2842
 1799 17690 1902
 -1109 17205 2076
 4135 17270 2484
 464 17534 3567
 1716 18084 3184
 3035 16517 2294
 3453 17052 2732
 3734 16873 2680
 2460 17289 2917
 3807 17193 2698
 2080 16768 2572
 2394 17369 3031
 2381 16935 2121
 2382 17160 3245
 990 17199 2958
 4600 16455 3064
 1183 17158 3155
 1754 17306 2870
 1774 17282 2918
 2238 17120 2864
 1265 17390 3019
 3108 16773 2242
 2080 17288 2897
 6581 16332 2900
 2455 17274 3429
 1971 17021 2877
 2772 17234 2853
 2223 17263 2883
 1959 17151 2711
 2560 17182 2863
 2346 17147 2783
 1870 17116 2823
 2569 17352 2918
 2582 17059 2992
 2049 17151 2906
 1906 17243 2725
 1861 17402 2978
 2773 17089 2822
 2536 17129 2946
 2610 17178 2643
 2692 17316 2447
 2678 17145 2672
 1127 17287 2431
 2990 17103 2243
 2105 17300 2504
 2097 17234 2186
 3578 17110 1932
 1245 17388 2358
 3835 16720 1999
 1370 17196 2276
 1729 17333 2568
 1360 17587 2981
 9668 17702 4809
 2045 20404 2965
 1184 17426 2984
 2956 17180 1794
 2760 17103 1558
 2060 17183 2396
 2288 17309 2654
 2644 17290 2551
 2635 17089 2966
 2699 16742 2992
 2699 16943 3228
 2914 17059 3144
 3355 16880 3738
 1853 16767 3333
 1735 16955 3734
 1895 17163 3452
 1988 17364 3405
 -299 17473 1960
 -486 17774 2524
 1637 17191 2463
 1970 17350 2251
 2504 16950 2722
 2331 17014 2811
 2127 17079 3055
 2481 17165 3134
 1746 17024 3431
 2384 17153 3064
 2585 17024 3110
 2568 17000 3088
 2555 17020 3285
 2531 17186 3085
 2542 17183 3070
 2566 16953 3744
 2439 17029 2840
 2320 17144 3119
 2401 17167 3030
 2386 17116 3054
 2419 17225 3083
 2388 17306 3474
 2820 16990 3517
 2190 17056 3515
 2811 17066 3406
 1926 17050 3638
 2311 16858 3323
 3259 16704 3130
 2600 16868 3506
 2806 16989 3510
 2961 16734 3495
 2603 17060 3695
 1639 17104 3117
 2515 17077 3663
 1513 17068 3477
 2229 17010 3575
 3020 17179 3790
 1170 16950 3369
 2432 17336 3710
 2745 16755 3500
 2368 17110 3342
 2299 17239 3483
 2235 16998 3703
 2698 16950 3297
 2439 16721 3436
 3216 16922 2988
 2199 17264 3525
 2822 17249 3247
 2239 16760 4023
 2682 17092 4060
 1576 17108 3647
 3401 17473 4202
 2499 17067 3402
 4081 17365 3818
 2139 16601 3737
 3897 16572 3432
 2729 17216 3162
 2835 16963 3313
 3143 17310 3216
 2791 16841 3221
 2061 17284 3711
 1077 16877 3291
 5550 17580 3002
 2256 16448 3184
 2269 17954 3404
 1607 17280 2983
 1987 17106 2959
 1981 17185 3038
 1756 17179 3046
 2069 17283 2947
 2011 17154 2973
 2035 17265 3303
 1934 16882 3275
 2012 17554 3263
 1826 17137 3159
 1866 17092 3382
 1989 16795 3076
 2025 17286 3446
 2052 17191 3565
 1552 17252 4047
 2892 16646 4061
 2634 16672 3423
 2520 17378 3568
 2293 16485 4015
 666 17111 3051
 1318 17418 3949
 3931 16216 4326
 2834 16567 4679
 1701 16981 4663
 2790 17062 5069
 1456 16171 5096
 3356 16254 5207
 3092 15804 5163
 5069 15498 5673
 5650 16166 8553
 4570 12414 7612
 7580 13698 7676
 9000 15356 5243
 7962 14575 7173
 10707 14272 8987
 -43 14316 8365
 5027 15265 8528
 5481 13009 7714
 4574 13810 8282
 5545 13383 7571
 4718 15705 7715
 2134 15203 12845
 2134 11750 9722
 3403 16867 7332
 1264 15674 7543
 1724 16223 6081
 2388 16192 5903
 2243 14941 5761
 2974 15077 5406
 2553 15634 7121
 1990 14420 7227
 2225 16124 6882
 3582 19918 7638
 2125 12861 5671
 2904 17989 5632
 1755 17477 5111
 2245 16112 4104
 3002 16848 4626
 2085 16225 5322
 2027 13608 6303
 2917 14329 4357
 3260 26346 4997
 2112 12513 3542
 3755 18891 5024
 2175 14435 3501
 1622 15278 4082
 2322 18033 4811
 2969 17645 5720
 1774 16169 5638
 2555 16796 5859
 2282 16858 6090
 2666 16524 6465
 2444 15126 6008
 3174 16206 6079
 5432 18224 6312
 1242 11571 7795
 1581 14058 8932
 -215 11728 9544
 -1623 13862 10094
 -2325 9650 11676
 -1457 9174 12408
 -8212 3018 17372
 2321 6546 18958
 627 -3402 18972
 -484 -6773 17689
 1994 -8763 16845
 4485 -21811 21553
 965 -412 12049
 3697 -6040 14373
 1740 -3571 16240
 -262 -5162 15959
 215 -4152 15190
 -161 -5121 15314
 -192 -6191 14362
 348 -6449 14516
 1029 -6345 14571
 1183 -5952 14510
 755 -6073 15536
 1820 -6092 14003
 967 -6206 14886
 1348 -6145 14577
 660 -6026 14579
 571 -6593 14553
 108 -6878 13984
 541 -7492 14324
 1408 -6887 13540
 1139 -7677 14179
 719 -9274 15162
 314 -7128 14145
 774 -7712 14751
 1109 -5419 15083
 445 -6396 14376
 789 -5649 14496
 592 -7311 14491
 122 -6422 14834
 303 -5761 15264
 1097 -5736 12106
 480 -4913 14955
 460 -4760 15673
 413 -3583 15986
 266 -3596 15655
 410 -3280 15539
 723 -4557 15114
 -357 -6228 15166
 221 -5272 15070
 419 -4771 14772
 845 -4371 15555
 658 -3704 15517
 495 -3762 15591
 346 -4066 15709
 375 -3989 15584
 145 -4014 15415
 213 -3955 15403
 295 -4283 15095
 65 -4908 15243
 120 -4748 14936
 358 -5057 15136
 556 -4414 15476
 487 -4478 15246
 470 -5613 15060
 643 -5284 15128
 490 -4760 15336
 350 -4409 15415
 442 -4604 15315
 303 -4792 15150
 -76 -4811 15108
 85 -4754 15209
 111 -4945 15102
 370 -4593 15236
 470 -4988 15200
 226 -4879 15089
 242 -5047 15008
 370 -5032 15098
 556 -5131 15019
 431 -5141 15068
 333 -5112 15180
 425 -4937 15062
 302 -5085 15115
 359 -5175 15026
 408 -4951 15077
 347 -4997 15018
 318 -5047 15119
 455 -5014 15145
 385 -5035 15131
 372 -5001 15187
 388 -5113 15071
 463 -5301 15000
 347 -5289 14988
 521 -4971 15132
 434 -4826 15163
 186 -4899 15033
 -10 -5014 15164
 135 -5112 15042
 298 -4934 15195
 391 -4588 15249
 256 -5016 15113
 380 -5383 15037
 497 -5144 15035
 455 -5014 15176
 553 -4831 15120
 456 -4857 15191
 250 -4787 15217
 -234 -5998 14391
Repetition Start
 671 -5854 15448
 -1651 -6434 15230
 256 -9397 20728
 1610 -5005 10926
 3264 -3841 13410
 2686 -1677 17329
 1091 50 16393
 875 331 14822
 -280 1983 16301
 397 1267 16122
 405 3127 17322
 898 2063 15621
 1735 3547 15840
 1719 5425 15219
 2303 6083 14568
 1423 8389 15558
 1867 8032 13178
 2217 9853 13714
 2637 10161 13924
 2602 10295 13574
 2155 11895 10843
 1930 13141 9071
 2650 14803 6852
 2662 16441 5730
 2548 16132 3900
 2842 17081 2638
 2456 17792 1039
 2811 19022 341
 3053 17949 -91
 2636 17796 426
 2891 17788 1482
 2819 17729 2338
 3136 17318 3757
 2757 16768 4780
 2776 15196 5508
 2418 14764 7000
 2194 12849 8536
 2131 12701 10746
 3254 12700 10515
 1466 9563 11914
 1759 7628 13364
 -204 5249 12409
 698 5638 15320
 735 3069 14519
 306 869 16244
 1978 426 13831
 -847 -663 29773
 -1703 -12500 9719
 962 -10991 12646
 419 -9617 14731
 61 -8302 12879
Repetition End
1
 -465 -7893 13674
 -293 -7916 13867
 -253 -7738 13943
 253 -8106 13493
Repetition Start
 127 -8319 12553
 -1203 -9535 15487
 806 -10807 15444
 -1459 -2797 13965
 5483 -1025 17806
 1916 -1273 16511
 1699 1877 17165
 920 1967 16179
 1064 3370 16002
 1296 3091 14329
 1249 4588 15763
 1296 6144 15870
 1448 8293 15616
 1880 8591 13615
 2680 10456 11399
 1812 12893 11606
 3176 14112 10043
 2551 14793 7688
 2617 15538 5552
 2858 16902 3607
 3086 18246 2306
 2792 17495 1568
 2980 17924 222
 3725 17805 -341
 2844 17763 15
 3029 17506 865
 3300 18250 1602
 3320 17684 2074
 3210 17246 3266
 2785 16000 4220
 3026 16082 5702
 2863 15431 7238
 2821 13291 7813
 2997 13907 9556
 2222 11853 10664
 2010 11372 11655
 2345 8491 12577
 2191 8794 14575
 1887 6496 13342
 1396 5154 14538
 543 2724 14259
 989 2157 15817
 1321 841 15546
 -54 -4471 10554
 -1525 -15052 23665
 637 -20318 5426
 1188 -5484 11080
Repetition End
1
 -920 -10903 12408
 -893 -8894 13208
 322 -6760 13238
 279 -8479 13687
Repetition Start
 514 -7038 13851
 1023 -8441 13142
 22 -7864 13961
 472 -6933 13759
 155 -8110 13206
 -2022 -9918 13809
 -82 -10197 18181
 237 -2326 16697
 3492 4136 18453
 911 1074 17071
 519 286 14956
 829 1524 14278
 273 5754 16507
 343 3945 16466
 849 3689 15971
 981 6001 15943
 934 8556 15750
 76 7368 13756
 2651 9594 12356
 2301 11283 10115
 1679 12708 8232
 2115 14268 7393
 2111 16065 5940
 2080 16721 3682
 2262 17300 2566
 2108 17679 1270
 2890 18518 532
 2294 18254 211
 2763 18248 -484
 2296 17595 -198
 2559 17810 1
 2617 18005 784
 2526 17750 1464
 2564 17299 2402
 2442 16997 3542
 2158 16928 5691
 2411 15710 6498
 2356 14433 7022
 2331 13912 8982
 1526 12450 9886
 3292 12143 10836
 2299 11622 12235
 1932 9804 12252
 2975 9707 13600
 1165 6544 14707
 3020 6551 15999
 2312 4638 16764
 2748 4566 16122
 1465 2680 15962
 1885 2248 13555
 2230 5248 15079
 313 2368 17987
 -887 -10495 19514
 365 -8514 11500
 977 -8898 13524
Repetition End
1
 643 -9543 14610
 636 -9341 13325
 -547 -8003 13627
 -182 -7793 13613
 12 -8235 14088
Repetition Start
 -1187 -11147 12451
 -1177 -12009 16207
 111 -7185 16620
 2520 -3686 14529
 2821 2130 18092
 2395 3195 15930
 821 3449 17078
 1297 2337 15729
 1191 5448 15618
 1284 5853 15587
 1062 6716 16537
 1851 8002 16230
 1689 8953 16418
 2200 8320 15249
 2501 8661 13267
 1660 9573 12318
 1982 11167 10976
 1750 12364 9367
 1675 14177 7687
 1906 15364 6200
 2584 15910 4016
 2442 17441 2651
 2068 17625 1508
 2421 18690 549
 2412 17989 -408
 2252 18327 -63
 2566 18070 541
 2291 17404 1531
 2206 17734 2202
 2397 17004 3269
 1920 16950 4398
 2058 16076 6016
 2021 15566 7240
 2370 14038 8042
 2464 13716 9968
 1634 13261 11009
 2211 11336 10843
 2886 12202 11771
 2903 8556 14013
 2348 8156 14044
 2636 7882 14265
 997 4484 14282
 1603 3216 14130
 1306 2090 14241
 89 1198 14784
 1548 -634 15905
 623 -1356 14194
 3454 10117 17264
 471 -259 30557
 -453 -17167 7503
 1938 -2587 14439
 1589 -12415 13942
Repetition End
1
 1495 -8193 14517
 -119 -9148 14018
Repetition Start
 -1189 -7459 13720
 -840 -10286 13677
 -623 -13614 14727
 -953 -15480 16814
 -3033 -3290 8539
 1486 1245 15499
 952 650 15738
 -15 185 16290
 -132 1455 11418
 424 4388 15673
 1056 4636 14851
 2587 6748 14163
 1539 8489 13465
 2665 11148 13353
 3407 11240 11582
 2960 11976 9938
 2926 13138 7824
 2232 15308 6348
 2712 16434 5044
 2700 16772 3094
 2717 17907 2274
 2711 19027 360
 2767 18239 -281
 2854 17891 -656
 2862 18075 -221
 3036 17735 241
 2653 17448 1105
 3002 17421 2163
 2907 17013 3053
 2757 16446 3621
 3001 16591 5267
 2663 15460 6523
 3036 14736 7953
 2659 14096 9613
 2288 11089 9877
 2840 11741 11250
 2511 11328 12824
 1823 10261 13567
 2585 7572 14186
 2466 5669 14264
 2873 4723 15330
 2749 4625 15504
 2245 2373 16594
 1281 -86 15946
 247 -6694 9576
 1342 -9141 6621
Repetition End
1
 1876 -3720 6380
 938 -11561 16287
 1786 -10824 12866
 436 -7926 14227
Repetition Start
 951 -6543 14065
 340 -8726 13607
 655 -8014 13718
 903 -7944 13966
 415 -8915 13105
 -65 -7725 15562
 -365 -14047 17993
 -879 -10575 17698
 7829 -1449 10829
 981 843 18016
 -123 1 15685
 1501 1157 13757
 -156 4197 13443
 2230 5709 15681
 1802 6822 16642
 3152 8331 13871
 3687 9730 11763
 3191 11599 11798
 2078 12401 11419
 2938 12374 8463
 2544 14997 7521
 2780 15370 6363
 3088 16003 4217
 2734 17937 3214
 2659 18239 1959
 2519 18110 1358
 2594 17996 1002
 2624 17822 785
 2845 17274 987
 2968 17640 1581
 2705 17361 2581
 2453 16948 3597
 3023 16857 4460
 2648 16423 5924
 2505 15134 6661
 2764 14321 7890
 2314 13526 8796
 2626 12371 10660
 2785 10581 11293
 2285 10505 12430
 3397 10144 8660
 2644 7248 14584
 3042 6986 15546
 1589 7139 14149
 2807 5412 17272
 2143 2575 17170
 2067 1646 19546
 1845 151 20798
 -342 -16301 17675
Repetition End
1
 1619 -5626 8867
 600 -2417 17150
 -1170 -15318 12100
Repetition Start
 -408 -8115 13076
 -606 -8879 13792
 -329 -8671 13942
 -303 -7989 13217
 -1643 -10321 13870
 -384 -18226 15317
 -796 -10576 22334
 -1754 -3700 9237
 -1710 -1302 15757
 326 -1028 13757
 1813 1103 14456
 958 -1634 13816
 1196 4311 14916
 451 4327 14412
 1311 7177 14173
 1603 9363 14918
 1337 7939 12164
 801 9653 12419
 802 11607 10619
 1137 12587 8122
 1660 16870 7911
 1705 15922 4763
 2093 16535 3716
 2108 18133 2165
 2360 18044 1185
 2337 18354 538
 2404 18270 249
 2632 17594 325
 2661 17685 641
 2696 17540 1605
 2446 17738 2444
 2683 17624 3464
 2425 16930 4561
 2932 15895 5664
 2642 16262 6408
 2801 15503 7579
 2992 14017 8521
 2877 12134 9322
 2445 11631 10134
 2852 11214 12822
 2510 10167 13852
 2025 7365 12355
 2379 5597 14168
 1642 3904 14544
 1199 3173 13533
 1244 1490 14659
 1464 1075 14760
 2494 1576 17346
 1876 6777 18075
 5309 5561 27476
 -831 -15706 9674
Repetition End
1
 46 -6321 15709
 174 -12023 10970
 740 -9239 14601
 511 -9547 12985
Repetition Start
 57 -9005 12764
 -19 -8916 14391
 -1540 -10254 12906
 -1710 -13185 15197
 2215 -5803 14053
 -1008 -1636 21386
 152 -1111 16090
 84 2001 15461
 -514 4983 15853
 -107 4090 15728
 775 2864 14427
 2020 5790 15463
 2181 7268 14102
 2280 7161 11972
 3416 10585 12572
 2108 11734 9388
 2619 13926 8008
 2396 13917 5689
 2204 16483 5296
 2714 16563 3245
 2627 17993 1621
 3178 18720 1104
 2969 17744 -79
 2927 18447 -126
 3115 17468 -577
 2976 18012 -163
 2921 18098 382
 2912 17854 1163
 2721 17420 1704
 2608 16849 2604
 2706 16522 3840
 2763 17416 4740
 2796 16227 5848
 2658 14952 6555
 1683 11435 7243
 2611 12986 10429
 2035 10885 10911
 1138 9643 11867
 2700 9240 11891
 1889 6230 13143
 762 4920 14340
 1804 5323 17263
 812 3111 17131
 1520 1254 16109
 1168 896 15578
 2252 3925 20075
 -64 4310 18366
 -170 -6539 12667
Repetition End
1
 441 -6981 15159
 13 -9475 15544
 -12 -9337 12189
Repetition Start
 1642 -7658 13679
 -240 -9563 12665
 -149 -8449 13183
 -1128 -8751 11422
 -1819 -13793 18587
 -107 -2164 17937
 -1654 -4532 16307
 -332 2455 16202
 233 562 13434
 884 2393 14392
 2671 5297 15381
 2064 6355 15483
 3116 5758 16331
 2237 7208 17152
 1558 7978 13322
 1690 8014 13302
 1982 9433 11156
 2472 11888 9089
 1903 14752 7453
 2621 16565 6112
 2306 16763 3495
 2049 16597 1881
 2579 18422 864
 2184 18826 -121
 2690 18128 -948
 3040 18144 -1297
 3061 17603 -546
 3158 17690 -135
 2745 17448 1376
 2771 17375 2629
 2764 17109 3775
 2813 16586 4824
 2631 16041 6728
 3028 14759 7470
 2421 13367 8732
 2446 13411 10122
 2629 12242 10665
 2634 11536 11798
 3733 11368 13432
 1896 8642 14411
 2337 7180 14552
 2904 7555 15410
 1762 6209 17495
 2925 3643 14832
 3108 3263 16387
 2490 4339 15090
 2806 4981 14681
 7043 -1390 25127
 1918 -16029 9925
Repetition End
1
 3016 -6068 11327
 4313 -9327 12126
 1782 -8592 14474
 943 -8480 14072
Repetition Start
 549 -7511 14602
 420 -7390 13629
 57 -10222 15748
 -4435 -15670 25314
 -1059 -9625 16149
 -6513 -500 16671
 -1299 107 16692
 -1232 167 14716
 -603 2327 15409
 514 5333 15408
 1236 3904 15586
 2758 6833 16794
 2177 6295 14179
 2222 8810 13768
 2862 9738 12244
 2591 10062 10190
 3502 12492 7875
 2998 15007 6648
 3000 16482 4482
 2702 17559 2216
 2928 18200 1117
 2926 17982 -15
 3029 18682 -711
 2700 18400 -866
 2854 17982 -1212
 2505 17704 -883
 2801 18078 -286
 2204 17610 523
 2628 17899 1375
 2516 17232 1963
 2250 16744 3054
 2150 16447 4493
 2195 16267 5577
 1703 13799 6746
 2133 14586 8870
 2014 12336 9327
 1971 12358 10693
 1936 12074 11057
 1422 10046 12876
 2467 7643 13984
 1143 4328 15258
 2784 6988 18805
 535 3832 15773
 965 2510 15382
 1471 2500 16610
 1557 -8453 26606
 -270 -7098 11416
 1722 -5347 14378
Repetition End
1
 495 -11487 13748
 1323 -8148 12658
 410 -9810 12865
Repetition Start
 517 -8960 12671
 424 -7210 13588
 -1666 -7126 13886
 -5668 -27387 7733
 -2943 -3485 14250
 10163 -1205 12307
 1680 1108 18464
 1247 1182 13531
 2468 3094 15655
 2181 3541 15137
 1868 5041 14714
 2363 5660 14570
 1932 8684 15111
 670 8962 13865
 2337 9168 12870
 2965 11115 11651
 2988 11133 9748
 1908 12427 8076
 2642 15237 6454
 2280 16680 5224
 2180 16845 2962
 2715 18274 1436
 2678 18732 113
 2521 18418 -624
 2910 18319 -910
 2472 18080 -855
 2702 17576 -503
 2549 17763 124
 2722 17742 1239
 2605 17613 2286
 2583 17088 3206
 2623 16506 4095
 2811 16022 5508
 2742 15149 6429
 3144 14678 8298
 3332 12603 9284
 2932 12208 10655
 3426 10669 11868
 3230 7494 13300
 2894 5668 13761
 2217 3837 13794
 1761 4882 16127
 2936 1152 16093
 2847 123 15436
 1274 -3561 15099
 -2510 -8858 12381
 447 -6341 10357
 886 -6890 13893
Repetition End
1
 42 -13920 13602
 1437 -7585 15655
 1018 -7925 14388
Repetition Start
 593 -9374 13812
 56 -7906 13563
 -236 -8143 13465
 -2292 -11331 11443
 -170 -10716 12734
 -1715 -15858 12819
 -1829 -2494 15567
 -478 -1739 13776
 1112 885 18639
 -492 1097 15202
 796 4220 16043
 1346 5736 13904
 1061 5405 15619
 1909 6584 14869
 2450 7195 14055
 2386 9759 12738
 3262 10510 10010
 2984 13427 9791
 3249 14381 7784
 3084 15903 5985
 2914 15664 4061
 2596 15879 2475
 2849 17057 2294
 3011 19811 915
 2738 18499 192
 2561 18394 85
 2418 17475 103
 2604 17772 471
 2541 17622 1225
 2504 17915 2194
 2348 17061 2883
 2395 17095 4357
 2327 16102 4974
 2774 16284 6176
 2443 14656 8582
 2177 13032 9455
 2648 12151 10441
 2380 12312 12563
 1264 7114 13985
 1337 6425 14115
 1243 5586 15662
 1689 4130 17110
 504 3892 16241
 485 4383 17109
 133 2413 19584
Repetition End
1
 -2232 -11632 26398
 -451 -6906 9901
 713 -8275 14843
 1708 -10458 12520
 708 -8336 14093
Repetition Start
 1839 -6985 13517
 -234 -9469 13105
 103 -8646 12924
 840 1547 770
 -6740 -19407 16929
 1063 -11816 13878
 -6289 -6842 17170
 2733 -1543 17796
 1094 358 15170
 76 2129 14592
 990 2150 16524
 1919 3250 15147
 2731 4209 13437
 2828 7512 14278
 1857 7010 13314
 2644 9814 12060
 2123 11368 9767
 2498 14049 8574
 2204 15556 7381
 1962 15713 6195
 2399 16652 3926
 2628 17700 2795
 2938 18213 1272
 2837 18538 897
 3050 18392 281
 2792 17502 41
 2994 17747 365
 2876 17541 970
 3082 17528 1555
 2828 17221 2454
 3411 16819 3103
 3069 16812 4277
 4243 16730 5230
 2799 15009 7133
 2891 13664 7919
 2828 13138 9694
 2638 12795 10619
 3187 11743 12113
 1790 9993 11270
 1828 8038 11625
 2072 6598 14166
 3357 4706 15420
 1761 4222 15682
 2377 2756 16967
 2628 -530 14866
 1416 -3502 12204
 3382 -5023 28597
 973 -10642 11465
Repetition End
1
 -39 -7817 13380
 312 -8904 14384
 565 -9817 14210
Repetition Start
 839 -10016 14579
 678 -8259 13064
 550 -8627 13595
 -2263 -17589 13183
 -6114 -12405 13606
 2586 -7262 14634
 3746 550 16850
 1054 1238 15509
 1273 -98 16614
 2627 2716 15684
 1579 3969 16352
 1232 4020 11769
 2766 9920 13067
 2969 9255 14060
 3037 10789 12216
 1735 9526 9072
 2806 12278 8124
 2296 14975 6882
 1875 16332 4896
 2100 18044 2196
 2546 17504 703
 2618 18339 134
 2648 18181 -1572
 2803 17927 -1074
 3359 17521 -1111
 3102 17390 -885
 2831 17827 464
 2508 17661 1283
 2452 17664 1755
 2415 17429 2299
 2157 16735 3225
 2571 16863 4041
 2423 16484 5798
 2922 16466 7134
 1930 15044 8491
 2293 13159 8756
 2301 12702 11084
 1945 12183 12566
 1099 8262 11776
 3168 7169 14027
 3216 5224 13584
 3805 4530 14891
 2590 1944 15748
 1714 -473 14299
 575 -2709 13076
 890 -6135 29169
 656 -15810 12247
 1031 -9853 14448
Repetition End
1
 249 -9440 13074
Repetition Start
 763 -9896 14213
 382 -7385 14278
 -10 -9032 13453
 -2057 -9009 14044
 -2395 -26652 20034
 -111 -7960 16654
 -168 -1848 10718
 582 -3414 16224
 1131 906 15965
 -1441 3008 14351
 135 4439 15559
 2391 4491 15128
 1516 5325 15090
 1127 8073 14865
 2219 8247 12760
 1864 9042 12672
 2000 11821 11848
 2489 12730 9518
 2045 12331 8587
 1822 13883 6295
 2142 16646 6091
 2144 15906 3046
 2450 18184 1932
 2800 19055 984
 2638 18222 123
 2347 18444 -136
 2642 17403 -627
 2454 17789 -3
 2435 17613 791
 2488 17739 2036
 2567 17090 2465
 2513 17228 3192
 2563 16446 4386
 2431 16241 5535
 2221 15980 6950
 2681 15040 9169
 2994 13382 6156
 2504 12520 10339
 2568 12354 11343
 2561 10583 11974
 1917 7042 13894
 1881 4976 14094
 3323 4987 14860
 2008 3618 16884
 2343 2168 17039
 1672 -252 14782
 1246 -1012 13267
 6218 1040 25671
 1317 -9984 13967
 1876 -1550 11927
 2533 -6340 16245
Repetition End
1
 877 -8904 12777
 2883 -8238 13920
Repetition Start
 2074 -8524 14763
 1400 -7847 12896
 986 -11934 11449
 -595 -6634 14844
 -1008 -13479 13772
 -646 -8784 13960
 2065 1634 22888
 -556 -884 14901
 1398 1837 16380
 2363 3027 16066
 2794 3805 14396
 4058 4663 15440
 3592 5235 13589
 3070 8372 15047
 1874 8263 14762
 2397 9373 12348
 2232 10506 10671
 2487 12859 10015
 2085 13275 7221
 1933 15248 5931
 2345 16156 3871
 2782 17421 1793
 2903 17422 360
 2815 17652 -336
 2980 18709 -750
 2743 17633 -1082
 2553 17323 -513
 2170 17820 72
 2636 17721 745
 2628 17593 1499
 2495 17410 2404
 2812 17262 3109
 2553 16803 4168
 2545 16376 5633
 2812 15498 7153
 2566 13751 7670
 2443 13270 9325
 2142 11325 10723
 2027 11132 12449
 2036 9945 13801
 2223 6838 13595
 2199 7095 14813
 1233 4800 15113
 1638 3748 15065
 511 3820 15813
 310 2738 16466
 796 2269 16196
 274 -6235 32767
 -25 -8210 8823
 1021 -3316 16081
Repetition End
1
 675 -9909 13252
 -480 -8504 14973
Repetition Start
 1124 -9516 13679
 -137 -9113 13416
 -573 -9198 13489
 585 -11948 12512
 -1115 -12264 10756
 724 -8469 15205
 1464 -2728 18806
 1965 1637 17441
 1037 1528 14476
 1393 3665 16773
 -641 3369 16601
 -70 3928 15041
 247 6499 14196
 734 7917 14295
 2664 10449 13869
 1659 10053 11548
 795 11974 9160
 1426 13297 7070
 1894 14801 6595
 1924 16388 5168
 2459 16841 4726
 2657 18437 2601
 2866 18083 1443
 2872 18172 363
 3044 18190 98
 3115 17315 -415
 2934 17555 -474
 2615 17949 381
 3123 17958 1374
 2901 17695 1643
 2881 17098 2695
 2946 16961 3811
 2713 16337 4832
 2797 16342 6609
 2931 15712 7411
 2594 13321 8710
 2881 13101 10494
 3525 11510 9642
 3005 9623 12536
 2827 9094 13102
 2373 5380 10471
 2007 6945 15595
 1993 5336 16818
 1412 3386 15286
 2233 2961 16169
 1520 870 15657
 1794 -267 14273
 -5095 -7824 11537
 1292 -5104 16851
Repetition End
1
 1873 -3499 12465
 1051 -6928 14011
 655 -9127 14794
 1760 -7769 12812
Repetition Start
 2224 -9128 12640
 708 -9701 12279
 327 -7718 13109
 465 -7671 13529
 -2165 -18086 15975
 -233 -4755 20492
 2874 -7495 14944
 1744 2164 15432
 3007 2236 16861
 1569 2056 15201
 2037 2943 14997
 1492 5832 13968
 940 6783 13853
 1781 6434 14313
 1951 7115 14474
 3611 8081 13211
 2219 9435 14122
 1994 10596 13176
 777 10384 9820
 2154 13234 7540
 1708 15073 5887
 2237 17027 4134
 2654 18354 2882
 1537 17897 1193
 1919 18352 -175
 2327 19021 -438
 2361 18201 -325
 2395 17843 -591
 1995 17997 257
 2377 17879 1232
 2137 17360 1543
 2722 17688 2810
 2619 16875 3574
 2563 16071 4528
 2811 16196 5909
 2808 14942 7612
 2712 14070 6665
 2723 13844 9452
 2201 12338 9708
 2376 11597 10796
 3758 11078 14020
 1177 7742 12535
 962 6876 14441
 1647 1252 13269
 332 2454 16057
 118 2562 17354
 1020 -490 14759
 -42 -1700 13682
 67 -754 13781
 80 -4772 16545
 -854 -5696 12498
 409 -6966 16103
Repetition End
1
 -210 -11819 13877
 905 -5614 13792
 855 -10031 12655
Repetition Start
 10 -7391 14587
 -1208 -8761 13921
 -2185 -9084 14226
 -1886 -12938 20187
 -8496 -8519 3110
 3846 -4109 21407
 -729 1712 18052
 1272 -957 14364
 -1821 2716 16800
 1577 3251 15476
 699 6406 13966
 2058 6856 12605
 1890 8894 13485
 1126 12637 13696
 1320 12376 10268
 3046 11947 7671
 3703 15168 6739
 3470 16708 3851
 3841 17973 1436
 3691 16826 -56
 4104 18202 -908
 3606 18599 -1560
 4022 18460 -1982
 3689 16669 -1617
 4087 17735 -590
 3359 17647 -32
 3202 17712 621
 3017 17987 1825
 2824 16975 2612
 2878 16910 3833
 2974 15087 7719
 3056 16608 4908
 2133 14860 7587
 3213 14034 9521
 2833 12816 9907
 2462 11628 11959
 2361 9905 12426
 2360 8122 13651
 1585 5620 13407
 1849 4593 14910
 2748 1225 14845
 1593 3674 17315
 753 1146 15482
 142 -220 15354
 -44 -8652 15541
 91 -5054 13668
 434 -6711 13638
Repetition End
1
 691 -9756 12858
 881 -7027 13856
 1262 -7956 15246
Repetition Start
 647 -9521 13805
 511 -7873 14024
 16 -9189 13523
 733 -9563 8058
 -190 -15071 17588
 161 -8766 12102
 2908 -2804 12911
 1447 -2649 18221
 812 572 14773
 508 1442 16433
 566 3645 14839
 683 6022 14855
 1251 5718 16666
 3089 7835 15995
 1635 7549 14139
 2972 8297 11529
 1823 9787 12439
 2255 13330 11610
 1689 12852 9013
 2455 13054 7303
 2309 14332 5736
 2270 17823 3810
 2364 17197 1768
 2366 19194 -54
 2419 18903 -664
 2695 19901 -1836
 2147 16842 -2160
 2288 17354 -818
 2746 17534 -51
 2471 17731 905
 2214 17752 1376
 2806 17799 2119
 2813 17029 2799
 2793 16653 4273
 2634 16580 5531
 2963 15758 6091
 3080 14521 7670
 2777 15606 6979
 2908 12089 9734
 2250 10257 10680
 2882 9376 12201
 2861 8947 11692
 3781 6278 12303
 2291 4676 15274
 1146 3063 16276
 3035 1319 13509
 730 -365 15580
 2913 -6716 17228
 440 -11298 13270
 15 -2993 13156
Repetition End
1
 -508 -10467 16635
 696 -11199 11272
 875 -8980 13626
 582 -9388 13507
Repetition Start
 -755 -7163 13141
 -75 -8771 13178
 -2461 -6203 13737
 -726 -14520 12964
 -1496 -6610 7707
 -397 -4507 21264
 1980 -1177 16105
 1628 2053 17363
 493 3611 15633
 -326 4411 15654
 109 4497 14767
 -86 5736 13324
 614 7814 13145
 1536 10895 11982
 1767 12624 10616
 2638 12232 8223
 2262 14262 6667
 2573 15500 5769
 2455 16219 3109
 3213 17123 2387
 3029 18971 1085
 3528 18628 294
 3900 17578 -757
 2889 16935 477
 2963 17026 998
 2923 17773 1736
 2811 17036 2556
 3033 17743 3298
 2749 17280 3343
 3094 16666 4477
 2819 16279 5742
 2729 16095 6566
 3329 14608 8904
 2656 11424 7831
 3062 13442 9151
 3551 12695 10474
 3095 11236 11857
 2989 10883 12574
 3042 9118 13421
 2254 8028 14301
 2646 6346 14650
 1119 4137 15234
 911 2616 15190
 15 1808 16167
 1930 1259 15366
 1256 1752 16058
 801 -5383 15183
 2094 -5818 12904
 1100 -5858 15389
Repetition End
1
 908 -10736 14286
 251 -6262 13895
 614 -7968 14032
 314 -7702 14204
 51 -6912 14407
 -581 -7680 14100
 -2555 -4635 14541
 -1734 -11377 15066
 -2219 -16035 21171
 -5058 10426 8846
 2818 79 18077
 1985 539 15272
 1928 3974 15512
 2253 4007 16517
 106 5459 14676
 1529 7125 12951
 1441 9356 13122
 1108 11301 13003
 2208 10656 11366
 3517 11047 8216
 2711 14650 7424
 2239 16055 6024
 2768 16617 3652
 2941 17402 1502
 2560 18111 499
 2664 17994 -1136
 2337 18159 -1471
 2171 18329 -1206
 2572 17528 -1388
 2408 18149 -505
 2396 17533 508
 2114 17715 1316
 2164 17360 2587
 1849 17199 3686
 1720 16777 4663
 2174 16584 5638
 2124 15600 6729
 2224 14187 7993
 1864 13755 9039
 1944 13514 9638
 1502 12096 11244
 53 8072 15115
 2618 6752 15365
 2945 5132 15161
 2698 5349 13908
 1634 3474 16049
 1892 4384 15549
 2301 3932 15161
 1268 1916 14889
 594 -4742 18914
 631 -9042 11129
 2016 -3483 15365
 -198 -10398 12747
 349 -5869 13992
 974 -8403 14469
 402 -7649 14327
 15 -7749 13961
 -825 -6967 14188
 717 -6279 12330
Repetition Start
 673 -6449 13542
 356 -22608 12175
 -445 -4660 13551
 -2661 808 19166
 880 250 16806
 1878 859 16567
 -3907 5043 12363
 -967 4786 16638
 1132 5338 17155
 2825 5665 15070
 -349 6436 14109
 465 8459 13513
 2080 10797 13449
 2965 12130 11747
 2817 11096 6552
 1642 14478 7140
 3101 17849 5318
 3033 16386 3060
 3484 18177 1574
 3592 19051 240
 3065 18032 -1077
 3498 17934 -2017
 3773 16740 -2535
 3269 18100 -1410
 3408 17957 -555
 3411 17891 541
 3336 16644 1822
 3130 17416 2929
 3376 16287 4398
 3339 15123 5153
 2942 14897 5888
 3121 14148 8736
 1609 12489 11155
 3694 10918 11446
 2965 9673 12029
 2846 8786 14371
 126 7296 15188
 3069 7739 16084
 1647 3791 15829
 1113 1688 15972
 1361 1000 15730
 1793 472 14062
 2064 -255 20393
 -196 -12398 13490
Repetition End
1
 1943 -2131 12341
 1877 -9641 13456
 1458 -7760 11686
 1751 -8491 13712
 778 -7911 14309
Repetition Start
 269 -7750 14154
 1646 -6756 12316
 471 -14103 18420
 -3117 -11704 18365
 903 -15917 8521
 3333 -630 17814
 1447 1804 16433
 1530 308 16405
 -420 1887 14317
 5160 5635 15298
 3939 5322 15065
 2275 5726 13801
 1615 7181 12253
 3521 10580 11155
 4297 10764 8468
 3440 12882 7809
 2790 16143 6898
 2713 15546 3548
 2606 18900 2254
 2498 17856 -131
 2090 19702 -56
 2017 17966 -2132
 2839 17579 -1411
 1719 16903 -1332
 2894 17768 -115
 1730 17983 1035
 1962 17778 1642
 2355 17212 2757
 2461 17231 3576
 2683 16411 4937
 2161 14751 6573
 2717 15897 7615
 1593 13415 8566
 2720 14189 11453
 2494 11508 11299
 1550 11055 11993
 2584 8577 13153
 923 7546 14080
 2673 5356 13985
 -479 4155 13308
 1039 4278 16419
 1468 2648 15496
 1612 1619 14903
 1926 684 14593
 -916 -11930 19158
 701 -8291 13761
Repetition End
1
 -859 -6437 15222
 -1653 -12217 13606
 -765 -7323 12765
 -332 -6406 14923
Repetition Start
 -865 -7755 14296
 487 -7095 14329
 -278 -5940 13808
 -1106 -8625 13107
 -904 -11047 17462
 -122 -19484 12187
 638 -2413 13111
 882 149 16185
 2291 -309 18077
 -485 588 17982
 2557 3414 17432
 2405 4826 15135
 2490 3775 13588
 2284 6417 15206
 3069 5454 15298
 1890 7929 13866
 1495 8729 14246
 2185 9525 12259
 2199 11478 10522
 2062 14214 9127
 1661 15238 6519
 2041 15161 6098
 2092 17450 5064
 1878 16479 3495
 1968 17434 1602
 2312 18490 793
 2096 18031 -368
 2487 18021 -1105
 2360 17733 -1332
 2419 17980 -642
 2061 18123 194
 3526 18525 523
 2790 17270 1181
 2657 17268 2223
 3061 16471 3060
 2525 16416 3717
 3084 16255 5474
 2776 15678 6815
 2423 14809 7179
 3708 14901 6813
 3075 13979 9072
 3247 13904 10861
 2203 11390 10948
 2798 10330 12796
 2962 10426 12008
 2108 7823 14015
 1918 6032 14587
 3022 6403 15534
 2295 3871 15857
 2283 3174 15739
 2239 621 14474
 3008 -1139 14504
 1629 -4543 22321
 636 -7204 12435
Repetition End
1
 3903 -7229 14081
 3770 -6825 14074
 1671 -11482 13563
 614 -9440 14680
Repetition Start
 -72 -4550 13790
 -1736 -9974 14982
 -525 -4220 17346
 -1422 -7304 14005
 -1184 -6968 16881
 -1367 -5544 14557
 -472 -7777 13479
 198 -5644 14593
 -112 -7730 13745
 134 -6376 14113
 578 -7575 13700
 -1407 -5642 15047
Repetition End
0
 603 -6532 14646
 -532 -6181 14298
 895 -6709 14327
 173 -6465 14245
 274 -6890 14387
 48 -6617 14555
 -98 -4771 14791
 -206 -5909 14750
 -110 -6679 14463
 -50 -5665 14610
 -51 -6139 14482
 189 -6348 14409
 28 -6211 14148
 -20 -6441 14580
 -187 -7795 10830
 430 -5953 14491
 145 -6459 14579
 -24 -6450 14181
 45 -6535 14129
 221 -6526 14437
 109 -6905 13975
 164 -6439 14598
 276 -6583 14594
 194 -6676 14387
 96 -6279 14451
 52 -6218 14411
 325 -6420 14622
