Repetition start
1.04522705078
0.639099121094
1.6279296875
1.52886962891
1.62115478516
1.67199707031
1.74371337891
1.47259521484
1.54632568359
1.30432128906
1.42523193359
1.42742919922
1.52294921875
1.72436523438
1.68988037109
1.40075683594
0.972351074219
0.61767578125
0.589782714844
0.64599609375
Repetition end
1
Repetition start
0.881774902344
1.65533447266
1.18859863281
1.51043701172
1.44036865234
1.50817871094
1.71563720703
1.67590332031
1.67797851562
1.77075195312
1.64532470703
1.53570556641
1.28436279297
1.30316162109
1.47100830078
1.42944335938
1.68939208984
0.953979492188
1.47680664062
0.503845214844
Repetition end
1
Repetition start
0.677856445312
1.34924316406
1.49334716797
1.23419189453
1.75390625
1.78833007812
1.53723144531
1.65093994141
1.73590087891
1.73309326172
1.5087890625
1.38610839844
1.55560302734
1.51708984375
1.60943603516
1.65777587891
1.59326171875
1.29327392578
0.259155273438
0.448608398438
Repetition end
1
Repetition start
0.693054199219
1.20190429688
1.58526611328
1.67956542969
1.83728027344
1.68017578125
1.65570068359
1.63104248047
1.68597412109
1.38293457031
1.45324707031
1.23577880859
1.36077880859
1.37579345703
1.44036865234
1.52337646484
1.67639160156
1.45959472656
1.21307373047
1.44409179688
Repetition end
1
Repetition start
0.718017578125
0.872253417969
1.42559814453
1.53912353516
1.72222900391
1.79559326172
1.55596923828
1.40734863281
1.56323242188
1.60968017578
1.59503173828
1.69915771484
1.62316894531
1.50396728516
1.51770019531
1.42687988281
1.43231201172
2.26623535156
0.00848388671875
0.326171875
Repetition end
1
Repetition start
0.50830078125
1.40521240234
1.45642089844
1.15423583984
1.84295654297
1.66369628906
1.58807373047
1.4423828125
1.39208984375
1.40380859375
1.30505371094
1.5693359375
1.54614257812
1.71661376953
1.40032958984
1.31903076172
1.21954345703
0.879455566406
0.581665039062
0.451171875
Repetition end
1
Repetition start
1.98901367188
1.37316894531
1.17425537109
1.48291015625
1.65521240234
1.54901123047
1.6484375
1.38909912109
1.34014892578
1.52282714844
1.61267089844
1.62200927734
1.69622802734
1.51977539062
1.41009521484
1.39440917969
1.32141113281
1.23303222656
1.02435302734
0.113159179688
Repetition end
1
Repetition start
1.52874755859
1.53393554688
1.55584716797
1.68450927734
1.62365722656
1.55694580078
1.57373046875
1.37072753906
1.34918212891
1.3046875
1.26025390625
1.328125
1.38189697266
1.45739746094
1.47454833984
1.61047363281
1.59045410156
0.878173828125
0.692687988281
0.823974609375
Repetition end
0
Repetition start
1.22662353516
1.26989746094
1.47863769531
1.62365722656
1.48999023438
1.59246826172
1.49066162109
1.41741943359
1.33355712891
1.23815917969
1.26550292969
1.39776611328
1.65936279297
1.58532714844
1.43444824219
1.67333984375
1.79241943359
1.171875
0.511535644531
0.647888183594
Repetition end
1
Repetition start
0.301208496094
1.07965087891
0.773132324219
1.26843261719
1.14178466797
1.46057128906
1.60009765625
1.52563476562
1.26727294922
1.23016357422
1.35064697266
1.38684082031
1.58966064453
1.61297607422
1.48553466797
1.65795898438
0.721740722656
0.736877441406
0.566040039062
0.506713867188
Repetition end
1
Repetition start
0.640441894531
1.62585449219
1.12969970703
1.26983642578
1.65179443359
1.74536132812
1.50537109375
1.4765625
1.19964599609
1.36566162109
1.41174316406
1.53662109375
1.55316162109
1.693359375
1.19964599609
1.33062744141
1.26513671875
2.48376464844
0.699584960938
0.756896972656
Repetition end
1
Repetition start
1.09417724609
1.44769287109
1.67034912109
1.51446533203
1.53588867188
1.50604248047
1.49267578125
1.3369140625
1.13366699219
1.44061279297
1.53356933594
1.689453125
1.50219726562
1.67926025391
1.75390625
1.55493164062
1.38891601562
1.68048095703
1.31549072266
1.66198730469
Repetition end
1
Repetition start
0.796508789062
1.22375488281
1.41186523438
1.57061767578
1.71392822266
1.56060791016
1.59301757812
1.39306640625
1.39776611328
1.30169677734
1.40521240234
1.42492675781
1.43927001953
1.50347900391
1.62847900391
1.60437011719
1.09338378906
0.898071289062
1.34576416016
0.82666015625
Repetition end
1
Repetition start
-0.1376953125
1.17016601562
1.31024169922
1.64770507812
1.3232421875
1.43237304688
1.41906738281
1.15069580078
1.07635498047
1.33575439453
1.31555175781
1.40905761719
1.56005859375
1.53887939453
1.47692871094
1.48767089844
1.11389160156
1.19927978516
0.649841308594
0.832946777344
Repetition end
1
Repetition start
1.10528564453
1.21441650391
1.43798828125
1.62292480469
1.53833007812
1.56451416016
1.49774169922
1.38873291016
1.29479980469
1.3291015625
1.28918457031
1.32867431641
1.45758056641
1.56579589844
1.58569335938
1.54461669922
1.67071533203
1.57702636719
1.49609375
1.36267089844
Repetition end
1
Repetition start
0.485778808594
0.508911132812
0.344482421875
1.45690917969
1.65661621094
1.51843261719
1.38873291016
1.62182617188
1.71282958984
1.72174072266
1.73870849609
1.99053955078
1.650390625
1.50457763672
1.51635742188
1.65270996094
1.56402587891
1.19342041016
1.35498046875
1.060546875
Repetition end
1
Repetition start
1.40277099609
1.55438232422
1.60522460938
1.67523193359
1.69909667969
1.58203125
1.44604492188
1.41339111328
1.41625976562
1.06774902344
0.531066894531
0.768798828125
1.80212402344
1.42993164062
1.24169921875
1.48156738281
1.70758056641
1.67138671875
1.54064941406
1.46734619141
Repetition end
1
Repetition start
1.15881347656
1.31414794922
1.49755859375
1.6923828125
1.56842041016
1.33850097656
1.21258544922
1.45465087891
1.33966064453
1.63116455078
1.62872314453
1.70220947266
1.578125
1.60626220703
1.22137451172
0.74853515625
0.863891601562
0.887329101562
0.759155273438
0.719909667969
Repetition end
1
Repetition start
1.33142089844
1.29553222656
1.63922119141
1.47821044922
1.45617675781
1.01824951172
1.07781982422
1.23663330078
1.30206298828
1.50335693359
1.57385253906
1.59484863281
1.71264648438
1.73468017578
1.59698486328
1.44470214844
1.16101074219
0.877075195312
0.730895996094
0.899291992188
Repetition end
1
Repetition start
0.493835449219
1.25433349609
1.29479980469
1.42822265625
1.40222167969
1.48004150391
1.34533691406
1.40704345703
1.14276123047
1.15179443359
1.43774414062
1.47094726562
1.59875488281
1.47473144531
1.10766601562
1.18792724609
1.25567626953
0.877380371094
0.80419921875
0.78515625
Repetition end
1
Repetition start
0.242553710938
1.16650390625
1.24481201172
1.40747070312
1.75506591797
1.69067382812
1.66522216797
1.70172119141
1.55200195312
1.52447509766
1.41369628906
1.35791015625
1.21807861328
0.964172363281
1.62701416016
1.58209228516
1.42413330078
1.5166015625
0.898864746094
0.814453125
Repetition end
1
Repetition start
0.76708984375
0.818725585938
0.774475097656
0.657775878906
0.570068359375
0.943542480469
0.947937011719
0.963989257812
0.9384765625
0.491760253906
1.00415039062
1.77709960938
1.1376953125
1.51599121094
1.99237060547
1.71838378906
1.79010009766
1.61779785156
1.64288330078
1.59735107422
Repetition end
0
Repetition start
0.912963867188
0.913940429688
0.907409667969
0.874572753906
0.903259277344
0.915100097656
0.926452636719
0.926452636719
0.932800292969
0.915222167969
0.919799804688
0.908081054688
0.901123046875
0.881286621094
0.896667480469
0.885192871094
0.904724121094
0.904724121094
0.903198242188
0.900939941406
Repetition end
0
Repetition start
1.10980224609
1.04956054688
1.12493896484
1.35412597656
1.60125732422
1.59936523438
1.203125
1.16979980469
1.09405517578
1.21069335938
1.30151367188
1.27990722656
1.47076416016
1.38037109375
1.58410644531
1.70880126953
1.57061767578
1.17803955078
0.652221679688
0.739440917969
Repetition end
1
Repetition start
0.710693359375
0.892639160156
0.810607910156
1.05346679688
1.36328125
1.47161865234
1.33935546875
1.18743896484
1.11315917969
1.12420654297
1.1083984375
1.19024658203
1.30035400391
1.388671875
1.48175048828
1.43035888672
1.63696289062
1.36926269531
1.6904296875
0.494323730469
Repetition end
1
Repetition start
0.723815917969
0.708618164062
1.26599121094
1.77178955078
1.72937011719
1.64617919922
1.61291503906
1.57092285156
1.41558837891
0.806335449219
1.37646484375
1.47186279297
1.56939697266
1.64343261719
1.34442138672
1.63745117188
1.65148925781
1.5751953125
0.602966308594
0.650695800781
Repetition end
1
Repetition start
0.10107421875
0.310729980469
1.39685058594
1.28704833984
1.40295410156
1.56439208984
1.47509765625
1.56787109375
1.49102783203
1.33142089844
1.19494628906
1.22515869141
1.35906982422
1.40051269531
1.72131347656
1.63952636719
1.48309326172
1.89385986328
0.327087402344
0.666625976562
Repetition end
1
Repetition start
1.02209472656
1.05767822266
1.18933105469
1.52282714844
1.49462890625
1.37591552734
1.32818603516
1.44952392578
1.50280761719
1.60131835938
1.53814697266
1.60174560547
1.57238769531
1.30218505859
1.70794677734
1.20471191406
1.2392578125
1.16711425781
-0.292724609375
0.456604003906
Repetition end
1
Repetition start
0.605529785156
0.754272460938
1.04479980469
1.11004638672
0.989318847656
1.10852050781
1.3310546875
1.62744140625
1.41821289062
1.28887939453
1.24761962891
1.30078125
1.376953125
1.55261230469
1.60235595703
1.35168457031
1.49072265625
1.13690185547
0.957763671875
0.550415039062
Repetition end
1
Repetition start
1.02618408203
1.03698730469
1.18902587891
1.30865478516
1.41467285156
1.48010253906
1.48004150391
1.27502441406
1.38043212891
1.51947021484
1.73687744141
1.60614013672
1.22387695312
1.37817382812
1.16790771484
0.979919433594
0.931579589844
2.03369140625
0.71923828125
0.803161621094
Repetition end
1
Repetition start
1.11383056641
1.12322998047
1.43280029297
1.52960205078
1.53192138672
1.52471923828
1.44183349609
1.31207275391
1.49127197266
1.50854492188
1.47485351562
1.62091064453
1.52038574219
1.37670898438
1.17779541016
1.17797851562
1.11163330078
0.829223632812
0.764282226562
0.327758789062
Repetition end
1
Repetition start
0.988586425781
1.65612792969
0.810241699219
1.32202148438
1.79943847656
1.60906982422
1.57849121094
1.57043457031
1.60864257812
1.63720703125
1.49462890625
1.13500976562
1.30303955078
1.31115722656
1.57305908203
1.76507568359
1.43267822266
1.36206054688
1.91497802734
0.73828125
Repetition end
1
Repetition start
0.562866210938
0.36376953125
1.40576171875
1.31915283203
1.22930908203
1.36517333984
1.58374023438
1.52319335938
1.46472167969
1.19061279297
1.17822265625
1.19268798828
1.28094482422
1.55725097656
1.62341308594
1.49346923828
1.59252929688
1.67303466797
1.23962402344
2.22033691406
Repetition end
1
Repetition start
0.572509765625
-0.236877441406
1.11053466797
1.26525878906
0.965942382812
1.00390625
1.22076416016
1.44982910156
1.45031738281
1.52435302734
1.41442871094
1.20159912109
1.23272705078
1.27374267578
1.42553710938
1.62799072266
0.94482421875
1.36541748047
1.09887695312
0.509216308594
Repetition end
1
Repetition start
1.17169189453
1.17565917969
1.69842529297
1.70892333984
1.78955078125
1.58703613281
1.60467529297
1.44934082031
1.1826171875
1.25939941406
1.41595458984
1.42700195312
1.46484375
1.53448486328
1.57110595703
1.45617675781
1.04516601562
0.558654785156
0.954406738281
0.793579101562
Repetition end
1
Repetition start
0.907592773438
0.951538085938
1.15185546875
1.36114501953
1.49438476562
1.46844482422
1.14611816406
1.33483886719
1.26892089844
1.14556884766
1.447265625
1.39434814453
1.73199462891
1.67462158203
1.34790039062
1.25341796875
1.28839111328
1.09167480469
0.888244628906
0.724792480469
Repetition end
1
Repetition start
1.59521484375
1.12231445312
1.126953125
1.36804199219
1.36291503906
1.34381103516
1.18444824219
1.15948486328
1.42712402344
1.45794677734
1.46728515625
1.64660644531
1.74847412109
1.63696289062
1.45068359375
1.42224121094
1.19812011719
0.993957519531
0.852478027344
0.531188964844
Repetition end
1
Repetition start
0.279602050781
1.52270507812
1.24145507812
1.40661621094
1.73291015625
1.20623779297
1.40643310547
1.15771484375
1.06671142578
1.18713378906
1.39208984375
1.63250732422
1.82934570312
1.65899658203
1.53387451172
1.16345214844
1.74420166016
0.17333984375
1.21160888672
0.556030273438
Repetition end
1
Repetition start
0.605102539062
0.468811035156
0.697875976562
0.518249511719
0.634216308594
0.629516601562
0.519653320312
0.525695800781
0.597045898438
0.478942871094
0.555358886719
0.571838378906
0.603698730469
0.527160644531
0.551879882812
0.586486816406
0.611938476562
0.651672363281
0.637512207031
0.672302246094
Repetition end
0
