Repetition start
1.71013212518
1.76096801346
1.86722364052
2.36542069956
1.59385202352
1.66786940969
1.55811272515
1.66667236921
1.5075399234
1.06674252787
0.956259252622
0.893421694755
0.664420539039
0.654260665689
0.655305253349
0.725522771476
0.738266601619
0.793047053131
0.906826933192
0.954245161185
1.0364095658
1.07313801066
1.16353178247
1.36837423046
1.3676377822
1.61974575
1.57463461776
1.53850096053
1.45052438592
2.19917586812
1.93060870422
1.63581383847
Repetition end
0
1
0
Repetition start
2.1811384137
1.80218712155
1.61421140891
1.5767373438
1.43616337157
1.12824636035
1.08534679196
0.990864594559
0.933466058642
0.85485902378
0.769064229036
0.744032796922
0.749399503577
0.733850542955
0.860603377937
0.918458012809
0.940233002057
0.978168755381
1.07103538465
1.20619495209
1.21636219435
1.22358818308
1.21666416773
1.2722493623
1.41813303781
1.55055889943
1.48778289802
1.86133276828
2.72928777349
1.64989983975
1.85907371669
1.81537616296
Repetition end
0
1
0
Repetition start
1.79488275836
1.70858968155
1.64673311814
1.54809490662
1.46325473685
1.50458685968
1.33418597741
1.18869466199
1.09370409665
1.04867195586
0.98579181027
0.887585661508
0.807892735073
0.780102003169
0.792512576898
0.77737943529
0.847581715098
0.898037168211
0.904770936973
1.00246470295
1.06191332482
1.0942287317
1.35380943214
1.35519425364
1.58660706001
1.54593399595
1.5811896888
1.53862396639
1.34167407722
1.48156154053
2.01244146643
1.84269463715
Repetition end
0
1
0
Repetition start
1.90624278978
2.53989447608
1.95146716139
1.82294399763
1.82869059319
1.54721325851
1.33453177088
1.24832987226
1.05228094765
0.973239327506
0.811718285003
0.775310476182
0.775600390563
0.950006913251
0.887501045935
0.943055957074
0.979627038985
1.05125982703
1.10214019906
1.20887920126
1.35891607365
1.27368289245
1.37931584902
1.48421021977
1.40816477248
1.73120181851
1.79810200759
1.85480297893
2.07194272041
2.03428150147
1.73385537049
1.90690819036
Repetition end
0
1
0
Repetition start
1.63053427785
1.45672903302
1.46358128632
1.40344661391
1.26579076659
1.2865544586
1.05840412074
0.882046084115
0.817346499148
0.820285456075
0.778253006747
0.733922679576
0.804822433603
0.8452708569
0.902213351418
0.965485614142
1.01440711176
0.995531316057
1.07226127005
1.19898529297
1.25862965488
1.38260844309
1.46798473317
1.50529542894
1.55303369072
1.49770374671
1.48932179423
2.01061961878
1.72301148409
1.97909459947
1.86063858281
1.65831979155
Repetition end
0
1
0
Repetition start
2.32213660428
1.74881328426
1.72662642628
1.56348581329
1.37856508281
1.57728717182
1.36126510168
1.22333908666
1.06497262824
1.05232639405
0.816345725942
0.771728054627
0.761923943294
0.784809142578
0.799520581826
0.84602584584
0.862621592593
1.04341939591
1.08336046495
1.1609177675
1.24311711357
1.26484054373
1.39184372251
1.50001473966
1.50021960469
1.45611919693
1.6485527109
2.03224446089
1.79782271582
1.79404069401
1.98327070207
1.85728393207
Repetition end
0
1
0
Repetition start
2.2741322095
1.55771496266
1.7155768776
1.55288686903
1.26415620157
1.25966619055
1.09447649261
0.963945190458
0.905191399274
0.878003366623
0.859770772573
0.897133988692
0.834730765758
0.870020014328
0.898303913468
0.914343637856
0.975732620484
1.07824838665
1.13669155849
1.19534922836
1.33126884887
1.31600422055
1.36817556645
1.46690471116
1.54879870633
1.67147463836
1.58769173333
1.63564792874
1.88322280829
1.76376738876
1.89192200636
1.8767019197
Repetition end
0
1
0
Repetition start
1.50398616455
1.61285141698
1.68775739517
1.48524844673
1.58814622903
1.33227629939
1.23231285508
1.21645664277
0.990236468567
0.875095436733
0.796371670317
0.804439443946
0.817707658067
0.73221703526
0.708386450183
0.782285945224
0.802070336061
0.892316368754
0.924206373998
1.10726681722
1.20565114703
1.33086578221
1.39808819047
1.40847694576
1.5045442516
1.55802797862
1.60604874374
1.45328563397
2.0726190431
1.6737698753
1.43640349255
1.79966642166
Repetition end
0
1
0
Repetition start
2.05823081688
1.62795938329
1.62936108457
1.66113075938
1.59129257171
1.47474712335
1.37078655366
1.19531232703
1.16660045449
1.02102249892
0.914375720197
0.880851295163
0.766393956544
0.822656982327
0.813299897188
0.744180235222
0.828521388482
0.851442595448
0.909036547234
0.971947852468
1.17574909394
1.16242987116
1.36529245785
1.49817353674
1.58849186559
1.58077208955
1.70320670452
1.83432689491
1.76877522792
1.75966634163
1.75167741913
1.82522494607
Repetition end
0
1
0
Repetition start
2.00012384717
1.99560905103
1.46412242423
1.72954544813
1.57473278291
1.53371930272
1.51302449072
1.41657348299
1.21055239276
1.16653167385
1.07047367449
1.01545478788
0.927798688567
0.863189124892
0.846641946675
0.825674502494
0.736936275068
0.759824524977
0.725497647301
0.825536634743
0.876692046998
0.930931879358
1.04447800844
1.13778552897
1.33672216305
1.44759754668
1.43074577801
1.55746639562
1.6343096276
1.67855752818
1.68828725664
1.87416717193
Repetition end
0
1
0
Repetition start
1.95258320923
2.24169132677
1.73926831627
1.71431746151
1.5920839788
1.38833224762
1.5852004744
1.29983375167
1.43760753442
1.21746727032
1.12951792411
0.924179343063
1.01463653807
0.971285370989
0.868992955811
0.859604029047
0.87518883694
0.910200034058
0.808753481582
0.905043277473
0.947145627473
0.995018146442
1.07148308679
1.1464516393
1.32326627618
1.42317041138
1.49768424836
1.56022227567
1.68000657799
1.50147039149
2.33389473428
1.80614433276
Repetition end
0
1
0
Repetition start
1.93400225033
1.77940548587
1.95670507477
1.91349518212
1.67118794371
1.51954059181
1.77695658208
1.49494524589
1.41746973026
1.27567460285
1.32982834391
1.21355172352
1.09265297131
0.925248274315
0.820348423217
0.721206729445
0.645536661585
0.694418680918
0.761571119136
0.800925967468
0.854319464529
0.95271911343
1.04041174538
1.19623453756
1.34007594124
1.36163853865
1.46730855584
1.64568884106
1.71237810225
1.74964797788
1.55582132401
1.90790670449
Repetition end
0
1
0
Repetition start
2.52771966208
1.98104630369
1.35886098609
1.69620018344
1.5900838352
1.50321917507
1.53269207571
1.42575591862
1.32084575866
1.16815770416
1.03097822481
0.919876579417
0.801902286369
0.755605423329
0.679297612164
0.774062186173
0.897991308042
0.849180078021
0.941072238535
1.07909064309
1.04157480212
1.31461912754
1.35584402936
1.59500031186
1.59320985416
1.44525497039
1.58644434741
2.29216800222
1.72954929932
1.75296283255
1.93607915128
1.81844508792
Repetition end
0
1
0
Repetition start
1.66223551633
1.98678356714
2.17631933144
1.56209561599
1.42760024373
1.96435654688
1.42635988748
1.34050241023
1.4274497329
1.16376303815
1.18247374335
1.11751721092
0.928669664848
0.788399682349
0.774455539608
0.778228438446
0.777172963632
0.769414081948
0.682766697436
0.728631194513
0.737544267142
0.777876776625
0.849008803925
0.884766473412
0.965206645566
1.00259616176
1.15843145362
1.78743449209
1.32392160491
1.44365574758
1.51851770411
1.56961927841
Repetition end
0
1
0
Repetition start
1.73733393327
1.83006338421
1.8150765977
1.78455904669
1.7981670192
1.62578700338
1.60885101533
1.71502000885
1.82997313537
1.52901598176
1.49699127551
1.27506869227
1.21291391532
1.18630263232
0.944684288841
0.749049871344
0.701976625116
0.672587554694
0.687812918195
0.686379611603
0.688454307034
0.75968677239
0.814123709129
0.794615327931
0.880397569847
0.990514217238
0.921926927316
1.46953545782
1.46501370906
1.63579876816
1.66339649945
1.44333691509
Repetition end
0
1
0
Repetition start
1.88856519558
1.95395667965
1.94281331542
1.83736042925
1.65101661886
1.75383007334
1.60414290153
1.62392462971
1.51898742226
1.45698613514
1.21495821619
1.07538717015
1.00362764567
0.835620155884
0.778480630539
0.767702490557
0.693900963321
0.700119275124
0.737601380937
0.777425574784
0.81024314521
0.831278664321
0.869681072438
0.917392164105
0.962384835853
1.01744179902
1.2364399183
1.27154081925
1.50690834702
2.15779378729
1.53849729941
1.89388222146
Repetition end
0
1
0
Repetition start
1.69813321725
2.0032467175
1.48730139754
1.60760790025
1.66535045923
1.66261421229
1.57169111311
1.55657326685
1.54771514315
1.51994530521
1.32809878632
1.29880440769
1.30228764997
1.23306042955
1.12426339148
0.897904217055
0.86814032652
0.830010088208
0.78176322292
0.816482624789
0.849025591524
1.08087886976
1.23014637493
1.26669503237
1.291033951
1.38274382027
1.48320220619
1.63209640506
1.66126060443
1.64180425429
1.53386396271
1.60776446366
Repetition end
0
1
0
Repetition start
1.84466563741
2.45203081561
1.84250654199
1.65492518315
1.60624083171
1.60175609233
1.58644116912
1.57310444272
1.53939521529
1.37007338711
1.34364662632
1.23810437892
1.02618766144
0.914866098282
0.876645397408
0.846494135164
0.794482214998
0.792847508995
0.792179269014
0.817368321535
0.941252005275
0.973289316281
1.00333553449
1.10911428215
1.22419726055
1.29525170074
1.49065522467
1.58541103372
1.61232776036
1.64624981437
1.71189894074
1.79501012247
Repetition end
0
1
0
Repetition start
1.79746788133
1.65098160991
1.70519908659
1.74559489747
1.62960012669
1.4754350902
1.51159742026
1.46072699438
1.06319254856
0.893965002605
0.857279048746
0.831881066321
0.799692898345
0.807477302384
0.756309055158
0.832158721418
0.863137129582
0.980457011377
1.14408334229
1.21743722357
1.33316518253
1.38292371577
1.41916650438
1.57042247828
1.67174388358
1.69225366257
1.67848115561
1.73143187495
1.5923383143
1.81362035877
1.69733143164
1.84396557437
Repetition end
0
1
0
Repetition start
1.77170394937
1.81963698496
1.95245124926
1.87011206106
1.83968858105
1.74205755703
1.62724718045
1.44304169293
1.44889690702
1.37956211524
1.22294352816
0.928002589756
0.912171496496
0.825106971572
0.78896045261
0.790463615238
0.776274249674
0.81988220964
0.862436167888
0.898098054285
0.945028012005
1.01030984745
1.08999201405
1.20239546257
1.23736300252
1.3922412794
1.54025854677
1.61798506111
1.60812389831
1.59010550268
1.75952711828
1.57703472472
Repetition end
0
1
0
Repetition start
1.87073553336
1.87073553336
2.32528932743
1.71685497763
1.66693266532
1.7928787668
1.71703203889
1.77655041144
1.72441663021
1.72064736825
1.72064736825
1.77682675503
1.77682675503
1.77682675503
1.74768246523
1.74768246523
1.75244474265
1.75258858956
1.75258858956
1.73050249962
1.73050249962
1.76472839022
1.73790565676
1.72812055933
1.72812055933
1.72812055933
1.70765650797
1.70765650797
1.70765650797
1.75073369326
1.75151418101
1.75151418101
Repetition end
0
0
0
Repetition start
1.94514447276
1.15960821861
1.4418629618
1.59914299637
1.64040282198
1.56895706883
1.49230262053
1.2003655216
1.08241883026
0.950915302004
0.868744976557
0.811938463165
0.75268506679
0.641153062689
0.712471587991
0.722777779129
0.908528181582
0.994478301387
1.05043178902
1.21130433371
1.28000055718
1.33298892193
1.40391698933
1.49962226761
1.60517248729
1.68271160802
1.6444813014
1.9254415195
1.76156369498
1.73174504151
1.9043637797
1.92730751259
Repetition end
0
1
0
Repetition start
2.13858948031
1.90805293442
1.90427168707
1.59424068106
1.50479299239
1.31811080709
1.21421519882
1.07387136391
0.784936060325
0.740006467112
0.71498382478
0.676638236223
0.731039441393
0.752348463988
0.744127894215
0.732286532295
0.732035448496
0.811991564603
0.80835064629
0.850342300682
1.15078091761
1.34275474119
1.41956705989
1.67681210829
1.61840877628
1.59599178439
1.51001122119
1.85515289128
1.92206351782
1.84906320554
1.86563071888
1.71872261307
Repetition end
0
1
0
Repetition start
1.86901061882
2.48589623259
1.70131065468
1.49611765018
1.40328116419
1.40287292214
1.28409610665
1.24845553888
1.03530430905
1.0255191014
0.894098939503
0.817226898655
0.826026809077
0.759572350207
0.671093602786
0.652556815729
0.7457613654
0.818734524577
0.815721582946
0.837488062172
0.900544658154
0.921746527885
1.00554393711
1.05034245579
1.10720818592
1.27685402748
1.40059503024
1.63539081614
1.57847600046
2.12667673503
1.57127451845
1.7009215428
Repetition end
0
1
0
Repetition start
1.72299628783
1.72991143998
2.16325345564
1.79218739478
1.72676381064
1.68430973636
1.72711575175
1.6047557735
1.59787627946
1.49344305821
1.36380675443
1.3695832624
1.24561281101
0.996376371494
0.984279137818
0.824184078012
0.791762670334
0.693874965294
0.705900887798
0.724113093902
0.76255387962
0.784763752872
0.843869046361
0.884219765434
1.08434637057
1.17483526493
1.4340620939
1.43495869297
1.50015612997
1.69183555269
1.91658037653
1.90938464769
Repetition end
0
1
0
Repetition start
1.76566332379
1.78152062427
1.99491887127
1.92249683655
1.80422880383
1.56536105238
1.34507934109
1.30056461472
1.26475114737
1.19629056502
0.93373696374
0.893513758822
0.827598561896
0.790425989771
0.734439514756
0.77765002998
0.827165745326
0.919944430842
0.987802385709
1.16853432693
1.4031102057
1.4804626744
1.47622122933
1.52838251274
1.62681945513
1.66338467673
1.78726449199
1.73606179022
1.95246692061
1.91226793456
1.73340060919
1.77814730934
Repetition end
0
1
0
Repetition start
1.86462947863
2.0441927088
1.68843319927
1.64410902615
1.62024154899
1.64565960668
1.49526582872
1.39487229379
1.36082761394
1.01604877947
0.941875615778
0.818167149494
0.83800431794
0.751847324112
0.661826436177
0.686198574165
0.765475951985
0.772817789689
0.806509016445
0.881854334879
0.874743464449
0.965180840083
1.16256085449
1.34711952026
1.25459046725
1.57386180461
1.56172404334
1.49124916143
1.53972221531
2.2033560958
1.79995811024
1.70204428629
Repetition end
0
1
0
Repetition start
1.90202311804
1.97231289264
1.17274192056
1.69644654487
1.64418096391
1.23745723738
1.31084455955
0.89101165192
0.807669279271
0.784030726763
0.738391729192
0.708179589842
0.745305483763
0.780830864531
0.761464443304
0.749601491715
0.817639505422
0.941930100801
0.95801921375
1.05201782618
1.09524210583
1.40144734303
1.27583180489
1.23176796307
1.65917735467
1.71044571441
1.59237012897
2.10020425132
1.87224822077
1.877853393
1.72143788947
1.79596296156
Repetition end
0
1
0
Repetition start
1.27678894832
1.55884377546
1.68102190662
1.58421687338
1.49139119541
1.28077748791
0.999548545647
0.977435883022
0.909558408879
0.809170839527
0.74290698965
0.699175636198
0.761432970675
0.714281384687
0.751065877656
0.816450742942
1.0849879422
1.1150532674
1.21092517139
1.25171057216
1.29359747764
1.53898444922
1.46885568918
1.50119829991
1.55661266067
1.59233002072
1.68430353789
1.62857903823
1.63891879098
1.66447308226
1.69976103559
1.80110269127
Repetition end
0
1
0
Repetition start
1.9997276972
1.9029126012
1.5880754253
1.77343706412
1.41016518043
1.38549404866
1.33673558322
1.31199239526
1.26950443093
1.08619472833
0.948139638885
0.853397880656
0.779553540825
0.7154655358
0.733393665303
0.731792825773
0.716541112126
0.736826214684
0.847941625259
0.866535416289
0.9276865214
0.995891702019
1.16465501939
1.17533837339
1.18712973312
1.31345288564
1.44237686445
1.60046543252
1.51734014312
1.60598261353
1.62636200286
2.08192018603
Repetition end
0
1
0
Repetition start
1.96873068516
1.56042574769
1.81587268827
1.7396129297
1.40242126511
1.3275083611
1.29501732522
1.13335025947
1.13538686486
0.996897468568
0.919657584208
0.805110697432
0.667241366912
0.683113695249
0.692534213602
0.732766563688
0.769398610065
0.815483187445
0.815703728592
0.931685148731
0.93783780211
1.121816902
1.1313314128
1.28045654879
1.25474329815
1.41579596164
1.4875290965
1.46578934857
1.62607175646
1.63957675416
1.85937136361
1.76725946578
Repetition end
0
1
0
Repetition start
1.39984850585
1.8656260274
1.42783859045
1.5494933101
1.31339045388
1.28855823277
1.36884494315
0.971690123229
0.95944127427
0.871636159803
0.821897412945
0.767310146698
0.727448067319
0.680615504105
0.726901572591
0.733628921255
0.75421624901
0.818610774098
0.93694166008
0.997407549805
1.08213632466
1.13298354831
1.39660541837
1.28520270527
1.44836114689
1.48038139815
1.54483353281
2.06465445144
1.91613095488
1.61160927025
1.83979021489
1.74513047485
Repetition end
0
1
0
Repetition start
1.71787267965
1.62297843164
1.66209430441
1.61270739738
1.3955686608
1.26301286013
1.06068215113
0.949061504338
1.02221198271
0.868385711456
0.891945763088
0.822251041129
0.758326459402
0.728656553183
0.70379704836
0.729991535116
0.732606673769
0.796331241156
0.813035960131
0.854326471881
0.92358999026
1.01526176119
1.14307848742
1.36887856804
1.35845802473
1.62969018519
1.5732088411
2.08208417736
1.83892082849
1.88861140398
1.90875986562
1.80813247327
Repetition end
0
1
0
Repetition start
1.81142224237
1.91656892703
1.53084462259
1.76565043043
1.41167628109
1.43077156392
1.33359197595
1.19272605929
1.18771691757
1.0734058061
0.933719389135
0.942976554058
0.838384400551
0.83506329227
0.751899789182
0.736684184411
0.798763293501
0.832424728947
0.878932498964
0.930308641372
1.08419291063
1.08842124874
1.25134554505
1.33019677024
1.46358535374
1.55883152661
1.63510230117
1.54537424585
2.04251778368
1.95077578789
1.75491363231
1.85420637655
Repetition end
0
1
0
Repetition start
1.79463035906
1.92341307021
1.91257913292
1.629829623
1.90091328427
1.80807891711
1.53803493597
1.47086422128
1.37327854541
1.15923266302
1.13117814554
0.981953401143
0.934032915482
0.820027483517
0.726784469682
0.706864129121
0.664481608584
0.676649907965
0.701923684557
0.740573458146
0.92216894547
1.02813924335
1.0101929301
1.1568607412
1.42639241249
1.33836198008
1.64990006441
1.61609562696
1.60494184317
1.6490781215
1.62829604715
1.81030043887
Repetition end
0
1
0
Repetition start
1.74511178565
1.96989219037
2.17451419783
1.59485582598
1.78811221934
1.68827703587
1.69288678158
1.51752146071
1.2704718128
1.1191428053
1.01813675891
0.937516979223
0.835218586125
0.796301640142
0.776192970642
0.641824706711
0.710898319674
0.846984205736
0.90697766761
0.935976260406
1.0302013372
1.08299816736
1.136863714
1.21796399838
1.2607691708
1.36511990472
1.38947040466
1.49445397202
1.54189750086
1.69954431638
2.1556073532
1.79063699187
Repetition end
0
1
0
Repetition start
1.77186317242
1.7613386793
1.89556742874
1.55370078692
1.61061520382
1.83052504343
1.63870800397
1.64944909117
1.57280291031
1.38169632735
1.2405568387
1.1079011499
1.00585096596
0.93218484414
0.756345826474
0.749774153799
0.697437225191
0.731210594562
0.804438054671
0.804018608338
0.796961938566
0.889503412748
0.920007155043
0.974794945413
1.1216860911
1.27439406953
1.53244862306
1.78514687705
1.65724868288
1.81381657997
1.72104174132
1.9319863603
Repetition end
0
1
0
Repetition start
2.01735239714
2.29085642171
1.33271723364
1.62141452052
1.73561569247
1.6144664535
1.51743176882
1.44217868722
1.34440171301
1.27141190394
1.18910020062
0.985831284734
0.897352753803
0.851673261194
0.860342928511
0.744399821579
0.741673326574
0.839824423457
0.849543132611
0.99795267702
1.06581437101
1.15286257589
1.19663215077
1.23934965342
1.39192758589
1.45816305577
1.51264733373
1.68959750512
1.98516745119
1.9893294131
1.51926892769
1.78342713978
Repetition end
0
1
0
Repetition start
2.17026906107
1.98436481556
1.32450030577
1.66820840767
1.52020454445
1.50911346824
1.30301719953
1.15925007087
1.22587233917
1.01056373237
0.979139104626
0.902815996588
0.875858116009
0.8216465706
0.74920637391
0.684014986226
0.689449172508
0.735237925895
0.76521161899
0.875548259087
0.856963613044
0.883139878733
0.984918650488
1.17682625504
1.40659766271
1.55318644678
1.57166944301
2.17647560159
1.85938116081
1.6966473767
1.89021676066
1.7683025056
Repetition end
0
1
0
Repetition start
2.06166462345
1.50121918196
1.90433712746
1.61800484919
1.45846384662
1.39718230887
1.25914779713
1.15602764846
1.14566760888
1.01117361877
0.954175848592
0.890741200563
0.808490665978
0.719601813158
0.660712408511
0.740150232993
0.777832325793
0.782553198597
0.815340580897
0.928203891603
0.940759731621
1.0123003573
1.11888890157
1.25206463
1.35574221944
1.62194546421
1.60219644351
1.59922799255
1.82812263313
1.63478402158
1.87240511926
1.85237927369
Repetition end
0
1
0
Repetition start
1.8454838789
1.59955674855
1.35452724816
1.36668319938
1.10784227307
1.06173070062
1.00349146813
0.941904256799
0.856663348848
0.830550521618
0.726446485999
0.697388627452
0.686748652192
0.693458799836
0.730845670301
0.825682001095
0.875899586862
0.981867967762
1.09513257551
1.06257662427
1.14416201921
1.24621208669
1.4682086406
1.51065096367
1.62892829299
1.51773841483
1.70043770269
1.85998766687
1.78514058526
1.85682757965
1.80190815492
1.82436186701
Repetition end
0
1
0
Repetition start
1.88790888893
1.66125550734
1.64977888361
1.5137053123
1.39647578657
1.30872890429
1.22326558746
1.13087791797
1.04284901057
0.984090870012
0.91675165737
0.824767298554
0.849226429018
0.777935868856
0.712358767541
0.698245479336
0.734918403459
0.829609828571
0.828242711932
0.884558329182
1.01299074291
1.09747254881
1.20304482211
1.31108582752
1.40688938467
1.52566484582
1.50697215905
1.52087061259
1.57808159424
2.14109821119
2.24776924583
1.94173424596
Repetition end
0
1
0
Repetition start
1.70419084594
1.4352567691
1.30132631962
1.41198569135
1.34112062307
1.2501063987
1.0136996892
0.759207488646
0.770452838285
0.800923230215
0.741810303758
0.626748824181
0.616995848101
0.691643043961
0.678565870191
0.725831946336
0.817499070462
0.803752657061
0.847649686322
0.916682389063
1.07809534067
1.16073991242
1.2387051278
1.21668891213
1.40582785098
1.56397477765
1.59541998234
1.60240769298
2.09418349796
1.19317392478
1.78269024918
1.82089000861
Repetition end
0
1
0
Repetition start
2.40056133517
1.19396585453
1.92985430568
1.5795354878
1.51994717405
1.32590741118
1.27304964507
1.16203580511
1.11189242787
0.828859424167
1.03897420788
0.852697790255
0.80403747507
0.745592785461
0.712401012919
0.714348840585
0.749719085338
0.815161723805
0.83969633228
0.897349391144
0.987688704912
0.965016826365
1.12130907031
1.27374315835
1.41439045875
1.44533355414
1.46518645919
1.46381744799
1.44546975105
2.12922068645
1.88090676499
1.88180524052
Repetition end
0
1
0
Repetition start
2.75955354007
1.36427844912
1.67563629079
1.9942253106
1.64993387595
1.41169566641
1.37660523206
1.33531392753
1.10198744734
0.917731341647
0.82901723498
0.747578531569
0.655814503174
0.691759762665
0.653105562208
0.755761874611
0.799843089727
0.795346060197
0.860573924986
0.927715602484
1.03413147854
1.15310585716
1.12658816069
1.25137168159
1.46568370261
1.55853303514
1.60364289191
2.13802773604
2.22858238371
1.5506416133
1.74723150961
1.73424681413
Repetition end
0
1
0
