Repetition start
0.353271484375
1.19793701172
1.04418945312
1.1416015625
1.51184082031
1.46459960938
1.41436767578
1.30767822266
1.17932128906
1.2822265625
1.37646484375
1.49584960938
1.56280517578
1.55462646484
1.50793457031
1.39453125
1.21282958984
1.20159912109
1.25787353516
0.482055664062
Repetition end
1
Repetition start
0.889770507812
1.20471191406
0.993896484375
1.14514160156
1.36920166016
1.48419189453
1.49493408203
1.50012207031
1.35852050781
1.37823486328
1.45172119141
1.45184326172
1.47302246094
1.50750732422
1.55767822266
1.48980712891
1.15472412109
1.02740478516
0.400085449219
0.4482421875
Repetition end
1
Repetition start
0.79638671875
1.33166503906
1.61975097656
1.44268798828
1.5
1.61486816406
1.52087402344
1.43292236328
1.35949707031
1.29644775391
1.40985107422
1.41595458984
1.44030761719
1.37438964844
1.26586914062
1.19641113281
0.984497070312
0.900329589844
0.412719726562
0.185974121094
Repetition end
1
Repetition start
0.0241088867188
0.921203613281
0.712829589844
0.914916992188
1.04156494141
1.32092285156
1.51025390625
1.45770263672
1.41760253906
1.38726806641
1.32476806641
1.38751220703
1.46795654297
1.55895996094
1.56030273438
1.44610595703
0.891296386719
1.28594970703
1.41333007812
0.614501953125
Repetition end
1
Repetition start
0.150512695312
0.707458496094
1.00756835938
1.16375732422
1.27233886719
1.45977783203
1.44891357422
1.50378417969
1.44256591797
1.4208984375
1.40258789062
1.46258544922
1.48681640625
1.44885253906
1.73236083984
1.48431396484
1.41864013672
1.54150390625
1.39898681641
0.363403320312
Repetition end
1
Repetition start
1.03436279297
1.14221191406
1.44915771484
1.35290527344
1.53021240234
1.47625732422
1.34039306641
1.41784667969
1.29290771484
1.396484375
1.45928955078
1.51293945312
1.51196289062
1.49456787109
1.57623291016
1.47882080078
1.36944580078
1.23486328125
1.65563964844
0.213073730469
Repetition end
1
Repetition start
0.375183105469
1.17883300781
1.30596923828
1.43743896484
1.52038574219
1.39752197266
1.37005615234
1.35186767578
1.43371582031
1.43933105469
1.48657226562
1.54071044922
1.51080322266
1.5439453125
1.21594238281
1.08471679688
0.840209960938
0.337524414062
0.218566894531
0.127502441406
Repetition end
1
Repetition start
1.00335693359
1.01556396484
1.22619628906
1.37524414062
1.55651855469
1.44989013672
1.44537353516
1.41546630859
1.40478515625
1.50299072266
1.53070068359
1.53515625
1.36907958984
1.65466308594
1.63208007812
1.4931640625
1.42822265625
1.18737792969
0.104125976562
0.251220703125
Repetition end
1
Repetition start
0.09423828125
1.06488037109
1.10974121094
1.19500732422
1.06604003906
1.06976318359
1.21130371094
1.60400390625
1.48413085938
1.44354248047
1.34533691406
1.52160644531
1.53314208984
1.51257324219
1.548828125
1.52941894531
1.513671875
1.43469238281
1.15032958984
0.7744140625
Repetition end
1
Repetition start
0.0245361328125
0.9228515625
1.33459472656
1.30865478516
1.22540283203
1.32312011719
1.32989501953
1.49200439453
1.49151611328
1.29187011719
1.30676269531
1.40502929688
1.51354980469
1.58636474609
1.49188232422
1.46685791016
1.14404296875
0.531555175781
0.372009277344
0.356018066406
Repetition end
1
Repetition start
0.63818359375
0.982727050781
1.15344238281
1.25030517578
1.35583496094
1.45971679688
1.44598388672
1.39935302734
1.44677734375
1.23474121094
1.51019287109
1.51629638672
1.48760986328
1.47955322266
1.28118896484
0.789733886719
1.74908447266
0.3076171875
0.0938720703125
0.1083984375
Repetition end
1
Repetition start
0.738464355469
1.32440185547
0.852844238281
1.39489746094
1.32165527344
1.55395507812
1.29681396484
1.48870849609
1.46185302734
1.38482666016
1.4443359375
1.47143554688
1.45672607422
1.56573486328
1.55828857422
1.54010009766
1.38635253906
1.51800537109
0.897216796875
0.757995605469
Repetition end
1
Repetition start
-0.335693359375
0.1591796875
0.969055175781
1.05419921875
1.51354980469
1.5615234375
1.55340576172
1.4677734375
1.49493408203
1.52374267578
1.46215820312
1.439453125
1.33715820312
1.49536132812
1.54180908203
1.5029296875
1.51556396484
0.9404296875
1.66815185547
0.406982421875
Repetition end
1
Repetition start
0.525390625
1.03283691406
1.22180175781
1.49084472656
1.49920654297
1.48602294922
1.47631835938
1.38348388672
1.35345458984
1.27624511719
1.291015625
1.47259521484
1.47961425781
1.45178222656
1.69805908203
1.54187011719
1.3896484375
1.39892578125
1.25085449219
0.0191650390625
Repetition end
1
Repetition start
-0.0578002929688
1.26068115234
1.10656738281
1.51782226562
1.51794433594
1.36639404297
1.30572509766
1.37890625
1.38751220703
1.40783691406
1.44982910156
1.49572753906
1.54138183594
1.34643554688
1.43133544922
1.20654296875
1.05969238281
0.946838378906
1.61657714844
0.22314453125
Repetition end
1
Repetition start
0.315734863281
-0.100952148438
1.01336669922
0.921875
1.22442626953
1.50201416016
1.46026611328
1.50500488281
1.30865478516
1.36462402344
1.38439941406
1.52001953125
1.4658203125
1.28430175781
1.30346679688
1.28204345703
1.34088134766
1.26342773438
1.1669921875
0.381164550781
Repetition end
1
Repetition start
0.654724121094
1.14959716797
1.30755615234
1.35748291016
1.40905761719
1.44390869141
1.40533447266
1.31866455078
1.25872802734
1.31384277344
1.30249023438
1.39239501953
1.48809814453
1.56713867188
1.52331542969
1.50183105469
1.48583984375
1.05560302734
0.226684570312
0.457275390625
Repetition end
1
Repetition start
0.243530273438
0.208923339844
-0.0478515625
0.918212890625
1.40942382812
1.46691894531
1.44848632812
1.38928222656
1.27075195312
1.2685546875
1.35736083984
1.39831542969
1.48248291016
1.40472412109
1.40069580078
1.31744384766
1.34753417969
1.18200683594
0.696105957031
0.351501464844
Repetition end
1
Repetition start
0.0320434570312
1.11962890625
1.00451660156
0.904174804688
1.39630126953
1.39312744141
1.36981201172
1.29107666016
1.34332275391
1.35870361328
1.35125732422
1.41033935547
1.44873046875
1.45825195312
1.59448242188
1.61682128906
1.43719482422
1.40167236328
1.06164550781
1.30120849609
Repetition end
1
Repetition start
-0.01171875
0.584899902344
1.08227539062
1.04028320312
1.38696289062
1.60546875
1.51824951172
1.48181152344
1.32855224609
1.23278808594
1.27038574219
1.36102294922
1.42034912109
1.49890136719
1.54284667969
1.42620849609
1.37158203125
0.698974609375
1.14947509766
0.220886230469
Repetition end
1
Repetition start
1.39874267578
1.04809570312
1.13800048828
1.24713134766
1.59411621094
1.50561523438
1.54187011719
1.45092773438
1.43884277344
1.38739013672
1.31439208984
1.26812744141
1.42370605469
1.49304199219
1.45300292969
1.54364013672
1.62854003906
0.783752441406
0.466735839844
0.216613769531
Repetition end
1
Repetition start
0.937561035156
1.083984375
0.986267089844
1.01104736328
1.02758789062
1.38452148438
1.41180419922
1.38024902344
1.50714111328
1.54052734375
1.36773681641
1.40246582031
1.47082519531
1.51196289062
1.38793945312
1.30981445312
1.19500732422
1.09674072266
1.08135986328
0.315734863281
Repetition end
1
Repetition start
0.290100097656
1.26690673828
1.166015625
0.997497558594
0.788757324219
1.55816650391
1.68182373047
1.46826171875
1.47595214844
1.47100830078
1.34381103516
1.29315185547
1.30291748047
1.45104980469
1.55944824219
1.35845947266
1.40600585938
1.2666015625
0.844665527344
0.772644042969
Repetition end
1
Repetition start
0.899780273438
1.11553955078
1.24987792969
1.21533203125
1.51617431641
1.44390869141
1.38537597656
1.40972900391
1.30938720703
1.30993652344
1.47003173828
1.42456054688
1.33764648438
1.29919433594
1.14025878906
1.01538085938
0.755249023438
0.94921875
0.520812988281
0.174621582031
Repetition end
1
Repetition start
0.524108886719
0.965637207031
1.17529296875
0.884155273438
1.05548095703
1.27709960938
1.33453369141
1.43194580078
1.23529052734
1.15673828125
1.18225097656
1.15441894531
1.46124267578
1.26092529297
1.20947265625
1.28094482422
1.18438720703
1.00665283203
0.763305664062
0.515502929688
Repetition end
1
