Repetition start
1.08794978373
1.03082792177
1.04095184854
1.04005687143
1.01272474815
1.1072392271
1.01038540242
0.911037063883
1.07638675912
1.04744578394
0.902879436232
1.02834725413
0.975996154595
0.997108447535
1.04149073267
1.08696393347
1.04864919013
1.19282222153
1.07691583344
1.08222776825
1.12889832689
1.09442973983
0.991846031467
1.01037548803
0.964272808926
0.933560215176
0.940706253978
1.09995344515
0.992371647184
1.03470210244
0.994761960433
0.970956790332
Repetition end
0
1
0
Repetition start
1.12557666125
1.22930018628
1.10539508547
1.12995679938
0.986124533235
1.03091906165
1.02807081625
0.914377023919
0.8957291811
0.998375157453
1.14482670443
1.10548480733
1.08330510138
1.1140393771
1.07403677179
1.05510920289
1.0424613665
0.981330849724
0.99034138201
0.963599128127
0.983270716399
0.97458619222
1.07766732923
0.954103518653
1.28987752118
1.16040152869
1.16242279346
1.14543387718
1.401363733
0.979070688762
0.982671067124
0.949109948363
Repetition end
0
1
0
Repetition start
0.98036969965
1.01039037986
1.03256560345
1.22299147998
1.04900650553
1.12122952407
1.03610967598
0.979518194034
1.03055579488
1.04215303411
0.993350706314
1.02505685006
1.0201267407
1.09988901333
1.11618909873
1.08452069186
1.09765336182
1.08123778608
1.11247671905
1.07248347142
1.09527698261
1.06776954506
1.08006653943
1.01714291299
1.05105099708
0.927310433147
1.03968612521
1.19836502409
1.20186790986
1.68622758918
1.01358196837
1.01974527444
Repetition end
0
1
0
Repetition start
1.12227926309
1.26973463923
1.30946170718
1.01305214087
1.13845223718
0.989874014283
0.899654826309
0.882574456538
0.880991942671
1.04380211058
0.976774814414
1.11060076646
1.0353072794
1.11238722122
1.07266370579
1.15320804479
1.10310331423
1.05444763423
1.08186032567
0.930547552832
1.02797152735
0.864488859597
1.06253593223
0.975551136836
1.01930841481
1.04481962363
1.16719442554
1.2101530349
1.06253573589
0.886464597183
1.03644430708
0.958676762783
Repetition end
0
1
0
Repetition start
1.03615574717
1.20585040011
1.40130672258
0.911614745434
1.00286149979
0.902080030835
1.05874966427
1.08261084096
1.13663290624
1.10297854359
1.1267005201
1.08595246709
1.06752794087
1.09590842964
1.100825513
1.0801513209
1.06443614071
1.06900528799
1.06554275528
1.0452969778
1.02926652527
0.99394561976
0.959683173383
0.970442042173
0.996496465094
1.12472178575
1.18316488711
1.03085734919
0.819219369519
1.30401881151
0.920458805003
1.01140717271
Repetition end
0
1
0
Repetition start
1.20081482209
1.42156328463
1.17927796
0.880986058669
1.00848801655
0.951316704974
0.968643001831
1.05945368358
1.12070003601
1.04961879415
1.07683336244
1.09822906196
1.08021986137
1.11693755101
1.09726209793
1.08930514812
1.04970369607
1.05494999092
1.0769294402
1.08917086006
1.06012177949
1.02774020802
0.945653101352
0.983081279702
0.988105300273
1.16062722616
0.804416333035
1.11456977496
0.868065203004
1.06711321058
1.01134891083
1.04238312421
Repetition end
0
1
0
Repetition start
1.02279201201
0.944474167751
1.50592789327
1.35101280859
1.01846674999
1.08447285549
0.964903750465
1.03131839677
0.952748726615
1.02999258869
1.04427151628
1.00011927296
0.996327535458
1.0774676437
1.0759165525
1.0646841201
1.0997833365
1.08555438124
1.0941396479
1.07846492612
1.05903672701
1.06874017188
1.06884516598
1.05781089333
0.995803362462
1.00090310548
1.06280245753
0.881045753148
0.935812275379
1.1183619245
0.89219823136
1.01375450503
Repetition end
0
1
0
Repetition start
1.01236200871
1.22790508989
0.937610635587
0.869287821274
1.04344231323
1.04820358962
0.90273720969
1.00995565393
1.102058294
1.02005161328
0.997813580115
1.21045625107
1.05998401037
1.10367007567
1.08938942775
1.09853610821
1.10138092337
1.0757170649
1.06127783137
1.07178047545
1.0736439242
1.0504211
1.02116916162
1.03375604506
1.03595102497
0.904858451876
0.967671430353
0.944863397934
0.882304634168
1.18024653805
1.10456812974
1.03462797576
Repetition end
0
1
0
Repetition start
1.17330389646
1.07776543419
1.24791079363
1.00466496189
0.920486343833
0.902081228438
1.01628623858
1.00667659931
0.912144076241
1.02697058344
0.956966366807
1.001936799
0.97448992905
1.03751313886
1.15196247259
1.08686555341
1.10386386542
1.08763745065
1.07624880486
1.0808391494
1.05955320599
1.02320183705
1.02104056474
1.00581351055
1.03183441328
0.922912101173
0.950470083876
0.907868514409
0.911833748025
1.00412521869
1.40340134261
0.983547025212
Repetition end
0
1
0
Repetition start
1.17543941104
0.877623758277
1.01020170863
1.00683107199
0.943151330615
0.979381593069
0.950198460698
0.956109237284
0.958780202865
1.0531928828
1.02994662702
0.990205818908
1.11916631399
1.07182944656
1.08205370587
1.15716435551
1.12704194544
1.10177277526
1.07825446043
1.08300161747
1.07836296904
1.05438640147
1.02933892629
1.02339481672
0.990879304026
1.12054922092
0.987671032336
0.936356681799
1.02700663428
1.21666240715
0.858570637101
1.0594376881
Repetition end
0
1
0
Repetition start
1.21418868738
1.07948430381
0.983483624296
0.871640709363
0.979765166546
1.0581689753
1.01363655536
0.980448593449
1.03241240129
1.11814732768
1.10291712575
1.17252645505
1.11021077883
1.13888100655
1.08164521847
1.10745499913
1.09239891766
1.09866918037
1.08142445003
1.03715063002
1.06455118445
0.929600899934
0.990594057448
1.00187753463
1.06151950172
0.88326694177
1.07272731069
1.17052566888
1.88617085168
1.00135125753
0.780074420036
1.00789658432
Repetition end
0
1
0
Repetition start
1.00386905601
1.45712476077
1.22050233487
1.04617520685
1.02856964863
0.839635166614
1.03353712384
0.98563807493
0.909180175093
1.03181942839
0.984513284416
1.1248501042
1.07993896064
1.16673590587
1.16836755859
1.10980655946
1.10716534054
1.0810921653
1.07666341042
1.06154346009
1.06956469906
1.02002792574
0.989556695764
0.940584946331
0.957807982793
0.93974996029
1.0591413447
1.00526412462
0.938826300308
1.64723000663
1.08024542411
0.959948802572
Repetition end
0
1
0
Repetition start
0.70883282442
1.36030778725
0.906274380027
0.923380969346
0.941977636172
1.0129983774
0.938530574042
0.982872633921
0.940954388803
0.89996322161
1.08399539633
1.10715799198
1.14402198854
1.13247828815
1.08578007401
1.11372555015
1.09829146614
1.08384844813
1.11992274744
1.08681173263
1.07704396057
1.04507399904
1.0434196976
0.997946316082
0.961356897245
1.04318962366
0.937839339354
0.98745431153
1.07360199302
1.0321331054
0.724752494271
1.90725344098
Repetition end
0
1
0
Repetition start
1.13025350598
1.04445712904
1.03193214642
0.996859211483
0.918660793791
0.954422743433
1.02964107578
1.18131896599
1.10417919969
1.09678670781
1.17813169758
1.13127782225
1.10428806716
1.05736168287
1.06480868115
1.07611093851
1.08613303709
1.05278975389
1.05212377736
1.0844808421
0.922103085831
0.982393163864
1.0321993143
0.93622058749
0.902742838438
0.96320394212
1.03382849561
1.00325388437
0.976900570526
1.12996674261
0.944128313485
0.981104181322
Repetition end
0
1
0
Repetition start
1.01352071829
0.990300197031
0.768754484776
1.31933543066
1.68758389587
1.0807210809
0.928451112649
1.07601675241
1.05012317351
0.930804763357
0.893633623232
0.892808490049
1.02898604606
1.12110103711
1.13720772081
1.10095039906
1.0846561481
1.12935536767
1.09090219223
1.09348777795
1.09553371997
1.08982973876
1.06046760993
1.06910742143
1.10780547325
1.13736549967
1.0132010548
0.994451466737
1.04253645843
0.949544324887
1.80447209505
0.929289101339
Repetition end
0
1
0
Repetition start
1.41229271787
1.2755288959
1.00880303978
1.03779724715
0.882246631532
0.889570293491
1.07028788865
1.03946386021
1.12301113735
1.05305882729
1.07619144851
1.09728119507
1.10522583628
1.10184205005
1.09494919602
1.06768112342
1.07059714612
1.08859895216
1.1395395222
0.920100334497
0.93981635711
1.03881192233
1.00093470788
1.03720611365
0.972101878933
0.954931667231
0.947218075768
0.977248883312
0.910072202035
1.94437088832
1.14473775231
0.931512793882
Repetition end
0
1
0
Repetition start
0.939326184553
1.16149197695
0.89917340823
0.944935126289
0.894274997655
0.943032296859
0.978068725579
1.02645613215
1.00711877552
0.98128191978
0.943151615003
1.02807919573
1.20342672423
1.10137927953
1.09983426669
1.14062004056
1.12777723628
1.11238550323
1.09936556815
1.08393031321
1.04402302737
1.01381077118
1.07334343708
0.805080341075
1.03218792037
1.05025600402
0.998736617231
1.08885887382
1.00596758436
0.906359454237
0.93422929926
0.984381497831
Repetition end
0
1
0
Repetition start
1.64884689183
1.05404461588
1.06969995965
0.920936442104
0.83917613663
0.971153603763
0.996649129161
0.90701547103
0.915122228892
0.943290046451
1.03433235598
1.13236288323
1.16116179133
1.20979870347
1.05737041331
1.09676437696
1.0704604433
1.08227794637
1.05543042084
1.04291215307
1.05624906474
1.05711929634
0.987087439039
0.941856674217
0.883034990344
1.08215452862
1.05050732364
1.04980537237
1.00673253206
1.93646566504
1.107523752
0.922763642659
Repetition end
0
1
0
Repetition start
1.32571074316
1.40696643355
1.34591664391
1.22198744236
1.11235551994
0.83750654412
0.959916227275
0.941957678292
0.927322057151
1.03952388451
1.12463060745
1.00386608912
1.0557251894
1.08537636983
1.10286784444
1.12752528517
1.11371589675
1.14301494008
1.10587916658
1.09751540601
1.04872345535
1.03787061624
1.02477403176
0.999196765589
0.972491363353
1.01899613482
0.945520167358
0.93997621348
0.886512894199
1.88969821618
1.35889115026
0.830499952507
Repetition end
0
1
0
Repetition start
1.0320367413
1.62460136224
0.96354694902
1.04674196643
0.955074390256
0.955500497626
1.01319901052
1.01429973297
0.907592424548
1.0608559627
1.06352931541
1.05276296892
1.1362932169
1.13326530779
1.08556732379
1.0980294652
1.10562433455
1.07202539897
1.08717889464
1.06600682146
1.06673723366
1.02505905785
1.1347666115
1.06706159842
1.0820092533
0.976814622758
1.0333189674
0.935964897118
0.96342447466
1.03970256609
1.14246130452
0.997820815522
Repetition end
0
1
0
Repetition start
1.12857376469
0.989341835829
1.06452125891
1.22917360537
1.0812893245
0.936489932005
0.953649732105
0.997366553899
1.00057936254
1.04655578714
1.14637853501
0.977855463489
0.956937830122
1.03438700938
1.07597838114
1.13652578827
1.10255712219
1.11024654096
1.02651699327
1.05486557482
1.09969545471
0.798039410725
1.19496352425
1.02132376216
1.04498569971
0.944016954027
0.974590610943
0.997751780218
0.995250973679
0.967789660413
0.955443569781
1.28319222374
Repetition end
0
1
0
Repetition start
1.48045140259
1.11138165182
0.95702015812
0.887826188095
0.880120328966
1.04732566713
0.996073818007
0.969872387835
0.945170529794
0.989648894179
0.965412809922
1.09709610171
1.08280581421
1.09397499802
1.11065249362
1.06364247137
1.08821130166
1.06821328721
1.0365557531
1.04055825827
1.05487381738
1.05406840839
1.02989053888
1.01769029911
0.972478392629
0.971085572841
0.96082335081
0.916966371914
0.963050695504
1.01730426647
1.3854553606
0.951973776814
Repetition end
0
1
0
Repetition start
1.54565633347
1.21140552828
0.943925756626
0.899863848222
0.996162804847
1.1292140419
0.884950862634
1.05864738666
1.07636155639
1.13694945187
1.13501914273
1.10973398351
1.10020347557
1.13760563247
1.04733167481
1.11551750851
1.07041206384
1.0277136764
1.03772908175
1.11916575978
0.92520667406
1.13754849285
1.09423808549
0.96378075387
0.991681102999
0.8748964308
0.949805557122
0.959219282246
0.748813035104
1.94612617787
1.01342604896
1.11629125017
Repetition end
0
1
0
Repetition start
1.00966025601
1.2411242334
0.896843595154
0.8277601617
1.02086064021
0.955093621594
0.923932595828
1.02010567513
1.04814607938
0.982560364156
0.812912441989
1.09321509974
1.09366403651
1.11022146599
1.17134947914
1.15005149117
1.10416392298
1.12224154249
1.09177346452
1.09995302349
1.06878444612
1.07292144641
1.05144375971
1.06134863663
0.98685845385
1.07270231891
1.04053814693
0.917705433192
0.969144481281
0.908318448692
1.82489486046
1.17996659356
Repetition end
0
1
0
Repetition start
0.973272769745
1.13413135116
1.06246469418
0.97028720511
0.911218643234
0.967226019895
1.01050732598
1.03524054598
0.867679754794
0.950284869373
0.932074621667
1.09662590846
1.11029081086
1.13539891455
1.11989537598
1.1355795707
1.1029871612
1.05506216741
1.06728287532
1.07195502961
0.979682405662
1.03975876089
0.94417838959
1.21037353334
1.0130845226
0.941537764769
1.00505225196
1.04079462823
0.99779270056
0.92084976545
0.897509149163
1.48279860639
Repetition end
0
1
0
