Repetition start
0.493530273438
0.520812988281
0.324523925781
0.443786621094
1.14764404297
1.56176757812
1.58270263672
1.58758544922
1.44512939453
1.56402587891
1.47076416016
1.25726318359
1.32861328125
1.33612060547
1.39892578125
1.48718261719
1.51867675781
1.24853515625
0.895385742188
0.135559082031
Repetition end
1
Repetition start
1.27032470703
1.52514648438
1.37896728516
1.66430664062
1.47314453125
1.56091308594
1.57135009766
1.44885253906
1.86364746094
1.39978027344
1.2646484375
1.40319824219
1.52789306641
1.56219482422
1.63641357422
1.634765625
1.68634033203
1.08856201172
1.04656982422
0.0337524414062
Repetition end
1
Repetition start
0.263549804688
0.146057128906
1.12805175781
1.30303955078
1.35064697266
1.38940429688
1.54577636719
1.17218017578
1.48590087891
1.38494873047
1.51293945312
1.216796875
1.32739257812
1.30120849609
1.38507080078
1.63092041016
1.06518554688
1.14190673828
0.38818359375
0.30078125
Repetition end
1
Repetition start
1.05364990234
0.728576660156
1.46313476562
1.53466796875
1.51690673828
1.52459716797
1.29553222656
1.44396972656
1.36297607422
1.49304199219
1.62658691406
1.58544921875
1.60089111328
1.53894042969
1.58953857422
1.48052978516
1.28912353516
1.62835693359
1.93389892578
0.367370605469
Repetition end
1
Repetition start
1.18395996094
1.34716796875
1.2255859375
1.3779296875
1.45501708984
1.50018310547
1.48626708984
1.41442871094
1.37017822266
1.42022705078
1.44750976562
1.4892578125
1.57739257812
1.6044921875
1.58837890625
1.63220214844
1.59619140625
1.3447265625
1.30725097656
0.761779785156
Repetition end
1
Repetition start
1.72973632812
1.46990966797
1.60992431641
1.33386230469
1.46685791016
1.49194335938
1.37756347656
1.60424804688
1.61199951172
1.66510009766
1.68804931641
1.59173583984
1.37670898438
1.54614257812
1.39904785156
0.794921875
1.92620849609
-0.232543945312
0.739685058594
0.037109375
Repetition end
1
Repetition start
1.07769775391
1.27136230469
1.11462402344
1.13458251953
1.22479248047
1.62347412109
1.50738525391
1.51593017578
1.24920654297
1.34643554688
1.30194091797
1.36450195312
1.39868164062
1.50189208984
1.51654052734
1.60784912109
1.40112304688
1.22900390625
0.513244628906
0.682922363281
Repetition end
1
Repetition start
0.058349609375
0.2890625
1.34655761719
1.17694091797
1.24255371094
1.23291015625
1.61901855469
1.55505371094
1.40020751953
1.4560546875
1.30041503906
1.32788085938
1.42376708984
1.69384765625
1.58880615234
1.60278320312
1.37866210938
1.49920654297
1.12915039062
0.563537597656
Repetition end
1
Repetition start
1.52874755859
0.984924316406
1.45843505859
1.49169921875
1.51501464844
1.50854492188
1.42401123047
1.44195556641
1.35430908203
1.13653564453
1.26495361328
1.40911865234
1.63580322266
1.61694335938
1.55718994141
1.44262695312
1.45031738281
1.43939208984
0.875427246094
-0.182189941406
Repetition end
1
Repetition start
0.678894042969
1.41033935547
1.22662353516
0.9375
1.39715576172
1.21960449219
1.39996337891
1.38073730469
1.33880615234
1.22436523438
1.26416015625
1.47467041016
1.47601318359
1.48254394531
1.65313720703
1.65612792969
1.40618896484
2.40393066406
0.425903320312
1.12469482422
Repetition end
1
Repetition start
0.81005859375
1.04846191406
1.32116699219
1.39239501953
1.58587646484
1.20678710938
1.86907958984
1.61700439453
1.28936767578
1.38836669922
1.23156738281
1.28662109375
1.36480712891
1.71429443359
1.52038574219
1.41662597656
0.967102050781
1.23168945312
1.19006347656
1.5361328125
Repetition end
1
Repetition start
0.23095703125
0.823486328125
1.41485595703
1.51849365234
1.40594482422
1.36303710938
1.24285888672
1.27313232422
1.267578125
1.43218994141
1.44390869141
1.55004882812
1.62109375
1.43212890625
1.494140625
1.1796875
1.38690185547
1.22094726562
0.941162109375
0.608276367188
Repetition end
1
Repetition start
1.28680419922
1.22833251953
1.67053222656
1.48785400391
1.56762695312
1.51800537109
1.48364257812
1.35235595703
1.1943359375
1.09686279297
1.20623779297
1.23748779297
1.32598876953
1.44104003906
1.68957519531
1.52111816406
1.50970458984
1.68420410156
1.63403320312
0.322814941406
Repetition end
1
Repetition start
1.11572265625
1.22552490234
1.18212890625
1.48760986328
1.49853515625
1.37274169922
1.59918212891
1.28149414062
1.12567138672
1.2001953125
1.20825195312
1.35748291016
1.45068359375
1.57818603516
1.69720458984
1.52142333984
1.33959960938
1.35461425781
1.31726074219
1.85876464844
Repetition end
1
Repetition start
0.487915039062
1.37243652344
1.40106201172
1.42358398438
1.41571044922
1.50408935547
1.15344238281
1.25512695312
1.35302734375
1.50329589844
1.67602539062
1.61102294922
1.37390136719
1.72857666016
1.47253417969
1.50988769531
1.29150390625
0.595397949219
0.611389160156
0.740478515625
Repetition end
1
Repetition start
0.465270996094
0.477783203125
0.533447265625
0.496643066406
0.509643554688
0.474243164062
0.484558105469
0.5703125
0.0499267578125
0.884460449219
0.528015136719
0.400207519531
0.369873046875
0.582153320312
0.562316894531
0.703063964844
0.572937011719
0.55615234375
0.532165527344
0.610229492188
Repetition end
0
