Repetition start
0.362060546875
0.51953125
1.56121826172
0.997985839844
1.39685058594
1.49340820312
1.59051513672
1.63275146484
1.51538085938
1.541015625
1.42608642578
1.21844482422
1.49114990234
1.46142578125
1.42138671875
1.42980957031
1.74761962891
1.46020507812
0.995971679688
0.308044433594
Repetition end
1
Repetition start
0.556091308594
0.554870605469
0.406677246094
1.43298339844
1.79193115234
1.65234375
1.50946044922
1.40905761719
1.25659179688
1.24456787109
1.22509765625
1.22021484375
1.46539306641
1.55700683594
1.58612060547
1.58575439453
1.38970947266
1.6708984375
0.297058105469
0.579833984375
Repetition end
1
Repetition start
0.639404296875
0.66796875
1.06573486328
1.58874511719
1.44195556641
1.51062011719
1.79229736328
1.70880126953
1.28155517578
1.19964599609
1.52679443359
1.60516357422
1.61578369141
1.65228271484
1.78662109375
1.50366210938
1.22155761719
1.11138916016
2.2919921875
0.351684570312
Repetition end
1
Repetition start
0.344604492188
0.379455566406
0.578430175781
1.3251953125
1.25939941406
1.49890136719
1.60198974609
1.56610107422
1.6962890625
1.49652099609
1.55010986328
1.22503662109
1.17553710938
1.38812255859
1.51324462891
1.54473876953
1.56115722656
1.75146484375
1.55895996094
1.14471435547
Repetition end
1
Repetition start
0.470886230469
0.937438964844
1.47344970703
1.4228515625
1.35192871094
1.43127441406
1.41638183594
1.52941894531
1.52514648438
1.38464355469
1.33831787109
1.17596435547
1.18249511719
1.26007080078
1.44946289062
1.59503173828
1.61859130859
1.72845458984
0.558959960938
0.291320800781
Repetition end
1
Repetition start
0.902587890625
1.52221679688
1.35076904297
1.55560302734
1.63299560547
1.74932861328
1.54187011719
1.47253417969
1.38592529297
1.38110351562
1.31750488281
1.50042724609
1.50787353516
1.748046875
1.35748291016
1.6376953125
1.61376953125
1.55999755859
1.32611083984
0.350769042969
Repetition end
1
Repetition start
0.472106933594
1.66644287109
0.872192382812
1.37139892578
1.60388183594
1.66607666016
1.51141357422
1.51721191406
1.55834960938
1.37506103516
1.24841308594
1.28765869141
1.21417236328
1.28021240234
1.42370605469
1.64624023438
1.65051269531
1.54290771484
1.60589599609
2.04138183594
Repetition end
1
Repetition start
0.787963867188
1.36114501953
1.39489746094
1.32531738281
1.2734375
1.63220214844
1.60888671875
1.681640625
1.431640625
1.51666259766
1.47308349609
1.11395263672
1.15289306641
1.20928955078
1.38403320312
1.65875244141
1.51452636719
1.54510498047
2.68829345703
0.464782714844
Repetition end
1
Repetition start
0.574768066406
0.645446777344
1.37438964844
1.60662841797
1.85076904297
1.47106933594
1.57299804688
1.18682861328
1.24444580078
1.28369140625
1.3994140625
1.72076416016
1.58428955078
1.65277099609
1.62939453125
1.55969238281
1.37469482422
1.26818847656
0.721313476562
0.674560546875
Repetition end
0
