1329 -6113 14523
 998 -6481 14390
 1167 -6427 14347
 1025 -6488 14626
 899 -6760 14542
 1325 -6049 14645
 1201 -6900 14463
 1196 -6826 14404
 1315 -6385 14275
 1382 -6581 14523
 1005 -6290 14646
 1031 -6438 14510
 1231 -6516 14708
 1488 -5881 14274
 1421 -7219 14389
 1151 -6486 14357
 1030 -6352 14287
 1106 -6537 14780
 1214 -6400 14596
 1013 -6825 14319
 1122 -6424 14299
 1013 -7193 14311
 806 -6467 14405
 811 -6329 14560
 1188 -6568 14218
 1038 -6580 14453
 1152 -6359 14107
 899 -6556 15023
 974 -6277 14752
 839 -7200 13647
 1378 -6697 14421
 557 -6617 14475
 574 -7436 13824
 1142 -6550 14424
 856 -7004 14423
 867 -6506 14512
 725 -6546 14129
 1030 -6645 14660
 1000 -6714 14471
 823 -6722 14516
 1102 -6570 14365
 968 -6663 14533
 858 -6641 14378
 1045 -6601 14322
 1248 -6526 14533
 1155 -6687 14546
 917 -6481 14416
 1165 -6649 14493
 970 -6783 14335
 1153 -6691 14397
 1150 -6622 14493
 1166 -6361 14299
 1283 -6723 14244
 1363 -6644 14436
 1030 -6500 14578
 891 -6528 14425
 1190 -6143 14646
 1039 -6747 14502
 1032 -6714 14505
 839 -6515 14412
 1010 -6685 14278
 1194 -6927 14671
 1005 -6380 14541
 1332 -6135 14764
 1063 -6611 14231
 695 -6264 14276
 861 -6389 14997
 1132 -5506 14135
 883 -6461 14410
 1607 -6456 14319
 1805 -6811 14166
 1604 -6853 14389
 1360 -6394 14272
 1027 -6557 14525
 1409 -6839 14538
 1735 -6459 14110
 1513 -6786 14153
 1769 -6415 14669
 1183 -7192 14275
 1243 -6738 14312
 1476 -6584 14243
 1708 -6545 14274
 1678 -7066 14521
 1511 -6949 14134
 1341 -6673 14333
 1547 -7091 14158
 1548 -6806 14196
 1594 -6978 14243
 1695 -6818 14534
 1563 -6700 14283
 1469 -6766 14453
 1511 -6829 14336
 1822 -6949 14078
 1377 -6880 14182
 1465 -7023 14316
 1311 -6898 14194
 1493 -6966 14273
 1501 -6711 14556
 1523 -6972 14077
 1587 -6995 14155
 1248 -6655 14221
 1123 -7257 14295
 1440 -7155 13944
 1379 -7518 14192
 892 -6566 14308
 927 -7270 13876
 620 -7156 14156
 -62 -7210 14140
 882 -7249 13925
 696 -6730 14562
 714 -7175 14126
 854 -7968 14010
 895 -7336 14090
 1195 -7306 13953
 1391 -7963 13673
 1610 -6927 14082
 963 -7112 14219
 587 -7399 14089
 636 -6598 14535
 991 -6761 13996
 1260 -7804 13644
 1449 -7722 13877
 996 -6778 14079
 733 -7205 14226
 1274 -7130 14189
 1863 -7151 14157
 1172 -7213 13914
 545 -7228 14130
 970 -7715 14024
 1644 -7059 13807
 1315 -7231 14315
 1230 -7006 14587
 1273 -7250 13831
 1486 -7320 14107
 1485 -7360 13954
 1223 -7269 14212
 1547 -7247 13689
 1424 -7484 13951
 300 -7304 14271
 1386 -7454 14488
 1527 -7576 14284
 1206 -6855 14053
 1380 -7085 14317
 1585 -6559 13400
 1314 -7312 15396
 399 -5986 14613
 1594 -6865 13546
 838 -6104 14983
 931 -7581 13993
 1344 -3938 12859
 1213 -6808 14913
 340 -7043 14643
 575 -5652 14987
 -989 -5968 16269
 324 -5355 14469
 407 -3881 15136
 237 -4985 15537
 -201 -5302 15189
 -248 -5191 14625
 345 -4799 14786
 148 -4537 15296
 248 -4654 15613
 146 -5354 15016
 181 -5032 15359
 480 -4814 15158
 345 -5081 15209
 443 -4963 15060
 170 -4928 14972
 323 -5101 14997
 164 -5243 15220
 140 -4995 15103
 287 -5018 15094
 238 -4969 15338
 259 -5182 15211
 302 -5029 15085
 365 -5018 15196
 254 -5110 15120
 219 -5098 15269
 305 -5222 15230
 259 -4978 15286
 392 -4960 15211
 261 -4982 15216
 384 -4999 14931
 262 -4999 15245
 143 -5032 15009
 386 -4969 15187
 316 -4991 15266
 544 -4976 15231
 459 -5079 15062
 535 -4938 15304
 379 -5064 15303
 306 -5126 15301
 445 -5184 15196
 464 -5014 15265
 475 -5062 15067
 445 -4938 15183
 502 -5109 15116
 484 -5128 15158
 587 -4932 15247
 393 -5174 15134
 615 -5042 15184
 644 -5362 14970
 619 -4929 15239
 683 -5042 15131
 576 -5297 14773
 685 -4957 15190
 627 -5160 15157
 645 -5069 15502
 608 -4989 14790
 577 -4764 15085
 458 -5091 15226
 458 -5191 15204
 446 -5070 15489
 559 -4979 15287
 484 -5094 15408
 641 -5164 15005
 603 -5110 15201
 629 -5214 14952
 518 -5049 15097
 447 -5094 15236
 478 -5062 15097
 510 -4979 15291
 550 -5019 15012
 593 -4980 15184
 576 -5324 15268
 457 -5227 15316
 535 -5076 15246
 334 -5352 15247
 348 -5059 15292
 1287 -5120 15468
 287 -5062 15217
 346 -4906 15146
 602 -5035 15067
 685 -5208 15164
 638 -5051 15101
 419 -5069 14913
 413 -5216 15021
 392 -5226 15189
 414 -4924 15204
 590 -5087 15308
 664 -4919 14999
 633 -5149 15496
 382 -5174 15576
 707 -5057 14961
Repetition Start
 376 -5020 15220
 671 -4389 15151
 1719 -4310 15124
 582 -6447 15120
 -1450 -7385 14767
 -586 -8493 17591
 -1180 -6869 16168
 1027 -2690 13451
 2961 1828 20790
 2013 1668 12670
 3292 4075 15519
 2495 2137 15342
 5107 3674 15687
 5121 4330 16608
 5586 4488 16021
 4595 4562 13823
 4814 8793 11682
 5211 10615 10079
 6365 9656 10100
 4539 13084 9128
 4695 12717 7660
 5394 13638 5796
 5068 15935 4245
 5580 16062 1425
 5205 17673 487
 5271 17718 -564
 5338 17956 -1204
 5600 16729 -2017
 4893 16976 -1906
 5456 17597 -1334
 5363 17043 -1183
 5184 17132 -548
 5134 16590 195
 4893 16542 1282
 5421 16603 2407
 5408 15709 2827
 5879 16756 4573
 5908 14813 3631
 5412 15905 6640
 4071 15091 7891
 5153 12044 6091
 5105 11094 9265
 4370 9684 9372
 6708 9078 12728
 5711 7743 15179
 2520 3708 17696
 6874 4666 15386
 2597 2215 15949
 4064 1929 15784
 7851 3137 17764
 3431 2238 17674
 1259 -4312 12648
 4232 -5656 17742
 3531 -3568 13101
 245 -9045 13847
Repetition End
1
 1108 -9030 14832
 288 -5283 14935
 -911 -5053 15697
 -295 -4942 15103
 -191 -5790 14135
Repetition Start
 -309 -5839 15259
 417 -6546 15220
 -702 -7683 14566
 -717 -7722 15102
 -1879 -4643 19040
 2791 -2645 15965
 2973 2008 18497
 4001 -446 17201
 1183 830 16492
 3262 4719 14477
 3435 9528 16396
 5898 6155 14074
 2289 8622 12773
 3434 11097 12541
 4522 11275 9394
 5495 11564 7672
 4040 14049 7520
 4920 15169 5153
 4883 17028 2838
 4728 17147 1211
 4837 16427 -676
 5180 19246 -1017
 4511 17370 -1490
 5192 17157 -2277
 5316 17047 -2371
 4578 18022 -1978
 5285 17500 -1160
 5270 16450 -1075
 4825 16660 -39
 5662 16993 1354
 5349 16048 2153
 5622 16277 3611
 5790 15441 4756
 5434 14897 5650
 5532 14260 7338
 4247 14838 9068
 4034 10735 8000
 4935 10718 11723
 5834 9878 13334
 4412 9601 10904
 4145 5693 14931
 2930 4895 15813
 2029 2922 15537
 3560 2868 16591
 1926 -2529 13232
 1086 -8247 12028
 3715 -2917 13768
 823 -9660 17052
 465 -10209 14282
 299 -10537 12936
 -1019 -4632 15151
Repetition End
1
 -744 -8617 14774
 -81 -4960 14824
 144 -7927 12443
Repetition Start
 944 -5261 14793
 -15 -7561 14318
 4 -7638 17982
 -1922 -8063 20929
 -2694 -10418 23424
 1956 -3284 18789
 1961 -4339 17890
 3718 841 13956
 2285 -257 14734
 2930 4158 15219
 2933 5856 16486
 4928 5843 15259
 3906 6806 14433
 4439 6820 12366
 3798 10546 9949
 4818 10513 9419
 5516 14339 9510
 5457 12689 5420
 6030 16555 5412
 5144 16301 2987
 4347 16609 1196
 4905 17084 -887
 4566 18223 -1792
 4918 18213 -1900
 5044 17045 -2434
 4910 17073 -2381
 4824 17535 -1986
 4969 16958 -781
 4999 17046 296
 5140 17024 1356
 4987 15968 1931
 5420 15937 3658
 5469 15727 4861
 5383 14944 5972
 5102 13134 7229
 4977 13291 8205
 5292 13155 8624
 5110 14026 10136
 5323 11667 10316
 4343 9470 11059
 4090 8278 12268
 3919 5620 14809
 3296 4922 14817
 2467 1782 15765
 2783 627 14799
 2740 -108 14392
 5461 5694 26397
 -364 -15117 15432
 -452 -9036 15250
 -428 -8509 14227
Repetition End
1
 -342 -6233 13270
 84 -6708 15295
 -157 -7035 14109
 243 -6029 15095
Repetition Start
 -222 -7812 13764
 -103 -9069 14818
 -2429 -11363 20009
 -306 -4945 14728
 3104 -753 12412
 5470 548 10336
 3983 2577 18357
 3281 340 18091
 5024 -631 15034
 3576 2068 15135
 5348 2220 13066
 3683 6323 14552
 5592 7488 13167
 4180 10139 11340
 5873 10816 11103
 6024 10585 7910
 4599 13351 7447
 5208 15162 5743
 4890 16026 6152
 3333 14710 2371
 5450 16789 1330
 5086 17449 -670
 5137 17877 -2004
 5009 17227 -2165
 4985 17396 -2930
 5134 17630 -2423
 4674 17035 -2449
 4876 17227 -1755
 5828 18471 -5736
 6234 17730 972
 5164 16333 1246
 5154 16998 2641
 4817 16009 2907
 5024 15856 4429
 5337 14706 5535
 4270 16215 8080
 4983 11783 7774
 4937 12588 10082
 6342 12677 9677
 3023 9728 11223
 4769 10218 13030
 3761 12333 14506
 4227 8915 14421
 1500 5826 14968
 1210 4776 16387
 2487 5831 17224
 1799 1243 15713
 5027 -749 15056
 1046 3047 20376
 183 -4640 11219
 2102 -4637 18101
 -1562 -9970 14796
Repetition End
1
 280 -5803 14977
 347 -4881 14997
 0 -5470 14501
 115 -4400 15698
 289 -6478 14580
Repetition Start
 467 -6725 13973
 -626 -8720 15160
 169 -3875 19065
 1091 -2785 15913
 7072 3355 17823
 2748 4092 17301
 3206 4582 15524
 2959 4419 14772
 4418 9175 17687
 2713 5896 14841
 3469 9038 12640
 3708 8476 11022
 4119 10862 9795
 4860 12061 8137
 4270 13783 7637
 4279 14009 5410
 4676 15288 5024
 4522 17048 3289
 4718 15890 2078
 4561 16518 206
 4897 17433 -403
 5814 17726 -1647
 4721 17136 -2590
 5194 17195 -3015
 5481 17525 -3048
 5319 17010 -2900
 5186 17351 -1883
 5248 16712 -1315
 5063 16598 -125
 5503 16714 632
 5623 16825 1852
 5312 15978 2845
 4579 15573 3596
 6165 14658 5195
 5144 15108 6983
 4571 13153 8409
 4699 10808 9469
 4456 10645 11418
 3326 10027 13433
 3268 6163 14311
 2664 7921 14157
 3955 5558 17496
 3598 4881 15681
 4882 7419 15400
 5602 6032 16685
 5643 5815 30380
 1551 -11340 13044
 1675 -3605 15161
 -482 -6130 15770
 -1361 -7583 13717
Repetition End
1
 -1410 -6625 14359
 -477 -3887 15740
 -583 -6498 14752
 -86 -5685 15314
 2137 -4525 16344
Repetition Start
 -2331 -8745 13318
 -1716 -5667 19847
 1120 -3299 16036
 7279 845 15667
 522 -591 18339
 1704 1315 15134
 -639 719 14708
 2744 3255 15969
 2959 5185 16796
 3340 4597 14986
 3886 6186 12059
 2819 9690 12978
 1513 12569 12673
 5496 13230 9935
 4310 13648 8292
 5131 12613 7518
 4587 13787 5752
 4407 14313 3897
 5072 15960 1675
 5007 18079 -458
 4889 18432 -1735
 4758 17419 -2511
 5232 17677 -3135
 4986 17187 -2991
 5221 16954 -2844
 5331 17024 -1860
 5246 17031 -1358
 5737 17164 -62
 5273 16813 683
 5859 16492 2232
 5382 15847 3226
 5722 14719 4264
 5386 14414 5975
 5672 14177 6168
 6119 14850 7671
 6062 14493 8510
 4656 8748 8837
 6478 9472 10882
 4957 8950 12764
 5089 6594 12547
 5226 9062 14758
 4934 7015 14491
 5818 3954 15787
 4039 2949 15071
 4989 2085 14653
 10040 813 24769
 -106 -6756 12609
 5155 892 14914
Repetition End
1
 2486 -9156 13354
 2942 -8294 15526
 1379 -7692 14392
 927 -6760 14540
 -207 -7374 15096
 -1559 -5884 15965
Repetition Start
 2944 -14490 19281
 -879 -207 13568
 7399 1650 18254
 2157 -4558 16691
 4010 678 16656
 3434 2300 14875
 3968 3885 14616
 4913 6999 14366
 4792 7029 12156
 5286 9367 9251
 4844 8582 7834
 6259 12343 8695
 5410 14222 6272
 6376 14753 3634
 6382 15955 2521
 6382 16799 866
 7845 18126 -439
 6472 16988 -931
 5615 16885 -2046
 5295 17451 -1649
 5249 16894 -2250
 4915 17306 -2273
 5045 17627 -1680
 4853 17060 -977
 5027 16769 -821
 5031 17239 -57
 4927 16723 677
 5303 16540 1483
 5483 16087 2843
 5374 15739 3348
 5212 16117 4138
 5301 15997 5674
 5208 13474 7277
 4953 13944 8145
 4817 12724 10315
 4497 10349 10433
 4284 9059 11522
 3992 4621 13191
 6983 11952 11036
 4435 6538 15338
 4559 4159 16417
 3936 1784 17649
 455 -322 15278
 3588 2034 14754
 4279 2597 26570
 -908 -11444 14926
 2403 2035 12930
 491 -8389 15346
Repetition End
1
 469 -8553 15018
 1846 -8089 13811
 545 -7014 13816
 -1861 -11350 14835
 -1697 -5971 19040
Repetition Start
 1570 -3810 15150
 4873 2321 15107
 6339 424 16091
 5415 512 16884
 4287 3592 13835
 2737 4656 13165
 3226 5414 12224
 5672 10042 11028
 5199 11605 10836
 6755 11944 11527
 4514 10268 11578
 4443 14867 8242
 5436 13763 7181
 4576 13469 5411
 5483 14945 2861
 5789 17928 1132
 5927 18483 -275
 4721 17179 -2064
 4670 17640 -2799
 4750 17493 -3288
 4144 17472 -3365
 4449 17243 -2803
 4281 17453 -2141
 4787 16628 -1602
 4868 16786 -157
 4860 16942 874
 5344 16289 2640
 5911 16150 3165
 5661 15115 4125
 6242 15133 5058
 6296 15351 6428
 5484 14049 7644
 5738 13884 7251
 6814 10434 8010
 6678 11873 11962
 4135 10048 9599
 4941 8255 11618
 4760 7372 12217
 4853 8314 14034
 4275 5294 14218
 5025 5713 14577
 4264 4602 13339
 7309 3969 32767
 940 -8831 15506
 3341 -2066 16124
 2754 -6581 15480
Repetition End
1
 1869 -8099 13160
 1292 -8893 13880
 2261 -7834 13552
 369 -11008 12995
Repetition Start
 -1106 -9205 19728
 -610 -1677 12862
 3032 1513 17079
 3187 620 14878
 3977 3657 14884
 3778 6713 14712
 4772 6998 14013
 3742 6894 14322
 5324 9963 14960
 3603 11180 13927
 4989 9793 12728
 4977 9567 12333
 4947 9588 13217
 4502 9639 12182
 3508 10445 13232
 4251 10472 11719
 4011 11744 12109
 5012 12049 12688
 3966 11306 10690
 4156 12044 10547
 5982 14072 12101
 4277 12040 10119
 3859 11803 10022
 5390 15061 9872
 4785 11154 8163
 6123 14762 8542
 4937 13450 7385
 4820 14243 5981
 4805 15380 4942
 4564 16917 2463
 4972 17682 909
 4627 17113 -1074
 4777 17826 -2063
 4345 18218 -2364
 4849 17018 -2422
 4923 17200 -1734
 5144 16962 -1309
 4634 17334 -936
 5248 16705 126
 5175 16571 577
 5025 16734 1169
 5457 16393 1556
 5112 16583 2747
 5439 16688 3581
 5602 16133 4151
 5699 15686 5120
 5379 14753 5810
 5649 14958 6581
 5922 14320 7951
 5268 13505 9828
 5819 11991 9151
 4870 11622 9465
 5358 11451 10270
 5186 11048 12380
 4731 8415 13550
 3351 6849 13558
 5194 5244 15116
 6563 6236 12745
 4292 3452 15437
 3683 2812 16028
 3203 2748 14827
 4516 3257 19042
 4372 -5007 15948
 4548 -1552 11280
 610 -8900 14987
 1850 -4930 14898
 413 -9751 13893
 1642 -5161 14571
 -375 -7322 14063
 -1351 -5341 14901
 -161 -1440 14860
 -730 -11347 12170
Repetition End
0
 -714 -5930 14589
 -308 -7863 13645
 640 -6171 14798
 485 -7644 14128
 470 -6072 14967
 -128 -7019 14820
 -18 -6770 14526
 473 -6811 13419
 658 -6166 14910
 160 -7039 14194
 174 -7653 14198
 -768 -6005 14229
 1285 -7143 14116
 267 -4721 13687
 -749 -4609 13698
 -1910 -8019 15992
 -1122 -7589 13796
 463 -7904 13889
 824 -7170 14065
 338 -7210 14209
 591 -7245 14049
 573 -7426 13959
 -611 -8043 13617
 1620 -7257 13694
 231 -8324 13593
 831 -6547 13924
 773 -7881 14413
 991 -6989 13757
 457 -7548 13770
 889 -7675 14044
 681 -7551 13680
 360 -7517 13980
 585 -7434 13925
 677 -7314 14081
 517 -7455 13814
 606 -7193 14044
 547 -7573 14260
 668 -6936 14093
 635 -7504 13929
 601 -7162 13965
 617 -7319 13808
 634 -7021 14316
 594 -7279 14107
 276 -7065 14067
 427 -7053 13948
 612 -7443 14208
 681 -6808 13812
 538 -7234 13976
