Repetition start
0.741577148438
0.586975097656
0.908020019531
1.03039550781
0.811157226562
1.14727783203
1.38275146484
1.40997314453
1.35913085938
1.24200439453
1.25018310547
1.26568603516
1.31182861328
1.42193603516
1.30499267578
1.15509033203
1.119140625
0.297912597656
0.333435058594
0.414001464844
Repetition end
1
Repetition start
0.815368652344
0.701232910156
0.79541015625
0.658020019531
1.09045410156
1.40258789062
1.27471923828
1.39025878906
1.31805419922
1.30676269531
1.28021240234
1.24682617188
1.31829833984
1.42602539062
1.43023681641
1.42510986328
1.43640136719
0.808288574219
0.438110351562
-0.257019042969
Repetition end
1
Repetition start
0.675842285156
0.908996582031
1.07244873047
1.25927734375
1.03137207031
1.353515625
1.35400390625
1.28289794922
1.33270263672
1.17858886719
1.27886962891
1.49554443359
1.36376953125
0.919799804688
0.713073730469
1.19244384766
-0.0479125976562
0.829162597656
0.315979003906
0.331481933594
Repetition end
1
Repetition start
0.626403808594
1.16162109375
1.21228027344
1.31823730469
1.33728027344
1.27972412109
1.28997802734
1.46929931641
1.28875732422
1.34265136719
1.37719726562
1.37145996094
1.37249755859
1.39398193359
1.14544677734
0.97021484375
0.411987304688
0.419372558594
0.55419921875
0.405151367188
Repetition end
1
Repetition start
0.710205078125
0.938842773438
1.03900146484
1.36462402344
1.22485351562
1.15539550781
1.27618408203
1.34442138672
1.39910888672
1.36608886719
1.23980712891
1.35974121094
1.44250488281
1.00628662109
0.67333984375
0.466796875
0.613830566406
0.192687988281
0.208801269531
0.109741210938
Repetition end
1
Repetition start
0.836791992188
0.788452148438
1.11859130859
1.32012939453
1.4404296875
1.34246826172
1.31628417969
1.22387695312
1.21209716797
1.31225585938
1.39038085938
1.35437011719
1.25671386719
0.688171386719
0.822204589844
1.46160888672
1.01611328125
0.79443359375
0.390197753906
0.388793945312
Repetition end
1
Repetition start
0.141052246094
1.00701904297
1.20458984375
1.48223876953
1.30920410156
1.34753417969
1.32971191406
1.24377441406
1.24652099609
1.30963134766
1.29608154297
1.36920166016
1.43103027344
1.32244873047
1.24798583984
0.504272460938
0.59228515625
1.12084960938
0.760498046875
0.562194824219
Repetition end
1
Repetition start
0.262939453125
0.497497558594
0.967346191406
0.987731933594
0.770812988281
1.10797119141
1.33221435547
1.20257568359
1.36712646484
1.38775634766
1.20373535156
1.23663330078
1.34881591797
1.3642578125
1.3564453125
1.01989746094
1.38012695312
0.592102050781
0.452697753906
0.502380371094
Repetition end
1
Repetition start
-0.373474121094
0.912841796875
0.732482910156
1.05316162109
1.20263671875
1.27392578125
1.29168701172
1.35198974609
1.32257080078
1.33276367188
1.27673339844
1.20867919922
1.29302978516
1.27508544922
1.41961669922
1.31536865234
1.31921386719
1.57623291016
0.957397460938
1.03619384766
Repetition end
1
Repetition start
-0.217956542969
0.72998046875
0.720947265625
1.01806640625
0.68603515625
1.02612304688
1.11291503906
1.31658935547
1.39544677734
1.38488769531
1.37481689453
1.30975341797
1.35577392578
1.42687988281
1.28283691406
1.25885009766
1.03814697266
0.599304199219
0.372436523438
-0.0379638671875
Repetition end
1
Repetition start
0.842712402344
1.02130126953
0.782592773438
0.815490722656
1.13372802734
1.11114501953
1.31384277344
1.32849121094
1.28515625
1.30572509766
1.36157226562
1.40246582031
1.37231445312
1.41882324219
1.37438964844
1.39953613281
1.31475830078
1.12005615234
0.936218261719
1.51959228516
Repetition end
1
Repetition start
1.13970947266
0.881774902344
0.713562011719
0.909973144531
1.15710449219
1.44598388672
1.5634765625
1.2314453125
1.26690673828
1.37249755859
1.39538574219
1.37145996094
1.41845703125
1.37237548828
1.13995361328
0.914489746094
0.343811035156
1.20477294922
0.253295898438
0.327514648438
Repetition end
1
Repetition start
1.04827880859
1.23004150391
1.40808105469
1.26898193359
1.29443359375
1.43383789062
1.30065917969
1.33795166016
1.35852050781
1.39678955078
1.46105957031
1.39428710938
1.43798828125
1.34698486328
0.905456542969
0.863525390625
1.16314697266
1.11645507812
0.3779296875
0.293884277344
Repetition end
1
Repetition start
0.896606445312
0.859558105469
0.986145019531
1.11688232422
1.13244628906
1.25628662109
1.33544921875
1.27807617188
1.37487792969
1.34899902344
1.185546875
1.31774902344
1.36480712891
1.42687988281
1.29467773438
1.07525634766
0.76416015625
0.517456054688
1.17395019531
0.260559082031
Repetition end
1
Repetition start
0.860717773438
0.876892089844
1.11401367188
1.26690673828
1.32202148438
1.31170654297
1.31921386719
1.27844238281
1.19439697266
1.23107910156
1.25079345703
1.32403564453
1.39532470703
1.34973144531
1.26953125
0.943908691406
1.03521728516
0.956604003906
1.1845703125
0.289794921875
Repetition end
1
Repetition start
0.400390625
0.787109375
0.768493652344
1.08361816406
1.21435546875
1.27404785156
1.37060546875
1.29467773438
1.34228515625
1.17718505859
1.23413085938
1.3056640625
1.35968017578
1.38122558594
1.39678955078
1.33111572266
1.26275634766
1.02606201172
0.867797851562
0.205078125
Repetition end
1
Repetition start
0.839172363281
0.999328613281
1.16320800781
1.33172607422
1.24664306641
1.23309326172
1.28875732422
1.318359375
1.529296875
1.36700439453
1.36120605469
1.26336669922
1.34252929688
1.22351074219
1.04376220703
0.66650390625
0.6298828125
1.01513671875
0.303466796875
0.537231445312
Repetition end
1
Repetition start
-0.140319824219
0.660583496094
1.11804199219
1.27014160156
1.33489990234
1.16687011719
1.197265625
1.24621582031
1.37707519531
1.38330078125
1.43017578125
1.45819091797
1.24505615234
1.27709960938
1.12615966797
0.747619628906
0.967651367188
0.654602050781
0.362182617188
0.296508789062
Repetition end
1
Repetition start
0.0276489257812
0.897094726562
0.630187988281
0.837646484375
1.05651855469
1.15014648438
1.22467041016
1.38134765625
1.32751464844
1.24053955078
1.32458496094
1.43963623047
1.53820800781
1.35827636719
1.32507324219
1.21575927734
1.06604003906
0.733520507812
0.945495605469
0.427917480469
Repetition end
1
Repetition start
-0.0008544921875
0.821838378906
0.634887695312
1.11566162109
1.29357910156
1.31195068359
1.26873779297
1.25421142578
1.28515625
1.34753417969
1.39166259766
1.36468505859
1.34143066406
1.32403564453
1.27648925781
1.15844726562
1.09906005859
1.07067871094
0.834899902344
0.323486328125
Repetition end
1
Repetition start
0.908386230469
0.6298828125
1.20007324219
1.25866699219
1.33117675781
1.35241699219
1.30981445312
1.29888916016
1.25067138672
1.32177734375
1.30511474609
1.38665771484
1.41253662109
1.38739013672
1.21813964844
1.11547851562
1.08953857422
1.32281494141
0.529602050781
0.495849609375
Repetition end
1
Repetition start
0.882385253906
1.17541503906
1.20489501953
1.29650878906
1.29016113281
1.29467773438
1.20574951172
1.20965576172
1.26818847656
1.31604003906
1.40954589844
1.36663818359
1.34844970703
1.36413574219
1.40643310547
1.02624511719
0.953857421875
0.761047363281
-0.0450439453125
0.258972167969
Repetition end
1
Repetition start
0.0554809570312
-0.483276367188
0.310424804688
0.69189453125
0.929260253906
1.23931884766
1.30157470703
1.32836914062
1.23193359375
1.31414794922
1.34509277344
1.40216064453
1.38385009766
1.3837890625
1.38201904297
1.40704345703
1.26141357422
1.05938720703
0.965698242188
0.76708984375
Repetition end
1
Repetition start
1.20660400391
0.578979492188
0.972351074219
1.06500244141
1.39947509766
1.32366943359
1.29779052734
1.39392089844
1.15905761719
1.07086181641
1.16180419922
1.55029296875
1.48883056641
1.43780517578
1.53125
1.306640625
0.809875488281
0.653503417969
1.41979980469
0.691650390625
Repetition end
1
Repetition start
0.7890625
0.895935058594
0.947998046875
1.03643798828
1.26861572266
1.31689453125
1.283203125
1.35046386719
1.37097167969
1.35833740234
1.38586425781
1.4150390625
1.33966064453
1.49560546875
1.39099121094
1.30700683594
1.34509277344
1.19586181641
1.08758544922
0.970520019531
Repetition end
1
