855 10703 7879
 1447 12660 7513
 516 16049 5882
 1512 18887 2385
 971 16649 3957
 -1096 14552 2534
 263 20203 1778
 498 14971 2181
 -1802 17446 5461
 -743 12924 6500
 -527 14887 6705
 347 15156 5118
 -230 16805 3460
 85 15275 3921
 -1002 16976 5071
 -368 13899 4246
 -456 15700 5672
 67 14659 5414
 331 15539 5459
 -267 13670 4412
 902 16772 5884
 254 15777 6825
 905 12537 5724
 364 15209 7487
 1121 15197 6376
 1333 14079 6018
 685 15624 6117
 977 15317 6701
 990 14151 5597
 684 15750 5997
 1852 16923 6690
 1581 14857 7330
 129 10934 5493
 -1254 14355 5586
 -303 14671 7158
 -630 13591 7418
 332 17386 7679
 91 14011 5122
 437 14388 2927
 -1433 17829 313
 2652 18354 -120
 497 17123 796
 -666 13025 1441
 1616 17214 -520
 2294 18076 2561
 2969 15983 2452
 1385 16748 4982
 2554 11350 3807
 2115 15104 6558
 2264 15560 8829
 413 11528 10163
 617 12746 10357
 -603 13575 12458
 680 9036 13318
 -62 7281 14425
 608 8257 12382
 -14 7956 12984
 -66 8637 13308
 -775 8789 13697
 168 8915 12713
 667 8729 11423
 -143 11633 12257
 -1363 9928 12263
 -3063 9263 14021
 -1548 6260 13000
 -1274 7371 14080
 -1233 4566 14872
 -214 1854 15062
 -773 1784 15899
 -415 -893 14999
 476 613 16382
 1633 -1592 15609
 1685 -4430 14758
 982 -3481 14483
 11174 -11744 32767
 -167 -5927 11959
 608 -10551 15949
 1348 -7907 14468
 -281 -6258 15484
 -364 -5198 16378
 -266 -5769 14981
 450 -5607 15435
 1619 -5440 15134
 1451 -5882 15246
 1493 -6269 15295
 939 -6142 15436
 1295 -5296 15216
 1121 -5382 15355
 831 -5489 15739
 998 -5755 15312
 1306 -5353 15293
 1307 -4639 15235
 997 -5592 15256
 1145 -5335 15715
 1334 -4926 15377
 1414 -5619 15671
 2333 -5341 15428
 1877 -5418 15598
 1414 -5604 15462
 1056 -5428 15396
 1253 -4943 15294
 2183 -5706 15168
 2328 -7023 14090
 2279 -6529 14823
 1840 -5633 15556
 1545 -7325 14932
 670 -7963 15418
 633 -8123 14094
 3324 -6829 15154
 2444 -7682 14296
 2339 -5757 14062
 1258 -7614 18019
 576 -5124 14774
 1310 -5037 16150
 1623 -5189 15466
 1902 -6080 14764
 2011 -6583 14974
 2193 -6318 15076
 2135 -5668 15220
 2118 -5706 15351
 2057 -5550 15199
 1949 -5575 15186
 2058 -5386 15577
 2105 -5264 15404
 2331 -5070 15605
 2181 -4978 15454
 2064 -4914 15605
 2091 -5168 15269
 1706 -5647 15276
 1591 -5565 15430
 2005 -5330 15197
 2061 -5507 15392
 2050 -5449 15152
 1944 -5441 15579
 2035 -5466 15217
 2074 -5621 15378
 2219 -5624 15380
 2161 -5537 15244
 2077 -5679 15407
 2129 -5494 15316
 2326 -5425 15473
 2464 -5067 15306
 2245 -5383 15327
 1974 -5426 15414
 1866 -4592 15774
 2296 -5389 15447
 2600 -5708 15092
 2635 -6402 14856
 2286 -6869 14845
 1528 -6212 15333
 1477 -5810 15482
 1385 -5802 15440
 1784 -5209 15363
 2302 -5757 15252
 2458 -5889 15085
 2403 -5709 15227
 2186 -5661 15161
 2038 -5660 15193
 1983 -5871 15217
 1956 -5514 15424
 2058 -5634 15341
 2097 -5876 15319
 2090 -5832 15233
 2068 -5713 15254
 2099 -5568 15273
 2147 -5722 15196
 2117 -5835 15034
 2186 -5808 15133
 2250 -5777 15322
 2214 -5624 15226
 2222 -5696 15432
 2127 -5814 15337
 2424 -5742 15621
 2381 -5271 15552
Repetition Start
 2205 -5609 15554
 2074 -7641 15255
 2424 -13116 11171
 2199 -9796 17214
 2654 -2965 15188
 2704 -3483 17820
 1916 -1453 16419
 1060 -1134 16993
 1510 -2015 13795
 1219 3318 16753
 1626 4521 16442
 1844 5687 16780
 953 5806 14896
 423 5723 12651
 1067 9145 12443
 795 11280 11026
 1015 12012 9317
 -211 13618 8861
 -71 14333 6404
 -12 14704 5657
 398 14396 5689
 339 15376 5264
 113 15830 5440
 165 15526 5046
 392 15654 5737
 681 15188 5624
 679 15133 6320
 858 14410 7472
 840 14668 8451
 1482 12720 8151
 1520 11799 9546
 1370 10798 9656
 980 12013 11461
 1761 10027 12835
 1948 7526 13270
 1353 7384 14560
 1082 5539 14760
 986 3843 14883
 1355 5588 16330
 762 2469 16672
 736 1130 17059
 1126 3297 18073
 1645 5388 16248
 1986 4719 19333
 4126 -57 29187
 974 -16690 17300
 2298 3693 12345
 908 -11696 15669
 625 -8677 13515
 1355 -8250 13678
Repetition End
1
 1424 -9721 13669
 1758 -8719 13347
 2317 -9467 13505
 2045 -9366 13983
 1311 -11698 12822
 3039 -12175 12688
Repetition Start
 1259 -5028 17128
 1023 -3614 17748
 1857 -5681 16560
 656 -3908 14741
 841 -2427 14618
 810 -3920 13891
 1191 -987 14949
 1305 1498 15063
 1147 6078 15013
 1423 7099 14458
 1519 6370 12996
 796 9478 12861
 1544 9783 12256
 1298 10811 10772
 1121 11955 9339
 527 13506 8745
 378 14505 6519
 768 15350 5477
 362 14936 4654
 520 16469 4421
 583 16295 4097
 615 15510 4067
 895 15468 5272
 715 15183 3994
 899 16161 4251
 620 15766 3887
 466 15821 4141
 433 15434 5211
 817 14820 5962
 1142 14785 6934
 1040 13750 8574
 1229 12118 9211
 1307 11521 10060
 1524 11025 10884
 1440 9467 12021
 1815 8727 12807
 1869 7760 13905
 1302 6113 14445
 1491 4724 14403
 1212 3326 15556
 1546 564 15195
 1656 -2769 14356
 769 -5261 13422
 1348 -6422 12560
 1096 -3297 11428
 1145 -2789 8822
 6444 5382 32530
 1997 -12752 6544
 2315 -6232 14486
 1771 -10633 13774
 1369 -8562 13955
Repetition End
1
 1642 -9284 13842
 1409 -9107 14414
 1610 -8860 13376
 1445 -9917 13630
Repetition Start
 907 -9738 12428
 1318 -13843 14425
 2870 -7437 15640
 4213 -3672 17319
 3638 -3881 17538
 2175 -1498 16239
 2269 -2341 14965
 2368 -372 15575
 2415 903 17314
 2757 1968 16089
 1396 1869 13633
 1176 5751 14433
 859 8715 12602
 600 10208 11046
 504 11321 10132
 432 12897 8855
 748 13502 7697
 119 14010 6890
 -54 15523 6366
 226 15999 5371
 35 15734 5108
 -56 15407 4365
 -255 15396 4169
 -37 15900 4559
 266 15717 4529
 300 15810 4819
 244 15569 5140
 393 15194 5301
 663 15212 6308
 690 14598 7119
 820 13724 7851
 842 13159 8715
 1046 12322 9780
 1112 11319 10394
 1131 11698 11674
 1325 9344 12296
 1395 7938 13116
 1527 6876 13941
 1457 7234 15284
 1497 4678 15416
 1941 1489 15132
 1514 437 14704
 1346 -1146 14870
 1559 -1928 15249
 1114 -3549 14118
 2139 1804 17674
 1968 2382 19236
 2208 -1087 18416
 5747 -10132 27718
 1786 -7280 4709
 2710 -2709 13584
 2629 -10998 13546
 2020 -10136 13547
 1823 -10248 13259
Repetition End
1
 1043 -10206 13042
 673 -10651 13315
 1086 -11957 12005
 941 -13347 15047
Repetition Start
 2110 -7381 15534
 1409 -6703 16411
 2337 -1289 17984
 2052 -3457 16780
 1577 -1494 18418
 1469 -114 17482
 1288 1015 17234
 1740 340 16118
 1699 3409 14754
 975 5790 12612
 360 8651 12587
 756 10247 11570
 516 10887 9550
 545 12111 8012
 414 14547 7519
 498 14786 6626
 501 14765 5628
 236 15628 5633
 26 16039 5534
 495 15154 5160
 448 15441 4974
 342 15410 4597
 198 15757 4787
 594 15642 4731
 525 15649 4961
 488 18351 5234
 496 15750 4869
 651 15235 5615
 752 14939 6307
 742 14427 7200
 741 13607 8216
 858 12229 9383
 771 11277 10439
 830 9981 11136
 621 8936 12137
 910 7212 13108
 761 7327 14721
 1214 4959 14040
 20 2395 14507
 702 1793 16763
 659 2229 17785
 1613 2948 18278
 767 57 17943
 678 -1986 17204
 1123 -9082 11363
 -6429 -4265 17444
 1060 -9945 15756
 1995 -7053 14138
 1185 -9633 15086
 482 -9545 13649
 1333 -9784 12914
 1341 -10146 13169
Repetition End
1
 843 -10976 13492
 799 -9291 14429
 936 -13962 15043
Repetition Start
 5121 -6511 17199
 3063 -4702 16594
 1416 -4826 18394
 1002 -4830 18722
 409 -4148 15375
 566 -1827 16604
 721 281 14380
 1033 2160 13830
 1084 7123 12570
 185 8173 12262
 445 10780 10397
 567 12032 9805
 334 13056 8995
 485 13814 7383
 365 15160 6833
 462 15242 5823
 -60 15175 4490
 201 15960 4195
 22 15945 4101
 193 15282 3455
 -1 15900 3711
 435 16146 4328
 421 15830 4743
 497 15779 5797
 675 15157 6195
 710 14128 6828
 977 13971 7975
 705 12954 8762
 887 11753 9701
 1354 10282 10746
 701 9006 13511
 518 6774 13131
 872 7292 14248
 749 4395 14644
 -17 3983 16347
 743 5193 16342
 1234 4195 18205
 1072 -1005 16420
 383 -3858 15871
 962 -5564 14305
 1208 -5027 14851
 1017 -5150 11781
 739 -1078 20693
 1563 -12065 13208
 2118 -5198 13137
 1515 -10831 12634
 1764 -10693 14407
 1605 -11378 12930
 1327 -11286 13380
 1248 -12281 14461
 489 -12234 13543
Repetition End
1
 -3190 -10386 15493
 2632 -6391 11769
 4164 -7065 15414
 2002 -8730 15493
Repetition Start
 2546 -6488 17652
 2272 -5409 16055
 1568 -2061 14064
 1555 1330 14983
 913 4294 13120
 1043 7874 12712
 1110 10377 11794
 911 11480 11209
 1058 11419 9479
 239 13473 8283
 367 14354 7044
 715 15124 5727
 244 15594 5010
 562 15762 4394
 373 15968 3711
 547 15658 3654
 902 15816 4284
 895 15694 4911
 692 15370 5629
 1289 15451 6030
 1122 14763 6690
 1319 13820 7453
 1158 13321 8412
 1171 12744 9123
 1357 11658 10047
 1075 10482 11651
 1281 8915 12584
 1153 7972 13065
 1080 6290 13839
 1617 5109 14603
 1718 2606 16266
 1525 -348 15599
 1666 -3497 13106
 1561 -4354 13444
 2127 -1825 13169
 3147 4094 16706
 1007 -3381 19022
 1531 -7626 13755
 1939 -13331 13792
 3315 -4993 14694
 2659 -10342 14076
 2086 -9810 14094
Repetition End
1
 1848 -9713 13123
 1695 -10398 13288
 1298 -10432 12273
 1004 -12909 11944
Repetition Start
 1857 -12030 12484
 3986 -5318 15327
 584 -2937 18607
 2208 -3932 18268
 1805 -4601 15545
 1192 -436 15743
 1389 1430 15431
 1341 4335 16267
 1572 5007 15034
 1890 5769 12077
 1199 7732 11550
 1384 11856 11045
 1208 12255 7987
 873 14075 7130
 1130 15718 5628
 1159 16418 4209
 634 16251 3493
 807 15946 3089
 670 15622 2676
 660 16255 3508
 751 15921 4212
 866 15725 4866
 784 15059 5392
 923 14706 6252
 1055 14224 7154
 1230 13468 7797
 1503 13110 8952
 1146 11728 9874
 894 10425 10755
 1777 9617 12052
 1617 7985 12677
 1193 6031 14443
 1283 5395 14114
 1406 4136 14701
 1593 4044 15995
 1506 3328 18008
 2079 440 17928
 2079 -4208 15199
 2164 -7922 14020
 2273 -5070 12501
 2026 1051 15287
 2884 -8138 17714
 2495 -7279 13995
Repetition End
1
 2673 -9484 15385
 1474 -11174 13430
 1699 -10093 13190
Repetition Start
 664 -10482 13321
 134 -10585 14759
 -237 -7584 15972
 2836 -3540 16553
 1730 -4707 19160
 1256 -4848 16221
 667 -3853 15187
 336 -1601 15268
 82 2084 15987
 1005 4907 15915
 528 5763 13412
 547 7955 11585
 120 10101 9835
 673 10977 8314
 755 14058 7586
 872 15179 6686
 603 15277 5740
 805 15289 5073
 675 15785 3778
 551 15987 2637
 382 16679 2301
 750 16338 2634
 662 16297 3302
 907 16110 4140
 786 15844 4941
 873 14987 6239
 848 14075 7213
 1150 12839 8363
 879 11716 9591
 779 10764 11142
 1802 8076 12179
 1287 7407 13530
 1662 5155 13844
 1586 2382 14711
 1181 43 15486
 1021 -910 15276
 1761 3198 17653
 1324 551 18762
 1758 -3395 17852
 1854 -7329 15176
 1686 -8961 14692
 1927 -6143 12447
Repetition End
1
 2608 -12104 13657
 2019 -10876 12301
 2189 -11677 12048
Repetition Start
 312 -11896 12985
 316 -17277 10842
 1072 -14281 12732
 2004 -5001 13294
 235 -8641 18675
 1035 -4956 18877
 -412 -3970 16114
 -204 -3204 15409
 547 911 15797
 -758 4234 16309
 -713 6147 13315
 -169 8761 11112
 345 10629 9898
 329 12635 8199
 1027 14069 7467
 375 15306 6470
 642 16072 4955
 431 17125 4280
 1065 16385 3468
 715 15834 3254
 470 15781 3942
 542 15912 4731
 419 15200 5125
 445 15108 5338
 381 15188 6348
 749 14472 7018
 975 13861 8143
 1233 12748 8793
 1110 11702 10447
 973 9061 11517
 915 8472 12227
 1268 7384 13367
 1497 8467 15861
 1143 2970 12913
 1020 544 14122
 1200 -262 16039
Repetition End
1
 628 -2813 16840
 1192 -2514 17276
 2310 -2158 16012
 2126 -3049 22570
 1361 -8234 12290
 2688 -8085 15376
 2473 -9504 14694
 1061 -9134 13729
 817 -11330 13100
 818 -11097 13720
 3577 -14643 17236
Repetition Start
 410 -16000 12019
 -1145 -2293 15398
 718 -6024 17118
 997 -4395 20078
 369 -6632 16461
 91 -3149 14298
 326 149 16337
 900 2618 14716
 959 5557 12959
 1225 4891 12113
 1266 10071 12256
 1716 10596 9259
 544 11603 8304
 666 13216 8981
 859 13773 8058
 850 14277 7009
 625 15007 6893
 1045 15328 6577
 1103 14845 5511
 1416 15017 5196
 1255 15745 5108
 1084 15515 4914
 1265 15379 5080
 1421 15531 5487
 1104 15311 5798
 1329 14886 6006
 1302 14604 6819
 1145 13631 7123
 1239 13480 8659
 1261 12048 9758
 1394 10266 10921
 1454 8283 11412
 1462 6519 12708
 1254 5732 14032
 1678 4655 15187
 1119 2039 17467
 1642 -1456 16823
 1367 -4870 12997
 581 -5037 14275
 1514 -5004 9592
 1527 -2891 28723
 1103 -16926 10690
 1159 -6974 15501
 2163 -14615 11651
 1000 -13350 11728
Repetition End
1
 2549 -12838 15024
 690 -16259 13476
 2598 -14016 14871
 3639 -451 11768
Repetition Start
 2363 -5748 17192
 2094 -2072 16711
 1155 -3518 15185
 1111 -2812 15062
 1115 -756 15410
 1129 1404 14326
 238 4549 12758
 -828 8269 11134
 -183 9250 9138
 23 12819 9746
 521 13448 8566
 234 14336 7577
 66 14590 6538
 6 15539 5981
 -154 16829 5091
 599 15838 4619
 543 15392 4402
 665 15759 4969
 416 15177 5545
 805 14882 5678
 867 14843 6219
 876 14538 6894
 1068 13791 7383
 1067 13858 8053
 1142 13197 10064
 1405 11068 10011
 1499 9522 10920
 1629 8832 12785
 1267 6135 15116
 1794 5960 15176
 1924 3610 14447
 1823 4030 15688
 2466 245 15640
 2024 -2909 15264
 1702 -4135 13267
 1102 -6591 13163
 1481 -686 14544
 5217 -5890 25570
 2453 -12804 11202
 4084 -9006 14397
 2176 -11792 12980
Repetition End
1
 1528 -12614 13679
 1537 -13023 12461
 1191 -14520 10203
 1448 -10231 16436
Repetition Start
 4544 -4060 18189
 772 -3875 17550
 1642 -5109 17592
 604 -3844 14931
 568 -769 14983
 366 -160 14703
 647 3558 14862
 -128 5369 13717
 2205 10023 11812
 701 11620 11370
 305 10468 9098
 1336 14650 9630
 1154 13382 6985
 782 15090 5430
 656 15269 4612
 687 15914 3995
 453 16418 3780
 393 16359 3424
 538 15891 3506
 388 15851 3841
 545 15867 4228
 411 15323 5023
 611 15128 5867
 491 15109 6843
 572 14552 7556
 495 13455 8537
 410 12867 9585
 871 11276 10170
 894 10634 10942
 917 9456 12054
 1071 8604 13565
 1517 6977 14389
 1079 6101 15305
 1469 1480 15728
 2318 79 16256
 2084 -3005 15904
 1979 -7452 11106
 2116 -5636 12784
 3382 -1207 17564
 3105 -10802 16738
 3042 -7690 13236
 2854 -12087 13383
 1633 -10498 14231
 748 -11403 13731
Repetition End
1
 -116 -12666 12224
 -2001 -13949 18554
 3118 -521 4245
 2446 -1585 17913
Repetition Start
 4111 -1630 17343
 1672 -5135 16743
 3636 -1396 14935
 2132 1458 14970
 1863 3221 15069
 1461 5521 14382
 1908 8046 13116
 1357 8685 10749
 269 11278 9661
 878 12786 8519
 1200 14077 8215
 445 14452 6413
 830 15701 5390
 566 15509 4576
 689 16124 4083
 900 15741 4356
 967 15914 5377
 1105 15258 4883
 1187 15545 5847
 1478 14784 6422
 1219 14403 7263
 1437 13641 7729
 1480 13309 9149
 1654 12557 9887
 1439 10941 10464
 1774 10019 11767
 1622 8341 13125
 1647 5744 14406
 1274 5765 15030
 1806 4180 15083
 1222 -1 13614
 640 -2012 15520
 642 -4183 15099
 1436 -513 18134
 1632 2 16658
 656 -2711 17135
 1047 -11073 13942
 1403 -8563 13352
 1757 -10904 13612
 2522 -11097 13390
Repetition End
1
 2595 -10169 13816
 1156 -12348 14199
 -1292 -20354 11510
 836 -9084 13053
Repetition Start
 4615 -5892 17444
 2028 -2315 17168
 2440 -3844 16094
 2239 -2927 14771
 234 412 15511
 1023 2113 15163
 889 2768 14897
 1505 5861 13217
 1430 9061 13470
 1447 9543 10890
 972 11465 9030
 828 12720 7392
 852 14613 5999
 823 16799 4904
 1035 16810 4257
 318 16394 2870
 1339 15690 2395
 1262 16583 3326
 1427 16165 3998
 1210 15671 4773
 1657 15485 5219
 1520 14944 6066
 1702 14229 6703
 1581 13738 8059
 1771 12892 8727
 1897 12168 9854
 1826 11161 10806
 1901 9435 11763
 1749 7483 12972
 1344 6214 12990
 1080 6712 14482
 1217 5751 14244
 1590 4418 15224
 807 2701 17695
 798 867 18086
 1124 -1288 17781
 673 -4500 16347
 1189 -5168 12457
 2212 -6868 23890
 2707 -9764 13041
 1749 -8736 14984
 2553 -11461 13177
 1839 -10776 13317
Repetition End
1
 1777 -11137 12821
 2267 -13588 14079
 -9 -14230 17850
Repetition Start
 3941 -8100 18836
 -498 -3811 18411
 1920 -2410 16825
 1378 -1867 15668
 1997 -1738 14108
 2375 395 15482
 1921 2854 15393
 538 4989 14392
 898 7661 12198
 505 9110 10454
 275 11383 10002
 515 12684 8292
 659 14226 6749
 753 15224 5637
 748 16075 4123
 450 16127 2992
 655 16776 2332
 986 16270 2362
 703 16127 3340
 889 15619 3985
 864 15833 4670
 905 15470 5318
 1105 15291 5585
 1034 14461 6577
 1083 13993 7785
 1350 12447 8778
 1453 11931 9829
 1115 10249 11342
 1482 8456 12176
 1238 7040 14100
 1709 4907 14184
 1851 3379 15513
 1159 1686 14584
 1320 -77 14222
 766 -3878 18188
 1757 -2173 17176
 857 -1121 17225
 972 -1629 16330
 2778 -6681 23311
 1540 -10744 10666
 1556 -8234 15696
 2003 -11922 13968
 1372 -10401 13777
Repetition End
1
 1438 -11221 12820
 147 -15261 10580
Repetition Start
 2074 -12604 17090
 -706 -5995 19597
 -391 -6173 16065
 503 -4453 16541
 802 -3411 14719
 223 -959 16496
 506 621 16627
 978 3844 15074
 939 4529 12844
 221 7618 12077
 965 10024 10007
 -46 11843 9077
 88 13831 8537
 757 13302 7153
 1046 15045 5901
 1053 15774 4599
 1264 16759 3425
 867 16501 2505
 832 16231 2224
 1010 15980 3230
 638 16416 3658
 714 15771 4277
 845 15805 4805
 989 14841 5562
 1019 14528 6730
 1109 13598 7923
 1044 12443 9398
 1126 11333 10704
 1105 9742 12392
 984 7933 12892
 1391 6428 13520
 1572 3328 14317
 1604 1862 15776
 1343 2626 17424
 1979 1263 17447
 1800 -1645 16656
 2041 -3853 16030
 1665 -6852 13478
 996 -2879 15194
 2728 -7914 17452
 2439 -10213 11134
 2716 -10581 12048
 2175 -10895 13100
Repetition End
1
 724 -12321 12842
 1744 -13149 15074
 -3933 -7208 14827
Repetition Start
 2381 -4564 18527
 1941 -5994 17802
 636 -5930 15223
 1424 -3390 14633
 1280 -359 15452
 836 3030 15095
 496 5518 14066
 1119 6352 11587
 706 9275 11838
 314 10951 8668
 424 13042 7582
 -117 15783 6931
 771 15631 5037
 795 16440 4216
 394 15759 3660
 628 16498 3299
 342 15811 2906
 560 16192 3451
 796 16029 3796
 798 15804 4513
 1263 15045 5292
 1527 14645 5968
 1191 14753 7260
 1140 13948 8388
 1265 11166 8878
 2332 10825 11899
 1564 7635 12001
 1549 7338 13510
 1657 6543 14102
 1807 4754 14138
 2086 3276 16634
 1791 702 17553
 1275 -1554 17380
 2031 -4400 15179
 891 -4809 14838
 1566 -4854 13608
 3209 -9428 22851
 1790 -9939 13121
 1374 -6999 14427
Repetition End
1
 1742 -11954 13886
 1191 -11473 13449
 1131 -11569 12746
Repetition Start
 672 -15016 12121
 43 -16831 14489
 4246 -7222 13799
 901 -8356 16986
 902 -5205 18247
 114 -4236 15134
 878 -2494 15267
 687 336 15131
 -192 4131 14379
 874 5922 13364
 -64 8070 12442
 321 9978 10511
 98 12965 10286
 -9 13673 8207
 -74 14690 6902
 277 15676 5303
 688 15685 3907
 432 15662 3024
 353 16622 2758
 800 15903 2913
 485 16293 3640
 823 15721 4232
 908 15633 5039
 948 15418 6196
 1159 14006 6791
 861 13602 8201
 1484 12217 9731
 2075 10080 11051
 2110 9275 12786
 2152 8015 13724
 1618 5313 13468
 2480 3621 14823
 2055 1944 14452
 1328 -252 15975
 1412 -3367 15259
 2552 -5885 15582
 560 -1352 16646
 1436 -3115 15389
 3177 -9057 16605
 1794 -8625 12765
 2722 -11043 13179
Repetition End
1
 2010 -11473 13021
 1404 -10816 12980
 1090 -13802 10440
Repetition Start
 3662 -1945 -1264
 346 -2912 17264
 1233 -6981 16073
 1517 -6515 16437
 855 -4027 16264
 564 -1544 14704
 1201 895 15214
 847 3682 14315
 1210 5658 13197
 1389 8129 11278
 1455 9364 9589
 1267 11178 8840
 1849 12791 7992
 1840 15276 7475
 1444 15315 5862
 1781 16232 4350
 1596 16800 3354
 1722 15806 2797
 1406 16217 2890
 961 16069 3810
 1401 16068 5352
 1329 15127 5246
 1590 14474 6535
 1464 14271 7317
 1300 13517 8131
 1395 12937 9255
 1494 12455 11253
 1080 10047 11127
 1204 9071 12229
 845 7555 13310
 1127 5540 13252
 872 2454 14140
 1105 513 14542
 1279 -1087 15027
 977 -4141 15182
 1235 -6593 13784
 488 -1704 15644
 -1905 -3686 21082
 1472 -12128 11992
 993 -7023 13041
 863 -10358 13301
 383 -10671 13983
Repetition End
1
 1055 -11267 12121
Repetition Start
 1647 -14758 12600
 2294 -15847 13539
 2528 -7439 19076
 839 -5572 18198
 748 -5628 15282
 1025 -3695 12640
 228 530 14649
 870 3786 13623
 699 6195 12324
 1319 8906 10969
 589 10517 9217
 580 12622 8261
 -287 14846 7186
 -32 15048 6479
 705 15518 6907
 770 15109 5572
 713 15362 4712
 700 16239 4103
 894 16138 3517
 1415 15907 3734
 1006 16220 4449
 1273 15456 5349
 983 14899 6528
 1618 14008 7175
 1304 12593 8462
 1625 11128 10101
 1498 9918 10562
 1668 8125 11900
 1482 6401 13031
 1929 5143 13818
 1445 3569 13966
 1156 2055 14796
 962 1374 15934
 966 95 16481
 1194 -1390 17091
 1311 -4548 16916
 1696 -6002 15253
 2466 -9863 12838
 1981 -5662 13652
 3234 -11836 13902
 1777 -10146 12857
Repetition End
1
 1306 -10145 12869
 1662 -18890 15101
 1470 -14488 9545
Repetition Start
 2944 -7346 19285
 845 -5940 17536
 2112 -3451 15883
 311 -4732 14741
 64 -729 15822
 713 1927 15743
 965 3705 13690
 1230 6528 11904
 1393 9180 10049
 844 11996 8970
 821 13419 7918
 1008 15333 6988
 931 15143 5386
 578 15900 4803
 604 16458 4225
 762 16156 3573
 715 15842 3778
 825 16333 4498
 902 15645 4836
 1057 15266 5724
 1253 14774 6692
 1236 14139 7562
 1259 13239 9182
 1274 12072 9655
 1411 9192 10790
 1273 9182 12688
 1514 8225 12992
 1327 6113 14128
 1522 3581 14855
 1122 2252 14902
 1453 1949 16100
 1512 -369 16708
 1313 -1589 16405
 1454 -3699 14689
 4014 -6988 24647
 2415 -7308 13570
 2265 -5396 14408
 2598 -10734 16260
Repetition End
1
 1561 -10531 14506
 1062 -10634 14059
 635 -11561 15016
Repetition Start
 1555 -14128 16163
 28 -4333 18762
 -757 -4065 16130
 308 -3845 15588
 624 -3146 14405
 45 -1039 15509
 100 3208 15399
 868 3729 14661
 1035 5699 13007
 953 7312 11064
 1123 9995 10124
 1094 11955 9440
 593 12999 7970
 598 15079 6396
 531 15722 4885
 975 16219 4018
 306 16916 2533
 1284 16558 1977
 726 16184 1874
 985 16182 2730
 1312 16089 3634
 1310 15502 3966
 1489 15469 4604
 1277 15767 6050
 1609 14166 6616
 1222 12722 8149
 1438 11435 9477
 1487 10630 11161
 1681 8357 13005
 1750 6657 13399
 1537 5249 14769
 1624 3304 14818
 1184 397 15233
 1506 -2013 16135
 1494 -3162 16521
 1565 -4787 15691
 1125 -6558 13469
 1169 -12747 10840
 1045 -10289 13487
Repetition End
1
 1702 -12371 12396
 1602 -11597 12389
 258 -10521 12097
Repetition Start
 3393 -11971 9487
 1039 -21902 12945
 -4304 -1771 12858
 -2109 -8980 16175
 1663 -4524 18627
 1042 -5294 15588
 529 -1458 13340
 1082 857 13286
 1489 4597 14219
 604 7617 13104
 1315 9366 10000
 1293 11676 8430
 -251 13654 8361
 101 15270 7229
 761 15504 6850
 478 15597 4516
 515 16129 3540
 94 16342 3012
 1049 16466 4016
 1120 15693 3855
 1431 15962 4679
 1398 15200 5440
 1476 14615 6882
 889 14194 7590
 1397 13481 7901
 1383 11892 9397
 1378 10085 11180
 1737 8797 12519
 1902 6215 12550
 1319 4807 14340
 1795 3453 14858
 2103 1874 15824
 1988 -1001 16370
 1451 -1836 16207
 1292 -3042 15903
 1316 -5093 16345
 1344 -6126 15928
 3206 -9486 13702
 1501 -6533 13178
 2879 -10271 14508
Repetition End
1
 2677 -10773 13286
 2796 -10191 11902
 569 -15185 16264
Repetition Start
 3584 -5927 11901
 3105 -712 17376
 1090 -7679 16075
 1815 -4270 16467
 1262 -2552 15335
 1250 -13 14694
 525 2207 14717
 707 4762 13538
 1563 8425 11742
 2317 9564 11048
 1345 10272 10070
 1424 11155 7940
 1026 13240 6997
 909 15649 6280
 1108 16557 4273
 1024 15576 2305
 1157 16151 1782
 681 16732 1577
 1265 17401 1642
 1469 16746 2098
 221 14904 2420
 2035 13481 3519
 3253 16177 5970
 2800 14719 6874
 3432 11615 8510
 3372 11783 9933
 3008 11863 11157
 1523 8481 11089
 1106 6913 13016
 2778 5227 14192
 2595 3428 15385
 2645 883 15866
 2929 -1232 16433
 2920 -2281 17286
 2969 -4136 14436
 1935 -4389 13161
 4117 -8770 27915
 1230 -11827 13221
 2732 -6019 14619
 2656 -12332 13357
Repetition End
1
 1820 -8906 12878
 282 -10087 12642
 555 -9748 14675
Repetition Start
 3489 -9788 14955
 2662 -224 17955
 2851 -5284 15361
 1027 -3350 17002
 1288 -1764 15500
 1503 -666 14695
 391 1913 14677
 347 5955 12821
 934 7437 12414
 922 8812 11376
 1485 12239 9507
 481 12685 7974
 769 13911 7864
 860 14226 6490
 1295 15891 5376
 967 15798 5063
 1079 15808 4531
 1295 15972 3975
 1219 15575 4230
 1447 15676 5003
 1144 15426 5439
 1243 15466 5753
 1200 14799 6512
 1127 14290 6838
 1123 14127 7456
 931 13701 8552
 1003 12130 8816
 1067 12654 10783
 1027 10320 11443
 1103 8465 11846
 1727 7671 12960
 737 6651 14650
 2033 2750 14810
 1951 1582 15312
 2977 -395 14913
 2978 -1041 15882
 2586 -2314 15629
 2766 -3107 13396
 7161 -10403 23714
 2204 -11307 13151
 2680 -5974 15494
Repetition End
1
 3477 -7906 13627
 2069 -8733 14472
 2030 -8610 13328
 694 -8340 13773
 83 -8523 13692
 456 -8971 14373
 376 -8382 13920
 987 -8735 13574
 -734 -5014 14749
 1040 -10107 13530
 2054 -7286 13090
 1773 -9231 13905
 2423 -9090 13642
 -106 -9059 14124
 846 -8666 13799
 1039 -8709 13767
 1629 -8582 14723
 130 -8196 13683
 2076 -8070 14278
 634 -7930 14148
 1278 -8637 13885
 1165 -8186 13989
 1292 -8866 13966
 1305 -8325 14086
 1237 -8198 14019
 1300 -8720 14403
 1204 -8153 13979
 1123 -8271 14235
 1142 -8497 14118
 1183 -8353 14533
 1192 -7668 14927
 1349 -7675 14428
 1008 -8027 14231
 1178 -7919 14223
 977 -8236 14139
 1278 -8267 14383
 831 -7999 14121
 1126 -8152 14077
