1845 12346 12341
 139 12882 12641
 -467 11872 9792
 237 13270 8215
 381 14828 7197
 290 16944 6623
 337 13871 5010
 1420 18451 4260
 615 20806 3372
 4486 20667 1363
 1500 21382 -3022
 -573 18633 414
 724 16398 836
 -206 15938 3524
 -761 15712 5906
 472 15238 6422
 983 13008 5755
 679 12920 5834
 886 14362 4565
 -614 25592 5093
 293 15844 5453
 197 16809 5497
 -925 14715 3943
 1374 16926 3266
 3268 19660 3609
 511 16716 3576
 2338 15414 3740
 2749 16778 5571
 2809 17734 5454
 607 15311 5469
 614 15622 6205
 1020 15806 7446
 1609 13330 7574
 -412 14164 10527
 1760 11110 10741
 -721 12360 11848
 791 8977 11524
 2087 7877 12669
 2909 3955 12862
 3701 1002 13886
 2529 -2797 12154
 -1634 -17458 10680
 2293 -7372 13663
 2862 -8466 14580
 3605 -9635 14367
 289 -703 15087
 1003 -5841 15958
 1094 -3430 16292
 1082 -4638 15880
 1770 -4970 15602
 1470 -4898 14901
 2091 -7666 14742
 1857 -4764 14624
 2047 -6080 15786
 2457 -4913 15816
 2349 -4144 15198
 2364 -4752 15847
 1902 -3424 15038
 2737 -3614 15742
 3102 -3924 15534
 2958 -3868 15090
 3352 -2643 14444
 2300 -2810 15537
 2339 -3018 15878
 1731 -3356 15462
 1743 -3494 15622
 1447 -3548 15510
 1555 -4227 16085
 1925 -3539 15884
 2098 -3439 15525
 1984 -3423 15266
 2090 -3240 15672
 1726 -3910 15765
 1838 -3603 15650
 2028 -3466 15595
 1849 -3467 15752
 1519 -3543 15609
 1483 -3453 15607
 1483 -3527 15542
 1448 -3487 15598
 1488 -3662 15251
 1624 -3129 15330
 1941 -3835 15807
 1911 -3842 15600
 1758 -3491 15598
 1762 -3563 15547
 1671 -3713 15602
 1496 -3643 15435
 1698 -3851 15546
 1842 -3887 15591
 1592 -3743 15713
 1761 -3708 15641
 1651 -3693 15556
 1723 -3865 15481
 1544 -3696 15593
 1621 -3756 15460
 1627 -3616 15493
 1603 -3778 15518
 1784 -3675 15666
 1462 -3859 15554
 1609 -3583 15589
 1717 -3620 15559
 1561 -3547 15291
 1638 -3585 15614
 1727 -3965 15536
 1651 -3708 15600
 1640 -3706 15683
 1401 -3768 15636
 1557 -3638 15543
 1694 -3805 15600
 1756 -3817 15586
 1511 -3731 15351
 1588 -3973 15659
 1674 -3712 15536
 2147 -3989 15839
 1621 -3839 15487
 1960 -2746 15844
 1313 -4764 15790
 1279 -11666 16228
Repetition Start
 1713 -3225 18714
 -1404 -3237 11380
 1258 3842 18260
 1174 818 15083
 1490 4296 16156
 1115 5637 15867
 2300 4387 15357
 45 6184 15449
 4300 8437 16203
 1466 8044 15328
 2000 8892 13864
 886 8719 13698
 1497 9485 13780
 1918 10854 11794
 1058 11221 11123
 1451 11413 12384
 1097 11431 11425
 802 12231 12128
 2278 11392 11773
 1768 11850 10228
 1001 14566 8437
 849 17148 6460
 740 15655 4370
 384 16904 2367
 216 17437 1078
 488 18024 -150
 822 18734 -959
 171 18218 -1800
 -112 18073 -1304
 222 18735 -283
 169 18119 735
 486 17461 1683
 713 17174 2799
 967 17043 4508
 1086 15465 5433
 1252 15646 7166
 1548 13883 7456
 1345 13316 8789
 1992 13862 10277
 1725 12341 10709
 1245 9848 11511
 1153 9894 12686
 1978 8153 12641
 1888 6942 13668
 2601 5795 15434
 3254 3576 16719
 1885 209 13000
 3695 -7257 22295
 1533 -8953 10558
 1457 -2164 15640
 1535 -19468 15553
 721 1096 14227
 778 -4259 15555
 1069 -4000 15399
Repetition End
1
 1769 -4862 14769
 1864 -2040 14261
Repetition Start
 2246 -8880 12283
 235 -9732 22359
 1224 -11607 19014
 4923 940 11547
 4952 1885 13875
 -834 5552 15146
 1211 7339 15584
 1566 7481 12524
 -119 7687 12534
 -166 10782 13265
 995 11708 12619
 842 10897 10404
 805 12645 10392
 1412 14285 8166
 606 16785 6667
 1836 14806 3957
 131 16485 2858
 163 17726 2011
 -54 17610 -681
 160 19528 -1408
 -221 18119 -2168
 -282 17687 -1865
 -480 18435 -630
 -455 18075 530
 -129 17747 1535
 -10 17407 2975
 1139 16177 4083
 -10 16427 5724
 435 15423 6003
 1140 15757 7125
 -469 11120 9614
 1384 12641 10752
 2191 11762 11312
 2142 9758 11320
 2870 8520 12663
 3568 10331 14907
 4313 2673 12943
 3224 1351 9105
 4887 -2487 13074
 1966 -16743 6564
 3953 -3556 12897
 2326 -4032 15222
Repetition End
1
 1359 -4897 15567
 280 -3367 15539
 766 -4171 15596
Repetition Start
 503 -8363 14090
 1229 -9997 21555
 -142 -9770 15319
 2152 653 16343
 2552 5953 20070
 1385 7641 14692
 343 6999 13675
 -45 6672 12421
 -205 7884 12234
 5 7517 12000
 1792 11773 12727
 2180 12778 11021
 2442 12593 9091
 1980 13305 5918
 717 16536 6351
 576 15960 3674
 577 17078 1722
 862 18661 1073
 216 18497 -680
 167 17790 -2212
 256 18038 -2588
 277 18112 -1942
 -144 18102 -1586
 538 18213 -72
 1039 18105 1371
 1053 17494 1924
 1398 16991 2835
 883 16846 4434
 1699 16338 6255
 1315 14808 7540
 640 14113 7162
 1255 13571 8398
 3126 11670 10536
 1457 11149 11514
 1710 10764 12601
 1727 8310 12962
 1803 7725 13884
 2794 4970 14850
 3452 7417 15617
 2465 13553 30509
 952 -11372 23242
 2574 -18520 14873
 3104 621 16592
Repetition End
1
 2271 -7857 15630
 590 -3045 15877
Repetition Start
 412 -5500 15152
 3900 -5219 18361
 1661 -5550 19098
 861 -6581 16903
 -609 -10471 18476
 5008 2179 11597
 2950 1488 14497
 1743 5674 16058
 1921 4786 14363
 1909 4799 12611
 2912 7013 13092
 2171 7711 13090
 1591 10142 13438
 1034 11927 11904
 2265 12914 11733
 1307 15126 8957
 1505 13349 5535
 1507 16819 4075
 894 16393 2285
 1043 18310 180
 1864 19415 -1255
 -25 18435 -1912
 1686 17370 -2515
 826 18113 -1582
 1129 18046 -54
 806 18197 783
 1213 17418 1542
 713 17065 2654
 1236 16825 4255
 919 16480 5376
 878 15478 6140
 1211 14738 7977
 1111 12029 7618
 1470 14148 9790
 2082 11816 11225
 1105 11352 14406
 1794 8261 11148
 537 7905 14040
 977 4311 12111
 717 4728 14854
 1547 5140 14682
 3082 4544 15183
 1506 15544 30538
 1506 -20279 15588
 5482 -11881 14951
 2773 -3700 17996
Repetition End
1
 3021 -7846 14850
 1379 -4648 15738
 1452 -7235 15909
Repetition Start
 -4887 -20888 26484
 1065 -12359 17323
 7592 3809 11411
 2221 6207 15882
 1404 3283 17270
 641 6203 14096
 562 8885 15128
 -446 7231 14121
 585 6877 13826
 775 8547 13158
 1009 13420 12022
 980 13021 10684
 1015 12881 7065
 226 16375 5641
 796 16409 2681
 684 17118 411
 880 19141 -878
 2417 18863 -2898
 165 18676 -3435
 1963 17135 -3655
 1230 17810 -1955
 1179 18327 -946
 1446 18435 236
 1218 17470 1033
 1380 17139 2339
 1109 17093 3959
 1526 15800 4679
 1286 15514 6373
 1220 14228 7208
 1545 13364 9276
 619 12293 10319
 834 11416 11830
 2210 10727 11337
 985 8175 9486
 1753 9037 11445
 1873 8113 15663
 143 1831 14052
 1726 5197 13723
 1456 16999 20538
 2668 1445 18579
 1647 -10783 13343
 3503 -3274 13306
 4078 -7968 18174
Repetition End
1
 1001 -3258 16182
 786 -7318 14621
 1257 -4775 16496
Repetition Start
 1353 -10000 20564
 1593 -8375 17120
 3013 -147 12573
 -3370 1145 21159
 826 4894 16261
 878 5157 12786
 597 7820 14913
 1322 10366 15694
 559 9705 14120
 -41 9757 12763
 -431 11707 11996
 153 12791 10807
 392 13077 8128
 690 15090 5963
 711 16183 3481
 249 16784 1462
 541 18214 65
 701 18644 -783
 1817 18408 -2589
 722 16642 -4266
 1439 17345 -3291
 -35 19666 -929
 1113 17738 -1369
 486 18269 810
 804 16869 1451
 698 16559 2814
 687 16059 4159
 1001 15460 5565
 375 14863 8426
 820 14967 5218
 -3102 8593 10925
 2681 11530 13427
 2467 11655 13840
 1304 8020 13643
 1222 7676 13608
 2470 5543 17738
 684 -5210 12297
 1483 -7896 16397
 2090 -5990 11965
 2460 -11484 14964
 2945 -12588 13397
Repetition End
1
 -31 -4960 14275
 -60 -7628 14498
 -3655 -8743 15082
Repetition Start
 -210 -15756 16976
 -495 -1812 13724
 1770 2906 17222
 1363 4555 16580
 1785 8481 15557
 1209 7784 14454
 148 8706 15917
 1968 9248 13490
 73 10628 13091
 406 11082 11996
 779 13993 10022
 880 12816 7309
 902 15451 5664
 1236 16931 2894
 1456 18108 1253
 1042 18398 -704
 1542 19029 -1955
 1492 18456 -2262
 1251 17732 -1309
 1246 18437 -560
 1590 17753 930
 1328 17778 2328
 1819 16741 3783
 971 15267 4815
 1749 14593 7501
 1430 13039 8654
 1231 12434 9035
 2270 10763 14843
 2438 9493 13056
 942 6047 16056
 2416 9011 14736
 2879 9047 14488
 4667 8342 14700
 3881 5992 23133
 3367 -17358 17491
 1376 -3773 11529
 4044 -7846 13694
Repetition End
1
 4879 -7044 14163
 1633 -6945 14711
 3757 -5944 15697
Repetition Start
 2406 -14266 21342
 -1169 -11432 17321
 3071 -3583 12174
 5778 8514 19508
 790 5625 16961
 1435 5627 14865
 -2252 7412 16987
 467 8733 13797
 -671 9132 14463
 1256 10326 13327
 630 11963 11381
 486 11888 8802
 102 14514 7290
 502 17080 5553
 1431 16882 2418
 2287 18107 230
 1496 19297 -505
 1944 18218 -2284
 2011 18415 -2535
 2042 17640 -1960
 1535 18078 -1017
 1894 17983 418
 1848 17812 1660
 1732 17057 3185
 1773 16139 4499
 1545 15593 6103
 2327 14537 7836
 1076 12448 8801
 1881 11954 10885
 4132 9143 13079
 1715 9591 14875
 2561 8210 14041
 2716 10212 12804
 2398 9228 15320
 967 4068 18114
 655 -6303 20376
 -782 -10950 10009
 2056 -4176 16718
 2345 -7527 16411
Repetition End
1
 2615 -6586 15449
 1882 -4921 14728
Repetition Start
 2486 -5839 15875
 -339 -12268 17940
 1773 -13206 23413
 2894 1603 11997
 1004 5612 17037
 1895 5011 17333
 1294 3228 15634
 1009 5054 14353
 537 5810 13557
 3634 10680 14085
 149 10320 10291
 1673 10936 9222
 1263 14361 8580
 1523 15576 7549
 1126 15182 5905
 741 15638 4302
 1123 17016 2157
 904 18352 1577
 651 18867 372
 2196 19482 -497
 580 16414 -1129
 827 17977 -430
 1190 18299 1004
 1521 18269 1427
 1276 17836 1674
 -263 15143 3448
 473 17388 5000
 -161 17690 6920
 1670 14285 7422
 1331 14117 8846
 1951 10994 9709
 1366 13069 11534
 985 8780 11402
 2106 8563 13906
 2005 6066 14277
 4078 5796 16574
 1678 6932 17406
 3518 8748 21041
 2219 -519 16695
 725 -8758 13599
 733 -5732 14555
 1569 -6844 13929
 1184 -5814 15040
Repetition End
1
 2067 -6175 14489
 1803 1914 20827
 -126 -13759 17639
 684 -5222 11634
Repetition Start
 4254 1398 16524
 459 4550 16364
 28 7112 15418
 -925 6654 14461
 1452 7028 14150
 1452 9266 11961
 777 11237 11755
 1069 11497 9954
 2505 13736 8606
 1564 15865 5483
 1036 16523 3494
 1621 17274 822
 708 18857 -1598
 1755 18780 -2367
 1181 20506 -3716
 2183 16441 -3904
 1717 18306 -2693
 1530 17564 -1640
 1483 18437 -187
 1194 17556 743
 1038 17606 1857
 1885 16833 3626
 1283 16370 4809
 992 15867 6779
 1631 16849 6900
 110 13062 6794
 188 10641 8524
 1087 8933 10438
 1424 10169 13135
 2531 6597 15495
 216 4027 13920
 1089 3601 14048
 1455 1 13921
 5906 4763 27267
 -377 -8339 11622
 2139 -6699 16456
 210 -13730 17618
Repetition End
1
 3386 -3729 16171
 2108 -8440 13496
 -552 -9405 21036
 -499 -12800 15901
Repetition Start
 2038 4794 11784
 2294 3952 15256
 663 5332 14936
 534 4234 13189
 -1609 5330 14345
 -80 6784 15110
 836 8595 12666
 -335 8510 12038
 830 10725 11521
 1478 13400 10776
 1854 14084 8287
 1512 13441 4616
 1480 17334 2305
 1794 18566 16
 1215 18504 -2089
 1220 18952 -2894
 1814 18107 -3619
 2002 17996 -2742
 2077 17893 -1053
 2010 17503 -369
 1271 17831 897
 1482 17465 1688
 1168 17076 3519
 1397 16994 4672
 982 15666 5564
 1411 14869 6647
 33 14190 7223
 2734 13771 8476
 1720 11794 11541
 2968 8494 10430
 1790 7161 12704
 2707 9441 15974
 1257 5025 13943
 3036 1161 16129
 3103 -8237 9163
 4284 226 13340
 5280 -11212 13141
 5349 -2205 16649
Repetition End
1
 4269 -8973 13371
 4657 -3204 15147
Repetition Start
 5159 -4900 18341
 1878 -7293 16714
 -1276 -7996 20980
 1874 -4402 11642
 -861 3628 17987
 -198 5545 15976
 408 8840 14358
 2182 7785 13942
 -20 7833 13749
 988 9522 12776
 1035 11245 12706
 533 11061 11000
 415 13102 9372
 959 13540 8009
 605 15795 6905
 672 16495 5027
 1049 15888 1607
 722 18435 -442
 1431 20652 -2918
 809 17488 -3557
 1478 17602 -3583
 1460 18081 -2009
 1512 18446 -472
 1545 18438 429
 1025 17288 1492
 1202 17264 2680
 1033 15897 3839
 1390 15957 5721
 984 14461 7443
 1410 13584 8416
 1301 12263 11163
 1687 10087 13638
 2180 9739 12683
 1825 8838 16148
 -634 5307 15083
 -225 4576 15342
 581 2837 14754
 -1345 -5657 24030
 1495 -7337 12825
 -1419 -10060 16300
 1056 -6863 13907
Repetition End
1
 497 -7460 14739
 485 -6962 14838
 -1176 -8482 9089
Repetition Start
 -1547 -13044 24997
 -1951 -14688 11255
 2355 2676 15225
 -1807 1433 18760
 2372 7504 15297
 707 7246 14087
 1338 7524 13469
 2339 7469 12376
 2078 9877 11656
 1759 12633 11141
 2666 14277 10355
 976 14057 9381
 2845 15837 7261
 1812 15394 4494
 1811 16321 3173
 1103 18501 2114
 1947 19054 519
 1174 19314 -1144
 2233 17733 -2233
 1748 17441 -2226
 1667 17573 -978
 1647 17785 -60
 1902 17780 877
 1636 17581 1515
 1814 17979 3030
 2324 16440 4054
 1683 16462 5137
 2038 15843 5944
 1617 15379 7375
 819 13828 9103
 1672 12686 9612
 1035 10409 11301
 1101 10300 11922
 695 8104 12928
 2164 5154 12916
 -1626 1365 13715
 35 3997 13345
 -1808 1412 12554
 800 -7708 18675
 725 -9048 10989
 259 -5741 16724
Repetition End
1
 376 -10390 15316
 882 -6319 14265
 427 -6920 14415
Repetition Start
 1364 -6907 13563
 219 -12365 16623
 -1151 -11387 18077
 -1611 -15641 15048
 -446 -743 13396
 2509 6102 12907
 198 8783 15230
 1798 8453 16145
 810 7225 13874
 1542 10553 12838
 538 11860 11880
 919 12472 10116
 545 13645 7403
 1546 15450 5067
 947 17904 4793
 622 16764 1203
 1309 18739 104
 865 19547 -1071
 865 18346 -1801
 1451 17640 -1855
 1384 18005 -295
 1364 18144 289
 887 18094 1535
 1002 17307 2478
 1026 16953 3232
 855 16675 4561
 1080 15884 5944
 842 15255 6973
 1589 14386 8283
 889 14746 9556
 2153 11471 10729
 1167 12350 9858
 2449 11515 13280
 2094 9282 13532
 2453 7111 14164
 3082 4551 13637
 2368 -706 12695
 2485 -390 20240
 292 -4403 13879
 4092 -9208 13982
 3146 -7751 14670
 2513 -8874 15073
 1236 -5904 14492
Repetition End
1
 -1026 -6849 14616
 -1462 -9739 22250
 -2218 -12396 17602
Repetition Start
 294 2766 11839
 1549 1807 12000
 900 7421 14693
 2190 6771 16403
 1196 8322 15316
 2120 9712 14147
 1015 7337 13246
 902 7322 13209
 533 11236 12173
 1780 12545 11646
 1257 13448 9950
 435 12395 6959
 355 15931 5686
 1410 16353 2180
 816 18042 449
 1150 18700 -1236
 948 19605 -3054
 1935 17551 -4356
 1176 17648 -4095
 1370 17538 -2001
 917 17908 -936
 1810 18438 116
 1733 17533 1012
 976 17237 1910
 1789 16577 3276
 1594 16743 5329
 1432 15554 6753
 1831 14271 7180
 2159 10942 11250
 626 12867 10696
 2073 10920 12757
 2086 9790 13061
 301 5562 12633
 1345 3656 11960
 1250 3039 14718
 861 5236 14664
 933 74 12215
 -1408 -7892 12145
 701 -2295 16242
 1513 -10580 13268
Repetition End
1
 1490 -5525 15169
Repetition Start
 -2630 -6659 13771
 -2448 -4173 18391
 -2031 -19786 19484
 5317 6230 22173
 3171 7277 17557
 536 6239 16313
 1720 7797 15777
 -759 7799 15450
 -911 8487 12418
 126 8813 13384
 1164 12589 10930
 1505 10823 10001
 1678 12890 7601
 1883 15324 5843
 1031 16762 4510
 1902 17187 1459
 1184 18601 -516
 1592 18100 -1871
 1880 19116 -3190
 1233 17380 -3874
 1488 17497 -4460
 1924 17647 -3540
 1316 17617 -2594
 1385 18060 -1404
 1196 17908 -326
 1392 17733 699
 1639 17344 2025
 1039 17014 3218
 1443 16675 4784
 1319 15665 6262
 1270 15005 7237
 1371 11685 11128
 917 12316 11334
 1449 11269 11916
 1809 7765 12452
 3169 8275 13712
 -1569 6226 14508
 1452 5256 14224
 5279 -2099 13799
 337 -6946 9762
 2293 -7676 13414
 1717 -10707 12780
 2592 -4670 15785
Repetition End
1
 1077 -7782 14546
 31 -5327 13659
Repetition Start
 3216 -8687 16703
 -3366 -7221 25098
 -443 -6457 9007
 3509 5301 11596
 2483 2363 17763
 1121 4248 15110
 200 5194 13814
 2205 5533 13212
 1336 5479 13791
 114 6813 12727
 910 9128 14429
 1092 11065 12878
 184 11197 11628
 76 12727 7732
 583 13692 5455
 861 16349 3912
 939 17058 1254
 318 18346 -377
 1138 19743 -2394
 1806 18308 -3821
 806 17414 -4016
 1302 18538 -3982
 1116 18016 -2841
 1523 18180 -1970
 1243 17851 -680
 1349 17460 716
 1257 17293 1650
 1143 16728 3497
 1276 16478 5527
 573 15311 7572
 1398 12921 8257
 197 13124 10202
 1688 11756 11518
 872 9165 12013
 1414 9387 14558
 1265 7373 14558
 2130 7072 13349
 1574 6648 14993
 2451 5451 13994
 1537 6024 13169
 1513 -4803 21743
 461 -6269 10849
 4242 -5541 13292
 3063 -4495 13805
Repetition End
1
 4150 -7420 14000
 1699 -5370 14480
Repetition Start
 4653 -10721 21266
 1140 -5731 20338
 2763 -6292 13219
 18022 6972 12344
 706 3522 18740
 1579 4721 14877
 1330 7142 15621
 774 8131 14578
 1747 8925 14637
 1704 8463 13924
 1778 10364 12405
 1902 12209 11848
 709 12321 11374
 2863 12627 8363
 1547 13164 5905
 2022 16279 5035
 1856 16204 2370
 1823 18452 -313
 999 19206 -1554
 1426 18370 -3281
 795 18164 -4277
 1213 17376 -4313
 711 18065 -3244
 685 18287 -2431
 1035 17835 -1147
 969 17680 -216
 560 17602 1333
 1967 17603 1061
 1559 17127 2882
 1364 16100 4318
 1435 15948 5543
 1226 14849 6705
 1843 13556 8568
 1517 15499 5629
 -2 11900 9347
 3002 10755 12136
 3319 8628 12774
 1716 4767 12551
 3492 2400 12477
 2829 2741 12409
 8071 -956 12602
 4338 1345 14002
 1183 -10063 13167
 3187 -3190 13724
Repetition End
1
 4148 -5772 14731
 1972 -7260 15773
Repetition Start
 2447 -3129 14420
 811 -4390 15068
 2497 -8378 14287
 -1563 -2172 18418
 1241 -14077 24291
 3712 6824 4812
 2469 -97 15065
 1364 4767 15702
 827 4442 14012
 2641 5732 16587
 426 7092 14394
 2257 7737 12395
 1736 10789 12013
 1457 10853 12607
 1930 12027 9968
 1380 12801 7390
 480 15810 5154
 1322 16115 3458
 588 17808 1590
 1526 18187 -589
 1563 18447 -1320
 1176 18569 -2344
 1064 17928 -3243
 1804 17940 -3989
 2250 17441 -2432
 782 18162 -1159
 1100 17918 322
 2044 17563 1429
 1884 17202 2308
 2009 16565 3790
 1643 16585 5359
 2327 16025 6355
 1319 14097 7904
 1205 14074 9601
 3185 13022 9891
 1601 12564 12286
 1389 8722 12132
 2107 6731 12325
 2856 6664 14946
 1787 5911 14898
 1414 3502 14517
 2262 1378 13238
 1844 8002 21103
 -336 -10166 13688
Repetition End
1
 815 -3059 16074
 2082 -8495 15949
 696 -7142 15095
Repetition Start
 254 -7225 16379
 -3149 -13960 15504
 -2928 -7967 17784
 -1273 -8337 18313
 -5029 2303 21740
 842 2953 17379
 1983 4260 15485
 2854 6851 13368
 286 6484 15051
 1919 8402 13077
 2487 9674 11815
 1042 11170 10987
 2286 13375 9615
 1167 13085 7784
 2316 13225 5074
 2341 15182 3328
 2479 17488 2074
 1827 17972 1081
 2422 18678 282
 2065 18611 -983
 1683 18162 -2569
 1975 18092 -4183
 1810 17487 -3442
 1222 18192 -2024
 1581 17645 -1205
 1263 18194 -523
 1685 17441 355
 1773 17308 1489
 1716 16605 2568
 1671 16461 4323
 1484 15711 5613
 1557 15189 7063
 495 14089 7900
 2112 12591 10190
 1561 10417 10794
 112 11563 12607
 3004 10821 13097
 1123 7566 14024
 1502 5396 14463
 1251 3785 15615
 1885 3473 13147
 2369 6540 22843
 2984 -19416 14680
 3585 -398 17927
Repetition End
1
 1149 -9632 13384
 1589 -5387 16811
Repetition Start
 38 -4559 15441
 433 -4526 15492
 -2455 -998 18568
 -1996 -11437 17216
 593 -7910 6420
 582 1254 14852
 -434 3050 14634
 1464 4316 16814
 -1459 5798 15167
 327 6637 13860
 -4 6115 15643
 1092 8581 11774
 394 10085 13328
 1618 11407 11857
 1165 12161 10219
 537 13773 6036
 525 15205 5080
 529 16570 3008
 431 16575 916
 224 18860 -372
 699 18778 -1724
 1258 18788 -2906
 1104 17648 -4144
 1409 17400 -4090
 1281 17814 -2214
 1081 18031 -1739
 1126 18263 -874
 1205 17754 -366
 1466 17348 550
 1334 17145 2081
 1196 16681 3095
 699 17210 4451
 1409 15100 5645
 799 14752 6879
 1154 13888 6901
 127 13006 11522
 1326 10892 11558
 1762 10893 13422
 991 8004 13179
 1505 5965 13001
 2541 6310 15343
 2959 4051 15506
 1999 3857 17116
 1121 2578 24975
 2180 -11865 13096
 2847 1185 14974
Repetition End
1
 2288 -7015 15406
 2558 -5694 15671
Repetition Start
 4072 -4466 15624
 3468 -7147 15507
 10536 -12668 22177
 -218 -5036 20239
 366 -9213 16454
 4960 1704 14425
 -35 3632 16371
 1490 6089 16858
 1084 4820 15770
 2049 6910 12811
 16 7546 14341
 776 8955 14289
 1984 9703 12117
 984 10371 12441
 1860 12346 10866
 -1419 12208 8956
 61 14403 6841
 749 15581 4422
 604 16434 2484
 1153 17607 278
 725 19808 -243
 1436 18336 -2044
 1301 18552 -3725
 482 17125 -4623
 1567 17373 -3526
 657 17963 -2081
 1450 18518 -1556
 1111 17773 -516
 1490 17956 412
 1545 17474 1733
 1516 16864 2495
 1442 16910 4567
 963 15666 6110
 472 14224 6458
 476 12085 11027
 2204 11504 10847
 887 10181 11922
 1487 7967 12337
 2028 7395 12996
 1735 8058 14635
 2090 5791 14388
 1653 5021 15583
 5920 2845 15197
 3998 -15943 16422
 2818 -2427 14442
 1511 -6522 15233
Repetition End
1
 1276 -6492 16001
 2048 -5459 14392
 529 -5384 15927
Repetition Start
 478 -5041 15367
 -864 -3316 14821
 -3052 -12945 17103
 158 -17572 11629
 9690 2176 15103
 -1986 1960 14796
 2317 5178 14705
 1976 5599 16009
 916 6694 15681
 2521 7114 14622
 2291 7789 11309
 701 9396 10879
 -753 12215 10957
 3152 12724 11047
 2318 13710 10322
 1260 14587 7483
 878 15140 6011
 1429 15203 4361
 956 17794 3086
 689 17950 1048
 675 19100 58
 804 18395 -1333
 705 18483 -2331
 293 17746 -3281
 747 17259 -2953
 1034 18345 -2204
 530 18163 -1515
 549 17689 -467
 534 17621 170
 642 17502 933
 753 17262 2621
 808 17401 4636
 1186 16198 5774
 1256 14755 6664
 -225 14535 9157
 1104 10037 9672
 1441 10388 12086
 674 9261 12585
 751 8205 13530
 1259 6786 14038
 1096 5769 14624
 1086 3443 14888
 754 528 12939
 4265 4553 25289
Repetition End
1
 -216 -19103 11780
 -836 23 14869
 1710 -8705 16560
 1625 -6018 15051
 321 -5870 14127
 2735 -6065 16348
 -2993 -15300 5836
 -285 -16787 15185
 7810 2111 17155
 280 2454 16667
 562 4986 14698
Repetition Start
 -1236 6317 15303
 1050 7084 15077
 -54 6335 13365
 1478 8859 12353
 855 9976 11614
 258 12163 10976
 2417 13059 8347
 1300 14485 4867
 1082 16396 4545
 655 17678 2922
 1004 18550 1225
 1743 18289 -103
 1008 18809 -464
 880 18295 -1595
 1160 17946 -2365
 1325 17756 -2447
 709 17995 -1949
 1375 17780 -1359
 745 17936 -758
 1139 17993 34
 908 17221 908
 1002 17668 2357
 1209 17016 3459
 959 16214 5272
 1067 17169 7240
 2248 13993 6181
 407 13681 6999
 2500 13325 8534
 -139 12620 11916
 1168 8992 12560
 794 7381 13395
 1523 7897 14329
 1496 5763 15750
 1438 4813 14699
 1989 1509 12117
 3669 4385 28920
 3791 -20783 13178
 1270 89 15143
Repetition End
0
 1801 -7472 15338
 971 -5212 14918
 444 -4961 16044
 -214 -5213 14818
 2959 -5574 13676
 -6307 -9565 19925
 2512 -14882 13813
 10169 3356 15221
Repetition Start
 2716 241 14044
 2007 3713 14986
 854 7014 15515
 1834 8035 16114
 2690 6772 14264
 3971 6653 11418
 2493 9713 11755
 1033 11704 11433
 2870 13264 9410
 1243 13469 7202
 1426 14344 5283
 872 15469 4608
 1596 17597 3421
 863 17731 972
 1285 19050 390
 1405 19060 -898
 1691 17873 -2311
 944 18511 -3046
 1535 17477 -2945
 1495 17308 -2735
 1174 18251 -1696
 1233 18124 -1260
 1242 17589 -488
 1255 17563 330
 737 17455 1540
 1255 17449 2851
 701 15637 3853
 2300 15846 6164
 1650 16055 8125
 2069 13671 9737
 5001 8229 7079
 790 10046 10458
 3168 10994 12495
 2442 9580 13631
 2598 8255 13686
 2897 5994 14039
 2371 4628 14530
 3246 1754 13706
 5144 2554 17668
 4860 -6188 14907
 3523 -5310 13601
Repetition End
1
 4990 -3596 15195
 3499 -7173 15698
Repetition Start
 1736 -6595 14939
 1511 -4893 14265
 -1430 -5178 15682
 -1498 -8938 15624
 829 -10987 20149
 2047 -4776 12932
 4486 3544 15015
 1475 3803 16580
 834 5586 15742
 131 6285 15805
 -750 7060 14742
 2993 7907 12920
 2151 8166 11758
 1506 10204 12022
 1296 12603 10481
 2435 13262 8563
 1155 14204 6146
 254 15014 4896
 939 16100 2733
 521 17812 1024
 814 19031 -862
 470 19346 -2043
 1316 17995 -3275
 1012 17756 -4377
 1408 17433 -4237
 1244 17501 -3899
 932 18188 -2846
 1209 17726 -1654
 1223 17514 -1072
 1459 17400 350
 1514 17451 1636
 1405 16736 2673
 847 17744 6101
 1755 14717 3971
 838 15561 6945
 1078 13810 10892
 1536 11935 11354
 1533 10668 11588
 1296 10990 13130
 1809 7648 13403
 2661 7066 13664
 2485 4755 13884
 2563 3760 14150
 2129 1618 13430
 2510 287 32767
 1019 -23061 9904
Repetition End
1
 2283 3801 17158
 2540 -9045 13282
 3242 -5154 15420
Repetition Start
 2570 -4030 14627
 1347 -4127 15995
 1118 -4011 15994
 2198 -1958 9348
 -4106 -17074 22011
 2523 -4559 18126
 5845 3369 18877
 3596 -378 17494
 3824 4702 17236
 3482 5408 14121
 332 6807 15158
 2270 5649 15688
 -131 6666 12394
 2598 9395 12233
 497 11341 13902
 2385 11145 12535
 1128 12422 10781
 1193 11831 8153
 827 14305 5765
 988 16119 4991
 1050 15984 1976
 731 19809 628
 510 18468 -868
 1180 18693 -2718
 1048 17365 -3938
 1120 17921 -4646
 823 17466 -3503
 909 18954 -2524
 1119 17372 -1865
 1019 17942 -987
 1182 17617 142
 1101 16958 828
 1347 17277 2740
 1441 16957 4008
 2493 16677 5077
 1390 15951 6084
 1676 15121 7989
 1795 12953 7813
 378 12037 9910
 1414 12080 11341
 1240 9755 12520
 1244 9484 13762
 2329 7923 14224
 2592 6290 15097
 1874 4445 15049
 1998 2887 16076
 3122 -350 12434
 3375 4130 29884
 2461 -11386 12637
Repetition End
1
 1584 -2915 15243
 183 -3948 15580
Repetition Start
 2260 -5966 16770
 1559 -5310 15035
 432 -5183 15669
 -4372 -6889 24251
 -2231 -12159 12001
 -575 -2470 8919
 -6051 -1373 18837
 1037 1130 15944
 2738 3806 15291
 2154 5535 14864
 2188 7254 14597
 2945 7508 13581
 3644 6828 13673
 1180 11520 11821
 765 11462 12585
 2292 12089 11578
 1988 11817 7643
 257 14803 7377
 1034 14694 5276
 964 16831 4480
 930 17192 1651
 639 17809 60
 1685 18883 -1825
 1148 18342 -3510
 1082 17576 -5050
 489 18223 -5382
 2193 17295 -5481
 893 18255 -3775
 1127 17526 -2511
 1359 17903 -2050
 1211 17954 -993
 1780 17015 109
 1292 17559 1517
 1052 16984 2370
 1225 16956 4432
 2385 15813 5629
 2998 12856 12654
 1959 14153 12420
 1840 12719 10181
 2517 10816 11746
 2104 9253 13223
 2696 7461 13481
 3289 6781 13753
 2489 5864 15599
 2150 4183 15795
 1905 3674 13850
 3068 1293 20303
Repetition End
1
 1455 -11425 15899
 1731 1743 15164
 2719 -6046 14811
 2003 -3091 16403
Repetition Start
 2119 -5651 15750
 1691 -4803 15298
 5957 -3819 18014
 1199 -17211 11610
 102 -11673 15837
 839 4071 14201
 4795 2294 14734
 2219 1583 17671
 1489 3510 17563
 2711 4757 15498
 3416 4863 16616
 2110 5840 13576
 1925 7579 11881
 1802 9999 12390
 1197 12546 12196
 1426 12177 12636
 1408 11790 11759
 203 12390 8501
 -130 12596 5618
 68 17530 5620
 1357 17288 2774
 1125 18080 769
 1246 18934 -1987
 1144 18326 -3699
 1068 18228 -5425
 1103 17853 -6459
 1461 16878 -6844
 1054 17276 -4191
 1871 18572 -3099
 971 18021 -2085
 1457 17907 -815
 1380 17277 178
 1291 17102 2225
 1533 17937 4107
 1262 15893 5003
 1659 13398 6552
 1242 13988 6596
 2720 13235 8318
 870 13410 10275
 414 12975 12251
 2645 10301 12404
 2437 8529 12947
 2308 7359 13887
 2335 5719 14587
 2316 4047 14691
 1985 3814 15056
 2602 2551 15391
 618 761 15091
 2270 -1404 19512
 1630 -7129 14007
 2799 -4566 16395
Repetition End
1
 2435 -3713 16599
 547 -7813 17283
 2008 -4982 14304
Repetition Start
 1122 -5886 14552
 160 -11416 16573
 -663 -11062 13989
 1710 -6594 13375
 -3180 -718 18633
 -1021 605 16708
 600 3695 15043
 489 7321 14462
 3316 6438 13188
 -567 6151 14784
 68 8080 13607
 245 11370 11723
 -306 12542 10547
 -117 13542 7766
 -58 15307 5932
 -111 14508 4636
 53 17537 4001
 652 17087 2085
 558 19256 685
 624 18312 -1518
 136 17731 -2410
 19 17354 -3721
 342 18283 -4304
 948 17705 -3935
 560 17986 -2785
 720 17401 -2061
 839 17787 -1304
 1043 17646 -336
 1224 17725 809
 1225 17063 1741
 1392 16948 2998
 986 16744 4122
 1267 15742 5725
 1221 15583 7386
 973 13961 7858
 542 11839 10131
 3309 12920 11140
 2655 10896 11755
 2256 9789 14014
 1964 8178 13218
 3351 8288 14258
 3636 6427 15136
 3651 4353 14431
 2629 1273 13919
 3096 1026 13117
 3095 -1404 27525
 7366 -15147 12933
 3274 529 14422
Repetition End
1
 5099 -6221 15362
 3610 -5353 14859
 1845 -6737 16728
Repetition Start
 2049 -3397 14848
 609 -4335 15769
 176 -5448 15670
 93 -2949 15685
 130 -5415 15125
 539 -4927 14659
 -844 -2924 14603
 228 -4944 15114
 684 -4554 15396
 -409 -4176 16483
 676 -5849 14615
 8 -3919 15488
 -1868 -5794 18862
 1156 -4714 15162
 -392 -4546 15131
 -386 -4606 16480
Repetition End
0
 452 -4933 15702
 3 -4623 15551
 971 -5035 15499
 459 -4647 15922
 1280 -4388 14769
 662 -5375 15222
 -1145 -7870 17017
 765 -5682 14911
 673 -6900 15271
 -316 -5585 16129
 482 -7196 13107
 1047 -6034 12357
 59 -5914 14365
 1261 -6038 15102
 285 -4875 14543
 1889 -4692 13508
 1305 -5487 14072
