Repetition start
1.42578125
1.38055419922
1.51098632812
1.51135253906
1.42834472656
1.541015625
1.45544433594
1.49273681641
1.19964599609
1.12072753906
1.19812011719
1.37438964844
1.59490966797
1.51214599609
1.38989257812
1.37316894531
1.45446777344
1.14337158203
0.191528320312
-0.145263671875
Repetition end
1
Repetition start
0.344787597656
0.785034179688
0.526794433594
1.06262207031
1.26416015625
1.45648193359
1.25726318359
1.02996826172
0.960083007812
1.05743408203
1.10778808594
1.24340820312
1.30609130859
1.35137939453
1.33428955078
1.46618652344
1.54205322266
0.8349609375
-0.501281738281
0.811401367188
Repetition end
1
Repetition start
0.380249023438
1.74407958984
1.44763183594
1.28277587891
1.16259765625
1.21539306641
1.29412841797
1.23352050781
1.18267822266
1.10064697266
0.960998535156
0.958618164062
0.999267578125
1.24945068359
1.29541015625
1.33758544922
1.54614257812
1.61657714844
2.83978271484
1.24005126953
Repetition end
1
Repetition start
1.15570068359
1.17913818359
1.54968261719
1.19458007812
1.22216796875
1.00695800781
1.00958251953
1.16705322266
1.20764160156
1.23126220703
1.26696777344
1.55078125
1.53338623047
1.63958740234
1.29412841797
1.37219238281
1.23895263672
-0.194396972656
0.52197265625
1.04180908203
Repetition end
1
Repetition start
0.367980957031
1.39233398438
1.34014892578
1.27600097656
1.27935791016
1.21374511719
1.16839599609
1.04278564453
1.1328125
1.27307128906
1.35260009766
1.41436767578
1.3828125
1.41790771484
1.4697265625
1.13806152344
0.978149414062
1.26013183594
2.37994384766
0.256774902344
Repetition end
1
Repetition start
1.34161376953
1.14874267578
1.37200927734
1.44964599609
1.32708740234
1.24359130859
1.12884521484
1.14868164062
1.13293457031
1.19415283203
1.16723632812
1.22503662109
1.27593994141
1.4443359375
1.70666503906
1.40179443359
1.37365722656
0.474304199219
0.609375
0.229125976562
Repetition end
1
Repetition start
0.0616455078125
0.696838378906
1.33654785156
1.43109130859
1.4521484375
1.43334960938
1.34381103516
1.28546142578
1.27056884766
1.1435546875
1.13623046875
1.07946777344
1.16717529297
1.23736572266
1.52508544922
1.61218261719
1.69122314453
2.01452636719
0.213623046875
0.603759765625
Repetition end
1
Repetition start
0.578735351562
0.711791992188
2.06298828125
1.33831787109
1.39916992188
1.46325683594
1.33703613281
1.41204833984
1.26531982422
1.23828125
1.09118652344
1.09197998047
1.13500976562
1.23870849609
1.41851806641
1.51440429688
1.64465332031
0.89892578125
-0.105163574219
0.890991210938
Repetition end
1
Repetition start
0.764282226562
0.731201171875
1.47943115234
1.23022460938
1.47729492188
1.50439453125
1.27154541016
1.21398925781
1.12145996094
1.25079345703
1.29498291016
1.26867675781
1.11865234375
1.39532470703
1.48278808594
1.38269042969
1.587890625
2.03289794922
1.12274169922
0.635375976562
Repetition end
1
Repetition start
1.37683105469
1.23229980469
1.38122558594
1.38421630859
1.45074462891
1.28497314453
1.09661865234
0.8984375
1.05773925781
1.06530761719
1.18975830078
1.25128173828
1.37097167969
1.44274902344
1.54907226562
1.18121337891
1.50927734375
1.10858154297
0.177368164062
0.250122070312
Repetition end
1
Repetition start
1.31237792969
1.10266113281
1.33142089844
1.23370361328
1.40844726562
1.47857666016
1.24365234375
1.05456542969
0.994995117188
1.05322265625
1.22064208984
1.25946044922
1.32830810547
1.52923583984
1.32171630859
1.71643066406
1.23443603516
1.24060058594
0.245910644531
1.08947753906
Repetition end
1
Repetition start
1.13525390625
0.689636230469
1.26672363281
1.30145263672
1.44079589844
1.42126464844
1.52502441406
1.37377929688
1.42242431641
1.1318359375
0.945861816406
1.07006835938
1.18933105469
1.29064941406
1.26763916016
1.42883300781
1.55102539062
1.50158691406
0.426208496094
0.294250488281
Repetition end
1
Repetition start
-0.32861328125
1.12219238281
1.53643798828
1.44110107422
1.55841064453
1.30035400391
1.32556152344
1.3134765625
1.11462402344
1.18237304688
1.39300537109
1.42102050781
1.45416259766
1.46301269531
1.38824462891
1.42352294922
0.821166992188
0.742065429688
0.162719726562
0.686157226562
Repetition end
1
Repetition start
0.273254394531
1.31335449219
1.47772216797
1.61108398438
1.52178955078
1.43475341797
1.44311523438
1.18048095703
1.05200195312
1.16540527344
1.26873779297
1.29461669922
1.34832763672
1.40808105469
1.48638916016
1.42669677734
1.66284179688
1.4482421875
0.876281738281
0.53173828125
Repetition end
1
Repetition start
0.937255859375
1.40466308594
1.54809570312
1.58563232422
1.46130371094
1.58514404297
1.50482177734
1.06805419922
0.923461914062
0.898986816406
1.23767089844
1.32092285156
1.44445800781
1.44891357422
1.57165527344
1.52203369141
1.12890625
1.26715087891
0.807006835938
0.256408691406
Repetition end
1
Repetition start
0.718383789062
-0.142395019531
1.70928955078
1.22033691406
1.50653076172
1.35308837891
1.25415039062
1.17608642578
1.08770751953
1.08679199219
1.14611816406
1.2099609375
1.2822265625
1.39782714844
1.41882324219
1.49945068359
1.34436035156
1.16973876953
1.03631591797
0.192443847656
Repetition end
1
Repetition start
0.685546875
1.24548339844
1.24993896484
1.17236328125
1.27868652344
1.19958496094
1.52801513672
1.20422363281
1.17498779297
1.12835693359
0.994323730469
1.42095947266
1.431640625
1.3779296875
1.54779052734
1.37640380859
1.41693115234
1.26525878906
0.731994628906
0.755187988281
Repetition end
1
Repetition start
0.927612304688
0.591430664062
1.29254150391
1.47052001953
1.54473876953
1.49822998047
1.48950195312
1.42431640625
1.13836669922
1.00799560547
1.08172607422
1.18988037109
1.39038085938
1.46282958984
1.38214111328
1.16174316406
1.12115478516
1.20343017578
1.20147705078
0.261657714844
Repetition end
1
Repetition start
0.701232910156
0.513061523438
0.699157714844
0.936767578125
1.33258056641
1.49768066406
1.52081298828
1.21984863281
1.14074707031
1.06207275391
0.961242675781
0.961608886719
1.28393554688
1.36499023438
1.42333984375
1.5185546875
1.59289550781
1.61444091797
1.29168701172
1.88897705078
Repetition end
1
Repetition start
-0.0979614257812
1.29235839844
1.40826416016
1.42810058594
1.46337890625
1.54272460938
1.34497070312
1.05444335938
0.969482421875
1.06140136719
1.09991455078
1.37054443359
1.37231445312
1.48205566406
1.64318847656
1.38629150391
1.30377197266
1.26043701172
1.12945556641
-0.10693359375
Repetition end
1
Repetition start
0.66650390625
1.05285644531
1.27099609375
1.30902099609
1.51867675781
1.43707275391
1.22723388672
1.04614257812
0.8916015625
0.898376464844
1.03033447266
1.06036376953
1.13006591797
1.13482666016
1.28002929688
1.50482177734
1.37426757812
1.40209960938
1.75012207031
0.208190917969
Repetition end
1
Repetition start
1.22344970703
1.21875
1.33685302734
1.46606445312
1.45288085938
1.45239257812
1.5302734375
1.2666015625
1.23840332031
0.984375
1.12109375
1.2666015625
1.27410888672
1.49871826172
1.40319824219
1.33001708984
1.49096679688
1.35919189453
1.35845947266
0.623901367188
Repetition end
1
Repetition start
1.64605712891
0.901489257812
1.35498046875
1.42156982422
1.36834716797
1.64324951172
1.60827636719
1.34454345703
1.33276367188
0.918762207031
1.08465576172
1.11846923828
1.41345214844
1.38397216797
1.43231201172
1.45965576172
1.37451171875
1.37243652344
1.31158447266
0.867980957031
Repetition end
1
Repetition start
1.41668701172
1.36993408203
1.42803955078
1.34417724609
1.29730224609
1.26824951172
1.18121337891
1.01525878906
1.16979980469
1.16192626953
1.28338623047
1.32348632812
1.55493164062
1.28704833984
1.48675537109
1.38671875
1.31652832031
1.27868652344
0.953063964844
-0.232788085938
Repetition end
0
Repetition start
1.26379394531
1.42718505859
1.58587646484
1.46246337891
1.47521972656
1.55908203125
1.33752441406
1.19421386719
1.26495361328
1.19427490234
0.980712890625
1.11956787109
1.16870117188
1.31561279297
1.48376464844
1.55499267578
1.29968261719
1.54821777344
0.828796386719
0.721069335938
Repetition end
1
Repetition start
0.553833007812
0.622741699219
1.44848632812
1.48803710938
1.48071289062
1.23071289062
1.20678710938
1.08477783203
0.978759765625
0.878356933594
0.906127929688
1.05474853516
1.25738525391
1.50708007812
1.24774169922
1.45196533203
1.39526367188
1.28930664062
1.04840087891
-0.740844726562
Repetition end
1
Repetition start
0.0507202148438
1.71453857422
1.26416015625
1.57238769531
1.15533447266
1.57104492188
1.34875488281
1.09704589844
1.15606689453
1.15277099609
1.30395507812
1.51281738281
1.37701416016
1.49475097656
1.49389648438
1.46356201172
1.30419921875
1.27935791016
2.28204345703
0.2265625
Repetition end
1
Repetition start
0.688720703125
0.792846679688
1.37652587891
1.46691894531
1.49664306641
1.28198242188
1.12963867188
0.975341796875
0.83056640625
0.813598632812
0.854919433594
0.985229492188
1.24548339844
1.38018798828
1.45428466797
1.73999023438
1.53070068359
1.44274902344
1.45404052734
1.50537109375
Repetition end
1
Repetition start
0.745727539062
1.22998046875
-0.268676757812
0.260375976562
1.33197021484
1.30523681641
1.47650146484
1.58319091797
1.28747558594
1.11041259766
1.05859375
1.13214111328
1.14959716797
1.33215332031
1.56494140625
1.38189697266
1.27288818359
1.24377441406
0.519287109375
0.892822265625
Repetition end
1
Repetition start
0.324523925781
0.13818359375
0.899353027344
1.359375
1.42443847656
1.25115966797
0.833251953125
0.874084472656
0.898315429688
0.961975097656
0.980224609375
1.38757324219
1.39111328125
1.3740234375
1.59051513672
1.42578125
1.58062744141
1.53802490234
1.08770751953
1.11236572266
Repetition end
1
Repetition start
0.823974609375
0.823974609375
0.735046386719
0.634643554688
0.783020019531
0.6005859375
0.626892089844
0.661315917969
0.634643554688
0.703491210938
0.703491210938
0.726196289062
0.726196289062
0.576293945312
0.706604003906
0.706604003906
0.68359375
0.708251953125
0.622131347656
0.701171875
Repetition end
0
