Repetition start
0.346088017358
0.342301829499
0.210212822571
0.23389523198
0.669604996678
0.390784445646
0.64707132127
0.64707132127
0.699960544232
0.565112039552
0.711488358384
0.741140301923
0.710517051578
1.02856126772
0.771590100058
0.617699947563
0.617699947563
0.536461255303
0.536308190405
0.536308190405
0.471385481007
0.606523008176
0.820728017383
0.395830121989
0.874326414735
0.380512857524
0.379932929805
0.378666920143
0.379853887364
0.519938585312
0.491089341298
0.436590091472
Repetition end
0
0
1
Repetition start
0.326769526808
0.326769526808
0.319324446538
0.203523712217
0.429738076441
0.390294932153
0.397319712375
0.493179626975
0.470670299256
0.645721587709
0.645721587709
0.645721587709
0.526710458479
0.523862929187
0.528367391241
0.571494947324
0.764285019493
0.703115751947
0.60121176143
0.5712621601
0.5712621601
0.532069422771
0.5847321574
0.613993352778
0.622987923778
0.123095865942
0.684942892341
0.211068059994
0.274347541593
0.274347541593
0.371218253883
0.355224824361
Repetition end
0
0
1
Repetition start
0.350117415505
0.298455348654
0.250806238587
0.248274998631
0.215949835252
0.160850705658
0.896110801734
0.362575671297
0.549735442658
0.540587252198
0.567710128761
0.554996360835
0.590219302335
0.664370591556
0.655533635175
0.740430584472
0.653117568941
0.609147414477
0.534885480698
0.551449086738
0.642577898901
0.448845708451
0.179822839686
0.590521350601
0.261849520168
0.356098931682
0.438656411106
0.339011900726
0.427897078344
0.434800025148
0.412290465536
0.399377392156
Repetition end
0
0
1
Repetition start
0.366843828724
0.370611449584
0.33986069648
0.349353958044
0.256990176111
0.227611595676
0.0252549876773
0.754778448888
0.714521762894
0.536563026681
0.476329629316
0.583946281007
0.504272187602
0.563948560868
0.60003827564
0.675529896291
0.609176450564
0.650166736478
0.518723386777
0.600262267813
0.754300594963
0.484563575461
0.229317716467
0.614429740922
0.260231324839
0.358977481498
0.327607183362
0.396723679733
0.374960251529
0.308397357352
0.465765456003
0.414471541201
Repetition end
0
0
1
Repetition start
0.23737240049
0.284893234661
0.272042599353
0.304116992645
0.216581228762
0.127356797117
0.652525530974
0.349096662827
0.549563465085
0.588198197975
0.454270911684
0.49618250511
0.660488626223
0.659741816139
0.672063254996
0.613450160729
0.52253322636
0.436042243071
0.527375750101
0.541663669997
0.64876958088
0.283879452492
0.424587944248
0.337374861353
0.263605752354
0.339926572551
0.425387025017
0.458031537838
0.385354564363
0.456602682197
0.373296324728
0.460493172644
Repetition end
0
0
1
Repetition start
0.287310192696
0.372389378747
0.297682679873
0.254598590626
0.230810219555
0.486230315672
0.433022698683
0.497769907065
0.473929165023
0.527705887676
0.515895498011
0.501167078954
0.555355965422
0.569156029414
0.616149980943
0.548579084835
0.567362724251
0.545321048298
0.533056542925
0.494614957743
0.592938800729
0.65189568042
0.505295387532
0.266164589232
0.653596671347
0.162123472681
0.268287067584
0.438200768308
0.358159445509
0.318680799911
0.429878656176
0.473719052201
Repetition end
0
0
1
Repetition start
0.336743568736
0.311703794164
0.289586706651
0.333135753676
0.288092596979
0.128361446575
0.142339179597
0.745575022997
0.378890636948
0.480180440635
0.470072604935
0.508263197214
0.4613111081
0.460349868137
0.547551829577
0.39309342096
0.530878027952
0.609337041357
0.612904101625
0.496212513292
0.497100814153
0.438871049036
0.527543468097
0.129903304126
0.429410580788
0.310029919117
0.360381773843
0.38784063772
0.325378000076
0.416067205285
0.461365828076
0.422275481166
Repetition end
0
0
1
Repetition start
0.279520598753
0.344594546535
0.292383110897
0.237253167796
0.218603383044
0.399117795941
0.371281842197
0.457190803651
0.410238716373
0.410238716373
0.422727645971
0.506516059821
0.529199542003
0.622301121745
0.585981764711
0.574507520687
0.662506398022
0.694864712874
0.639609724431
0.571138821922
0.628962760069
0.64033452287
0.160933238038
0.160933238038
0.409612031194
0.237050567951
0.498304031404
0.181723821722
0.241366108702
0.346935816966
0.381010187074
0.298913388773
Repetition end
0
0
1
Repetition start
0.38961828684
0.370512195455
0.355305047121
0.462882613262
0.332769924225
0.369491501217
0.34466769983
0.29112045269
0.254370748686
0.322990117513
0.271400479863
0.12438293978
0.563514344587
0.369582229953
0.471033265452
0.542306087426
0.393853928081
0.496358639292
0.429836100112
0.524997358372
0.557935196475
0.619637341213
0.705085587924
0.650235673128
0.593351902014
0.600795110858
0.664426916773
0.7141569674
0.644831388123
0.323260280875
0.424561683166
0.122641501178
Repetition end
0
0
1
Repetition start
0.403778130375
0.379307966532
0.379069170386
0.350332875421
0.350803074232
0.36399507635
0.320093364888
0.313741732238
0.177097331691
0.344837867771
0.570302162991
0.379100292701
0.561340438214
0.544240802791
0.546101571574
0.652294159906
0.57028551887
0.596694087652
0.699268517774
0.678729670424
0.625733055921
0.465546809582
0.550385884494
0.596827977136
0.179844466356
0.296274135518
0.167975525387
0.273673269261
0.332853997692
0.323006154807
0.38361292964
0.324079661812
Repetition end
0
0
1
Repetition start
0.375369937537
0.371753237128
0.288503480042
0.300834038053
0.369666129169
0.264941331446
0.241050342427
0.0889386738414
0.756123242908
0.392037413097
0.472117522897
0.551516863445
0.466247382815
0.658146156766
0.62779775512
0.642358536579
0.515811875465
0.589975203462
0.556150950496
0.506935980741
0.505600594272
0.837554148269
0.11600055404
0.333537466407
0.33201232183
0.382203547117
0.401225536067
0.467860749285
0.488377321329
0.404171108643
0.484579700624
0.481317936604
Repetition end
0
0
1
Repetition start
0.457226446641
0.430031075533
0.442752107158
0.396956228782
0.363023666615
0.361099196417
0.260947000593
0.203929353918
0.281116009955
0.533898235844
0.372394395594
0.53179689615
0.464896523662
0.480579925483
0.51204227456
0.475194162602
0.594210565276
0.717060446029
0.708755737408
0.644340272989
0.595647368401
0.566406023091
0.688734433735
0.372924749746
0.294688100561
0.384814753034
0.246375134982
0.356357636839
0.370848655072
0.42613517855
0.410119127683
0.410919723199
Repetition end
0
0
1
Repetition start
0.405858672089
0.379021169991
0.360230267794
0.345366017264
0.338223601973
0.30069147975
0.293048256576
0.352100543395
0.247525861935
0.517946220357
0.704179743581
0.458744513962
0.593285184169
0.535218743344
0.54738278316
0.522250494955
0.669798839715
0.712009556963
0.727938236589
0.616644542019
0.529400667522
0.577548367732
0.681321826482
0.799734352382
0.799734352382
0.404442935857
0.207404924048
0.399552239764
0.303548972067
0.268468024402
0.40058405321
0.321904679661
Repetition end
0
0
1
Repetition start
0.405440537348
0.405311844626
0.374417657492
0.377093580495
0.307783620709
0.278002601115
0.300927095847
0.190669852202
0.255415064744
0.404133040178
0.660445150103
0.537423960719
0.551508497777
0.509387837289
0.621855268932
0.726881513497
0.609367535619
0.643194621751
0.669598676609
0.636584276497
0.63142128181
0.656288855401
0.679252148012
0.549958327866
0.232299908925
0.358263385284
0.361391572279
0.377374226068
0.402682980793
0.427415310728
0.471049632352
0.453795106087
Repetition end
0
0
1
Repetition start
0.443001510277
0.45127327923
0.40512837491
0.406821815916
0.40850939053
0.370916560184
0.305733097068
0.349060832338
0.23053876977
0.723604711381
0.398741068852
0.683210881507
0.57179955717
0.592982429729
0.63978714349
0.689529185112
0.74276811827
0.750254734311
0.717200054109
0.702913366363
0.674814108246
0.723786817732
0.567354572532
0.333754309669
0.580972069388
0.22443267672
0.304637990499
0.402398064105
0.476292064416
0.500173218346
0.502534618573
0.531864673176
Repetition end
0
0
1
Repetition start
0.449902855302
0.475051991384
0.412543664594
0.428329393575
0.385002455464
0.338255437258
0.354561643916
0.224844585494
0.567392418102
0.550166608897
0.431893895788
0.491387530791
0.413093246684
0.398479609041
0.51533392074
0.483164250838
0.59417129302
0.614479946611
0.614718299462
0.58248777215
0.638635272689
0.685807998898
0.346675577274
0.358315039762
0.416171953442
0.276003190124
0.369610573076
0.356644514675
0.437371516094
0.41711993349
0.509185790101
0.429652065203
Repetition end
0
0
1
Repetition start
0.510506143237
0.341577344966
0.374339445795
0.354684761642
0.322233244685
0.328267503629
0.244528294811
0.206367941571
0.137598896766
0.649668088864
0.267922152424
0.410058918258
0.649869363408
0.474553328607
0.50059917803
0.557841474651
0.577520511963
0.562419097434
0.661047559507
0.635306875849
0.591301228913
0.499649204191
0.429546783988
0.450698265424
0.708213634171
0.560766878053
0.0316372363313
0.519195824811
0.237966814666
0.379862949078
0.41736505709
0.496284575819
Repetition end
0
0
1
Repetition start
0.44265071176
0.508856071555
0.418811332069
0.409976329396
0.407002421656
0.331327033757
0.32743832285
0.304645877832
0.304645877832
0.270758626183
0.270758626183
0.125790791712
0.586687475887
0.313097466098
0.313097466098
0.516699808654
0.516699808654
0.516699808654
0.520131091119
0.467173328791
0.522005706397
0.533254491686
0.533254491686
0.475514670952
0.475514670952
0.626970124534
0.626970124534
0.633636062329
0.633636062329
0.59680315916
0.59680315916
0.539867639496
Repetition end
0
0
1
Repetition start
0.348727285584
0.364980211407
0.433474803624
0.39713576791
0.382703697546
0.401955959321
0.359155696837
0.304616339027
0.297300422928
0.352665220813
0.169884929806
0.26886821132
0.474067213491
0.60053312178
0.561198785889
0.454684099204
0.545870566979
0.56432243669
0.661275296092
0.68702653816
0.6601500003
0.588110638635
0.582678371111
0.268748993373
0.152111328555
0.22347498826
0.318069618684
0.23966280856
0.529374606066
0.288303015438
0.348793644499
0.428883242033
Repetition end
0
0
1
Repetition start
0.368082887519
0.378268506467
0.284323659129
0.341087810178
0.29765038497
0.274660949693
0.174906035299
0.332894152041
0.491091541166
0.371710119841
0.300302123884
0.414755107008
0.341911645421
0.468858567222
0.590054524891
0.563200259768
0.650019259007
0.530601796726
0.521156400778
0.443864916475
0.534050906766
0.55393035013
0.457885343531
0.209601631562
0.50478970538
0.2779323752
0.221147553937
0.26945037596
0.268007490844
0.301442552588
0.384716427751
0.402207184734
Repetition end
0
0
1
Repetition start
0.48205774287
0.231047687118
0.221590116445
0.221590116445
0.335834897807
0.218976389018
0.202351399134
0.169841769399
0.169841769399
0.712955641721
0.134929460645
0.676623552664
0.551057590664
0.626109595602
0.626109595602
0.581861541635
0.850388226924
0.866398127735
0.7554996852
0.754740127857
0.639787539434
0.731467255593
0.65718475821
0.286230376604
0.140607779826
0.298057078766
0.312725855749
0.361755556454
0.33933071897
0.331216761208
0.440675438537
0.385794817074
Repetition end
0
0
1
Repetition start
0.441779919509
0.441779919509
0.289193110986
0.29390178244
0.277368450408
0.127007194156
0.0407678751005
0.706908866133
0.499518348747
0.582206114161
0.576039140574
0.505451866735
0.505451866735
0.625860295679
0.583687853727
0.740566176783
0.629986483892
0.6915179017
0.614663510157
0.647415099096
0.753295700625
0.49407004429
0.0416781638098
0.275557778405
0.359583348541
0.247257855069
0.426587326075
0.404190920339
0.422215439164
0.407258816912
0.534999967295
0.534999967295
Repetition end
0
0
1
Repetition start
0.378513609583
0.4357479897
0.347940719676
0.378334065642
0.258106042902
0.343907569404
0.33366970944
0.217996141292
0.149354748391
0.490998656436
0.429396136075
0.572092808092
0.537583596083
0.589031269374
0.498786115856
0.728660032263
0.750740066117
0.755380150828
0.784394309672
0.696703251279
0.684715369905
0.701586552889
0.566146689168
0.227659831925
0.180869743182
0.270539175205
0.18919124397
0.350707168658
0.317339633058
0.361859240551
0.392565883616
0.510443127605
Repetition end
0
0
1
Repetition start
0.339634211387
0.352746395316
0.453173589568
0.388043859511
0.378068297249
0.37185752471
0.324382757735
0.278507062933
0.239284140248
0.170357343475
0.356914608473
0.480536870857
0.417535798271
0.426839240225
0.382303020528
0.515353694979
0.483029565811
0.66007133931
0.543808723025
0.436632198294
0.401754679503
0.333980599321
0.567873996586
0.307376937296
0.451961379771
0.20635106255
0.248738121691
0.333648680245
0.349959113296
0.303822083083
0.354108424049
0.40272955776
Repetition end
0
0
1
Repetition start
0.335727698217
0.34600954969
0.249389416904
0.264991889303
0.161446318384
0.211216724106
0.187400731989
0.0797366093796
0.307896889577
0.403919347776
0.49049939443
0.32403621361
0.320141868966
0.543691096322
0.644562916989
0.502077547379
0.574789846671
0.505947123837
0.465333912576
0.423044477863
0.419735410232
0.463475168116
0.662597212092
0.28126616564
0.254296010978
0.243354033753
0.176199045645
0.336882625716
0.385969109727
0.443829245443
0.422842699623
0.419304367071
Repetition end
0
0
1
Repetition start
0.4974700205
0.365242687682
0.326887687278
0.324483441692
0.472089242141
0.2169466704
0.32193959824
0.190401485996
0.17441311459
0.214626627362
0.650335618863
0.496923732317
0.573122021689
0.731338668913
0.732015016085
0.759343015032
0.942324647443
0.895296460819
0.76593590039
0.751015859302
0.776970876948
0.816320535732
0.26759615371
0.417971272327
0.356390277324
0.300403332783
0.305257368244
0.349585090092
0.324404571321
0.374565235079
0.375285462169
0.393661484533
Repetition end
0
0
1
Repetition start
0.368247900405
0.408604502126
0.333923217126
0.379844849952
0.344059680032
0.360072837074
0.229201900237
0.21738135962
0.105609676023
0.591319741633
0.465088295123
0.337113633687
0.466736801623
0.416336262853
0.459995410219
0.507312076926
0.572750098044
0.509328632936
0.682717852067
0.607279941867
0.578519358034
0.62007570203
0.727938986315
0.441356398713
0.870978108244
0.276401874805
0.326383898688
0.443633247013
0.405990118569
0.362120244667
0.365982849298
0.39797631388
Repetition end
0
0
1
Repetition start
0.470360334315
0.362261792751
0.385891607776
0.395890933372
0.367582783077
0.320505932809
0.276270354058
0.279701673159
0.229774155781
0.196859139227
0.0625200537457
0.286334022368
0.279701726434
0.541343049356
0.394445816081
0.431157018133
0.549837538312
0.448782045142
0.441815890907
0.463782043674
0.444678210385
0.455835432651
0.651873087556
0.477826244694
0.583262204335
0.115786940992
0.303758188233
0.452169945125
0.2665261382
0.483443360216
0.392041033489
0.334418511011
Repetition end
0
0
1
Repetition start
0.367231072215
0.302984177677
0.462071583445
0.413370566461
0.233155295485
0.252332018057
0.143139361635
0.575973279316
0.439897003643
0.562825615337
0.566981207951
0.606856834609
0.689295599451
0.815553658022
0.805500143311
0.665362877231
0.620043628565
0.560706770419
0.618655481007
0.743127814473
0.563064325231
0.138487895292
0.434433347571
0.307367532331
0.295481183049
0.392632376305
0.420648190658
0.423502141868
0.403741455032
0.516524415484
0.378997855567
0.315518163077
Repetition end
0
0
1
Repetition start
0.344578313965
0.352840907252
0.356515145973
0.337116401838
0.332547521323
0.252043109173
0.247437080492
0.311570328439
0.532388679942
0.554031793789
0.562032299841
0.556888408055
0.564282589531
0.602505214612
0.569952034365
0.613397748172
0.711966689249
0.502224752205
0.494481820835
0.528655804147
0.415109942499
0.483959581296
0.300769124468
0.402906362438
0.366308977355
0.317284495458
0.352265301872
0.614297249988
0.453583772847
0.360962481687
0.235747246107
0.18874474455
Repetition end
0
0
1
Repetition start
0.344578313965
0.332547521323
0.247437080492
0.532388679942
0.562032299841
0.564282589531
0.569952034365
0.711966689249
0.494481820835
0.415109942499
0.300769124468
0.366308977355
0.352265301872
0.453583772847
0.235747246107
0.230903820981
0.121856165922
0.556431667526
0.58482449362
0.626956847587
0.550260331304
0.760386051853
0.728017015083
0.671665816124
0.829546313746
0.202236930164
0.286671973526
0.338809143064
0.352475707472
0.493881749581
0.472180280554
0.462099602597
Repetition end
0
0
1
Repetition start
0.339630542391
0.279937789054
0.251987166656
0.162860897837
0.619574427934
0.406747815592
0.3312701028
0.450386110368
0.360343545344
0.49040760536
0.402793045469
0.449172063143
0.499940443962
0.570823319825
0.572567850188
0.560499943619
0.57305395945
0.53660690386
0.547259012001
0.590028307633
0.6227710167
0.207412054616
0.0847805783491
0.423511056916
0.262794206575
0.260466526345
0.334219894131
0.296221151094
0.247583008113
0.494817507638
0.253831661713
0.342795873924
Repetition end
0
0
1
Repetition start
0.203050425485
0.25726277814
0.263569147797
0.134452940826
0.577872314519
0.186994208171
0.453565658681
0.41528641903
0.364629264618
0.459711104169
0.392567577505
0.404408379626
0.661915047297
0.755249529022
0.615288414171
0.615187231407
0.551854653426
0.531095885615
0.560024034254
0.591780347562
0.273121712761
0.161964213631
0.271039261688
0.46143479515
0.462467603902
0.402987076948
0.393390829653
0.482890727517
0.456036336558
0.387917274912
0.381800393794
0.390786409409
Repetition end
0
0
1
Repetition start
0.386896699365
0.352777379394
0.297452133509
0.336169212848
0.251764899924
0.214711070273
0.632685221717
0.570013222489
0.39027577048
0.518764169769
0.508664974523
0.547707707087
0.656295666922
0.627569534341
0.550112521247
0.609257270982
0.607054967552
0.577164270536
0.600180701647
0.633915863519
0.564663164863
0.427237282798
0.670260983046
0.0955398295278
0.32080234893
0.2763874397
0.284342250667
0.33899936242
0.291922851291
0.319453570663
0.326667386418
0.430557588144
Repetition end
0
0
1
Repetition start
0.462541198829
0.452971518766
0.316178163099
0.302871974315
0.392250156527
0.23026581898
0.15070628195
0.589072790992
0.521305553623
0.45612673221
0.440994264543
0.365255686704
0.465688362867
0.499514593748
0.508188904132
0.502044584054
0.612954936717
0.557328642231
0.506416113851
0.558026639456
0.512820495581
0.614385946279
0.539173895618
0.147459333297
0.190253631197
0.239880184426
0.396527940959
0.400780850498
0.364725926875
0.42060302227
0.393267666488
0.431658757377
Repetition end
0
0
1
Repetition start
0.390182129625
0.371783328578
0.404627080038
0.323546217647
0.397555201832
0.258539410497
0.182421359974
0.539416463022
0.377168332074
0.556641936719
0.536447686179
0.536031626618
0.665688232879
0.584022268769
0.698892429329
0.649206615959
0.667253292355
0.681637324022
0.591242590449
0.570522818259
0.620500584225
0.708252360762
0.465743320428
0.158073159982
0.50757740521
0.331937726257
0.346298244331
0.385724079335
0.337829656007
0.31636664649
0.34657095695
0.343502828209
Repetition end
0
0
1
Repetition start
0.413974217234
0.473728359063
0.355496316407
0.376865520081
0.488295993582
0.389892358368
0.327602885016
0.427476360939
0.363994881895
0.305824536255
0.234606549007
0.760399916488
0.41001305124
0.291203393461
0.50244780111
0.37722651791
0.397452169223
0.444929975046
0.55854613428
0.652478295574
0.550993391535
0.602815441013
0.507492485449
0.518901999593
0.385960143116
0.545513057991
0.554966151402
0.613371025488
0.515381676164
0.186686629162
0.488789564669
0.223309595673
Repetition end
0
0
0
Repetition start
0.355496316407
0.376865520081
0.389892358368
0.327602885016
0.427476360939
0.363994881895
0.305824536255
0.234606549007
0.41001305124
0.291203393461
0.397452169223
0.444929975046
0.55854613428
0.602815441013
0.507492485449
0.518901999593
0.385960143116
0.545513057991
0.554966151402
0.613371025488
0.515381676164
0.488789564669
0.247932663102
0.38750044492
0.328242916536
0.380525501335
0.373039704898
0.372603812417
0.393269992019
0.430074643079
0.335849939069
0.408773603115
Repetition end
0
0
1
Repetition start
0.311969342287
0.17362842447
0.367154490225
0.389411481355
0.601650816763
0.423410825487
0.468078394417
0.502181353801
0.448017812184
0.470187244814
0.503681816718
0.540974129969
0.490498726079
0.5885316421
0.621015405812
0.597820757995
0.57799237573
0.593878995535
0.639178652456
0.720911378416
0.324089547346
0.458943405758
0.372103171512
0.357281605238
0.309753183449
0.377294400742
0.383968874132
0.323866520712
0.471426194749
0.336382715046
0.367845802461
0.358185270773
Repetition end
0
0
1
Repetition start
0.413386859813
0.316660066926
0.279014311087
0.282798273825
0.328422508016
0.289004358682
0.121697872389
0.607322086711
0.46195035312
0.469801870959
0.414747180403
0.45181608653
0.44930623488
0.508579723616
0.641629742449
0.700165121473
0.710786174557
0.578830488295
0.600730410311
0.64299066687
0.706737702377
0.255506687381
0.280990812295
0.426287393971
0.35133910499
0.371358200009
0.417622547624
0.38296308767
0.37204464501
0.401893219965
0.314583662435
0.389189624508
Repetition end
0
0
1
Repetition start
0.293635468019
0.440071353498
0.359028011198
0.33711855667
0.349208420722
0.332637637053
0.313673326054
0.316809379764
0.20659171537
0.427529111583
0.695715824763
0.453369802085
0.500528026956
0.52100359796
0.57569126192
0.499653289959
0.691888237105
0.774386724155
0.738163338182
0.66912615761
0.629855301722
0.626839677998
0.183017974295
0.075998181599
0.264067557811
0.286800971442
0.316931159631
0.25346751822
0.397429870404
0.398147725403
0.33371961149
0.390020866524
Repetition end
0
0
1
Repetition start
0.464556184344
0.376710269948
0.314828465046
0.293429984371
0.472536213663
0.285853083193
0.269897785299
0.420884939805
0.528041300546
0.617269199734
0.583314853117
0.683743501337
0.701662359586
0.725637744682
0.711584085356
0.686130077271
0.688392141591
0.66568143912
0.505541893297
0.574348730181
0.571215408011
0.566953522917
0.28253556861
0.318086220274
0.286394188664
0.487948647707
0.403430918936
0.512230689827
0.501037329991
0.494885305696
0.434601711896
0.461491579077
Repetition end
0
0
1
Repetition start
0.338502170631
0.382125710392
0.364423846942
0.322945622971
0.31426192329
0.206622223494
0.53096310849
0.593951119066
0.554484454454
0.570930798997
0.719644637602
0.727001570246
0.684386425925
0.834522373064
0.865469420564
0.804913688092
0.705442334522
0.644372038973
0.63454102871
0.671697116192
0.496064500622
0.466857702689
0.672987025982
0.136577124129
0.33679121791
0.355181892684
0.383719105448
0.400913204533
0.374812521363
0.394349500131
0.442457740114
0.358896190492
Repetition end
0
0
1
Repetition start
0.299958205292
0.372361372196
0.328796890907
0.140735609212
0.562911194605
0.349990237687
0.680340609327
0.426220273802
0.497535401797
0.645010582099
0.753162751201
0.702233111777
0.707248772834
0.628387317043
0.647437217474
0.604365056586
0.65503480776
0.560065544637
0.148911897606
0.168199081851
0.168837363976
0.29122957903
0.301408040312
0.401810825506
0.344907988445
0.397197706518
0.359457312362
0.326193015047
0.338953348029
0.35535945889
0.328240431055
0.436587424997
Repetition end
0
0
1
Repetition start
0.328241180106
0.388301375652
0.336154113839
0.272272885963
0.310981314654
0.15286893064
0.311927676635
0.474596356971
0.647355460872
0.510950257641
0.582941933365
0.483739971154
0.557045842631
0.647639924477
0.728289538424
0.672947283
0.564394624444
0.470142212326
0.619448759617
0.578344915421
0.559301554797
0.241536264685
0.303348785312
0.317260084632
0.354716547856
0.329954067595
0.413622919703
0.408519558343
0.35279935384
0.457467816177
0.417220836908
0.378027521329
Repetition end
0
0
1
Repetition start
0.370984769178
0.357386800994
0.321071876004
0.315263692681
0.294719019971
0.237864309337
0.210439102036
0.0823279193304
0.334629038986
0.347390335698
0.588942749085
0.318637357939
0.561456911873
0.585949417629
0.617638540842
0.593601751015
0.698900608592
0.584080270402
0.581582949631
0.552586316609
0.692873131478
0.713789018456
0.146783827831
0.367750517404
0.315887815283
0.220527739592
0.343961612634
0.333876168418
0.462630887134
0.388913932263
0.384887380748
0.412006491885
Repetition end
0
0
1
Repetition start
0.324246526011
0.347402876773
0.333558078217
0.236501882061
0.309892877463
0.266909452957
0.171155235269
0.486955923063
0.323805240839
0.483025879296
0.610480888398
0.716613904691
0.741264695642
0.736921974037
0.720255283578
0.869340494299
0.790190136473
0.773604796359
0.765244216525
0.839678745916
0.831392251029
0.206100332258
0.0804959538225
0.215319678543
0.30913181115
0.385267757848
0.2782375882
0.30758764337
0.221248232045
0.375266879205
0.517492215206
0.344089670772
Repetition end
0
0
1
Repetition start
0.3521683929
0.386551449933
0.362499899083
0.355250181346
0.340538465812
0.312259277373
0.24074632478
0.117873709965
0.430087419283
0.471000968913
0.33642163987
0.569022057776
0.394470139293
0.459729000503
0.674222709008
0.761854321079
0.735650375467
0.631731632001
0.634618161019
0.590816321241
0.611065344959
0.667294898535
0.654161681257
0.0594066184332
0.457444623517
0.298616758405
0.294898366939
0.345668370714
0.405801543888
0.473598718891
0.277273310192
0.414211790594
Repetition end
0
0
1
Repetition start
0.420521972708
0.29353573929
0.380807716583
0.34521839944
0.245187961954
0.373878515668
0.256378854942
0.181835992405
0.417072105343
0.454177694194
0.5166945527
0.507503268649
0.472965336457
0.625112383394
0.795109290916
0.780015988901
0.625137182916
0.6528359943
0.490798887338
0.509632875251
0.540138463121
0.646477076901
0.473577319168
0.327861776812
0.510245776682
0.496625318863
0.380990851768
0.423808097366
0.391353300172
0.420922050787
0.363618991092
0.457877138444
Repetition end
0
0
1
Repetition start
0.475986456974
0.377779045935
0.388969116034
0.435699940629
0.357482915367
0.371802551561
0.426827195941
0.435432868201
0.41764686347
0.465299979484
0.390698926606
0.459550257098
0.491295304836
0.466333762084
0.468488831084
0.485738761009
0.472691345488
0.42506688675
0.470666943343
0.482892829731
0.460206571622
0.430334765427
0.426039953994
0.445220695201
0.426204593427
0.388933381329
0.442916417773
0.371680403331
0.382047682294
0.405626515472
0.342465341026
0.2932269548
Repetition end
0
0
0
Repetition start
0.315430071332
0.339960418056
0.270033975667
0.10895937903
0.475682325211
0.462631140784
0.43403208545
0.488333256813
0.375640148906
0.375640148906
0.490092253126
0.507130550101
0.512319347042
0.6605385063
0.629383406678
0.650747124165
0.595037898737
0.500165636224
0.549412202747
0.58589463395
0.549034599074
0.251732840827
0.314794686615
0.337584329154
0.341576952345
0.36686669194
0.26929594909
0.419547841474
0.419547841474
0.426891969243
0.398337870652
0.347744716147
Repetition end
0
0
1
Repetition start
0.379183456443
0.406930875575
0.328726399013
0.248427497015
0.283680408416
0.292040677334
0.305870553125
0.239235398157
0.122796803629
0.463188180372
0.532102706917
0.300812540037
0.660945795449
0.581703394519
0.596311393117
0.624231867837
0.766554739913
0.823859796508
0.597572925469
0.625659079538
0.729183169871
0.761668878537
0.399964389482
0.1236314662
0.486621825455
0.177221154594
0.258882009261
0.417289217146
0.587007124849
0.316054272027
0.431035143604
0.47293661803
Repetition end
0
0
1
Repetition start
0.451663249237
0.418764991456
0.440079111782
0.422357415837
0.340051932532
0.29223917081
0.259771117532
0.230905458527
0.634390373819
0.448776761595
0.462589491904
0.469451208957
0.393036404051
0.368628141101
0.402522912921
0.416871967004
0.517956278868
0.616210880068
0.606555732098
0.463481883594
0.518310205475
0.551532567728
0.681140248728
0.250997364355
0.480930161089
0.36310783985
0.131504886498
0.276404341232
0.316806404779
0.219973057132
0.30650254196
0.307065663096
Repetition end
0
0
1
Repetition start
0.407550829031
0.292189827823
0.274553894581
0.252479720021
0.252479720021
0.257216559515
0.262116215783
0.127208804378
0.11856397627
0.694311251517
0.261839511397
0.496313125435
0.510419123426
0.614608146212
0.393361946029
0.511558740657
0.437600115833
0.56452978333
0.521761110008
0.572411453493
0.54086607715
0.542859323713
0.622551200673
0.53725465717
0.0496780805836
0.271219563491
0.0575883437552
0.383044294325
0.245199250546
0.404201874191
0.343590103154
0.319530917496
Repetition end
0
0
1
Repetition start
0.550225958683
0.539197130944
0.440352363312
0.436395523993
0.405313264659
0.338143518658
0.397928160128
0.359127939343
0.38193693557
0.275468544725
0.19541589861
0.281910663408
0.436079597558
0.451608640465
0.37959428632
0.525248600507
0.646198460144
0.522841569807
0.757068175093
0.566213019066
0.474784449872
0.303583719527
0.456464550607
0.47825254877
0.177832377317
0.24073926083
0.421973534839
0.42837461257
0.256178991144
0.322105471957
0.240724907917
0.347688137692
Repetition end
0
0
1
Repetition start
0.484767132126
0.399184041838
0.360365032575
0.312942418206
0.348728765111
0.348728765111
0.348728765111
0.405011549751
0.162067224009
0.455103873478
0.551090508747
0.573467665199
0.60543462288
0.419865582264
0.636085555231
0.541014351138
0.65032290487
0.560673586384
0.671373426826
0.440778310969
0.679737675667
0.567322256694
0.420561533932
0.439869086178
0.439869086178
0.410179687012
0.319453092544
0.289901122613
0.282966343782
0.474191183141
0.297778993115
0.297778993115
Repetition end
0
0
1
Repetition start
0.34772379894
0.428501286436
0.339615482094
0.371401889761
0.346991261983
0.267272315032
0.246602909224
0.233201242883
0.245830099474
0.13112674273
0.49678362915
0.237466372443
0.377398277474
0.441539111439
0.409713897131
0.498655093689
0.488733288377
0.57620086597
0.51484938287
0.374518547344
0.490033100802
0.628828808062
0.165737513796
0.160459313101
0.366027430015
0.281863556617
0.388034355218
0.438767474722
0.362950769456
0.41605830981
0.43627778124
0.391205251789
Repetition end
0
0
1
Repetition start
0.412561417292
0.417272442303
0.679829103145
0.468055536505
0.354243572267
0.275720182687
0.227517016411
0.933199567856
0.724351114586
0.622352419354
0.761146305856
0.785472870086
0.807796658982
0.82626653359
0.949071955221
0.903660941982
0.865930524765
0.805563701968
0.832852151152
0.815016227108
0.863285306343
0.263907835602
0.202296594332
0.379360816076
0.368794142376
0.450338833123
0.418359560392
0.393535286967
0.403630878315
0.475945941565
0.395866692752
0.28948195413
Repetition end
0
0
1
Repetition start
0.364167404205
0.410623620189
0.333994480449
0.283381366544
0.247752585763
0.197539375641
0.170355954882
0.46251484148
0.385263885253
0.325092625944
0.246077476448
0.477059753708
0.434749206411
0.536560614027
0.648974532341
0.598886212209
0.768380648285
0.743101987113
0.711660313746
0.662517537141
0.730018525423
0.528616908336
0.171957375553
0.243758169062
0.273510391874
0.338244368765
0.329411878222
0.340387353546
0.340480016992
0.412666491122
0.263584546356
0.582976265314
Repetition end
0
0
1
Repetition start
0.405805238853
0.400438394256
0.358267534137
0.405212457504
0.279358576915
0.242265565658
0.301440686493
0.46036934185
0.75321552526
0.399228316303
0.290514944116
0.488057027833
0.470709713617
0.455646659103
0.578222785232
0.598657772421
0.518270044456
0.522684544993
0.441744379488
0.489056521065
0.633207530478
0.487838532971
0.182771311709
0.776540880747
0.270505918916
0.329506226282
0.373747905906
0.40393269764
0.379200088968
0.511374018936
0.392459794615
0.409814101516
Repetition end
0
0
1
Repetition start
0.295397570634
0.386833973298
0.361122072596
0.345578246541
0.240394166977
0.0425842595712
0.501925608701
0.620152756279
0.4467662122
0.66053974705
0.600954993763
0.572998654756
0.637361801469
0.68230260714
0.731790629161
0.772499336706
0.821159028182
0.801016066014
0.707458688293
0.702656364564
0.69977392235
0.557861211263
0.176055979617
0.15614182781
0.302774721964
0.41982921199
0.398940189993
0.409332201446
0.445192680636
0.324174131058
0.825003302542
0.414632741961
Repetition end
0
0
1
Repetition start
0.361290532811
0.358433344957
0.442567580418
0.284330144688
0.242943920694
0.222763453993
0.259266344832
0.504612878178
0.349100824581
0.412364758552
0.36259404167
0.324757587828
0.524749541997
0.526052285235
0.336870550027
0.438024661829
0.692377230322
0.481499245275
0.542838214716
0.551855925892
0.55379816744
0.576916620653
0.603254295608
0.304677088878
0.347296206884
0.404299491837
0.277897161751
0.401386506481
0.364304669923
0.445062989889
0.360495236296
0.443710142179
Repetition end
0
0
1
Repetition start
0.411754518653
0.452462867674
0.44854291996
0.396165230751
0.430933939136
0.36689239676
0.22968133477
0.218180690463
0.65302644059
0.56189459766
0.454456043323
0.554585507915
0.52937035209
0.559218897163
0.532661239487
0.651592281516
0.714763892252
0.760488859706
0.737362918702
0.627516428103
0.499045608536
0.590802436747
0.528240800751
0.291108014335
0.375452647608
0.30413034434
0.366314814776
0.441842239405
0.404815074519
0.496387402288
0.628122928839
0.419550043534
Repetition end
0
0
1
Repetition start
0.39497098872
0.396295173489
0.396295173489
0.295975281711
0.336682419687
0.160248427498
0.11636019186
0.566913719411
0.505051638122
0.59400721362
0.497401687245
0.505242711959
0.584167046826
0.646356025356
0.865198175521
0.756624475286
0.679523977253
0.679523977253
0.660077008452
0.660077008452
0.744423209374
0.711375099215
0.159875414183
0.244098339234
0.255681019418
0.285832537215
0.389738359329
0.40981673312
0.416411475673
0.508442854287
0.375500920632
0.373551556595
Repetition end
0
0
1
Repetition start
0.347039881817
0.399118299967
0.349083008723
0.366146117514
0.3181556916
0.337751299187
0.302720124925
0.31146472868
0.295991574476
0.156802024833
0.0698062099895
0.525811275146
0.40907645915
0.429111224323
0.512621650854
0.680187597672
0.607622162649
0.801571551396
0.656839792568
0.678162370918
0.652392705348
0.56161649845
0.557956575572
0.625835474215
0.395139437891
0.819656793472
0.327951578451
0.516859621087
0.239707135611
0.266755447411
0.294797473211
0.295149033581
Repetition end
0
0
1
Repetition start
0.345828303072
0.306336817308
0.393761786216
0.358483811066
0.341095864905
0.339720654392
0.33762201757
0.253496940524
0.261465013686
0.256617914063
0.330107518304
0.248810067113
0.226439779851
0.518905022019
0.277251685
0.450300026588
0.50078453414
0.498604622988
0.559713242203
0.6052269145
0.58842909033
0.541252339217
0.484426926321
0.638329198173
0.186879282937
0.521101314427
0.327839619421
0.312494307705
0.674188915357
0.408183243372
0.4378913551
0.4167803063
Repetition end
0
0
1
Repetition start
0.408384898658
0.393683031609
0.384043073194
0.36564436254
0.355891746322
0.422785416819
0.357844582206
0.310408621429
0.319702760187
0.30863586573
0.267537956286
0.24628056898
0.182431682674
0.217734132307
0.639039858111
0.445700238224
0.538949771511
0.625944356938
0.601314735169
0.553827835203
0.679868936986
0.748061986726
0.702761328214
0.675108174756
0.571996641902
0.718273193869
0.658240515329
0.654848557944
0.390406170586
0.255588577469
0.322680662677
0.435399317015
Repetition end
0
0
1
Repetition start
0.43359492276
0.43327647277
0.449664765235
0.434556506506
0.403217057688
0.433317685093
0.421113412925
0.400608719764
0.244583057059
0.367411372744
0.253045434868
0.211593288466
0.099705724306
0.540808724182
0.270116219619
0.232863239545
0.472002740174
0.445759586466
0.508435633614
0.624990138334
0.739216484618
0.627248833936
0.603296014649
0.572667072215
0.390732950553
0.261174425905
0.453547437014
0.357528279835
0.261532824222
0.338219108116
0.323811269259
0.322482261669
Repetition end
0
0
1
Repetition start
0.217863278183
0.364100798242
0.341383040445
0.308923828472
0.332259206497
0.324089610567
0.314772384592
0.250220209233
0.221463320503
0.175758360326
0.534126286043
0.473604110949
0.291326900397
0.425549089501
0.414383282651
0.447021651047
0.496317133584
0.566088820991
0.602926667493
0.69549234079
0.590238666329
0.561099919365
0.521601106673
0.698085564607
0.203390223405
0.250343072455
0.327221699952
0.347636672337
0.3778046443
0.354167095586
0.479731688344
0.346873661632
Repetition end
0
0
1
Repetition start
0.36345571
0.337205893136
0.312147454241
0.328210104396
0.262382860387
0.216147860361
0.21769758366
0.327075676869
0.175860937917
0.370828393125
0.337263561805
0.391619042175
0.464863372036
0.610301203367
0.689967004473
0.741350640763
0.693119313765
0.638092548207
0.584285655179
0.58776370608
0.593470752451
0.455396536735
0.188993417319
0.379693158033
0.162808050179
0.461131855028
0.211013382932
0.30057653669
0.539688645093
0.248998910033
0.358200465518
0.379231524706
Repetition end
0
0
1
Repetition start
0.389213711489
0.368064173699
0.379040738454
0.369722069876
0.336273125506
0.303366339852
0.296455010931
0.28527004767
0.173752093028
0.688824055952
0.398754671489
0.231050000824
0.591951239946
0.423724504628
0.604554353392
0.680320067208
0.640859226695
0.637868463396
0.562593962186
0.612329187466
0.617990972744
0.708097536387
0.447887712659
0.569825215735
0.35638648815
0.359409610491
0.289002811868
0.322605537558
0.267434534124
0.563268461095
0.250789832625
0.444710274098
Repetition end
0
0
1
Repetition start
0.370310654817
0.347408383122
0.351201810187
0.349431072352
0.253170774877
0.330307542201
0.241105693761
0.304907529808
0.195671704905
0.662440692523
0.563300711895
0.323451029453
0.589808447205
0.476841493144
0.544913763581
0.464463166304
0.594643137551
0.606798833739
0.586286507616
0.526539715888
0.463861541714
0.424012811915
0.515697582512
0.139873043913
0.553368100662
0.210943769432
0.31966556953
0.405726577027
0.461877490767
0.364145875356
0.412670463142
0.430984192111
Repetition end
0
0
1
Repetition start
0.346993328652
0.459607914182
0.376449535172
0.329912821442
0.460722752024
0.351870513137
0.294717111303
0.297775896811
0.288528529131
0.122850655217
0.49683209165
0.369943029248
0.602550296277
0.585271930974
0.576786922052
0.602338819446
0.719409860007
0.793767681638
0.768242201721
0.776654146052
0.727436424543
0.693913936469
0.742913704005
0.399825562685
0.0850897940908
0.44855110062
0.241336017874
0.383287990867
0.381874516677
0.411862511843
0.418864257903
0.57079543608
Repetition end
0
0
1
Repetition start
0.563808819214
0.458544491944
0.315605020363
0.275209177722
0.380246838706
0.396078879549
0.232897152328
0.394138064721
0.312631311247
0.276158749594
0.510318182588
0.463103981584
0.518111954106
0.456551785307
0.472863089016
0.588963382133
0.536697764035
0.604619116083
0.542477649781
0.544883347247
0.576382530626
0.515728889461
0.639504583941
0.309563387002
0.607144924331
0.107673021984
0.255888973592
0.395796747985
0.318580533072
0.436176708522
0.339512921588
0.461533544965
Repetition end
0
0
1
Repetition start
0.384491091541
0.409619466027
0.452328697508
0.392878332221
0.389938227609
0.367484246731
0.341745999501
0.243598932134
0.129834703986
0.573868920685
0.3720556842
0.57955889792
0.561245303724
0.600631346188
0.75245319434
0.735331908694
0.639806800632
0.681043579278
0.688785156458
0.585188431358
0.559097409766
0.511271616274
0.622539693508
0.691648658995
0.506735231247
0.419146038422
0.439608237125
0.206684956546
0.352902491904
0.425489920945
0.338342138938
0.57414497174
Repetition end
0
0
1
Repetition start
0.392751219058
0.392751219058
0.421505143376
0.446353456956
0.446353456956
0.396705683125
0.376490135679
0.425045466971
0.425045466971
0.425045466971
0.323480466394
0.323480466394
0.355653201445
0.355653201445
0.241822868084
0.241822868084
0.291100425654
0.272274438888
0.272274438888
0.209771288009
0.440997009966
0.644961343663
0.644961343663
0.644961343663
0.507872610936
0.602174942567
0.612752869043
0.612752869043
0.601391303485
0.756547937048
0.860175977579
0.809830555887
Repetition end
0
0
1
Repetition start
0.651040042239
0.733197793042
0.290994208143
0.617419009308
0.3294786732
0.305959723078
0.401864803757
0.459098164677
0.402095481976
0.465310547564
0.3759734166
0.38362803976
0.304606683724
0.238053736962
0.181574665932
0.438138134517
0.598137359576
0.508433376904
0.574893091593
0.613078396651
0.723577371139
0.787600063786
0.743600128405
0.709865665996
0.781637489069
0.370786208157
0.273316227042
0.386684816008
0.448376541946
0.454242897599
0.421499570939
0.412327482713
Repetition end
0
0
0
Repetition start
0.818225039288
0.818225039288
0.818225039288
0.818225039288
0.818225039288
0.818225039288
0.213092472036
0.213092472036
0.213092472036
0.213092472036
0.213092472036
0.213092472036
0.213092472036
0.282550507056
0.282550507056
0.282550507056
0.282550507056
0.282550507056
0.282550507056
0.198049526836
0.198049526836
0.202994056824
0.202994056824
0.202994056824
0.202994056824
0.347300148869
0.347300148869
0.347300148869
0.347300148869
0.347300148869
0.347300148869
0.347300148869
Repetition end
0
0
0
Repetition start
0.375055100446
0.382961205385
0.3054058276
0.261755058275
0.167005906462
0.386457205481
0.416486026429
0.47641778531
0.472382276909
0.438062565861
0.485509274992
0.54985659339
0.71428757017
0.726024854325
0.728395165719
0.689710447472
0.514728116521
0.420028162967
0.585543296452
0.585543296452
0.583329171282
0.599080113111
0.447539578791
0.264942435218
0.229861113076
0.241158398609
0.424741670166
0.344702257807
0.466335587444
0.333620525733
0.367307668664
0.494432860496
Repetition end
0
0
1
Repetition start
0.375055100446
0.3054058276
0.167005906462
0.416486026429
0.472382276909
0.71428757017
0.728395165719
0.585543296452
0.599080113111
0.264942435218
0.241158398609
0.333620525733
0.494432860496
0.384864707234
0.386222197858
0.35149923921
0.358294334156
0.298055897647
0.250870032653
0.455017319084
0.574822274113
0.564739029491
0.513219645184
0.703127874263
0.804497099081
0.696441636349
0.669770243086
0.204847487685
0.253291898029
0.316154839274
0.318183294409
0.340701823146
Repetition end
0
0
1
Repetition start
0.26271020925
0.168521006502
0.5462165854
0.674962901602
0.370116799991
0.55428360284
0.545162366623
0.542054696817
0.582776948852
0.592072611487
0.616068492573
0.687055121422
0.701711101979
0.582637525505
0.573142792047
0.579410149116
0.586442249966
0.600072067125
0.0756513465354
0.243535895032
0.312701720459
0.312701720459
0.480360736181
0.431274206754
0.431274206754
0.3796667892
0.3796667892
0.474589108007
0.47321102986
0.559529028363
0.521307679577
0.675110434399
Repetition end
0
0
0
Repetition start
0.144251965989
0.552459682238
0.552459682238
0.36416324073
0.417340764992
0.552336374285
0.552336374285
0.419142989892
0.686998577304
0.686998577304
0.628848819598
0.628848819598
0.522852406948
0.682527162348
0.581796169811
0.581796169811
0.623926268581
0.603591735139
0.624470757878
0.612942951587
0.516631145387
0.349737671269
0.349737671269
0.349737671269
0.810756171448
0.810756171448
0.250837577008
0.250837577008
0.229853447179
0.349167261872
0.334805071408
0.352674262838
Repetition end
0
0
1
Repetition start
0.351841656797
0.331007698123
0.324053624628
0.322299198367
0.308788009053
0.866485337207
0.325352410297
0.411986680772
0.484254206701
0.336318476469
0.505300445041
0.572627099871
0.647922891917
0.655271740498
0.674367796357
0.674367796357
0.556588615531
0.599777474589
0.73695473608
0.716981747041
0.0991328378119
0.654187691532
0.547487117292
0.279064094799
0.279064094799
0.307188492227
0.336773420087
0.287685134873
0.291483030099
0.374956153253
0.265255488706
0.354992878105
Repetition end
0
0
1
Repetition start
0.383212022163
0.271662612422
0.256243562908
0.280189940346
0.172882346736
0.327995303044
0.29281974182
0.251311594366
0.125766445852
0.539497597261
0.37428350844
0.416777209182
0.431466416982
0.589948540657
0.46548042453
0.489747409686
0.741860802172
0.64406607632
0.586076230474
0.511412335886
0.487468688063
0.487144004154
0.558075594499
0.512374984944
0.458793214801
0.180948765129
0.294756242839
0.0515209030211
0.303816767711
0.313435382456
0.323670550018
0.276685618889
Repetition end
0
0
1
Repetition start
0.349573900778
0.371709628761
0.430545937737
0.382187883567
0.41730134925
0.343374703101
0.351474867601
0.29336049274
0.324831710627
0.274122096414
0.344074756931
0.347629251396
0.233683567577
0.393805213493
0.459582041126
0.613436639744
0.613754994562
0.596743035583
0.545411870641
0.463255243713
0.638253089256
0.525246486958
0.296305983229
0.410534230409
0.360085577868
0.269447852791
0.4091983099
0.238020558882
0.408347679169
0.351146547297
0.335297996051
0.348712420524
Repetition end
0
0
0
Repetition start
0.315147167088
0.270322254038
0.327963959821
0.257055768696
0.209975388495
0.209975388495
0.154271401343
0.0777117528538
0.0777117528538
0.604283375333
0.437624862428
0.456838787342
0.541205995854
0.416609604226
0.573238788705
0.724811952349
0.724811952349
0.709945253516
0.689074950203
0.686234509701
0.577244361742
0.62487175639
0.773447282325
0.584071003029
0.308358144755
0.655304295457
0.278648510887
0.247152066181
0.412449145253
0.321227430096
0.296026233736
0.50598179135
Repetition end
0
0
0
Repetition start
0.375080998932
0.37459555313
0.329409616432
0.361916598966
0.361916598966
0.342922889971
0.357005350856
0.357005350856
0.324716926367
0.239653754078
0.184575610615
0.610620247257
0.428249984617
0.428249984617
0.566107681112
0.536133038324
0.425436799247
0.425436799247
0.576313176043
0.576313176043
0.67670279165
0.67670279165
0.67670279165
0.67670279165
0.624510746434
0.624510746434
0.705688875123
0.623643699883
0.623643699883
0.623643699883
0.614200695518
0.653896775969
Repetition end
0
0
0
Repetition start
0.390320549577
0.321891399771
0.350583312893
0.324296183704
0.304077044303
0.280356451361
0.2476753772
0.191259853664
0.692491278068
0.474720984942
0.379654833091
0.485732395425
0.44123790282
0.58613940575
0.529896966061
0.556632078674
0.534781979463
0.480207251898
0.436018111525
0.477844468264
0.486079458832
0.505017017406
0.228458560437
0.334022949177
0.206630994648
0.331697121965
0.266176968574
0.389894665812
0.32889876074
0.348871929114
0.373782750269
0.418069439641
Repetition end
0
0
1
Repetition start
0.40611281738
0.375677495143
0.323343468556
0.360107861535
0.32871772954
0.302465965892
0.307077994926
0.334856422957
0.344100756939
0.353426026218
0.343379530896
0.356042780967
0.361287346678
0.372025464576
0.333668062657
0.349674820768
0.338628338454
0.330996719281
0.346861155122
0.340033719253
0.373788919456
0.379782406009
0.417174475892
0.422280955147
0.426899299475
0.428164392246
0.408408633433
0.44190751789
0.437681492558
0.427654494051
0.426166172322
0.435519628143
Repetition end
0
0
0
Repetition start
0.453790660789
0.453790660789
0.456131779528
0.683044119992
0.683044119992
0.683044119992
0.555116068129
0.525201291851
0.75396088417
0.732382752963
0.853690177562
0.904328811197
0.847360247248
0.847360247248
0.872842564241
0.872842564241
0.833563175642
0.833563175642
0.792153672431
0.724354922919
0.311618951726
0.425158833177
0.337251372727
0.337251372727
0.491058435903
0.39421957282
0.44334409074
0.464041446279
0.464041446279
0.47221035062
0.47221035062
0.530175444118
Repetition end
0
0
1
Repetition start
0.597586587199
0.201422313245
0.566084296705
0.566084296705
0.566084296705
0.410389284509
0.517960266976
0.661162396872
0.631999721259
0.631999721259
0.649316895178
0.894978536363
0.894978536363
0.894978536363
0.885739565155
0.802363767253
0.79066508968
0.79066508968
0.792938922453
0.792938922453
0.828464766744
0.752884953774
0.302292944955
0.302292944955
0.549366673183
0.274101214746
0.238210206307
0.238210206307
0.628450945602
0.628450945602
0.376298469363
0.376298469363
Repetition end
0
0
1
Repetition start
0.369708159805
0.43432542566
0.410333735802
0.426718598753
0.396415446073
0.386289845181
0.371641888603
0.361986267125
0.341293127231
0.261473811529
0.24305277503
0.243203807172
0.675839793696
0.433624756194
0.366557402433
0.55619435742
0.684658978063
0.598034685909
0.915051864241
0.794881517384
0.792546491053
0.711045251792
0.836565069569
0.752470640967
0.173495048564
0.36942568374
0.408083898299
0.268452607608
0.370732950191
0.464252468523
0.367586147736
0.345756763672
Repetition end
0
0
1
Repetition start
0.3367671591
0.401401351254
0.391665046854
0.477082894688
0.451298188202
0.319792494038
0.38016204574
0.330023117674
0.323366458204
0.351431234014
0.342565777903
0.305333052737
0.681177711698
0.500411791655
0.576081747344
0.641180797546
0.697587823022
0.762195203397
0.846127841717
0.854639088674
0.786853405529
0.770062483495
0.762698140548
0.697252198632
0.170120309742
0.569348196091
0.30062814011
0.286685143614
0.387078228919
0.33585326669
0.492524001728
0.475624983671
Repetition end
0
0
1
Repetition start
0.440091665267
0.44049935308
0.477628991956
0.501252839944
0.501980179677
0.467792590233
0.47514294823
0.471257500633
0.462986485498
0.419335714695
0.438841945769
0.44511315418
0.391616868555
0.421118893165
0.403389963966
0.387080673439
0.328170835609
0.400018817116
0.283582742073
0.838051753791
0.634205186365
0.635085010874
0.582834860293
0.699697591607
0.603050302539
0.612953317036
0.679075867499
0.367246354236
0.456375393228
0.379992555001
0.486856449359
0.442033347566
Repetition end
0
0
0
Repetition start
0.475556366802
0.393277669488
0.379864949687
0.376834302171
0.276903387158
0.233624289184
0.371634165131
0.270382166854
0.104746998063
0.648687285836
0.258327915375
0.439367981186
0.65014569651
0.632867378045
0.65483423628
0.88732102606
0.837306223433
0.795535769066
0.709813555252
0.713860857475
0.716258460061
0.157018986503
0.58139472116
0.298139726667
0.283677237021
0.190393894451
0.289102364704
0.390138518672
0.793180890669
0.26435124507
0.512193928743
0.330470027425
Repetition end
0
0
1
Repetition start
0.413732153992
0.378458727211
0.379784485514
0.382702500246
0.377826085048
0.486180355802
0.35115070067
0.354533384887
0.37582517276
0.371963054987
0.353001610753
0.249791542704
0.240108643171
0.271420608551
0.532157631006
0.621763905469
0.465765519988
0.721412888121
0.689829269875
0.755923258622
0.762406053775
0.648666358684
0.715278579225
0.809446877617
0.76104343752
0.332127086048
0.401587029276
0.357829361939
0.428998629032
0.399605940453
0.352731736597
0.532069156714
Repetition end
0
0
1
Repetition start
0.41821986525
0.425040181974
0.435004923514
0.423325508693
0.448635668283
0.457300160028
0.419218823265
0.348869868234
0.342578479284
0.363097867518
0.195216660827
0.547127287437
0.598999713767
0.554621020887
0.574703780483
0.511100519346
0.628884315108
0.5708649618
0.598861812333
0.69104296359
0.681961170018
0.632481043747
0.649242355478
0.552552547135
0.60326872099
0.437258952016
0.566590473207
0.457595888034
0.516915620698
0.564626996937
0.356486952975
0.514260542182
Repetition end
0
0
1
Repetition start
0.364774250951
0.456480174923
0.41620281199
0.345867538149
0.349349841959
0.349320196185
0.393820916329
0.324668715661
0.172704396935
0.661998677635
0.476087959287
0.309730590581
0.638617492834
0.797718284429
0.621880279212
0.798233372766
0.761813304608
0.758540585361
0.745641961045
0.723854267865
0.660684083937
0.35795412405
0.349792118369
0.319268228195
0.499305843015
0.340603193626
0.339922594373
0.383669307943
0.3439419059
0.383929069355
0.477172929633
0.285738526879
Repetition end
0
0
1
Repetition start
0.399387736491
0.464678931468
0.437904434939
0.36147867108
0.359953637341
0.335690102301
0.3816888726
0.362641093526
0.266671461507
0.267215580608
0.596061464313
0.55669458362
0.541954345069
0.565829535907
0.890228580625
0.814377273485
0.845679428174
0.807397641897
0.774573503319
0.738292325658
0.749595990243
0.741580034415
0.51802936533
0.252561802441
0.549599932933
0.34682703245
0.553352593215
0.533744324262
0.505222497738
0.540871508026
0.494486480422
0.494858179307
Repetition end
0
0
1
Repetition start
0.47530885258
0.464183193785
0.515984431615
0.472909752985
0.41022985797
0.448208531298
0.351874139202
0.342004974231
0.327501192218
0.303173792245
0.185691937409
0.398293165169
0.537078194147
0.380606063331
0.515480779939
0.650457393094
0.716781512104
0.781756947072
0.760297667433
0.813546840567
0.765895335972
0.720270430149
0.794302968902
0.94673505849
0.468936585008
0.84306750245
0.0669486947302
0.246191368723
0.395767851692
0.368198266705
0.419738290267
0.432242935567
Repetition end
0
0
1
Repetition start
0.48670101807
0.420069069902
0.555629162623
0.49336507874
0.476525637499
0.461661550041
0.420781116996
0.420781116996
0.420781116996
0.399535522088
0.48567326436
0.600595827719
0.641087251877
0.447419190176
0.447419190176
0.540731958189
0.540731958189
0.454940914376
0.454940914376
0.454940914376
0.463588345692
0.463588345692
0.463588345692
0.488945714882
0.506459781956
0.506459781956
0.445156078305
0.457935734264
0.493620217747
0.493620217747
0.393757968777
0.393757968777
Repetition end
0
0
0
