3013 17196 -1171
 2827 17637 -1319
 3061 17532 -1343
 2703 17407 -1365
 2644 17662 -1446
 2892 17547 -1442
 3016 17486 -1265
 2722 17433 -1082
 2974 17447 -1120
 2990 17378 -1204
 2923 17353 -1164
 2925 17419 -1182
 3714 17798 -998
 2679 17523 -1462
 1974 16796 -1155
 2774 17665 -1948
 3734 17251 -1764
 3457 17304 -1567
 2392 17794 -1307
 2390 17013 -2167
 3538 17445 -2164
 3916 17090 -1906
 3259 17513 -1874
 2689 17479 -1609
 2985 17194 -1712
 3077 17174 -1919
 3338 17574 -1978
 2928 17718 -1340
 2477 17746 -1249
 2756 17362 -1799
 3621 17456 -1825
 3117 17449 -1738
 3074 17377 -2251
 3608 17401 -2423
 3617 17166 -2568
 3422 17438 -2614
 3734 17112 -2458
 3920 17018 -2408
 3849 17179 -2601
 4004 17123 -2558
 4066 16786 -2329
 4254 17011 -2092
 4190 17098 -2196
 4860 17082 -2232
 4461 16840 -2322
 4393 16948 -2364
 4420 17088 -2263
 4171 17362 -2201
 4256 17013 -2283
 3963 16779 -2227
 4148 17235 -2404
 4157 17061 -2397
 3954 17214 -2416
 3907 17195 -2514
 3940 17294 -2558
 4223 17120 -2362
 4097 17061 -2242
 4204 16851 -2213
 4223 17272 -2397
 3800 16442 -2449
 4275 17117 -2533
 3958 17320 -2126
 3635 17252 -2190
 4024 17076 -2425
 4374 16976 -2509
 3726 17037 -2196
 3403 17032 -1824
 4346 17164 -2221
 3847 17075 -2461
 3735 16902 -2235
 3970 16818 -2056
 3868 17210 -2147
 3350 17417 -1999
 3815 17000 -2400
 5154 17139 -2406
 3710 17337 -1999
 4315 16951 -1829
 4604 17004 -2348
 4498 16773 -2016
 4112 17216 -1933
 4171 16825 -1968
 4419 17236 -2336
 4094 16917 -2185
 4440 17208 -1683
 3476 17425 -2264
 3152 16757 -2345
 3735 18563 -2864
 3463 17430 -2141
 3363 17709 -1913
 2905 16488 -1789
 2735 17082 -2081
 2763 17534 -2034
 2177 17523 -2801
 2852 17312 -2776
 2440 16957 -2230
 3296 17350 -1922
 3270 17710 -1734
 2089 17394 -992
 2980 17388 -1148
 3838 17486 -1271
 2211 17781 -978
 2511 17298 -414
 3965 17274 -187
 4493 16456 -750
 3614 17060 53
 4044 17371 -338
 3287 17149 210
 3105 17285 32
 3375 17337 61
 3218 17296 128
 3332 17421 -19
 3054 17458 80
 3488 17398 -60
Repetition Start
 3295 17467 -251
 3317 17749 -216
 3169 16904 -247
 2997 16874 -246
 2705 16611 -285
 3655 18421 -279
 3236 17820 -501
 3242 16515 -1413
 2937 17117 -1412
 3229 16220 -2023
 3523 15749 -2873
 2705 15658 -3223
 2833 13943 -3125
 2000 12512 -1613
 2053 20851 36
 4083 19256 -500
 1841 14540 2823
 3598 21154 992
 2211 18430 1366
 1238 20073 3403
 1762 20708 2629
 4327 21936 2668
 2376 21162 3155
 1912 20053 4008
 1707 18922 5400
 2088 18818 6246
 831 19247 7650
 2613 16279 1364
 2934 8784 -1698
 -939 12669 -984
 5164 17766 -2859
 3035 17715 -1193
 3123 16577 -1854
 3884 16780 -925
 3872 17374 -870
 3407 16922 -678
 3749 18252 -177
Repetition End
1
 2717 15568 -893
 3094 16846 -187
 2934 17263 -145
 2745 17303 302
 3765 16214 -1204
 3512 18836 35
 2457 17641 -1403
 3217 16806 -1464
Repetition Start
 1845 17042 -1159
 2007 16696 -1610
 2205 16752 -1969
 2882 17387 -2407
 2137 16763 -3029
 1791 14981 -5168
 3423 12109 -4026
 6135 17833 -788
 3445 15005 310
 4965 16414 -1159
 2746 20096 95
 4401 18749 2406
 4070 19197 1553
 3712 21284 1519
 4345 22337 1083
 4549 22767 1535
 4921 21882 788
 3092 19827 3062
 4101 19998 4142
 9771 22408 4789
 2273 14976 -2807
 1587 10724 -3270
 955 10816 -2011
 3615 13434 -3492
 1042 21138 445
 2914 15816 -1508
 2784 17073 -589
 2911 16654 -718
 1740 16780 1011
 5857 16125 -284
Repetition End
1
 3153 16108 -118
 5028 16073 -486
 5261 16663 -1128
 4130 18020 -899
 3866 16934 -1313
 3710 17022 -1592
 3360 16302 -1042
 3767 18328 -1863
 3808 17229 -2501
 3536 16326 -2787
Repetition Start
 3467 16544 -3562
 4056 16052 -3892
 3432 16264 -3886
 2055 16259 -3705
 3171 15335 -5522
 2277 14319 -5019
 288 12563 -3559
 3920 19058 -5270
 2584 18029 -1252
 541 15449 -290
 4287 20200 1844
 3790 20612 1067
 2926 20871 868
 3271 19290 656
 2940 20627 -105
 5495 22409 -413
 5400 21135 315
 3652 19646 700
 4214 19022 1470
 2910 19023 1878
 1465 20879 3201
 3533 14246 -5719
 3375 10924 -3851
 911 13060 -3930
 3182 15125 -2379
 2943 13416 -1727
 4443 19531 -909
 3369 16813 -1866
 3558 17313 -1774
 3570 16684 -1641
Repetition End
1
 3121 16676 -1795
 4442 17058 -1327
 3400 17565 -1818
 3597 17077 -1704
 3509 17285 -1445
 3357 17061 -1521
 3423 16716 -1552
Repetition Start
 2646 17598 -1828
 4548 18653 -2113
 3499 16135 -2594
 1926 16724 -1586
 2472 16523 -2138
 2584 16316 -2822
 1890 16999 -2853
 2034 16187 -3651
 2479 14781 -4783
 4187 13701 -4393
 4716 17163 728
 2058 13711 1405
 3559 18208 4312
 4817 19020 4779
 4507 17709 4169
 4071 19349 4268
 2816 20329 4225
 4544 20317 3920
 3328 20999 4808
 3348 20671 5053
 3123 18649 5890
 3821 18090 4680
 4087 17715 4469
 5378 17876 4281
 4865 17418 2466
 1977 10338 -3952
 2848 14965 -2824
 2615 14810 -1814
 3656 19203 -2844
 1647 18174 -3016
 2624 15242 -1267
 2611 13503 -752
 1623 21703 -1967
 4866 17899 -3016
 3902 16688 -2034
 1881 16753 -2333
 6908 20412 -892
Repetition End
1
 3234 15098 -2875
 4361 17905 -1635
 4592 15697 -3015
 4803 16850 -2907
 4314 16704 -2938
 4610 17338 -2921
 3863 17017 -2894
Repetition Start
 4003 16856 -3215
 4954 17218 -3854
 3939 16437 -4024
 5354 16024 -3815
 4122 15957 -4161
 4590 15769 -4883
 4342 16457 -4274
 4286 15881 -4450
 3779 15492 -4520
 3725 14552 -5304
 1177 11886 -3404
 3249 17455 -874
 4941 15608 858
 1765 19944 3200
 3352 20335 1949
 3289 19028 875
 3183 20733 1268
 4733 21240 755
 5870 22899 273
 5954 20855 12
 4540 17918 427
 7813 18504 1845
 6072 17068 2533
 6276 15708 3813
 3788 16464 5622
 3891 15303 5634
 6899 13502 -272
 6292 12538 -1058
 4143 19337 -2529
 5187 12795 -3571
 4252 14208 -2760
 3845 15024 -4035
 7646 22033 -2095
 4813 17314 -2827
 3608 16794 -1327
 4793 18019 -2647
 4229 16281 -2309
 3957 16745 -2895
Repetition End
1
 3881 17010 -2517
 3147 17381 -2333
 3150 17101 -2519
 3988 17026 -2195
 4266 17177 -2843
Repetition Start
 3163 17322 -2782
 2720 17932 -2301
 2244 17401 -3432
 2911 17276 -4016
 2459 17116 -3040
 1778 17171 -3012
 2405 16628 -2721
 1877 16771 -3105
 1565 16504 -2991
 2347 16906 -3278
 1996 16045 -3866
 2617 14118 -3640
 5255 17406 189
 3640 15637 1864
 5202 16864 2786
 3950 17615 3552
 4367 17710 3438
 5086 18009 2856
 5151 17796 2513
 5011 18361 1595
 4080 18081 2097
 4945 19804 2547
 5763 20924 1641
 5657 20244 2197
 5973 19419 2459
 4726 19016 2146
 5874 19576 1095
 6725 18920 -165
 3494 13764 -1794
 2462 13467 -4122
 3183 15087 -2930
 3350 15518 -1703
 2718 16207 -1268
 2569 15478 -1035
 3271 16459 -568
 3118 15784 -1568
 3273 17731 -1669
 4319 17346 -2001
Repetition End
1
 4561 17953 -1690
 3916 16404 -2179
 3417 17590 -2042
 4010 16567 -1998
 3607 17144 -1756
 3280 17247 -1887
 3581 16731 -2155
 3800 18241 -2579
Repetition Start
 4178 16448 -3513
 4941 18254 -3755
 4206 16187 -3796
 4515 16325 -3456
 4724 16953 -4399
 2965 16502 -3537
 4935 17016 -3872
 4051 16098 -5052
 2470 18359 -89
 5000 15283 288
 401 16288 5221
 3535 15072 3564
 3907 15372 2877
 4757 17326 3119
 3402 18795 2121
 4333 19079 2182
 4382 18777 1474
 4225 19854 1546
 5387 20007 1312
 4720 20112 1132
 4811 19636 1016
 2433 19394 561
 4123 19209 1376
 2962 19042 1594
 2391 19568 1508
 2514 19583 916
 3523 13430 -3622
 905 12275 -3089
 3902 13035 -3873
 3311 15987 -4210
 3806 15968 -2425
 3363 15940 -1869
 2930 16718 -2181
 4139 17296 -2237
 3390 17523 -1872
 3284 17954 -1929
Repetition End
1
 4495 15983 -1929
 4661 16935 -1899
 4272 16945 -1584
 4640 17146 -1008
 3188 16117 -1174
 3272 17924 -1976
 3848 16755 -2329
 3428 16843 -1548
Repetition Start
 2375 16702 -2367
 3380 16871 -2867
 3164 16255 -3533
 2430 16869 -4164
 2206 16136 -4282
 2481 15742 -5031
 2240 13881 -6066
 6246 15215 -2500
 3003 15902 1140
 5569 18290 750
 4089 17542 13
 3958 18517 282
 3999 17622 173
 4766 18632 497
 5513 21757 -531
 5427 23478 -440
 5561 22515 -243
 5386 21550 590
 4166 20468 485
 5351 19078 -268
 5005 18439 -806
 2362 12931 -4830
 105 9913 -5497
 4181 16364 -2845
 1712 16478 -3784
 2005 14730 -3031
 3917 16481 -2142
 3402 17836 -2709
 2130 16269 -1948
 3387 17291 -646
 2373 16818 -1729
Repetition End
1
 3250 18032 -1674
 2956 17652 -1171
 3078 16737 -1837
 2811 16395 -1595
 2741 17755 -2365
 4402 17444 -2909
 3486 16800 -3213
Repetition Start
 3757 16625 -3615
 3014 16198 -4051
 3153 16772 -3946
 2529 15945 -3922
 2640 15709 -4681
 1893 15037 -4820
 1927 13065 -4174
 1389 17808 -1697
 1494 17718 144
 -78 18872 947
 5446 23894 -487
 1712 18433 1750
 3539 18983 2107
 3150 17912 1204
 2714 19486 1113
 3418 20396 1019
 3688 20276 126
 3960 20426 -326
 4030 19730 75
 4247 20161 -722
 4621 21988 168
 3956 21194 -1178
 1495 10141 -5405
 1115 13459 -1524
 4438 13097 -2336
 2533 16469 -2671
 3241 15233 -2327
 2787 17865 -1010
 3222 16389 -1882
 3241 17134 -901
 2201 17465 -697
Repetition End
1
 3202 17372 -587
 2605 17487 -513
 1886 16639 -432
 1873 17437 -758
 3042 18374 -1341
 2225 16494 -1476
Repetition Start
 1622 17264 -1505
 2021 17262 -2142
 2670 17279 -2528
 1913 16703 -2558
 1869 15926 -2836
 1814 16277 -4793
 2619 15163 -5519
 4252 13253 -4413
 5088 16986 849
 4191 14853 2125
 3402 17675 2854
 3666 19433 2738
 3926 18910 1725
 3680 19673 1787
 4022 19615 721
 4608 20739 470
 4339 22285 -467
 5103 21096 -1518
 5252 19336 1172
 4088 18014 2645
 3413 19157 967
 4401 21660 573
 5169 18899 -1648
 1947 9432 -7176
 4295 16163 -2823
 2246 14262 -2805
 3763 16070 -4102
 3026 15370 -2894
 3666 16903 -2325
 3069 17234 -2349
 3429 15910 -3185
 3622 16762 -3492
Repetition End
1
 3719 16364 -3399
 3534 17416 -2806
 3717 17226 -2571
 2826 16389 -2574
 3358 17760 -2507
 3191 16173 -2781
Repetition Start
 3679 17303 -3114
 2568 17708 -3735
 3724 17114 -4597
 1173 16396 -4029
 2866 15704 -5559
 2875 16387 -5367
 2665 15719 -6770
 2114 16057 -6870
 1607 14185 -8245
 924 10936 -7054
 1752 17767 -4281
 2554 15599 -5824
 -270 19729 -2142
 1682 19207 -4383
 2542 19912 -5159
 171 19963 -4172
 2922 21728 -610
 1583 20665 -977
 1025 21308 17
 1593 20104 935
 2659 19301 1052
 2106 20773 1897
 1791 21959 1930
 2553 22623 -217
 3879 9343 -9026
 2747 20008 -1553
 2996 9033 -4413
 3040 16803 -4527
 3169 15535 -4581
 3067 17570 -4098
 2527 15400 -4184
 3923 16091 -4388
 4487 18110 -4112
Repetition End
1
 3085 19461 -5064
 3214 14676 -4371
 3539 17342 -4721
 3128 16124 -4727
 3335 17038 -4729
Repetition Start
 4299 16419 -5476
 3282 16373 -5255
 3720 17876 -5376
 3871 17519 -5838
 1835 15493 -4801
 1993 16369 -4668
 2351 14292 -6021
 3980 16061 -5660
 2327 14461 -6154
 2599 14575 -7168
 5121 15290 -2143
 3291 13759 -2907
 4883 19412 93
 3541 18626 -59
 3371 18739 -357
 4105 20102 284
 3842 19500 225
 2259 19979 -91
 4254 21148 -898
 4056 21732 -751
 5093 21072 -85
 3925 20110 1411
 3049 19722 2113
 6304 17614 -123
 4174 16364 883
 1652 9034 -5003
 4875 23516 -3306
 3892 15599 -5172
 3957 16448 -3244
 2908 17115 -2554
 3434 16271 -3488
 4295 17144 -2338
 5212 15966 -2664
Repetition End
1
 4957 17185 -2478
 4287 16609 -1879
 4139 17054 -2501
 3839 16948 -2805
 3901 17902 -2247
Repetition Start
 3200 16547 -3153
 4978 17370 -4098
 3976 17340 -3304
 3709 15219 -3874
 4249 15550 -4440
 3640 15358 -3490
 2586 15077 -4401
 2313 11988 -3720
 3093 13043 -3433
 2430 18166 -296
 794 17224 -95
 5703 22340 -1254
 3273 21894 -608
 2240 19134 -1089
 3250 20366 -908
 2723 21734 -761
 3795 20858 -1949
 3722 20606 -1151
 3336 19888 -286
 2794 19363 -152
 2828 19982 -42
 3075 20043 -752
 4494 14861 -1803
 2045 6021 -3973
 2319 19401 -1759
 4259 15516 -2582
 3811 15561 -2619
 4487 16073 -2381
 4109 17282 -2250
 3422 18603 -2544
 2874 18924 -1796
Repetition End
1
 2519 15286 -1585
 4162 17084 -2432
 3823 16944 -2541
 3610 16964 -2308
 2991 16958 -2313
Repetition Start
 2912 17872 -2807
 3572 17464 -3128
 3351 17087 -3190
 3416 17122 -2745
 2650 16468 -2845
 2143 16628 -3212
 2006 16796 -3656
 2842 16795 -4345
 2495 16435 -5590
 2873 16019 -5847
 2699 13552 -6009
 3832 10931 -4689
 5946 20179 1786
 4650 17043 107
 3875 19156 475
 5673 20454 654
 6398 18921 -25
 4859 17108 819
 4583 18550 647
 4664 20483 599
 4584 20673 -116
 5298 21114 -345
 5531 20183 240
 5311 19719 634
 5729 19329 979
 6214 20108 1174
 4224 16252 -1944
 1413 9394 -9381
 3853 21746 -1483
 500 12215 -3858
 1501 13847 -3275
 1105 15854 -2122
 2257 21444 -4540
 3760 17369 -4681
 2692 17125 -3620
Repetition End
1
 1366 17184 -2962
 2203 17755 -2831
 2866 16871 -3180
 2875 16470 -3078
 4076 17031 -3752
 3796 16735 -3877
Repetition Start
 3857 17905 -3720
 3993 17279 -3343
 3706 16198 -4258
 3862 16295 -4134
 3191 16103 -4280
 2665 16439 -4307
 2678 16701 -4323
 2766 15679 -5862
 2589 14905 -5084
 1536 12112 -3677
 2015 16017 -320
 1838 18266 1790
 3228 18417 1041
 3679 19728 1606
 3964 18364 923
 3369 19531 455
 2998 21013 -548
 3545 21434 -279
 4240 20096 -1821
 3718 20264 -2219
 2780 20260 -1543
 2811 20224 -2254
 3433 20511 -2431
 3837 19595 -2192
 972 15129 -2022
 2144 9077 -5851
 1420 15921 -938
 2560 12886 -3376
 1990 14140 -3981
 5189 20560 -3621
 1987 16750 -3107
 2569 15959 -2710
 3030 17868 -3645
Repetition End
1
 1106 17121 -3285
 2007 16587 -2692
 2797 17685 -3280
 2680 16779 -2939
 2502 17843 -2831
Repetition Start
 1986 17816 -2772
 2375 16761 -3738
 1583 16434 -3148
 1650 16417 -2872
 2133 16648 -3685
 1836 16823 -4333
 1503 16997 -4470
 1445 16695 -5128
 1676 14549 -5447
 4042 14112 -3975
 3998 16019 -1511
 1279 16180 347
 1987 18955 595
 2155 18274 1789
 3171 18695 -63
 2977 20088 -184
 2983 20024 -1161
 3088 20544 -1005
 3629 20977 -1889
 3934 20961 -1654
 4265 20465 -811
 3605 19768 134
 3745 20010 -24
 4729 20672 1266
 4444 18263 -1943
 4111 13263 -5248
 -1903 6314 -5112
 4250 21017 -3692
 2652 16490 -4926
 2423 16060 -3457
 2770 16183 -3368
 3088 17461 -2826
Repetition End
1
 3516 17581 -3059
 5328 17287 -2729
 3860 16915 -1853
 3065 17076 -2178
 3711 16629 -2910
 3744 16974 -2505
Repetition Start
 3644 16301 -2241
 5278 18897 -2771
 2803 16408 -2928
 4688 17108 -3481
 4324 16606 -2944
 3919 16058 -3582
 3726 16463 -3976
 3362 17195 -3325
 3687 16185 -4483
 3789 16712 -4304
 4068 15738 -5169
 2724 12844 -3960
 1220 16461 1242
 3858 15327 2273
 529 16606 1206
 4165 19296 873
 4232 19327 1489
 2938 18456 1542
 3400 19158 1134
 2931 20952 546
 4228 21788 229
 2445 21858 147
 3721 21143 490
 3988 20120 142
 3235 19749 278
 3167 20780 -1
 2938 19798 -247
 1550 14402 -1464
 1913 8347 -5451
 1749 18609 -1918
 4411 15289 -3312
 4412 14320 -2662
 4474 16314 -1625
 4584 17548 -2070
 3048 15767 -2247
 3703 19804 -1637
Repetition End
1
 2768 16738 -1188
 3085 17021 -1302
 3839 17560 -1668
 3195 16638 -1985
 3435 17196 -1478
Repetition Start
 3017 17926 -1809
 2934 17561 -2443
 3017 16807 -2264
 2684 17468 -2142
 2201 16821 -2663
 2531 16319 -2764
 2727 15230 -3266
 2456 15480 -4454
 2369 14228 -4055
 3585 14496 -3443
 3016 16744 -655
 2894 19665 887
 3531 16774 1400
 2826 18073 1764
 2729 19000 1965
 3655 20035 1464
 3737 19945 784
 3253 21531 1049
 4942 22191 550
 3500 21203 1450
 2268 19144 3827
 4480 19373 3684
 4890 19992 3558
 3733 16888 1134
 2264 14234 130
 1713 10391 -4899
 4858 19091 -3167
 1963 14868 -3046
 567 15246 -2430
 1654 17315 -3063
 4048 16547 -2683
 1515 17091 -4185
 2152 17122 -3455
Repetition End
1
 1929 18161 -2866
 3593 17877 -2985
 2807 16300 -2523
 2232 17055 -2187
 2508 16951 -2397
 2744 16401 -1762
Repetition Start
 2419 18010 -2987
 4217 17156 -3583
 3137 17333 -3527
 3584 16139 -3843
 3837 16267 -3467
 2909 16411 -3948
 2456 16835 -3700
 3123 16155 -4789
 3628 16107 -5865
 2625 15175 -4319
 531 12367 -2751
 1526 17448 769
 1878 17780 1178
 2088 17796 766
 2241 18572 1493
 -1691 19093 1307
 -1140 20651 1777
 760 19422 242
 82 20131 977
 2002 21457 -140
 1180 21582 703
 -653 20686 2048
 -998 19937 1190
 381 19033 2042
 1103 19329 2132
 752 18820 871
 1118 15232 -1502
 1720 8151 -4194
 592 15383 -2243
 1296 12548 -4542
 3167 16703 -3838
 1440 17105 -3460
 1374 18602 -2026
 2170 17427 -3152
 2312 18095 -3066
Repetition End
1
 2631 18591 -3306
 2222 16232 -2553
 3111 16930 -2638
 3467 17297 -2233
 3363 17692 -2852
 3516 17373 -3235
 3920 16926 -3458
Repetition Start
 4388 17101 -2778
 5924 16328 -4079
 2032 17538 -3346
 1771 16567 -3990
 4424 15854 -5810
 2185 16547 -3132
 2899 17096 -1915
 3232 15690 -3516
 2445 15927 -5619
 1352 14727 -5040
 3564 10723 -4817
 3519 19459 -1566
 4179 17578 2546
 2955 15534 2867
 2930 18256 2848
 4734 18762 1870
 4926 21360 1588
 4429 22280 1380
 4917 23627 4209
 4896 22672 4938
 4706 21938 6000
 5612 19567 798
 5938 18876 -1224
 2228 10120 -4153
 1006 12131 -4224
 3286 13795 -2236
 1970 13995 -2314
 4308 13375 -2970
 3932 21757 -667
 5497 16876 -3026
 3371 15343 -3049
Repetition End
1
 7424 18194 -1556
 4935 15731 -2828
 4196 17571 -1940
 4544 16595 -2422
 3754 17116 -2748
Repetition Start
 3397 17170 -2486
 4114 17093 -2690
 3780 17418 -2811
 3851 17099 -2998
 4344 17220 -3708
 4361 16435 -3456
 5741 17235 -2562
 3466 15026 -5207
 3130 16430 -3809
 3700 16035 -4398
 3307 15494 -4119
 2871 12381 -4701
 3113 11593 -3671
 -2135 25672 510
 3040 18594 -1007
 3568 19580 1206
 3421 17851 1454
 2514 19439 1716
 3512 21397 1851
 2430 20145 1114
 2641 19681 1564
 3112 21422 1125
 2017 20920 1673
 2927 20975 2190
 2420 20697 2573
 2356 19607 2338
 1605 21580 4852
 3740 12672 -3590
 -643 12441 -762
 3248 11955 -1998
 3555 17745 -3408
 5513 15423 -3137
 3469 16887 -1867
 4663 16022 -2529
 4147 16905 -2620
Repetition End
1
 5407 17012 -2700
 3886 16147 -3416
 4303 17209 -3648
 4155 17797 -3584
 3881 16964 -3531
 4230 17134 -4074
Repetition Start
 3793 17466 -3068
 3617 17106 -2961
 3700 17723 -2566
 3843 17186 -2553
 2638 17161 -3022
 2156 17201 -3159
 3131 17085 -3122
 2444 16189 -3031
 2432 17093 -2355
 2037 16675 -2968
 2500 16528 -3484
 2281 16914 -3705
 2124 16789 -4747
 1907 15130 -5375
 1814 11558 -5175
 6471 20432 -1286
 3781 21384 1694
 4387 14761 3237
 2256 17317 2989
 3831 20033 2128
 5363 20001 586
 4176 20518 945
 4113 22888 2076
 3824 22011 1325
 4372 21129 3315
 4255 20078 3925
 3582 19303 4090
 6706 21431 4405
 2644 14554 -5488
 5579 8345 -3488
 2061 7952 -1789
 1340 24594 -2184
 2524 16852 -5298
 5838 15640 -4415
 2587 16823 -4664
 3130 17663 -4373
 2979 16377 -4290
Repetition End
1
 3322 18057 -3863
 5256 17221 -2845
 3884 15832 -3717
 4654 16882 -3717
 4661 16796 -3173
 4177 16603 -3633
Repetition Start
 3686 17143 -2884
 3066 16767 -3156
 3982 17387 -3076
 5410 17720 -3497
 4178 16509 -3661
 4592 16181 -3571
 4512 15405 -3891
 4346 15931 -4863
 3302 17432 -4374
 3053 16105 -5284
 3754 14641 -4907
 3246 12793 -2664
 1137 16466 1147
 1645 17742 3635
 2988 18657 1249
 2241 17554 115
 2977 18436 -782
 3053 20342 -435
 3595 20096 -1147
 4544 20909 -1031
 2839 18368 -483
 4234 21272 -370
 3859 19790 -329
 4314 19632 -535
 5214 19187 -1432
 5884 19012 -1809
 5438 18719 -1762
 3927 10542 -4394
 1451 16204 1088
 3012 12003 -2802
 4649 19601 -3149
 3735 15879 -3644
 3810 16968 -1598
 3394 20005 -1250
 1463 17954 -1277
Repetition End
1
 1855 15858 -1577
 4163 17687 -2030
 3775 17175 -1816
 3375 17225 -2213
 3926 16492 -2340
 3982 17133 -2079
Repetition Start
 3738 16197 -1852
 3750 18657 -1465
 3579 16917 -1958
 3016 16668 -2420
 3934 16816 -3186
 3329 16883 -3657
 2209 16428 -3747
 2904 17054 -3624
 3986 13823 -5506
 3473 12757 -4566
 7065 21021 1856
 930 15273 -1315
 5815 20688 1248
 4261 16296 461
 3235 16483 510
 3993 18371 -201
 4798 17905 44
 4450 19476 398
 4210 20519 837
 3709 20662 555
 4725 21471 816
 4288 20759 119
 3803 20602 390
 3260 19395 63
 4169 19155 632
 3866 19298 2001
 1452 13287 -2453
 193 10597 -4696
 4461 17582 -2537
 2552 14978 -2466
 2949 15264 -2569
 1872 21974 -1534
 5398 16566 -3454
 2947 15782 -2871
 3392 17270 -2325
Repetition End
1
 4002 16785 -2992
 2809 15621 -2942
 3951 17866 -3067
 3552 17525 -2886
 3166 17030 -2909
Repetition Start
 3686 17418 -2572
 2945 16859 -2605
 3288 17132 -2367
 3001 17602 -3421
 3344 17118 -3375
 3388 16706 -3265
 3189 16078 -3343
 3445 16533 -3645
 4015 16005 -4296
 2930 16274 -4030
 2989 16649 -4234
 2906 15481 -5001
 3027 14606 -5265
 1952 14177 -3036
 665 15883 66
 2467 17488 2334
 4323 19716 1097
 1694 17126 1422
 998 17062 951
 1370 19978 509
 2982 20945 -489
 2450 22089 -773
 2479 22402 959
 3298 21567 1272
 3166 20849 1482
 3679 21364 1223
 3244 19438 852
 3359 14494 -1648
 2804 7126 -4720
 1254 17246 143
 2940 13274 -2779
 1800 16686 -2043
 3834 19211 -1741
 2547 16789 -2200
 2900 16778 -1837
 3677 17789 -1714
 2990 17448 -1984
Repetition End
1
 3313 17811 -1944
 3103 17538 -1884
 3562 16817 -1991
 2829 17420 -2060
 3063 17181 -2044
 2270 17422 -1091
Repetition Start
 1731 17428 -1953
 1730 17972 -2219
 1787 17288 -2379
 2339 16816 -2754
 1895 17320 -2970
 1806 17033 -2867
 1512 17202 -3163
 1735 17063 -3378
 1627 16487 -4147
 708 16408 -3794
 1262 15188 -4688
 1325 12487 -4674
 6819 16984 -1059
 3176 16786 -47
 3059 17594 2091
 2958 19572 1806
 3381 18389 1660
 3839 18464 887
 5345 20460 436
 3735 21355 2270
 2656 21310 2927
 2888 20176 3158
 3075 19550 3200
 3213 19556 2574
 3334 18492 1701
 4910 18522 2613
 6106 18808 2944
 4537 17413 1836
 2257 11988 -2841
 1459 10928 -5417
 5345 13410 -3523
 825 16186 -2570
 930 16198 -4110
 3038 18880 -3844
 2396 20068 -3911
 2926 15563 -4489
 3217 17639 -3718
 2785 17650 -3609
Repetition End
1
 3816 17985 -2727
 3237 16739 -2111
 3339 16804 -1983
 4074 16922 -2514
 3741 17174 -2149
Repetition Start
 3485 16834 -1992
 3298 17055 -2963
 4584 17045 -3566
 3898 17722 -2762
 3382 15647 -3466
 2761 16044 -3343
 4533 17500 -4069
 3183 16688 -4475
 3435 15726 -4621
 2355 13249 -4905
 1058 16046 -1886
 3766 15869 -47
 689 17928 630
 3051 18475 38
 3574 18791 -22
 2328 17906 -476
 2396 19407 -374
 1795 20334 -423
 2270 21566 -765
 1321 21684 -249
 2465 20857 -204
 2242 20013 388
 2215 19110 806
 1962 18872 913
 2263 19379 1584
 2404 19208 1562
 1840 16437 -769
 3553 11970 -4890
 2207 15425 -1896
 2789 15034 -2256
 2332 16280 -3284
 3693 15502 -3532
 3865 17621 -3369
 2971 17573 -2432
 2786 16849 -2542
 3154 17619 -2013
 3064 16974 -1876
Repetition End
1
 2908 17235 -2091
 3271 17325 -1880
 3417 17576 -1772
 3803 17154 -2402
 4205 17673 -2054
 4328 18895 -1662
 2971 16118 -2255
 2424 19008 -797
 2992 16977 -1834
 3125 16552 -1836
Repetition Start
 1947 17232 -1430
 3632 16719 -2292
 4453 17343 -2986
 3378 15802 -2880
 2724 15745 -3861
 3204 15097 -4559
 2759 12420 -4573
 5122 13072 -2580
 3333 18319 795
 3963 18797 1255
 4023 18758 -1470
 4456 19889 578
 5050 20800 -17
 5036 19948 -290
 5110 19267 -1135
 4630 19940 -351
 5479 20925 -263
 5150 19595 187
 5728 19091 262
 5411 18222 874
 5288 17493 1134
 6807 18691 1584
 3705 13706 -2800
 2689 9264 -3541
 2651 15472 -1713
 2806 16112 -2567
 2770 16364 -1877
 3718 19349 -4002
 4558 16372 -2276
 3047 14746 -1347
 4693 17314 -2337
 5428 17533 -2746
Repetition End
1
 4363 16251 -2044
 4642 17169 -2203
 5093 16548 -1814
 4953 16938 -1711
 5257 16458 -1693
Repetition Start
 4588 17179 -1508
 4740 16830 -1499
 5079 17180 -1632
 4240 16280 -2041
 3754 16547 -1819
 4398 16415 -2573
 3577 16003 -2437
 3497 17303 -3071
 3539 16013 -4585
 2692 14222 -3641
 1061 12727 -1797
 5585 15314 -1457
 1881 21190 1724
 4447 18300 172
 3351 19348 -336
 4119 20405 -160
 3817 19775 -1439
 3160 19969 -1896
 3717 20593 -1941
 3075 20731 -1974
 3430 19895 -1451
 3907 20196 -1550
 2935 19715 -634
 3798 18830 -923
 3085 18891 315
 2876 16867 -637
 3270 9226 -4620
 1883 17410 -682
 4979 14100 -2207
 2559 15460 -1554
 4953 17816 -2196
 3756 17194 -1332
 3592 16608 -1912
 4312 16705 -2030
 4134 17166 -2284
Repetition End
1
 4246 17664 -2256
 3797 16743 -2642
 4879 16981 -2623
 4509 17069 -2721
Repetition Start
 4386 17318 -2697
 4959 16831 -2407
 4565 17131 -2190
 3735 15882 -2658
 3942 17274 -2303
 4067 17462 -2898
 3710 15682 -3015
 3324 16255 -2958
 3016 16586 -4078
 3453 16332 -4467
 3808 14993 -4471
 3016 11603 -4862
 7261 16825 -38
 1736 16550 -1023
 6142 20970 323
 5108 18688 -3
 4532 16872 -1616
 4792 18972 -2023
 4477 19553 -2348
 5191 18833 -2152
 6425 21459 -3044
 5473 22496 -1515
 5901 21602 -1194
 4106 20103 -1792
 4961 19459 -1685
 5724 18222 -2948
 2414 10815 -3597
 2052 12083 -4627
 2483 17859 -5034
 3057 14818 -5303
 3510 15976 -3777
 2452 18318 -3885
 3336 17167 -3382
 4096 16236 -3532
Repetition End
1
 3589 17162 -3508
 4647 18381 -2769
 3550 16636 -3033
 3948 17304 -2349
 3377 16797 -2229
 3397 16636 -1916
Repetition Start
 3866 17708 -1005
 3833 16703 -1988
 4615 16489 -2427
 3582 17172 -2388
 4072 16308 -2721
 4667 16176 -3769
 3020 16536 -3676
 3691 15757 -3604
 2650 13908 -4376
 2882 15989 -2785
 4427 14858 -2126
 1520 17762 -668
 2847 19682 36
 3596 18565 -10
 2632 19378 -1354
 3021 20555 -1787
 3771 22377 -1435
 4172 22412 -874
 3889 20902 -1011
 1916 19688 -1619
 3860 19013 -1358
 2876 19417 825
 3458 18983 1498
 4592 15818 1774
 2412 9059 -4984
 -137 18219 186
 6927 19679 131
 1649 12567 100
 5682 15371 551
 4362 19473 1319
 3617 15641 234
 2829 19875 1964
Repetition End
1
 3524 15142 1370
 3633 16136 741
 3781 17285 -395
 2815 17916 -1009
 3433 16625 -751
 3299 19368 -585
Repetition Start
 3422 16609 -1594
 2468 16545 -1037
 3497 17448 -1305
 3253 16628 -1919
 3047 16154 -2061
 3066 15728 -2167
 2439 14160 -4308
 4208 12300 -2841
 6445 17010 462
 593 14316 954
 6319 21616 535
 4373 19710 1954
 3510 18758 405
 4787 19775 239
 4441 19860 -380
 4990 20586 -112
 3290 22774 1004
 4379 19728 672
 5038 18061 399
 6117 18944 658
 7092 19717 -704
 7111 19119 681
 4819 14363 -430
 4351 12720 -2876
 1183 13462 -3413
 6326 18705 -2645
 4621 14749 -2659
 3663 15841 -1766
 4769 18598 -2873
 4848 17361 -1473
 3869 15865 -1772
 3498 15570 -676
 5123 16950 -931
Repetition End
1
 5007 15971 -1682
 5149 17604 -693
 4282 15168 -1860
 4421 16965 -2116
 4872 16301 -3175
Repetition Start
 5648 15808 -3793
 4957 15392 -4793
 4457 15600 -5186
 4602 17125 -3179
 3957 15670 -4941
 4583 14781 -5129
 2856 11853 -2043
 2580 15713 -819
 5123 16682 1585
 4187 19881 -114
 4937 19932 -1238
 5082 17951 -933
 4395 19950 -157
 3641 22508 3
 3754 21654 418
 4357 21585 -1156
 3543 19919 -1131
 2988 19459 -707
 2836 19410 -1618
 3949 17448 -3279
 3357 18287 -3706
 1563 12591 -6519
 2293 9810 -6626
 3486 13562 -5478
 3515 12899 -4210
 7545 18096 -5778
 1544 15634 -4276
 3118 16355 -3597
 3146 18100 -4559
 339 21660 -2058
Repetition End
1
 2765 15021 -4357
 2020 18189 -2661
 2620 17293 -2958
 3528 17827 -3380
 2049 16739 -2726
Repetition Start
 3408 18072 -3664
 3516 16905 -3682
 2227 16591 -3405
 2679 17211 -3463
 3549 15661 -4062
 2574 15650 -4500
 2858 15814 -4811
 2293 14562 -5075
 3490 12307 -5010
 3621 13152 -3912
 5135 22163 248
 5873 16336 731
 3218 19781 967
 4891 20931 1310
 4502 20407 1318
 5669 22493 1346
 5392 23158 902
 4677 22133 -400
 5025 19703 1329
 4492 18610 1424
 3336 18533 2875
 4654 17410 2133
 4351 12768 -3597
 1833 14009 -1997
 3491 14066 -2463
 5244 17762 -1189
 4314 15438 -114
 2206 17960 -597
 3730 16089 -457
 3778 16086 86
 3235 17475 -363
Repetition End
1
 3128 16610 297
 4875 17617 144
 3911 17112 333
 3680 16715 -165
 4263 17551 271
 2848 18499 -1159
Repetition Start
 4062 16833 -1028
 4898 18102 -1950
 3543 16978 -2242
 3695 16280 -2599
 3327 17350 -2924
 3301 15629 -3484
 2939 16370 -3693
 3982 16002 -4477
 2723 12438 -3833
 1348 18899 1393
 4751 14249 -1134
 3837 19475 1416
 3383 18300 -853
 4010 18965 -418
 3492 18960 243
 4207 20002 127
 4609 21645 -430
 4519 21433 -853
 3878 20759 -422
 3049 19787 431
 3634 18389 -711
 4442 18533 -1282
 4027 18859 -1110
 3738 17393 -1137
 3432 14744 -1811
 3372 13788 -4377
 5191 18897 -1914
 4232 15145 -3205
 5322 15970 -2639
 5702 14473 -2990
 5850 17218 -2524
 4695 16729 -2945
 4554 16310 -2617
Repetition End
1
 5225 16836 -2761
 4898 17690 -2731
 4627 17125 -3195
 4552 17054 -2603
 5005 17157 -2542
Repetition Start
 4070 16230 -2935
 4322 16331 -2707
 3722 16864 -2588
 3441 17042 -2915
 3984 17218 -3793
 3066 16951 -2969
 3003 16024 -3199
 2628 16672 -3475
 3147 16333 -4210
 2311 16260 -4048
 3643 15967 -5132
 3011 12853 -5397
 5398 15499 -2168
 2790 17731 -608
 5088 15385 388
 3632 16266 1425
 4978 19189 2448
 4595 18350 1922
 5451 19365 1236
 4800 19693 1275
 6083 20489 887
 5982 20552 609
 5119 19976 604
 5650 18091 937
 4691 18417 1235
 4237 18633 1235
 5361 21038 576
 4125 18033 -246
 3582 12837 -4540
 1509 12414 -2446
 1816 17446 -2027
 2696 15939 -2292
 1953 15420 -1921
 2426 16719 -1972
 2481 17935 -698
 1924 16428 -1714
 4353 18413 -1034
Repetition End
1
 4444 16417 -1933
 4368 18074 -1223
 4429 16135 -2621
 4385 16381 -1110
 3691 18482 -1477
Repetition Start
 4094 16550 -1677
 5407 17470 -3566
 4667 17105 -3129
 5000 15866 -2267
 4301 16575 -3403
 3983 16054 -4578
 3287 16788 -3834
 3297 15781 -4519
 4199 15059 -3871
 1844 19462 -4
 4307 15833 -1477
 1710 17490 2067
 2770 18097 1455
 2918 16891 168
 2535 18507 51
 4554 19626 -777
 3594 20538 -1170
 4498 22935 -1893
 3126 23039 396
 3777 20876 1005
 3316 19755 2149
 4758 19279 1385
 4601 17180 1150
 3366 14871 1005
 2753 14390 -368
 4391 13726 -1342
 2975 15033 -925
 4719 15634 -1503
 4653 15311 -1389
 4075 16872 -935
 3874 16669 -1608
 4207 17065 -2175
 4148 18074 -2142
Repetition End
1
 3680 18066 -2056
 4325 16729 -2019
 3968 16870 -2145
 4298 17255 -2244
 4190 16988 -1766
Repetition Start
 4216 17115 -1814
 3789 16066 -2614
 3714 18343 -1699
 3527 18352 -2677
 3271 15804 -2182
 2754 16691 -1784
 2979 16731 -2488
 2992 16345 -3494
 3389 16133 -3504
 2650 14866 -4381
 3330 13678 -3900
 5812 16784 -989
 1705 16459 942
 5672 19524 1171
 4216 17822 1152
 5509 18280 936
 4834 18943 2085
 5167 20406 1138
 7061 21157 61
 4478 22031 704
 5506 20691 304
 5819 20099 1308
 5941 18677 1366
 5638 18443 1516
 5729 18606 687
 2303 11565 -4431
 2557 14207 -2439
 1824 16213 -2687
 3580 15817 -2531
 1806 15573 -1752
 3355 17244 -1847
 4245 17804 -1164
 3254 16435 -1760
 3126 17772 -1876
Repetition End
1
 3761 17205 -1124
 4388 17786 -2054
 3819 16755 -2009
 3288 16208 -2360
 3781 17293 -3113
Repetition Start
 4254 17237 -2673
 3411 16966 -2928
 5220 17767 -3790
 3398 16237 -4165
 4167 15995 -4218
 3671 16089 -4028
 3848 16428 -4052
 3533 15821 -5452
 3482 16657 -5020
 2784 15470 -4358
 1146 12008 -4931
 2835 16389 450
 2859 16879 1437
 3559 20442 1479
 4088 19332 -1293
 4725 20202 -468
 4139 19695 -2067
 4646 21188 -2033
 4859 21167 -1008
 4181 20646 -1538
 5097 20356 -1103
 5333 20011 -1094
 5035 18918 -1205
 6057 20356 -484
 5001 19732 33
 3180 16255 -3612
 2697 2283 -3997
 2679 15895 -2303
 4141 16563 -1884
 3545 17388 -1331
 2876 16899 159
 5483 17179 -954
 2549 21578 573
 3403 15079 -2
Repetition End
1
 3885 16447 -58
 3946 17532 151
 2566 17252 -659
 3259 16260 -829
 2897 17474 -892
Repetition Start
 2783 17375 -1089
 2642 17073 -1857
 1845 17201 -1619
 2650 17765 -2042
 1739 17304 -2423
 1424 17341 -2562
 2002 17238 -3149
 1968 17139 -3317
 2227 17277 -3711
 2436 16818 -3870
 2339 15809 -4315
 2209 15370 -4831
 5346 13004 -3791
 3769 15536 829
 5137 18383 727
 3888 18596 -654
 5677 17235 1001
 3204 16209 1408
 4599 17977 2866
 4761 18860 2501
 4942 19915 2565
 4820 21596 1882
 5304 21330 14
 5214 19825 -336
 5234 19660 -472
 4350 18455 136
 2922 15486 -488
 5703 18857 -1218
 3250 19596 -1343
 5576 17357 -581
 2039 8434 -8100
 7958 21327 1010
 1805 14524 -6465
 4190 16554 -3787
 2934 14765 -3795
 3507 17349 -3481
 4565 16593 -3651
 4232 16697 -3311
 3306 16420 -3312
Repetition End
1
 3996 18629 -3199
 4141 16987 -3352
 4402 17116 -2920
 4012 16412 -2443
 4463 16856 -2628
Repetition Start
 4567 16773 -2620
 4239 16569 -2692
 3347 18117 -4246
 2822 16380 -1973
 6456 19629 -4888
 1718 15762 -3801
 3706 17184 -3265
 4976 14759 -5901
 1832 16916 -4237
 1951 17400 -4938
 4229 17216 -5663
 1658 16055 -5530
 2745 12700 -5076
 1297 21780 1651
 4293 15235 261
 849 18677 1638
 3701 16642 1018
 2165 18416 1510
 2079 20004 1839
 2640 20838 558
 1551 22270 583
 406 22885 831
 573 20613 2356
 -548 19434 2540
 -163 18203 1976
 586 18361 3186
 1046 19039 3245
 2517 17245 1709
 1102 17699 -131
 -557 6970 -5910
 1801 24356 -5900
 1425 14416 -2883
 1466 14845 -2093
 2017 16044 -1025
 1516 19009 234
 648 18131 1196
 2142 15813 -741
Repetition End
1
 4845 16649 -272
 3430 17909 -408
 4610 16923 -195
 4683 16730 -280
 5523 16750 159
Repetition Start
 4402 16600 -486
 4661 16871 54
 4755 15724 -1544
 3768 18329 -463
 4388 18221 -2114
 3341 15821 -1087
 3785 17022 -1686
 3124 16577 -2872
 3653 17861 -3025
 3551 16846 -3455
 3113 15640 -3794
 2684 15321 -4633
 4021 13540 -6796
 5429 14913 144
 5292 20548 1337
 5096 16233 7185
 5150 12301 -171
 5333 18340 -25
 4398 19632 -1903
 6121 19166 -2018
 5701 20386 -2371
 5310 21332 -2882
 6346 24658 -3107
 6740 18123 -3994
 7124 20313 -841
 6193 18416 -439
 6029 16084 -667
 6712 17147 94
 5122 12560 -2262
 45 6288 -3339
 6464 23125 -2031
 3668 15784 -3885
 3174 14788 -2391
 2328 16151 -2243
 4193 17747 -1853
 4925 16743 -1523
 4481 17577 -1210
 4682 17569 -1829
Repetition End
1
 3667 16701 -1298
 4432 16949 -1641
 4322 18854 -452
 3518 13909 -599
Repetition Start
 4420 16807 -366
 4196 16191 -1567
 4008 15237 -1606
 5574 19079 -1580
 4092 17198 -3627
 4891 15727 -2347
 5357 15615 -3371
 4416 15700 -3204
 3639 16736 -3525
 6208 15943 -3607
 2156 15048 -3795
 3850 11398 -2398
 3034 18856 2057
 2371 13280 58
 4403 19592 1389
 3253 18882 1565
 3226 20280 647
 3582 19708 559
 550 20399 362
 2858 20451 576
 3614 21200 274
 2004 18514 3177
 2352 20778 4539
 2757 18622 6744
 2148 18905 7273
 3054 19392 7436
 3477 19307 5268
 2689 7403 -5717
 1358 17059 521
 5872 13157 -1291
 4474 16030 -981
 5571 15884 -2134
 4758 18502 -1415
 3630 15841 -2199
 3986 17015 -2972
 5507 18089 -2078
Repetition End
1
 4738 16533 -2084
 4550 16877 -2133
 4879 16924 -1776
 5126 16730 -1612
 5171 16688 -2095
 4976 16802 -1681
 4897 16980 -1722
Repetition Start
 4672 16840 -1801
 5001 17217 -1565
 4415 16186 -2523
 3283 16573 -2287
 4296 17990 -2433
 4534 16140 -3119
 3793 16493 -2972
 2980 17920 -1801
 3785 14602 -3306
 1704 15156 -3045
 2302 14632 -3562
 3451 13716 -4717
 7300 16450 -3177
 3214 15185 2998
 4773 15860 2598
 3400 16584 3376
 4044 19379 2855
 5280 19615 1814
 6500 20868 1386
 6965 21364 1279
 5085 22874 1946
 5256 20198 2700
 6652 19413 2978
 5837 18737 2611
 5891 18610 1560
 8171 18289 1676
 7405 18096 -393
 86 4265 -7432
 5718 16805 711
 2356 15817 -2199
 3724 17257 -4356
 4425 16062 -2998
 3299 16353 -2748
 4458 17835 -2342
 3588 15610 -2318
 6151 19274 -2109
 4463 15751 -1960
 4999 18001 -1307
Repetition End
1
 4384 16945 -1579
 4750 16296 -1568
 4352 17261 -1603
 4521 17136 -1066
 4470 15939 -1373
Repetition Start
 4845 17899 -1513
 4189 17598 -1915
 4459 16930 -2294
 4955 15809 -2908
 4449 16829 -3267
 3783 16832 -3408
 3376 16403 -3533
 3951 15523 -4626
 3125 14832 -3618
 1865 10495 -3285
 2829 18399 651
 2540 19212 101
 3298 17541 1090
 2519 18042 3979
 3201 19893 5299
 3096 19266 5382
 3923 18840 6104
 3431 20281 5746
 3862 19894 5569
 4164 19367 5328
 2408 18534 5706
 3070 17674 3495
 1536 20684 2448
 1265 20750 1233
 2166 19779 -1397
 2336 16164 -3453
 3803 6277 -3920
 6936 17038 1103
 3800 14396 -1932
 6142 17449 -1351
 3589 15076 -959
 6139 15153 -1593
 9616 17960 -2560
 5463 15853 -585
 7326 13937 -769
Repetition End
1
 6873 16459 -479
 6230 17707 -904
 4567 16714 -1011
 5122 15861 -777
 4081 16585 -776
 4424 17566 -1299
 3633 16667 -891
Repetition Start
 3714 17600 -1136
 3176 17433 -1800
 3151 17861 -2490
 2707 18229 -2299
 2383 17160 -2444
 386 15280 -2136
 1521 18164 -1945
 1873 17061 -2809
 -1323 15855 -3206
 1050 17025 -3927
 765 15275 -5552
 222 15824 -4976
 982 12663 -4347
 5085 15483 516
 2240 17858 1470
 2373 14178 10020
 4280 15619 3664
 4923 17280 4524
 4542 19922 4129
 6891 19691 3012
 5473 20511 3265
 5721 22651 4927
 5270 19469 4435
 5014 18671 4055
 4551 18918 3915
 5706 18509 4116
 5118 18738 2855
 4511 16370 144
 1557 9967 -5313
 5327 19218 -732
 3050 16869 -2939
 3504 15290 -2452
 4461 14306 -2197
 2521 17380 -2414
 3839 16685 -2079
 3444 16239 -2495
 3824 17189 -2733
Repetition End
1
 5665 18957 -3248
 3687 15065 -2847
 4357 17655 -2929
 4719 16842 -2685
 4108 17125 -2635
Repetition Start
 4595 16459 -2791
 4342 17010 -2395
 3946 16721 -2517
 4171 17724 -2710
 5748 17427 -2800
 5273 16163 -3904
 4570 15595 -3619
 5039 15979 -3292
 5033 15310 -4004
 3240 15262 -5066
 3643 16211 -4439
 3844 14063 -4937
 2648 11827 -3871
 2088 19093 1860
 4261 19406 -1244
 4197 17040 -1019
 4221 17490 730
 3739 20625 212
 3292 20704 1089
 4471 20572 204
 4011 18757 -118
 3416 20132 -15
 4321 19792 182
 3456 20416 555
 2893 20001 949
 2410 18903 396
 3398 18798 1409
 3035 20155 1746
 2676 19931 -872
 1679 4458 -7571
 2900 17464 -2077
 3618 11630 -2449
 3886 16708 -2627
 4292 18510 -1782
 4471 16841 -1321
 4623 17024 -1600
 5291 18139 -1525
Repetition End
1
 3990 17359 -855
 3755 16886 -1104
 4376 16789 -966
 3964 16816 -1528
 4219 17648 -1405
 3567 16915 -760
Repetition Start
 3666 16613 -1829
 4882 17518 -2392
 3158 17292 -2110
 3384 17236 -3690
 3898 17084 -3325
 3006 16724 -3498
 2501 16578 -4294
 3540 16723 -3763
 3099 16351 -3771
 2953 15378 -3953
 4355 13272 -5991
 4293 11447 -1083
 4095 16304 1979
 5317 20922 2794
 3056 16820 1107
 4373 18476 1246
 3940 19214 1315
 4927 19825 501
 4467 20280 1140
 3119 23064 1406
 3442 22848 2259
 5710 20395 1234
 2827 19682 1981
 3815 20410 3161
 4711 16991 717
 5788 14468 -1718
 -58 7639 -3352
 5379 19166 -1745
 791 14094 -2185
 2271 17783 -1785
 2953 16568 -1692
 3341 17112 -1341
 2809 18310 -1521
 4070 18276 -1498
 3666 16357 -1626
Repetition End
1
 3153 18266 -1676
 3942 16908 -1995
 3428 16621 -1559
 3176 17627 -1441
 4093 16467 -1086
 4485 17664 -1570
Repetition Start
 3742 17731 -1835
 4327 16816 -2284
 3751 16993 -2572
 4305 16417 -2613
 3901 15919 -2888
 4162 15491 -3588
 2890 16257 -3268
 3724 15783 -3991
 2946 12729 -3971
 2047 15678 15
 4079 19503 605
 3515 17363 42
 4090 18865 23
 3836 17722 -388
 4036 20571 -285
 3764 20388 -210
 4663 19071 -1139
 4833 20123 -1187
 4335 20017 -1507
 4872 19628 -1705
 4327 19226 -2032
 4067 19251 -1315
 3302 17335 -1681
 4169 18986 -1881
 5365 19613 -1758
 3942 17698 -2041
 2309 8153 -6808
 4009 18287 -135
 3337 12417 -2895
 5793 22185 -3216
 961 15039 -3037
 4429 16931 -1426
 3768 17783 -1154
Repetition End
1
 3140 16971 -1476
 3124 18339 -1158
 3909 15828 -1803
 3990 17804 -1997
 3623 16877 -2028
 4025 17650 -1912
 4015 17407 -2278
Repetition Start
 3935 17197 -1841
 4178 17575 -1755
 4072 16870 -1963
 3975 16245 -1764
 2614 17828 -2768
 4069 15911 -2894
 3153 16358 -2327
 3225 17209 -2618
 3211 15958 -3557
 2908 15310 -3280
 2477 13120 -4766
 3932 10708 -4101
 6887 20117 828
 6469 19127 325
 5916 20658 1109
 3244 16773 2126
 4813 18429 2031
 4066 19502 1095
 6040 18976 422
 6145 19687 231
 5756 19764 -375
 5257 19507 1353
 6047 19619 719
 5365 18542 5
 5365 17681 559
 6197 17584 1327
 6560 18561 651
 5700 16142 -2559
 -1140 6927 -3548
 6310 18070 -1238
 1552 16600 -1646
 4062 16005 -1585
 3442 16670 -1103
 3310 17052 -999
 2782 16190 190
 4082 17268 -336
 5073 18360 -302
Repetition End
1
 3844 17330 -130
 4353 16961 -210
 4034 17126 -789
 3306 17097 -516
 3726 17346 -818
Repetition Start
 3537 17059 -822
 3293 16143 -712
 4204 18443 -1429
 4541 17784 -1659
 4172 16583 -2572
 4806 15967 -3033
 4455 16129 -3007
 4806 15466 -4516
 4290 16997 -4430
 4028 13582 -4882
 2351 11115 -3248
 3669 17686 748
 3097 15673 555
 2344 19628 850
 4162 20364 439
 4629 19783 1982
 3537 18242 1198
 3850 19676 2310
 5917 21278 2687
 4183 20376 2070
 4701 19517 807
 3453 18371 -633
 4028 16619 54
 2884 17908 -139
 4063 20343 -42
 3955 19806 -282
 2823 11652 -3159
 3975 9021 -3915
 2449 17989 -2175
 4761 16237 -2806
 4142 13182 -2287
 5888 16631 -3032
 4234 17449 -2360
 3789 18526 -3099
 3979 19082 -2326
Repetition End
1
 3942 16485 -2771
 3695 16726 -2702
 4248 17110 -2604
 3943 17302 -2333
 3946 16956 -2220
Repetition Start
 4247 17383 -1535
 4296 16529 -1979
 3567 16165 -1375
 2877 19178 -1398
 3773 17915 -1562
 2722 16964 -1143
 2080 15992 -1407
 2774 16839 -2070
 2122 16204 -2657
 2105 13375 -3296
 1619 13638 -4009
 3089 15748 -3909
 7119 21532 2794
 3229 16816 454
 2985 19559 811
 4352 18678 1326
 4481 17373 494
 5659 18177 126
 4915 18655 455
 6049 19967 715
 5727 20329 443
 5912 21239 1155
 6146 20336 1387
 4992 19877 2128
 4559 19511 2002
 6675 18905 2074
 4850 15496 376
 425 7670 -5570
 4166 19777 -2047
 2406 16077 -3515
 3754 16568 -2945
 2608 16806 -2831
 3009 17952 -3164
 3640 16356 -4307
 3703 15848 -3492
 2320 18029 -3356
 3435 18014 -3227
Repetition End
1
 4097 16389 -3606
 4140 17172 -3357
 3497 16647 -2848
 4874 17161 -1582
 3328 15894 -2681
 4815 17676 -2995
Repetition Start
 4677 17451 -3996
 4978 17143 -3702
 4770 15432 -3170
 4700 16204 -3100
 4489 16325 -3339
 3455 14413 -3739
 4012 16691 -4130
 2992 13277 -3983
 2406 16320 -1022
 4161 14912 1558
 2399 13508 2353
 5038 19796 449
 4639 21174 523
 3877 19112 -208
 4391 18736 -669
 3761 20809 -300
 3575 19623 -1827
 4295 20009 -1609
 3252 20203 -1602
 4166 20107 -1096
 3319 17849 -3695
 3944 18242 -3178
 3939 17700 -3163
 3933 17421 -2658
 3776 15152 -3099
 4264 16718 -3336
 3474 10395 -6580
 5061 19842 -5015
 4718 14132 -4553
 5137 15544 -2976
 5244 17344 -2751
 4143 15943 -2668
 4371 16549 -2552
 5127 18489 -2245
 4340 19242 -1992
Repetition End
1
 3930 14960 -1752
 4335 17436 -1383
 3810 16589 -1543
 3994 17034 -1278
 3822 16832 -1551
 3534 16766 -1989
Repetition Start
 3507 18069 -1682
 3045 16868 -2443
 3425 17214 -2459
 3109 17064 -2867
 3502 16789 -2703
 3157 16135 -3628
 3681 15252 -3895
 2947 15394 -3988
 2893 13218 -5944
 4015 11447 -4935
 4096 19499 -2350
 4121 20102 -3053
 4559 16374 -151
 3610 16797 1582
 3296 20206 558
 4499 21654 669
 5342 21456 788
 3726 20860 248
 5900 20994 -1039
 4976 18726 1129
 4294 17714 1639
 4425 17816 2083
 5915 18055 2004
 5083 17525 897
 3627 14537 -239
 -1701 8510 -5201
 5786 16798 -2845
 3619 17782 -2594
 4559 15798 -2396
 3224 16596 -1133
 3645 16471 -1123
 4021 18900 -1490
 3051 15385 -955
 2546 16629 -515
Repetition End
1
 5105 18985 -612
 4505 16692 -1183
 3748 17194 -698
 3814 17307 -1138
 4025 17169 -812
 3753 16519 -912
Repetition Start
 3908 17200 -435
 3768 17426 -532
 3082 17071 -843
 4278 17377 -1060
 3642 17252 -1523
 3341 16014 -1377
 4202 15643 -2222
 3989 15751 -3261
 3137 16578 -2566
 1890 16219 -2828
 3815 12372 -2446
 2598 17759 -205
 3685 16653 793
 2304 19213 1996
 3281 17326 1795
 3704 18491 1899
 2818 19589 1942
 3890 20283 1370
 3504 19845 1385
 4064 21065 1344
 3430 19860 1333
 4713 20392 449
 3301 20626 88
 3765 20359 -4856
 4543 19766 893
 5001 15458 -1935
 3957 11044 -4111
 2089 12353 -1509
 5033 14085 -3156
 3240 16480 -3667
 4328 15681 -3491
 5198 15665 -2482
 4283 16671 -2347
 4474 17755 -2048
 3341 20738 -3459
Repetition End
1
 3757 14478 -1767
 3855 17509 -2268
 4529 16572 -2596
 3676 17110 -2443
 3847 17254 -2647
 3465 17072 -2223
Repetition Start
 3734 17189 -2997
 3538 18290 -2131
 3438 17224 -3084
 2504 16176 -2925
 2633 16551 -3005
 3163 17086 -3359
 2835 16403 -3706
 1872 15914 -4609
 3202 15694 -5338
 2955 13822 -5648
 2511 10014 -4254
 7642 21023 -2140
 3883 15117 -93
 4326 20240 866
 5272 20401 2652
 4817 19277 1963
 4404 20345 1753
 4469 21161 2924
 4916 19636 1669
 2964 21334 2207
 6119 22054 3570
 343 18559 3245
 4311 20594 1913
 4628 16743 -171
 -1436 7063 -5227
 2698 20087 -2468
 112 13370 -2331
 5051 13067 -3489
 2288 19706 -1488
 2181 17650 -1898
 2028 14555 -1465
 9699 20207 -749
 5414 17825 -1336
Repetition End
1
 3928 17908 -2088
 4701 16381 -969
 4500 16838 -487
 4186 17117 -287
 4335 16957 -1212
 4379 16212 -754
 4010 17327 -1026
 3946 16687 -1607
 4195 16331 -1072
 5216 16964 -1705
 3856 16568 -2209
Repetition Start
 4072 16774 -1866
 3929 15836 -2951
 3680 15550 -1944
 3768 15612 -3104
 3675 13711 -3420
 2720 13178 -2194
 3767 16587 1189
 2155 18861 1234
 5275 21497 -2433
 5177 18571 -411
 3533 19391 64
 4330 18188 1116
 4588 18851 1745
 4387 20373 1926
 4633 20351 1795
 4472 20113 2019
 5254 20281 2183
 4969 19414 3715
 6864 17518 4226
 4461 15821 5471
 3530 13548 4812
 1715 16223 3982
 3347 12515 -3179
 1389 16994 674
 3847 16499 -2568
 5147 20233 -2233
 3007 15108 -2779
 5381 16350 -2847
 3722 17529 -2487
 4753 16986 -1998
 3805 19567 -1439
Repetition End
1
 3777 15737 -1291
 4015 16831 -1646
 3917 18034 -1170
 4436 16854 -1177
 4825 16767 -1152
 4440 16496 -764
 4305 16898 -549
Repetition Start
 4985 17451 -77
 4429 16176 -824
 2699 17018 -1105
 2821 18457 -1755
 4067 15692 -2408
 2789 16800 -1816
 2232 16933 -3305
 4409 17196 -3766
 3291 16336 -4732
 3550 14509 -5820
 3027 13040 -5921
 6068 13525 -3502
 4583 21143 -3294
 3894 15826 -1590
 3905 16453 -786
 4356 17896 2390
 5695 18615 1692
 4931 20062 1168
 4912 21066 1771
 6751 20261 1635
 4859 19891 566
 5703 19097 1562
 6269 18351 2693
 5998 18422 2937
 6178 18325 2688
 5744 17107 2328
 4829 15549 2294
 4654 14983 -3754
 1498 9980 -4212
 6536 18529 -3602
 1524 16054 -2080
 1968 17920 -2449
 4115 16712 -2236
 117 17385 -1618
 883 18227 -2265
 3885 14510 -1505
 -1809 20543 -680
Repetition End
1
 2341 16160 -1405
 963 16112 -946
 1900 17511 -2208
 2378 16927 -3158
 2203 16556 -2562
 2428 18115 -2759
 3031 17289 -3271
 2560 17200 -2788
 3025 17394 -3001
 3260 18195 -2461
Repetition Start
 2242 18342 -2901
 4026 16323 -2497
 3139 17334 -3494
 2368 15718 -3170
 2878 16147 -2680
 3056 16267 -2615
 1517 17239 -3836
 2200 17640 -3780
 2918 15946 -4336
 1675 14232 -1841
 662 17144 450
 3122 16376 1805
 436 17755 3332
 3364 17829 3379
 2208 17914 3579
 2559 19097 3832
 2968 18985 3178
 2973 18550 2890
 4298 21179 4736
 4101 20492 5146
 3857 19721 4604
 3000 20623 4920
 2517 18821 4142
 3621 17953 4845
 3344 18746 4633
 3947 16012 692
 1171 6065 -4635
 2324 18387 -572
 6534 17122 -1675
 3804 16035 -2504
 2970 15785 -1165
 3671 17165 955
 2703 18317 -106
 2303 14708 -479
 4721 16834 -991
 3624 18075 -1023
Repetition End
1
 3444 17306 -776
 3971 17233 -642
 3468 17079 10
 3972 16956 -180
 4360 17007 -243
 4837 17292 13
 4674 16536 -639
Repetition Start
 3513 18651 -1428
 4090 19701 -795
 4076 17210 -2416
 1995 15040 -777
 2851 16335 -1648
 1752 15732 -3044
 2402 16847 -3552
 4296 13833 -5009
 3586 9801 -3800
 6190 21180 1203
 4274 15044 1509
 5739 19136 2865
 5667 18437 2257
 5024 19097 3073
 4890 19177 3335
 6797 19877 3478
 6688 20513 4244
 6889 20985 2845
 5995 20087 4597
 4992 18458 6001
 7172 20509 5900
 6376 19413 4070
 1851 7223 -3741
 915 11110 -4126
 4733 18521 -3859
 1977 14802 -3145
 3940 14465 -2855
 4233 15705 -1840
 4084 17195 -3611
 5337 18363 -2795
 3454 17133 -2934
Repetition End
1
 5593 19323 -2224
 4851 15470 -2495
 4042 17009 -2667
 4844 17885 -2200
 4575 16194 -2705
 4539 16996 -2534
 4169 17214 -2520
 4524 16616 -3032
 3646 16866 -2562
Repetition Start
 3801 18082 -1308
 2698 16482 -2212
 4487 15901 -2674
 3994 17162 -2971
 3868 17268 -2990
 5077 16616 -4147
 2358 14610 -3670
 1918 15857 -3010
 3015 14721 -4126
 3118 12557 -4004
 2131 18951 -1085
 5134 17799 -235
 1503 19318 984
 3951 17585 1284
 4750 19598 1909
 2813 19096 2034
 2949 18632 1364
 2624 19580 1200
 3292 19688 1171
 4333 20918 1180
 5445 20220 1397
 3659 20110 1662
 1915 20093 3952
 1403 19269 4122
 1619 19304 3858
 2446 17284 3478
 1807 10542 -752
 5159 11395 -2713
 1608 15811 -2370
 5317 16677 -1435
 4339 14924 -1900
 3960 18215 -2241
 3645 17010 -1587
 3585 16452 -1945
 3390 18637 -1160
 2693 16790 -918
Repetition End
1
 4424 15833 -1729
 3863 18177 -1018
 3743 16372 -1037
 4367 17104 -903
 4124 17642 -1075
 4537 16808 -819
 4384 17246 -548
 4738 17073 -701
 4096 16086 -1760
 3626 17847 -1835
 3515 18472 -2278
Repetition Start
 4051 17230 -2727
 3050 15877 -2418
 2518 17010 -3206
 3517 17857 -3418
 3279 15589 -4318
 4265 16555 -4853
 3247 15303 -4610
 4660 13935 -2260
 2587 12862 -885
 3295 16000 854
 4411 17111 1177
 5288 18576 2069
 3686 19356 2242
 5284 18843 1944
 5533 18445 1049
 5111 18460 877
 4505 18081 773
 5371 19070 1040
 6496 19853 733
 5647 20182 750
 6364 19500 617
 6810 18187 1269
 6495 18725 834
 6503 18478 403
 5185 15140 -660
 1662 9489 -5103
 3378 18155 -2004
 2491 15414 -3781
 3489 15779 -3168
 4055 15872 -3707
 3175 17562 -3213
 3223 16017 -2857
 3690 17118 -3090
 3970 17748 -2166
 3462 17104 -2759
Repetition End
1
 3989 17977 -1907
 3105 16268 -2165
 3622 17197 -2559
 4020 17317 -2319
 3408 17321 -2322
 3335 17059 -2893
 4024 17060 -2306
Repetition Start
 3189 16307 -2265
 3145 15981 -2827
 4493 17728 -3537
 4069 17197 -4608
 3417 16699 -4152
 4319 15876 -4250
 3667 15168 -4541
 3941 15838 -5356
 2753 16196 -4966
 3184 14405 -5893
 3056 12224 -4453
 2479 18728 -1273
 4917 16316 -142
 3183 13617 -3636
 4210 20357 -1267
 3921 19253 -1305
 2586 19562 -1414
 3381 20674 -1275
 3243 20958 -1425
 1951 21238 -1615
 2025 20192 -2271
 3213 19701 -408
 2380 19320 -583
 832 18609 357
 1333 18132 1751
 1407 17890 1885
 1113 20904 5368
 3281 19269 -481
 2321 8369 -4731
 1600 16571 -3476
 4202 14736 -3464
 3120 16126 -1884
 3845 17498 -2221
 3775 17064 -2849
 2958 16055 -2721
 3284 18979 -1713
 3338 18225 -2238
 3224 14788 -1773
 2974 17001 -1528
Repetition End
1
 4293 17231 -1329
 3947 17613 -1849
 4525 16790 -1609
 5147 16674 -1426
 4378 15741 -1404
 5656 16219 -2811
 3132 16947 -2610
 4937 17742 -4571
Repetition Start
 4299 18130 -3905
 2744 16558 -3417
 2560 15347 -4084
 3546 16370 -4963
 3383 17509 -5303
 3358 15014 -5652
 2632 15250 -6109
 3132 12015 -4731
 6076 18116 -2028
 3419 18463 6363
 5322 20235 252
 3377 18125 2664
 4664 18007 2044
 4819 18761 1628
 5070 18525 3013
 5507 17850 2860
 6642 19355 2337
 6452 20916 3962
 5893 19702 3643
 5941 18708 4076
 6681 17644 3488
 2093 17404 6116
 3121 16611 6055
 3985 16546 6714
 3764 14395 3530
 71 9035 -3205
 4497 20196 -2594
 4653 18362 -4432
 1890 19141 -2900
 1683 16020 -2849
 2757 16442 -1744
 1944 16545 -1856
 2052 18068 -2052
 2225 16576 -1922
 4582 17718 -1023
Repetition End
1
 2619 16958 -1109
 3335 17077 -2021
 3626 17319 -1674
 3498 16874 -1385
 3663 16404 -2695
 4045 17597 -1804
Repetition Start
 4012 18370 -1825
 4141 17211 -2113
 4741 16974 -2785
 4475 16104 -2312
 4177 16680 -2507
 3901 16215 -2396
 4003 16280 -3137
 3667 16619 -3034
 3105 15503 -4028
 3508 14783 -5486
 2513 12753 -2722
 2082 17700 -555
 2304 14565 -1201
 2177 15684 2019
 3112 19741 1862
 885 18590 1807
 3179 21193 785
 3371 20574 1752
 2035 21005 2284
 2363 23102 3981
 4005 20218 3099
 2994 19240 2420
 4135 17668 2712
 4255 17285 3057
 2580 17820 2083
 3600 18490 1049
 2567 14863 -1185
 4330 7272 -4439
 3338 22206 -1201
 6363 15839 -2631
 2961 13227 -1510
 6160 17211 -1247
 5378 18390 -2456
 3780 17013 -1674
 5322 17672 -891
 4305 16033 -1298
Repetition End
1
 4267 16100 -971
 4074 17481 -1535
 3733 17022 -1156
 3202 17034 -869
 3231 17030 -1459
 3477 17379 -879
 3332 17236 -837
 3493 17434 -889
 3670 17486 -1141
 3928 17371 -958
 3886 17069 -792
 3840 17160 -1051
 3718 17241 -994
 3721 17181 -930
 3951 17213 -1134
 3413 17303 -969
 4388 16910 -1152
 3592 17303 -878
 3919 16535 -942
 3302 19016 -2700
 3515 17114 -1846
 3237 17418 -1247
 3927 17977 -1175
 3005 15206 -1094
 3666 13468 -1680
 2141 13310 482
 2469 16209 -165
 3710 16851 385
Repetition Start
 3689 16457 586
 4119 18169 674
 3592 17832 2208
 6581 20984 1468
 4397 21725 3323
 5993 23649 4889
 5600 23303 3632
 5143 21792 2153
 4427 18670 1095
 4155 15261 284
 3775 12936 -265
 3198 10931 -436
 2668 10181 -2907
 3220 18397 -3419
 3328 17991 -2210
 4029 15740 -2777
Repetition End
0
 2387 17132 -2850
 4227 17540 -2126
 3517 17139 -2480
 3546 17062 -1820
 3653 17186 -2059
 3903 17360 -1928
 4093 16900 -1813
 3402 17116 -1606
 3901 17125 -1763
 4015 17071 -1807
 3922 17018 -2009
 4205 16828 -2199
 4473 16905 -2379
 5397 17540 -2655
 4950 16803 -3152
Repetition Start
 4667 16430 -3068
 5164 17026 -2606
 5333 16273 -3144
 5541 16179 -3687
 5558 16225 -3534
 4622 16517 -3320
 4674 16449 -3810
 5476 17464 -4594
 5424 18311 -4314
 4551 15727 -4401
 2801 20932 -2386
 3863 16664 158
 1739 17842 1613
 -203 14724 5320
 -788 15049 6307
 -1506 15296 6846
 -2102 15431 7733
 -2588 15202 6931
 -2501 15302 7470
 -5062 16189 7262
 -4117 14621 7284
 -5349 14259 7012
 -5511 15928 6942
 -4710 15351 6635
 -4582 14939 6907
 -4492 14396 6877
 -4615 14788 7230
 -4660 14685 6926
 -1075 14520 4340
 3537 20521 1427
 8282 23625 -4024
 4142 19451 -2887
 3635 13003 -1399
 8251 17150 -867
 4350 17992 -1601
 3602 16748 -1413
 5541 16601 -1535
 4948 20733 -98
Repetition End
0
 3403 15786 -363
 4936 16789 -911
 4998 18195 -224
 4072 16233 -475
 4267 17364 -326
 3884 16806 -545
 4138 17206 -1091
 4547 17422 -1458
 4476 17106 -1875
 4251 16741 -1801
 4807 16918 -1335
 4452 16787 -1758
 4138 17529 -1308
 4001 17216 -1637
 3165 17343 -1927
 3357 16755 -1870
Repetition Start
 3341 16859 -1457
 3297 16931 -2157
 3784 18492 -1506
 4126 17340 -1237
 3526 14129 -1367
 2984 17072 -17
 6312 25261 -2067
 7104 27736 -2940
 -993 12636 -3295
 5856 -2728 638
 9766 6041 2098
 4294 15840 10158
 7165 17034 7975
 5657 15368 7881
 5933 16781 8165
 6905 18546 6298
 4569 17558 6290
 3674 15176 5400
 3524 13825 6259
 4875 24735 6837
 7510 26915 9036
 5944 18293 4105
 1995 2808 -1555
 1003 2738 -2054
 -411 9480 -2262
 -5110 31310 -3700
 7432 26502 -6101
 1470 21110 -4440
 -648 13502 -996
 -535 9626 -1065
Repetition End
0
 12727 26041 572
 3970 12063 282
 3831 13543 149
 8962 18898 1878
 2603 17159 -163
 2488 15559 337
 5261 18262 -262
 4278 17357 -62
 4216 16712 -518
 4023 17660 -1086
 3558 16799 -280
 3878 17741 -13
 3904 17128 -946
 4044 17301 -808
 4085 17173 -975
 3162 15870 -978
 1930 9047 -3597
 4119 4998 3144
 8055 32767 9427
Repetition Start
 6816 32767 5558
 8188 31483 3624
 2877 10960 -4404
 1295 4885 -808
 -842 -973 -355
 596 1536 -1404
 6633 18882 -3699
 9260 32650 -3340
 5178 27736 -7375
 6082 16934 -3349
 2591 7649 -1563
 3127 17248 -1402
 3796 18037 -832
 2774 15586 -1488
 4545 17105 -1067
 2964 17417 -592
 3287 17491 -773
Repetition End
0
 4002 17107 -854
 3992 17011 -981
 4021 17356 -878
 4119 17167 -946
 4024 17138 -1128
 4135 17218 -939
 3782 17031 -1024
 4108 17178 -1054
 3670 16897 -1758
 5061 17168 -2068
 6451 16995 -3167
 3019 20734 -628
 -5613 16635 675
 -7581 18617 -3791
 1083 22119 -5968
 5978 16077 -4287
Repetition Start
 -2596 18529 -2511
 348 16412 -3702
 8532 15394 -2358
 4491 15123 -2636
 8183 12339 1059
 6664 16047 1896
 5584 15451 759
 4697 17646 1359
 3468 17974 791
 3296 16026 3518
 3851 16974 8158
 4563 9479 7171
 7948 9558 4499
 13602 26335 57
 10923 14619 -2847
 1934 14037 -1603
 -4281 5638 2962
 16698 9316 -2372
 16524 6215 6898
 15696 7507 7915
 17673 14232 10012
 13899 15555 8441
 16274 14575 4735
 10126 4674 3660
 1625 13565 -663
 -1045 11221 -2955
 -2880 22196 -1441
 9207 27759 -356
 4561 14567 -3374
 3941 19922 1637
 -2920 17807 2429
 1484 20084 -3150
 15556 20044 -1256
Repetition End
0
 5601 14941 312
 4058 15086 1029
 2269 17865 -165
 31 15681 354
 4468 18545 -75
 4729 17907 -927
 3571 16841 -677
 4506 17627 -799
 3775 17014 -539
 4662 17228 -1084
 4488 17313 -163
 3870 16921 -356
 3641 17484 -629
 4365 16746 -22
 3846 14254 -1021
 1062 -779 -2061
 1774 11484 7323
 1674 23425 11258
Repetition Start
 1724 25440 19250
 1805 29185 20336
 3744 25835 16265
 5760 32064 1701
 -3715 -7211 -4313
 2333 10396 430
 2688 870 -1475
 1248 2731 875
 -3016 1522 19
 17082 32767 -5790
 14569 32767 -6597
 11974 32767 -6138
 -2167 -3292 1900
 -3023 8675 810
 1733 -1941 -2323
 76 2052 -3392
 2642 26693 2999
 7267 28819 4577
 4950 29540 3769
 3314 14199 2998
 181 2774 554
Repetition End
0
 3532 11397 897
 8590 23787 -4034
 4965 16505 252
 3328 12420 -2138
 5472 20717 -3242
 3299 16238 -2316
 4209 17782 -2617
 4989 17288 -2169
 3954 17347 -1340
 3934 16718 -3024
 4005 17365 -2426
 3955 16884 -2318
 4258 17221 -2019
 3901 17030 -2134
 4156 17002 -2079
 3968 17261 -1986
 3852 16991 -2112
 4007 17248 -2076
 3962 17278 -2058
 4017 16999 -2310
 3806 17309 -2121
 4051 17054 -2180
 4101 17238 -2229
 3953 16926 -2443
 3855 17026 -2829
 3982 17085 -2571
Repetition Start
 3980 16806 -2765
 4282 17598 -2879
 3809 17442 -1895
 1923 15961 -1433
 2876 16174 -1090
 6958 19919 -4058
 4473 19136 -2820
 6752 11765 -2082
 912 11039 1002
 -11150 28179 9720
 -5367 12561 16329
 -5165 9343 15633
 -3546 11014 14481
 -4303 10701 14716
 -5114 11799 14366
 -5046 12305 11914
 -3542 13559 9546
 -39 17988 4776
 3244 17494 -2950
 3819 19779 -2873
 2770 17609 -6226
 4068 17238 -4603
 4524 14715 -4148
 3549 17544 -4191
 3740 17083 -3352
 3502 19894 -2782
 4591 12548 -3240
 5637 19674 -3465
Repetition End
0
 3767 15613 -2828
 3455 17542 -2145
 3566 17118 -2843
 3044 17097 -2489
 3432 18907 -1291
 1384 15251 -1974
 741 8045 -1121
Repetition Start
 -686 9130 1069
 4055 30921 4340
 9444 32702 9440
 5588 32751 10916
 944 17590 -611
 169 -11511 -2489
 5094 4038 1836
 -1908 -233 129
 -2231 1179 -1035
 14586 32647 -10664
 3937 32478 -5738
 -702 32729 -2994
 9350 32767 -4765
 6222 15801 -6659
 -2781 -6681 1630
 -497 2367 645
 4353 -682 -222
 4656 23137 -855
 -5035 32337 2424
Repetition End
0
 7544 28201 -6117
 7204 22883 -2869
 4626 9713 -676
 -1112 15606 10
 1822 13416 -2720
 1987 16973 -4192
 4770 18875 -2760
 3643 15858 -3264
 3600 15445 -3089
 3907 17693 -2881
 3136 16853 -3340
 3719 18063 -3466
 3390 16563 -3102
 3296 17423 -3253
 3351 17353 -3565
 3624 17240 -3412
 3813 18144 -3648
 2898 17204 -2974
 3728 17054 -2959
 3834 17025 -3266
 3744 16827 -3460
 4491 17900 -2415
 3905 14599 -1842
 1864 14916 -2875
 2957 12543 -1897
 5801 9788 -2437
Repetition Start
 4093 17159 -1183
 7153 27641 -4357
 6784 29171 -1827
 10151 32767 2947
 6811 22967 -653
 -3575 -13980 1391
 -142 8922 -1056
 2474 -5223 -1898
 -2148 -537 -501
 5263 18179 -7167
 10407 32765 -7735
 7212 32763 -7105
 3015 31488 -6700
 3689 16267 -1920
 -2491 5803 3465
 -248 -3665 -385
 1011 2027 -2177
 1294 12719 -1633
 13601 32766 -8621
Repetition End
0
 2601 16621 -5883
 3307 21330 -669
 2568 17444 -3824
 1289 15848 -3422
 3232 17643 -3387
 3467 16110 -3827
 2558 16297 -4362
 3273 17403 -3510
 2870 17013 -3783
 3397 16985 -3920
 3649 17612 -3560
 3010 16242 -3225
 3425 16730 -3989
 3549 17213 -4108
 3905 16651 -4456
 2923 17112 -3864
 2982 17825 -4009
Repetition Start
 4091 15378 -5463
 3304 10589 -3207
 610 2340 -2335
 6157 32767 6857
 7081 32767 6634
 7502 32746 4604
 -3281 -818 -3899
 2167 8626 -1539
 1526 -863 -1398
 -2539 -1844 -110
 -125 -914 2639
 5009 32767 1519
 3602 31834 4453
 4810 32767 1889
 8344 32767 1478
 -3083 -13940 2603
 -1848 7756 788
 1171 -3691 -3034
 313 2155 -4162
 1307 32767 1539
 6187 32749 2800
Repetition End
0
 3786 29169 -3134
 310 7717 -1396
 1317 8694 -1548
 2971 22681 -2055
 6072 18981 -4315
 2043 11149 327
 4256 19955 -1376
 3640 17017 -2527
 3451 14790 -2047
 4526 18173 -2583
 3701 16506 -2669
 3792 16410 -2310
 3960 18293 -2204
 3429 17239 -2604
 3801 17397 -2012
 3716 17535 -1922
 3399 16974 -2016
 3426 17324 -2187
 2356 17584 -2767
 2229 17146 -2165
 2867 16908 -2072
 3521 17498 -3446
 3095 17052 -3904
 3818 16383 -3843
 2653 16400 -4682
 3466 15758 -5374
 2870 15871 -6514
 2271 15869 -5717
 2859 16715 -6722
Repetition Start
 1522 14897 -7562
 1492 21548 -4851
 2705 19455 -6798
 2801 20446 -6051
 2317 20582 -5210
 2508 21382 -1023
 317 11692 277
 -1357 11096 -433
 -286 16894 252
 1167 18753 257
 -451 14911 -187
 190 10648 1505
 -929 11291 626
 -3174 24073 2307
 -4606 19347 2375
 2222 27951 -350
 4957 27424 -1598
 2692 22085 -5846
 3545 9059 -1997
 5420 8460 -1453
 6135 11346 -174
 8363 19741 -7551
 2790 14462 -5852
Repetition End
0
 8219 18011 -7511
 4467 18059 -6091
 3581 15794 -6417
 4656 14990 -5498
 7444 15533 -5013
 6011 16174 -3964
 4522 16441 -3908
 5568 16268 -4175
 5984 15906 -4532
 5548 16149 -4323
 4861 16645 -4241
 4938 16664 -4450
 4977 16221 -4373
 4850 16401 -4448
 4940 16739 -4627
 2622 16458 -4075
 2677 17420 -4470
 3645 18457 -3531
 3568 15772 -3703
 5423 16750 -4329
 3615 17829 -3127
 3704 15740 -1956
Repetition Start
 3265 17711 -3313
 3733 16227 -4686
 781 16230 -3797
 2332 16479 -5206
 821 20967 -3080
 2356 20886 -2463
 3849 19930 -174
 1920 15809 2172
 1975 17329 1081
 434 16696 915
 905 16962 -33
 797 17460 493
 539 16193 220
 1288 17951 736
 979 16159 2115
 1832 12684 1795
 1728 18224 4827
 706 21565 4566
 3171 21031 1223
 2734 23453 -1984
 3317 13983 -4720
 367 15563 -3028
 2281 13579 -3303
 5217 15052 -3190
 4195 16147 -3036
 4523 16886 -2681
 3856 18762 -1588
 3090 16871 -650
Repetition End
0
 1799 15986 -556
 3096 17366 -1158
 3615 17075 -1246
 3111 17400 -1124
 3477 17230 -1375
 2763 17736 -1293
 3638 16946 -1194
 3770 17953 -859
 3759 17002 -1240
 3188 17422 -1298
 3491 17620 -1406
 2980 16753 -998
 3189 18139 -1458
 5389 19115 -1886
 2738 18071 -4364
Repetition Start
 3465 16136 -2366
 4739 21681 -2171
 3641 13468 -3492
 4048 12549 -3582
 5447 16318 -6454
 3581 16579 -5590
 6383 17657 -6960
 4571 17596 -7235
 5820 17435 -8451
 3525 19732 -3307
 2957 19382 596
 2124 14769 -2479
 3529 16370 -4117
 3520 15417 -5276
 3901 18011 -4865
 4442 13656 -4491
 3811 21697 -5544
 5604 18959 -3103
 1234 17008 -2333
 7075 13406 -138
 1450 20760 -2789
 2762 23151 4683
 7792 8733 -7543
 5741 30235 -4966
 3559 10872 -4736
 7297 15113 -2350
Repetition End
0
 4791 16620 -4489
 6782 12894 -3853
 2526 22184 -4024
 1765 15447 -3276
 3331 15455 -3852
 -3578 12623 -9484
 799 14387 -988
 9241 18239 -2392
 13077 28528 -7088
 13542 18629 -619
 -17282 5068 1916
 9139 25299 -4926
Repetition Start
 3695 22104 -9309
 17608 -5200 -8631
 22449 26434 -787
 -8307 6318 1942
 509 6912 2263
 -3989 6224 382
 4069 16760 -10600
 18534 32767 1311
 17552 32373 -3984
 -6771 24882 -2941
 5709 6797 -6024
 4682 3517 -3860
 -3037 3259 -4722
 -2235 -1505 3768
 748 -2383 -733
 5630 32767 9993
 7462 32767 12170
 5060 32148 7364
 4888 32409 3109
 3760 31852 -2336
 1241 885 4689
 -869 -4112 -1966
 1832 -1570 -2665
 1882 3477 -808
 2225 11229 -161
 -4093 32762 -2366
 7349 26114 -3673
 2743 10084 -5408
 623 10364 -2635
 2719 17562 -2739
Repetition End
0
 611 15505 -2986
 3000 16164 -1923
 969 12070 -419
 2500 18276 -2924
 11908 32710 -5177
 10312 18476 -1440
 691 6511 -272
 -4031 4679 413
 1424 10321 618
Repetition Start
 -2896 18699 2129
 2533 19454 -5314
 2995 10598 175
 4732 11867 2295
 12140 24650 1834
 6274 26446 1403
 5339 20591 4303
 4177 15141 -224
 9052 23259 3726
 2684 17928 7308
 3090 14413 2253
 395 18934 1273
 1047 6674 2436
 9800 1242 -616
 7722 32642 -6209
 3555 31087 -2181
 7145 13643 1713
 2150 -3676 1377
 -7888 9921 793
 13122 32235 -1681
 10777 27896 -7660
 -3023 22966 931
 8030 -1652 -1946
 -3387 17926 -2147
 4833 13803 -1174
 5646 14810 -2269
 785 19360 -1575
 1897 18365 -1786
 4739 18016 -2542
 4117 16898 -2781
Repetition End
0
 4216 16770 -2792
 3670 17465 -3000
 2908 17372 -3052
 3621 17069 -3803
 3136 17153 -3875
 2906 17352 -3885
 3187 17202 -4107
 2973 16983 -3971
 2748 17053 -4312
 2756 16947 -3987
 2981 17287 -4078
 2958 17112 -3557
 2894 17064 -3736
 3092 17358 -3451
 2788 17070 -3930
 3050 16882 -3686
 2515 17102 -3412
 2457 17123 -3533
 2143 16976 -3889
 2981 19169 -2331
 4878 16811 -2659
 3595 15974 -3830
 1784 18544 -749
 3811 11403 -848
 -1150 22311 -4994
 7336 24734 -2890
Repetition Start
 4544 16844 -6144
 -1935 11677 1943
 -5568 15483 -17
 9606 15793 -3779
 10249 22243 -6579
 4768 22663 1703
 -503 16384 -1982
 -1896 15666 671
 2650 22215 5282
 5459 17288 801
 -816 26245 1920
 3625 20430 2867
 12322 14713 -740
 5380 20148 -3981
 1968 20610 1432
 3764 9945 1782
 -4723 7004 2831
 2597 11010 -984
 10667 13966 -9666
 -973 12252 629
 6057 18504 2633
 -105 19254 -1610
 2627 13845 -2314
 4668 16618 -4385
 2460 17003 -3324
Repetition End
0
 1541 14920 -3664
 3492 17943 -4026
 3410 16687 -3522
 2597 17433 -3172
 2547 16855 -3404
 3236 17299 -3808
 3482 17411 -3828
 2408 16683 -4106
 2703 16766 -4621
 1971 16603 -4820
 2813 14735 -4640
 4067 16350 -5574
 2562 15519 -6991
Repetition Start
 2964 14470 -2349
 -2332 6546 -1401
 6690 32767 8523
 10621 31211 -2339
 10168 32767 404
 3986 19610 -4263
 -3830 -14298 2608
 3702 13789 1300
 1399 -222 -2520
 -2671 -6007 -1333
 555 5888 1847
 17733 32763 -8997
 12383 32767 1798
 -578 15881 -4643
 -2120 7486 6954
 1195 -7566 -3471
 1378 4456 -2812
 599 4607 186
 3832 32767 10817
 9368 17982 446
 2901 9675 760
 1191 8334 644
Repetition End
0
 4921 25388 -1087
 5399 13154 -4180
 3851 18941 1017
 5192 15683 -1332
 3355 18529 -2553
 4141 16968 -2352
 4300 16961 -2265
 3923 17412 -2197
 4497 17003 -2611
 5108 16908 -2526
 4634 16726 -3256
 4487 17092 -2791
 3969 17373 -3296
 3856 16996 -3106
 4028 17261 -2895
 4131 17015 -3601
 4045 16808 -3480
 4139 16911 -3371
 4638 16703 -3367
 3920 16753 -3601
 3909 17135 -3757
 4104 16800 -3754
 3034 16769 -4398
 3472 16521 -4193
 3851 17301 -3357
 3014 14675 -2903
 2515 8665 -1663
 1460 5440 1317
 4068 29921 1625
 5420 26284 68
Repetition Start
 996 18355 2836
 843 15775 616
 -1 21846 -3520
 3936 12723 -5020
 1685 10707 -3986
 1397 5043 -4767
 766 32288 2818
 3351 12839 -649
 1152 12778 1684
 2053 8450 -21
 669 24597 -1868
 1437 29516 -4063
 5635 24482 -3563
 1551 21991 -1822
 1916 22417 -2167
 -1948 3166 -4470
 6910 11792 -2977
 4252 16774 -5514
 6759 17801 -4294
 5066 14787 -4390
 3692 26731 -2660
 -2642 22574 -148
 470 11512 -2472
 3974 12712 -3653
 4046 20049 -91
 5450 15616 -4379
 2561 15785 -2205
Repetition End
0
 2862 18812 -1044
 2837 16372 -895
 2906 19494 -2175
 1104 18263 867
 -1166 9729 -1631
 -72 7603 2557
 266 20928 1109
 9736 28885 -2496
Repetition Start
 4812 27585 -3203
 753 20595 -5631
 5574 10765 -3055
 -125 5233 1546
 16490 13664 3217
 9871 21172 7625
 7823 9443 3504
 9862 9675 1717
 5664 13332 6103
 12424 20515 8095
 12235 28154 9038
 14255 25982 9044
 1196 8338 121
 981 2690 -1593
 -2282 10507 -4236
 1165 20563 -245
 4027 19669 -3985
 4934 23580 -2732
 2173 20819 -1542
 3308 20609 -2019
 2593 17374 -712
 1573 14519 -1062
 1796 14437 -2079
 3186 15622 -1953
 3339 15282 554
Repetition End
0
 3306 21260 -829
 4485 16398 -1162
 2382 15021 -1449
 4439 19631 -2306
 4922 17069 -2553
 5230 16693 -2420
 3834 17522 -2092
 3828 17424 -1674
 3749 17166 -1158
 3747 16967 -1548
 3627 17212 -1607
 4050 17239 -1376
 3676 17104 -1167
 3690 17405 -1767
 4282 17506 -1664
 4192 17778 -812
 2906 17265 -402
 3592 17414 41
 2694 16956 -1913
 5339 15161 -1229
 2343 16834 -1267
 1989 12794 -2140
 2224 14741 -2015
 4547 15794 -2661
 3928 13175 -2219
 3564 17640 -211
 1521 16007 1507
 2441 19208 2105
 3311 22458 4337
 3070 24675 6840
 3321 23619 6643
 2809 23054 5867
 3282 21067 4279
 4067 19853 4397
 2931 16875 3509
 2113 11859 1816
 1069 9657 581
 2293 9011 -809
 5266 17150 -1892
 6017 18270 -3016
 4271 17342 -2134
 2235 17378 -1898
 3157 18436 -1609
 2925 16744 -2730
 4766 17070 -2946
 4779 17469 -3205
 3891 16749 -3359
 4222 16907 -2810
 4182 17077 -3187
 3373 17108 -2916
 3504 17467 -3348
 3185 17298 -2761
 3012 16928 -2383
 3721 17099 -2505
 3655 17107 -2647
 2768 17025 -2892
 2538 17248 -2974
 2590 17087 -2665
 3414 16540 -3282
 3166 19485 -3006
Repetition Start
 2615 16619 -3557
 2349 16558 -3624
 3005 16709 -3754
 2255 17110 -4386
 1406 18191 -4071
 2051 18871 -4080
 1624 18642 -3928
 852 20060 -2552
 281 17036 10
 384 17617 386
 -494 15848 1847
 94 16297 2533
 392 17890 3094
 -639 18417 3155
 68 17871 3342
 666 17665 3288
 37 16696 3189
 -263 15869 4083
 -1027 15379 4451
 -1157 16358 3938
 555 19582 2581
 2910 20856 -388
 6873 19432 -5648
 1792 19622 -3519
 2159 12355 -1872
 4469 17848 -2751
 3286 17716 -2348
 1909 18863 -1448
 -3389 19882 -1530
 3177 16297 -787
Repetition End
0
 2378 16525 -2427
 707 18242 -1382
 1318 18946 -1416
 3699 18770 -2612
 2570 16135 -1143
 2831 17746 -704
 3125 17950 -513
 1875 17145 -351
 2358 17411 26
 2647 17207 -276
 3830 18326 -845
Repetition Start
 2546 16867 -1184
 2494 16418 -832
 3566 16550 -515
 2902 16817 -2126
 3794 17755 -2675
 3458 16376 -3181
 3214 16475 -4191
 5960 19040 -3976
 5507 19984 -121
 4897 17208 299
 6546 20710 1711
 5157 19866 2202
 5253 16887 1719
 6008 16728 2399
 6040 15434 2212
 5297 16214 2301
 4966 15532 2724
 5909 15817 2972
 4769 15136 2933
 5791 15979 2564
 6214 17035 2085
 4966 18106 219
 5615 22901 -2807
 -1126 14305 -7590
 7335 25567 -1747
 3762 14603 -5187
 1745 16810 -3334
 2639 17462 -2872
 2991 16332 -3794
 3108 17774 -1132
 4345 17415 -1827
Repetition End
0
 4400 16219 -1487
 4082 16319 -1816
 3983 16476 -1846
 4652 17220 -1569
 4287 16888 -1949
 4465 17390 -2501
 4450 17072 -2497
Repetition Start
 4436 17064 -2294
 4413 16746 -2735
 4121 17309 -3087
 4963 16713 -3008
 4431 17545 -3501
 3635 15907 -3652
 4191 16739 -3071
 4916 16106 -3960
 1266 16888 -3393
 2893 17618 -3885
 2700 16826 -3545
 1232 20209 -2402
 2020 17232 -1632
 2142 18766 1279
 836 16274 -1264
 1273 17327 97
 1748 18186 144
 562 18467 -326
 1528 19177 -46
 1770 18849 -588
 827 18187 37
 1291 17727 -131
 2060 17472 -147
 1205 16420 -271
 2284 17092 -1041
 3929 18931 -872
 2202 18977 -3010
 4345 17338 -4360
 4372 16134 -4128
 5109 16244 -3448
 4221 16752 -3212
 3784 16871 -2718
 4024 17503 -1571
 2635 16999 -1907
 4385 16318 -1506
Repetition End
0
 3761 17378 -1906
 3074 16733 -1338
 3234 17622 -1635
 3548 17478 -1580
 3026 17245 -1497
 3379 17337 -1663
Repetition Start
 3033 17023 -1286
 3771 17070 -1427
 3341 17158 -1329
 4070 19468 -787
 3024 17772 -2121
 3890 16874 -2475
 2626 16316 -1483
 2290 16915 -1400
 2726 16886 -2171
 2640 17136 -2697
 2799 18330 -2478
 3265 17330 -4473
 5056 19399 -2998
 3909 18018 -3433
 3799 15690 -563
 5770 16161 891
 4766 17615 2577
 4648 16551 2867
 5478 16135 1118
 5420 16937 1975
 5621 16586 1195
 5515 17759 1054
 6494 18473 201
 5278 16914 -654
 5826 17365 -69
 5768 16741 -436
 5941 16851 13
 4616 18173 732
 4446 16363 -4241
 4917 17922 -2980
 2605 16649 -2983
 2665 14472 -2456
 1872 17859 -1918
 2247 17359 -1732
 2263 16779 -2220
 2527 16513 -1589
Repetition End
0
 2301 16599 -1807
 4205 17427 -1933
 3016 16072 -1647
 3691 17655 -1550
 3526 16812 -1832
 3524 17088 -1653
 3529 17219 -1533
 3656 17334 -1524
 3629 17175 -1573
Repetition Start
 3633 17154 -1606
 3723 17014 -1701
 3499 16905 -1478
 3896 16056 -1528
 4816 18520 -1866
 4131 16859 -3386
 4104 17444 -2535
 3904 16324 -3317
 4619 16422 -3623
 3729 17621 -3359
 3960 18411 -4386
 4559 18324 -4078
 1724 17422 -1867
 2266 16680 -1221
 2764 16582 -647
 1037 18298 -365
 2819 17559 -866
 2667 17278 -1029
 2305 18043 -1064
 2623 17478 -1183
 2339 17616 -891
 2177 17683 -986
 2288 17596 -853
 2219 17348 -589
 2296 17598 -634
 2087 17214 -1138
 2019 16813 -1097
 1929 16811 -1158
 4224 20215 -1091
 4676 17195 -5104
 5451 25047 -4612
 468 17783 -3781
 3874 13938 -2239
 5477 17296 -2797
 3524 17429 -3890
 2955 18868 -2154
 2832 20594 -1947
Repetition End
0
 3206 14463 -2043
 3696 17767 -2095
 3084 16613 -2460
 3408 17638 -2374
 3609 17050 -2152
 3262 17051 -2123
 3409 17498 -2307
 3602 16992 -2396
 3257 17400 -2560
 3480 17112 -2130
 3805 17266 -2702
Repetition Start
 3435 17178 -2630
 3550 16051 -3612
 2626 19468 -1129
 2518 17318 -3773
 2707 16819 -3256
 768 16135 -3653
 2003 17214 -3089
 2427 17104 -4508
 2263 15987 -4503
 2541 17034 -5763
 2815 17272 -5216
 3477 16674 -6267
 3511 17494 -3695
 2680 18918 -3476
 2967 16771 -3100
 3094 17564 -2462
 4697 18212 -2150
 5730 17496 -1815
 3911 16375 -1979
 4363 18249 -1547
 5873 17513 -2039
 4547 17303 -1924
 4921 17180 -1663
 4915 17444 -1362
 4463 16894 -1249
 4809 16981 -12
 4743 17858 148
 5648 21276 -636
 4416 19590 -3836
 948 13564 -7124
 4367 21532 -4101
 3259 16283 -3474
 2874 16042 -1969
 1643 17587 -2170
 2601 17091 -2991
 3448 16972 -2134
 6003 18358 -990
Repetition End
0
 3729 14051 -716
 3533 18354 -1064
 5188 16669 -1765
 4533 16974 -1656
 4344 17202 -1593
 3930 17674 -1485
 4144 16707 -1845
 4144 17018 -1720
 4104 17202 -1571
 4064 17217 -1790
 4294 17210 -1907
 4129 17111 -1958
 3822 16406 -1975
Repetition Start
 4156 16174 -1845
 3770 17376 -2055
 4078 16955 -1954
 4138 17174 -2405
 3404 16636 -2444
 4189 16144 -2987
 4103 16927 -3152
 2565 17255 -3205
 2294 16858 -3619
 3183 15972 -4910
 2134 20643 -3581
 2658 22461 -3974
 3808 17518 -2380
 3919 17182 -1515
 3164 17508 -1450
 3180 17987 -1220
 4041 17312 -1532
 2832 16493 -1718
 2984 17115 -1392
 3480 17370 -1407
 3047 17412 -1473
 3060 17490 -1801
 3011 17197 -1840
 2661 17021 -2159
 2713 17393 -1881
 2688 15456 -2157
 3131 18083 -1407
 3618 21835 -1149
 3776 19272 -3494
 3969 20812 -5710
 892 13759 -4017
 5761 15694 -1940
 3970 16543 -1795
 2637 16949 -3252
 3300 17504 -1923
 3879 23172 -2468
 1561 15374 -1953
Repetition End
0
 3257 16200 -1963
 3557 16725 -2761
 3530 17897 -2522
 3223 16913 -2427
 3188 17151 -2283
 4089 16897 -2530
 3894 17333 -2724
 3461 17426 -2755
 3096 17402 -2284
 2800 17040 -2573
 3077 17761 -2358
Repetition Start
 2583 16885 -2878
 2704 17159 -2896
 2429 16557 -2900
 2548 17703 -2807
 2783 16417 -3507
 2649 17363 -3341
 2843 16729 -3600
 2889 17003 -3985
 3429 15555 -4874
 5255 19213 -4765
 4280 19880 -1700
 3206 18261 -577
 3815 17123 -1420
 3920 15948 -1389
 4190 17861 -1947
 4719 17709 -2019
 3815 17158 -2533
 3984 17243 -2418
 5072 17761 -2557
 4355 17758 -2564
 4119 17057 -2235
 3820 16958 -2178
 4220 16193 -2278
 3374 16521 -2075
 3346 18148 -1419
 2514 20286 -3593
 -639 17401 -6913
 4232 16720 -5128
 326 18003 -5051
 1986 15146 -3645
 731 17127 -3049
 2118 17189 -4020
 2400 16795 -2941
 1815 16595 -2903
 1763 17872 -2208
Repetition End
0
 2735 16941 -2408
 3065 16652 -2126
 2991 17665 -1797
 3357 17426 -1793
 3437 17122 -1473
 3410 17055 -1606
 3655 17344 -1431
 3820 17131 -1709
 3623 17189 -1621
 4022 17070 -1556
 3940 17003 -1869
 3916 17142 -2048
 3887 16931 -2031
 3400 16705 -1996
 3241 17587 -1971
 4220 17149 -2193
Repetition Start
 4187 18305 -2120
 3893 16486 -2395
 3815 16815 -2111
 3783 16657 -2570
 3504 17350 -2062
 3707 17255 -2832
 4149 16792 -3762
 3724 16539 -3387
 2196 19903 -2458
 3326 19891 -1684
 4124 15848 -1115
 3061 17087 -1180
 2802 17793 -1447
 2470 18087 -836
 3483 17194 -923
 2514 16625 -1004
 2252 17384 -987
 3271 17436 -1416
 3877 17775 -1347
 3126 17636 -985
 2819 17513 -899
 2300 17165 -736
 2618 17486 -816
 2458 17453 -628
 2108 17014 -839
 2687 17139 -647
 2360 17431 -673
 2998 17023 -643
 2177 18401 802
 4636 20283 -2551
 3397 18354 -5463
 3805 18530 -2392
 3392 13886 -2443
 4559 15984 -2123
 3986 17815 -2469
 4260 16984 -2374
 4230 18387 -1857
 2976 19775 -2087
 3514 16382 -1878
Repetition End
0
 2847 17216 -1622
 2733 16921 -2339
 2416 17677 -1853
 2623 17780 -1792
 2853 17180 -1832
 2962 17174 -2143
 2995 17333 -2179
 2874 17331 -1998
 3123 17318 -2239
 3250 17205 -2354
 3368 17127 -2846
 3947 17196 -2765
 3600 17175 -2683
 2915 16689 -2522
 2679 17929 -2277
Repetition Start
 3161 17827 -2928
 2940 17325 -3059
 3092 17102 -2610
 1595 16700 -2295
 2566 16552 -3183
 2900 17166 -4069
 3622 18459 -4003
 1578 16202 -5648
 3765 17916 -4236
 6273 21373 -2193
 2824 18102 -1314
 4446 16549 -1220
 5337 15800 -1983
 4229 16539 -1980
 4628 17944 -2017
 4871 17060 -1946
 4842 15828 -2084
 5049 16976 -1881
 5019 17229 -1856
 4550 16407 -1723
 4605 16661 -1607
 4799 17812 -1099
 4711 17239 -1308
 3946 16544 -1033
 3613 17409 -832
 5328 18303 -583
 -243 18575 -2990
 5259 22231 -3624
 3498 16189 -3525
 1792 14369 -2057
 1055 16781 -1426
 2541 18223 -1454
 2856 17050 -1241
 2664 17421 -1214
Repetition End
0
 3152 17941 -703
 3587 17359 -509
 2900 16895 -847
 3188 17655 -1255
 3192 17002 -1019
 3305 17445 -1084
 3623 17441 -1037
 3621 17257 -1235
 3363 17278 -1456
 3634 17336 -1417
 3259 17128 -1353
 3377 17323 -1192
 3418 16539 -1695
 3201 16392 -1300
 4757 19598 -1147
Repetition Start
 4631 17592 -3098
 3402 17102 -2705
 3999 16417 -2679
 3952 16215 -2315
 3614 17003 -2841
 3184 17286 -3447
 4303 17284 -3577
 3470 23587 -1663
 4049 16155 -3267
 3469 20748 97
 3047 15417 -603
 2581 16467 -568
 3441 17610 -1059
 2711 16829 -1445
 2651 18196 -1102
 2940 17524 -1323
 2864 17690 -1054
 2797 17751 -611
 2535 17112 -464
 2951 17207 -432
 3016 17290 -268
 3075 16903 -698
 2642 16968 -1169
 2464 17312 -1428
 3179 17691 -920
 2605 17733 -1644
 4991 19041 -3944
 2479 19661 -5363
 3813 18537 -4021
 3462 14097 -2565
 3648 15982 -1951
 4505 17893 -2898
 3773 16863 -2872
 3684 16865 -2213
Repetition End
0
 2603 16422 -481
 4162 14680 -1779
 3651 16906 -1438
 3755 17411 -2677
 3243 17139 -1480
 3835 17426 -1920
 3881 17676 -2305
 3704 17142 -2175
 3848 17358 -2189
 3886 17092 -2371
 3953 17175 -2216
 3740 17166 -2406
 3760 17005 -2484
 3837 17230 -2341
 4018 16808 -2378
 3830 16558 -2395
 3509 18530 -2026
 2900 16932 -2706
Repetition Start
 3048 18131 -2801
 3108 17099 -2561
 2508 16706 -2316
 2372 16324 -2914
 3445 17822 -3236
 3258 18168 -3542
 2462 16410 -4303
 3681 17798 -3175
 4603 16547 -1815
 4346 16465 -1430
 4196 17485 -2559
 5120 16846 -1797
 4524 16447 -1737
 4273 16376 -2965
 4730 17136 -3139
 4318 17473 -2899
 4825 16928 -3697
 4596 16702 -3593
 4350 17012 -3124
 4627 17541 -2808
 4694 17060 -2634
 4418 16912 -2078
 4033 16165 -2257
 4503 17506 -1253
 4720 17850 -969
 3219 19094 -2354
 2487 18600 -3625
 4821 19325 -4146
 3130 15095 -3450
 487 14464 -1240
 1556 17971 -2006
 2479 18451 -2301
 2764 16488 -2227
 2832 17301 -1767
Repetition End
0
 3258 19572 -1000
 2756 16389 -1755
 2788 17330 -2079
 3571 17597 -1982
 3023 17030 -1672
 3063 17171 -1264
 3332 17253 -1451
 3139 17123 -1625
 3113 17368 -1573
 4114 17562 -1837
 2030 17799 -1518
 1427 17190 -1059
 1627 16290 -95
 3813 19877 -457
Repetition Start
 3262 18284 -1158
 1331 17744 -1796
 3968 16848 -2195
 3764 16579 -2221
 2959 16850 -2500
 2747 17857 -2384
 3829 17629 -3517
 3401 18145 -2873
 2693 19476 -830
 3027 18607 -351
 2155 15646 -327
 1586 16962 -461
 2545 17507 -779
 2205 17216 -1096
 2210 17768 -1356
 2270 17426 -1335
 2039 17797 -1293
 1958 17829 -1358
 1817 17665 -626
 1419 17573 -463
 1255 16922 -166
 1217 16630 958
 1880 17309 1433
 2088 16273 460
 4469 20858 -218
 4031 16946 -5464
 3858 20156 -3812
 1502 14840 -4626
 5510 15317 -2872
 5392 17343 -3779
 3342 16836 -3297
 3415 16854 -2177
 4480 17930 -2846
 4629 20049 -2847
Repetition End
0
 3952 16594 -2163
 2884 16243 -1984
 3491 16887 -1923
 3051 17092 -1611
 3268 16799 -1744
 3080 17254 -1652
 3537 17054 -1963
 3247 17287 -2049
 3200 17370 -1830
 3380 17429 -2222
 3586 17364 -2131
 3387 17168 -2129
 3228 17318 -2084
 3394 17352 -2397
 3530 17247 -2255
 3326 17627 -1679
 3523 16702 -2018
 3678 17300 -2180
 3635 17862 -1982
 3295 16872 -2250
 3155 17533 -2450
Repetition Start
 3281 18247 -1308
 1987 18287 -2258
 1529 16460 -2592
 1295 17016 -1858
 1910 16217 -3470
 1412 16289 -3524
 867 15363 -3719
 2534 14801 -5296
 2235 12953 -5397
 4591 18574 398
 2668 14314 -158
 5033 17316 316
 4163 22797 2119
 5115 22049 4250
 3349 24091 4577
 5541 23616 3716
 4649 20381 3657
 3899 19427 3593
 3761 19412 3695
 4846 20507 3045
 3954 16017 -1587
 -1612 1946 -6344
 5908 23899 -2098
 1309 13404 -1959
 2699 16806 -1812
 3923 16384 -2965
 2364 15962 -1036
 2591 16044 -2401
 4473 18943 296
 5957 16266 -3028
 2794 17236 -975
Repetition End
1
 4600 17479 -1477
 4472 17193 -2084
 3759 16872 -1834
 3650 17226 -1772
 4186 16999 -1987
 4126 16993 -2179
 3774 16278 -1653
 4139 16253 -1288
Repetition Start
 4861 18106 -2359
 3720 16683 -2548
 3938 15478 -2574
 4633 15750 -3070
 3028 14157 -3626
 2491 14928 -2971
 3727 12991 -4177
 2850 15018 -3206
 4171 20716 -285
 3024 16958 2922
 4685 18100 1139
 3228 22763 1879
 2777 21736 1883
 3411 21489 1291
 2412 19217 842
 1948 20995 1403
 2085 18940 3009
 1990 19567 3874
 3014 18856 4344
 2911 19609 3842
 3926 17684 2116
 3591 7466 -5108
 1173 18020 620
 3134 10380 -1626
 5873 15476 -2731
 6489 18642 -2845
 3783 17415 -3601
 4301 15656 -2235
Repetition End
1
 4664 17326 -1711
 6501 16790 -1337
 6157 16520 -1637
 4844 16239 -1247
 5075 17197 -1197
 4990 16889 -2000
 4913 16328 -2233
 4967 16986 -2353
 4876 16992 -2324
 4800 16769 -2036
 4729 16121 -1913
 5528 17525 -2010
 3477 15988 -2668
Repetition Start
 3776 17212 -3243
 4211 17278 -4084
 3110 16163 -3588
 3006 15882 -3894
 2221 15396 -4861
 3637 15467 -5277
 1194 12320 -5648
 3549 12559 -6392
 5221 20834 -2581
 3662 14278 2063
 5265 21446 1471
 4246 20014 1704
 5764 20123 547
 4155 21491 1439
 5305 21735 -318
 3778 20592 1192
 5076 22146 1749
 3859 20543 1357
 5177 18882 1694
 2724 15892 1230
 6399 18476 -3289
 1210 11356 -7166
 5449 21130 -1317
 665 14045 -5129
 6656 15649 -5583
 3621 14767 -4260
 546 14500 -1545
 4058 18057 -1420
 7522 14242 -5149
Repetition End
1
 4245 15607 -3195
 3675 16636 -2327
 4451 17793 -2941
 3658 16403 -2661
 5064 17258 -2635
 3744 17127 -2701
 3702 16861 -2419
 4312 16981 -1979
 3783 16479 -1426
 5090 17942 -2241
 4051 16382 -3018
Repetition Start
 4164 17054 -2223
 4637 16327 -2993
 3901 15824 -3482
 3620 16101 -2843
 3483 15303 -3561
 2247 14821 -4442
 2821 12738 -3410
 1844 18583 -1195
 4759 18253 -2504
 1786 15173 -1320
 3996 20658 361
 4517 21431 562
 2813 22371 680
 3702 22446 492
 4914 21542 2184
 3550 18518 790
 4115 19813 497
 3485 20516 -95
 3806 21125 -722
 2426 18308 -187
 4309 7772 -7659
 2353 15422 -646
 6382 13119 -2526
 5496 16216 -2556
 5184 14057 -1920
 5543 16046 -1621
 5493 17954 -3003
 4216 17140 -2579
Repetition End
1
 5698 17093 -2639
 4132 15926 -2996
 4215 16810 -2777
 4620 17197 -2849
 4551 17043 -2763
 3893 17120 -2250
 3711 16949 -2238
 3842 17392 -2119
 3617 17144 -2079
 3706 17224 -2082
 2986 17083 -1629
Repetition Start
 4370 19028 -1309
 3261 16048 -1681
 2364 18086 -1564
 3638 16435 -1978
 2490 16987 -1125
 2111 16505 -1996
 2946 17495 -2178
 2394 16319 -2800
 2180 16295 -3565
 2480 14915 -4497
 2052 12812 -3909
 6823 15560 -2848
 2313 16264 2438
 4377 17132 2458
 4484 22176 3537
 3081 17838 5052
 6612 20666 4939
 6895 22395 4493
 5863 22168 4524
 5029 19998 4851
 5132 18270 4816
 4363 17129 4065
 5420 17653 4785
 6100 16417 3355
 4862 16269 -1646
 -726 6689 -5119
 5442 23899 -2818
 3975 14748 -3162
 2621 15344 -1986
 3217 15583 -3125
 4605 18659 -2444
 2674 16037 -3402
Repetition End
1
 5288 17796 -2445
 3213 17785 -2233
 3452 16302 -3431
 3655 17437 -2642
 3071 16645 -2596
 3220 17275 -2771
 3553 17549 -2297
 3368 17054 -2528
 3525 16659 -2300
 3026 16637 -1902
 3627 17000 -1826
Repetition Start
 3325 17688 -2383
 4052 17523 -2947
 2982 16407 -3069
 3539 16121 -3417
 4440 15408 -3675
 3305 14226 -4642
 1946 16392 -4052
 1822 12831 -5212
 1767 16086 -2440
 3131 18952 -1955
 2625 19039 -478
 2444 17627 1185
 3225 20018 639
 2426 18714 17
 2649 20518 1127
 1397 20355 207
 3784 21377 -434
 2785 21142 634
 2482 20732 739
 2077 19124 984
 2773 21306 657
 2112 22125 528
 3387 17301 -2179
 138 -1285 -8558
 3549 19264 -2883
 3400 19136 -4491
 2854 12946 -4140
 3693 18539 -2081
 3019 15924 -3041
 3743 16397 -2050
Repetition End
1
 1012 16169 -527
 3401 15225 -2353
 3178 18494 -3190
 3812 17357 -3588
 4966 16939 -2757
 3982 17150 -2299
 3792 17110 -2161
 3693 17049 -2330
 3756 17250 -2174
 3757 17323 -2110
 3658 17105 -2045
 3801 17358 -1961
 3647 17199 -2072
 3458 17262 -1886
 3665 17179 -1822
 3573 17397 -1700
 3558 17201 -1699
 3590 17275 -1837
 3553 17312 -1850
 3482 17292 -1778
 3816 17208 -1916
 3643 17198 -1862
 3582 17244 -1982
 3570 17188 -2025
 3514 17280 -2159
 3566 17229 -2304
 3693 17201 -2145
 3700 17203 -2353
 3725 17259 -2321
 3549 17226 -2368
 3702 17231 -2402
 3693 17287 -2221
 3590 17220 -2214
 3477 17148 -2512
 3532 17066 -2310
 3514 17305 -1981
 3486 17247 -1933
 3569 17249 -1821
 3454 17157 -1935
 2831 17372 -1703
 3309 16894 -1417
 4237 16854 -1808
 3676 17451 -1606
 3366 17533 -1598
 4226 17014 -2324
 3924 17630 -2375
 3554 17302 -1711
 3325 17316 -1840
 3598 17117 -1668
 3768 17157 -1768
 3442 17308 -1740
 3476 17285 -1950
 3575 17178 -2046
 3612 17343 -2176
 3661 17160 -2365
 3565 17306 -2342
 3560 17257 -2470
 3377 17199 -2634
 3554 17208 -2693
 3476 17284 -2562
 3561 17350 -2539
 2994 16237 -3360
 4840 17289 -3422
 3512 16991 -1621
 3750 16675 -2047
 2891 12613 -3030
 338 -4435 -431
 18266 32596 -4345
 7517 32767 -4647
 7592 27852 -826
 -4987 -8362 -13324
 2564 11196 1126
 -177 1474 -1681
 215 3847 -2257
 4812 15589 -7335
 9123 18556 9099
 6976 26832 19179
 -2466 17036 19113
 9933 21042 18692
 6425 20752 13186
 6439 22835 6167
 11069 14343 -5490
 -2647 3928 -4640
 1256 10267 -247
 581 8224 -1695
 -837 16875 -2690
 8901 17082 -3218
 5357 24680 5748
 1015 10279 -246
 210 5414 2599
 6124 16926 -2369
 2397 15713 -1387
 1551 16917 -2989
 3513 17035 -2574
 4025 16826 -2239
 2627 16673 -1316
 4246 18601 -1912
 2770 17320 -1847
 2751 17427 -1640
 2905 17096 -850
 3042 17293 -952
 2749 17339 -1051
 2849 17407 -683
 3042 17592 -1095
 3433 17205 -1051
 3388 17170 -955
 3569 17277 -928
 3742 17329 -1086
 3780 17199 -1278
 4059 17299 -1427
 3875 17169 -1489
 3987 17211 -1247
 3821 17183 -1502
 3957 17188 -1344
 3790 17197 -1390
 3793 17347 -1279
 3928 17268 -1272
 3697 17165 -1219
 3836 17373 -1085
 3537 17239 -1022
 3504 17228 -776
 3463 17168 -906
 3503 17296 -921
 3497 17407 -854
 3555 17274 -1026
 3603 17467 -885
 3435 17305 -965
 3776 17228 -819
 3631 17275 -948
 3690 17257 -920
 3692 17238 -1034
 3621 17295 -1009
 3739 17328 -902
 3663 17270 -945
 3694 17285 -861
 3882 17222 -733
 3663 17130 -757
 3832 17219 -827
 3775 17309 -960
 3719 17280 -978
 3824 17294 -903
 3851 17374 -1073
 3558 17029 -1180
 3385 17232 -1201
 3663 17636 -1207
 3637 17007 -1820
 3033 17137 -1372
 3469 17193 -1509
 3889 16591 -2117
 4177 17603 -2591
 3067 17534 -2660
 4540 16682 -4043
 4410 16296 -3937
 3831 17071 -3955
 3149 16373 -4662
 39 15241 -4456
 3596 11437 4079
 228 15377 7960
 -437 27882 16029
 -1705 28100 15395
 1887 23090 12273
 3941 19344 7392
 3078 4063 -2531
 2260 14059 -1019
 2429 9683 -1295
 3342 18468 -2360
 5291 19493 -4559
 5167 19797 -2040
 3136 20404 -1632
 3284 15639 -2764
 4241 16809 -2195
 3059 17588 -1385
 3416 17200 -457
 3372 17201 -1019
 2752 17335 -1192
 3006 17428 -757
 3259 17380 -819
 2764 17447 -839
 3053 17567 -858
 3338 17410 -880
 3354 17434 -1022
 3406 17345 -579
 3461 17148 -826
 3597 17224 -1215
 3696 17163 -1467
 3691 17311 -1442
 4022 17163 -1704
 3605 17280 -1530
 3842 17146 -1482
 3705 17026 -1312
 3796 17165 -1778
 3370 16698 -1473
 2944 17488 -1783
 1927 18001 -2393
 2649 19076 -2155
Repetition Start
 1733 16518 -2152
 358 16388 -1349
 2052 16534 -2790
 1780 15129 -3519
 4594 14145 -420
 11095 13005 9833
 4531 19294 15241
 5284 19458 15702
 6702 18856 13202
 6286 17172 8681
 8477 18408 6130
 4417 12679 -1176
 999 12103 1764
 573 14817 -1889
 4744 17021 -2798
 3398 15585 -2682
 2291 17373 -1646
 4114 15978 -3422
Repetition End
1
 5307 18062 -2765
 3752 18300 -1707
 4158 18233 -1961
 4775 17848 -1659
 3818 16236 -1031
 4094 17060 -762
 3096 17821 -283
 3299 17007 -265
 3450 17002 -124
 3276 17662 -374
 3243 17272 -472
 2995 17286 -803
 2950 17488 -956
 2752 17305 -1129
 2730 17811 -1182
 2576 17380 -1402
 2722 17259 -1642
 2719 17272 -1416
 2485 17378 -1238
 2779 16551 -2288
 4925 18046 -1943
 4273 16897 -2534
 4134 15807 -3379
 4533 16408 -3168
 3200 12710 -3115
Repetition Start
 816 4478 -4252
 1480 12456 959
 4284 32767 10737
 1530 28156 18237
 -3927 22635 19685
 -1702 20832 15608
 3212 21995 -1825
 1279 2574 -1127
 -51 4817 -1684
 3396 12966 -1341
 6530 20843 -3204
 4254 23488 -3916
 1823 20805 -1763
Repetition End
0
 -984 17438 -1894
 4365 15337 -3610
 3145 18154 -3726
 3221 16404 -3009
 3392 17550 -2415
 3242 17062 -2650
 3453 17049 -2556
 3779 17291 -2480
 3649 17225 -2097
 3667 17205 -1859
 3425 17101 -2006
 4166 17426 -2093
 4011 17103 -1687
 2995 17120 -1579
 3308 17243 -1791
 3873 17328 -2311
 3521 17168 -2275
 4156 17138 -3015
 5167 16476 -3043
 4671 16401 -2278
 2645 16289 -2442
 2524 18822 -2964
Repetition Start
 4174 15690 -2603
 1550 15046 -2136
 529 12657 -2050
 3501 8686 -5576
 3420 13465 4
 8938 22723 5540
 5788 28481 17863
 7451 23817 19116
 7082 19084 14740
 8788 18805 5144
 -2833 -3013 -1680
 1707 14690 -2402
 -424 12472 -1095
 3453 15111 -4300
 2227 17853 -2807
 5560 16759 -2097
Repetition End
0
 7103 19429 -4427
 8380 12837 -5261
 2216 13565 -1915
 2609 15854 -3486
 5306 16277 -3517
 3882 16761 -4226
 3930 17983 -3210
 3467 16558 -3408
 3606 17148 -3003
 3758 17108 -3159
 3537 17078 -2960
 3894 17265 -3070
 3552 17305 -2719
 3267 17469 -2829
 2960 16783 -2654
Repetition Start
 3366 17663 -1401
 4014 18075 -3239
 3672 18381 -2323
 2420 16205 -3577
 4878 15987 -3168
 3706 13068 -2959
 841 6998 -2193
 2441 15604 -2061
 -1818 21529 11171
 -1191 28632 19027
 -2244 22690 16257
 -2992 23307 16415
 -853 19068 2936
 2580 -951 -1994
 -991 12152 -1012
 4313 11247 -1708
 2128 14767 -2009
 4112 21976 -1538
 5902 26574 972
 2998 17934 -2785
Repetition End
0
 2487 11490 -2521
 5408 19844 -1910
 3375 16270 -2849
 3917 17009 -2440
 3613 16424 -2402
 4021 18579 -2775
 3990 16429 -2859
 3451 17914 -2188
 3613 17335 -2544
 3547 17237 -2368
 3704 16837 -2550
 3621 17192 -2550
 3692 17118 -2790
 3875 17614 -1431
 3054 15170 -1401
 4046 16351 -1860
 6252 15571 -152
 4993 20830 -1435
Repetition Start
 5634 19178 -3972
 4297 18391 -3239
 2124 20065 -2912
 182 12527 -2604
 2218 11426 -1630
 -1030 5185 -1459
 2708 342 -974
 23700 32767 12784
 5557 23055 13206
 5901 32102 12174
 6051 29644 9583
 7415 20245 -1415
 -9036 -1499 -1726
 2330 6138 514
 2272 8285 -4290
 6300 19448 -935
 6959 28224 -9121
 1651 15727 -4857
Repetition End
0
 4603 9841 -3161
 1009 18102 186
 603 14008 -2612
 3140 15200 -6833
 7968 19548 -4758
 4017 18207 549
 5541 16454 -5708
 5834 14427 -7129
 5068 17281 -4967
 2581 18784 -3497
 4300 16014 -1776
 3524 16653 -2758
 3480 17831 -2741
 3469 17087 -3407
 3022 16726 -3239
 3097 17276 -2761
 2954 17043 -2774
 2537 16584 -2297
 2752 17074 -2470
Repetition Start
 2985 14632 -2008
 3781 20429 -2349
 5082 19093 -3429
 2827 18330 -3929
 4552 17140 -3576
 3214 14919 -2838
 3239 14104 -2740
 1223 13089 -2642
 4270 10880 -3670
 -1575 18129 9356
 -4196 27815 13145
 1945 21740 14152
 2180 21823 13517
 288 19396 12089
 1094 22509 8077
 2091 14659 -2696
 2384 8850 -1445
 2556 10056 -2575
 4783 18267 -2132
 3879 11114 -2357
 2445 17124 -1980
 6155 26161 -298
Repetition End
0
 177 18888 608
 3253 6837 -2268
 3699 17949 -354
 3518 20101 -1496
 5166 18306 -1251
 2814 15451 -341
 3480 17204 67
 4710 18265 -475
 3808 16400 -406
 3226 17229 -511
 4394 17613 -678
 4449 16889 -521
 4358 16895 -586
 3941 17096 -509
 4578 16819 -873
 4504 16346 -600
 3363 16417 -685
 4595 18314 -2007
Repetition Start
 3519 19001 -1550
 3061 18068 -2337
 1756 16446 -3102
 1257 14673 -3082
 1673 14597 -5281
 2020 11705 -3817
 3315 7641 -5953
 8385 32763 8037
 14628 32767 9480
 5090 22029 12460
 13147 27712 9448
 12108 29043 4701
 -4841 -4485 -4138
 5479 21353 1921
 -1882 -4890 -2403
 1170 6915 -1931
 9017 32767 -3188
 13921 32139 -4615
Repetition End
0
 1733 14548 -5804
 905 12089 1756
 6332 23703 -411
 6082 16969 -3114
 5151 17792 -953
 3583 18308 -2456
 3473 18641 -2332
 3258 16623 -1585
 3933 17116 -1622
 3827 17591 -1791
 3514 17332 -1796
 3484 17163 -1437
 3605 17212 -1610
 3557 17373 -1701
 3207 16893 -2005
 3575 17104 -1961
 3373 17072 -1693
 3678 17652 -866
 3209 17724 -1009
 3692 16792 -1555
 5355 17365 -2189
 3785 16573 -1489
Repetition Start
 3962 15753 -2462
 3852 13371 -3909
 2700 11044 -2560
 2762 14546 -3730
 2337 18045 3201
 411 21432 12530
 3646 24785 12722
 -80 24231 14713
 -1736 24394 12114
 -2253 27126 4891
 3116 5029 429
 -1482 1444 1177
 1028 -1669 -915
 2161 11238 -2468
 2366 20908 -3244
 4137 30688 452
Repetition End
0
 5373 20486 -3011
 1901 5891 -2552
 449 18758 -2665
 3953 20464 -3609
 3012 16012 -3347
 3217 16468 -2105
 2646 17382 -2347
 3624 16894 -2368
 3686 17567 -1481
 3453 17373 -2017
 3350 17115 -932
 3892 17349 -1465
 3731 16999 -1165
 4045 16446 -777
 4865 18486 47
 4332 17261 -966
 3487 14411 -2201
 3550 22059 -971
Repetition Start
 3326 18403 -1962
 1788 14132 -2287
 1843 17966 -1842
 1081 15362 -4744
 3476 16956 -4231
 2827 12080 -5083
 4797 9138 -1385
 13225 27738 6629
 10289 26570 13018
 3713 19799 9471
 6910 21688 8231
 5788 27486 6791
 12569 31435 2034
 -3372 -9050 -5244
 5671 15853 -946
 -1737 3121 -912
 3962 16206 -1511
 2329 23099 -4373
 6041 32767 -2341
Repetition End
0
 10028 19222 -5556
 4578 12786 -1072
 762 15303 -2027
 5556 15191 -4338
 3420 17321 -2963
 3859 17289 -2648
 3691 17257 -1845
 4457 16459 -3183
 3989 15626 -2837
 3265 16773 -3624
 4060 17287 -3034
 3920 16951 -3468
 3707 16881 -3612
 3755 16855 -3317
 3713 16471 -3302
 3986 17011 -3342
 3618 17179 -3766
 4348 15956 -6159
Repetition Start
 2894 15208 -7080
 121 9478 -2474
 2631 8021 -2655
 408 19177 6921
 83 19418 1995
 -3656 23319 26334
 1329 15834 16559
 -1065 16534 17281
 -597 16536 18204
 -5301 16446 9752
 1626 13980 5955
 668 4291 -3944
 4119 13977 -1755
 3772 16850 -1709
 4707 16101 -5571
 5267 22448 -3142
 -4714 21037 1808
Repetition End
0
 3408 14187 -4757
 2424 17022 -3374
 2215 17223 -2102
 1374 15753 -2786
 2774 17410 -2656
 1504 17145 -3303
 2646 17477 -3014
 1871 17883 -2678
 2237 17658 -2709
 1670 17526 -2360
 2056 17875 -2030
 2781 17812 -1182
 2353 17076 -1340
 2263 16957 -1380
 3244 17338 -1406
 3120 17340 -1212
 2716 17365 -846
 2888 17438 -971
 3038 17287 -1218
 3067 16978 -1627
 2523 17748 -998
 2919 17907 -553
 3517 17707 -1785
 5188 17704 -3331
 2754 17368 -3364
 3303 17040 -2755
 3851 17265 -2063
 4413 16919 -2068
 4283 16851 -1953
 4308 16940 -3083
 3912 16919 -3036
 3662 17231 -2617
 4127 17404 -2503
 3548 17258 -2412
 4150 17057 -3067
