Repetition start
1.08501233512
1.10214713321
1.04982027619
1.04613332132
1.02735707053
1.1463730009
1.10585714904
1.03084811775
1.06350393059
1.01694053034
1.0004864102
0.889101790095
0.779607746674
1.27879985735
1.20181062819
1.13600736984
1.24493523858
1.2785919067
1.37434753332
1.31392920682
1.25358933012
1.20552689745
1.21686619887
1.26515156816
1.00974749211
0.777697923382
1.14263213755
1.09940514269
1.03577824385
1.05276264337
1.08773683457
1.05437489045
Repetition end
0
0
1
Repetition start
1.04862780585
1.03107252364
1.03107252364
1.03825894096
1.08568374839
1.04785077147
0.973403142167
0.806388496916
1.15205382563
0.939850542705
1.04904839886
1.2379740701
1.2379740701
1.18458945502
1.2014806056
1.32193604508
1.39046804609
1.4201477729
1.36977238711
1.23894787994
1.27137031717
1.52040696836
0.940271005682
0.691115401673
0.673995071959
0.875454897225
1.2920132489
0.985885588825
1.05642829567
1.03282082197
1.03150880521
1.0472479092
Repetition end
0
0
1
Repetition start
1.05435802294
1.03807416678
1.04189231415
1.0255089301
1.01345922559
0.936464793146
0.797153709328
1.23034925335
1.11427095992
0.943676119401
1.26538510021
1.28080371464
1.28741294771
1.28741294771
1.19484620099
1.27171219632
1.40848310309
1.33155638937
1.22038634195
1.1925388331
1.18015781558
1.29233964874
0.961449149619
0.736364819045
0.834282540349
0.954474303139
0.844918893958
1.22379139834
1.22379139834
1.0527619445
1.08420568905
1.04616757055
Repetition end
0
0
1
Repetition start
1.09188551705
1.17891656872
1.0200544418
1.03204845094
1.02802366704
1.02286726958
1.02037552337
0.96021413132
0.914604879919
1.08728132358
0.850561441623
1.16254123549
1.23255164344
1.14398558404
1.23462016954
1.27889950529
1.29301624413
1.33044103889
1.31478305491
1.20878956632
1.16407747227
1.14267325209
1.16894868581
0.686207480186
0.945626059066
0.924566624986
1.20567204664
0.947145334452
0.840677765428
1.33375911989
1.03875319638
1.31638820647
Repetition end
0
0
1
Repetition start
1.07547507947
1.06047291436
1.05713897947
1.03747316219
1.04577493161
1.07108072048
1.0400692519
1.01162582508
0.75803978697
1.08497935158
1.00060304139
1.23755211678
1.26351136746
1.17980803891
1.28260498099
1.32898206825
1.32374727104
1.12848813488
1.11646280759
1.05833695348
1.0867328407
1.02325152025
0.925592034958
0.858645719252
1.21685161896
0.920729782502
0.978060195683
1.42919188648
1.11032242347
1.05153677946
1.14944581609
1.03631671241
Repetition end
0
0
1
Repetition start
1.08806319897
1.11587494159
1.09116275675
1.09704195427
1.07158987191
1.06955585918
1.03881450433
1.02817941264
1.01467527771
0.904095730337
1.10979904546
1.09049362714
1.12295967925
1.13291285005
1.15540084878
1.14112172024
1.16572429621
1.25551356335
1.32843522488
1.28991993506
1.20310286712
1.24924320468
1.22560546677
0.873622201215
0.872637149069
0.95794859148
0.974521474372
1.00599231952
0.959707663295
1.02481052883
0.98664836406
1.10520234116
Repetition end
0
0
1
Repetition start
1.05774745861
1.17676354561
1.05510489011
1.10719789867
1.0458540956
1.10689382898
1.05905917624
1.13065333293
0.981609715978
1.0442517458
0.969601627919
0.983859763711
1.113030064
1.17296211363
1.20154685704
1.24251457473
1.26715387907
1.26278237782
1.19348539383
1.20206440896
1.18022494042
1.20673398953
1.20635664554
0.87579667276
0.863462951146
1.02907335073
1.01278510473
1.00083983813
1.04445613749
1.09402364646
1.09532517529
1.12021015483
Repetition end
0
0
1
Repetition start
1.03974981808
1.06466506458
1.03349301935
1.07082690978
1.02780821132
1.01999385979
0.934647585824
1.01538497766
0.990183655909
0.990183655909
1.16783137614
1.09938168582
1.15584629492
1.10295917018
1.17421423612
1.3702931947
1.47101363416
1.41558014981
1.35624401667
1.27522556732
1.20947458593
1.16718686766
0.854750904699
0.691869513168
1.04538681168
1.03719202348
0.926005883468
1.04217312859
1.12051501106
1.00848838594
1.07613785027
1.04201454989
Repetition end
0
0
1
Repetition start
1.06343824494
1.0355671499
1.06909537375
1.01403065398
1.0133564666
0.97068394003
0.845353065089
1.09512446078
1.08529414872
1.1533145969
1.49607031508
1.13494037359
1.18558848244
1.11246825532
1.11246825532
1.20273141647
1.2637636794
1.25787725933
1.27007304441
1.22909624513
1.25830782443
1.37139627456
1.31788352008
0.707294317696
0.829518032727
0.855982214845
1.02999116728
0.961111477478
1.10530218143
1.02590371692
1.06574066057
1.07525244309
Repetition end
0
0
1
Repetition start
1.06233018507
1.06881124261
1.07824010684
1.03794431752
0.993905624239
1.04154696691
0.99776164083
0.891188698282
1.08349478207
0.950840202877
1.1123220511
1.21853091796
1.18347970803
1.22643110762
1.2229053469
1.29699446375
1.38600375991
1.32796868498
1.22502589101
1.13894277952
1.18912761444
1.34948817425
1.20009252234
0.733053339544
1.03518742029
0.897688314879
1.03801310222
0.972297533369
1.06515806811
1.07800478541
1.01220944189
1.06816334992
Repetition end
0
0
1
Repetition start
1.09630056743
1.10520761627
1.03298749278
1.0317145172
1.06698824997
1.05719883007
1.07375593619
1.00620430338
0.796289612295
1.12056084505
1.0281674035
1.21135105485
1.20681285117
1.26501128099
1.2448122646
1.33862797821
1.26639145584
1.30204137131
1.23221907179
1.19089832735
1.27963138022
1.34987118634
1.3896259231
0.827486741422
1.23628646093
0.640275004775
1.07822734582
1.00729154644
1.11696836183
0.986150565075
1.04575997726
1.16609708703
Repetition end
0
0
1
Repetition start
1.08850094576
1.06848430775
1.16173995101
1.15158030873
0.996294702567
1.04601229877
0.95737860857
1.06738556445
1.0039599549
0.992832436048
0.881512087121
1.2217373579
1.15720795242
1.16230107337
1.25236954957
1.21314430502
1.22720406847
1.31776700876
1.35009843023
1.32317554545
1.25353885331
1.22484413282
1.14187714846
1.03216650183
0.638312973882
1.47964315242
1.03080057878
1.05136150697
1.07099327135
1.03706604926
1.08812179198
1.03791175307
Repetition end
0
0
1
Repetition start
1.04650754672
1.13086629941
1.10438319848
0.984886017869
1.02052916911
0.986615628179
0.971537298763
0.779006868194
0.844564228226
1.11878635465
1.05240192189
1.40933377513
1.35166267757
1.17769936056
1.25998934157
1.33771547995
1.2994279982
1.27997187068
1.23094948354
1.19409992852
1.23176093901
1.23849187377
0.953978059051
0.457638308843
1.19739503612
0.994614757874
0.990816240699
1.02884285304
1.02884285304
1.09287687772
1.1648821873
1.17340507437
Repetition end
0
0
1
Repetition start
1.1046096375
1.07872963447
1.0418967138
1.05627150796
1.07294876975
1.07043614683
1.05548457473
0.919687378916
0.762714092693
1.2886034307
1.07826476297
1.19322338984
1.29615560508
1.21908350502
1.08663887934
1.16691333393
1.28270428685
1.29244655108
1.32881374592
1.27737563499
1.24704195437
1.23192794956
1.28655932747
1.03174478048
0.814875262338
1.35097897617
0.782442110822
0.873289247447
0.978607373305
1.34492290811
1.12167194954
1.08088572663
Repetition end
0
0
1
Repetition start
1.14072710717
1.10148342167
1.04696235719
1.05280252954
1.03545470704
1.04989906597
1.0655546421
1.03552189433
0.974097004452
0.778240532418
0.985499334077
1.12581178067
1.14298748606
1.22877619304
1.21000122514
1.29595111921
1.32610900404
1.25848343678
1.26473501049
1.25170717635
1.25381188468
1.27794903958
1.22601909202
0.933498563263
0.672004737083
0.977276512428
0.827921077524
0.904779155236
1.31296674343
1.04682698424
1.00036889588
1.12829615102
Repetition end
0
0
1
Repetition start
1.10714145588
1.0581186608
1.02584855708
1.02220453183
1.04881917783
1.06621118305
1.07660534432
1.06960943548
0.953696896217
0.928230018727
1.01192439504
0.99085580637
1.16382731392
1.12838079176
1.15735634346
1.2395158759
1.23768519848
1.26947506267
1.30445779132
1.30560404312
1.27688139238
1.22646923834
1.24252003741
1.29661684598
1.15332473444
0.906015435643
0.509270807884
1.32799884674
1.06281588571
1.01352433691
1.02296417335
1.095931298
Repetition end
0
0
1
Repetition start
1.20940870871
1.03157080552
1.10333326234
1.06264879784
1.03228593762
1.05843130498
1.04945950356
1.07839272983
1.04109558922
0.837027934817
1.01030328223
0.974591406005
1.01673196658
1.20603518142
1.21099021858
1.14452480536
1.18959840035
1.29169077828
1.34245684689
1.31064011573
1.25194801294
1.22156572001
1.282955921
1.22170011929
0.888608573923
0.619575621446
0.992041528282
0.928886878258
1.03724556189
1.11417209386
0.989706470541
1.23374139544
Repetition end
0
0
1
Repetition start
1.11498425714
1.09687720174
1.05133518877
1.08656814843
1.04810357063
1.02196150554
0.96515899211
0.994518103441
0.914491540525
0.935333629826
1.03918840786
1.2143913819
1.04972490762
1.12167158255
1.17769175147
1.24622900596
1.23945384358
1.33060332221
1.38801828796
1.31462374511
1.19958926668
1.2342923188
1.27481904008
1.0579098625
0.879731007477
0.708921306211
1.21779489689
0.934035154962
0.942922852497
1.05254768953
1.07794329418
1.07416848672
Repetition end
0
0
1
Repetition start
1.12399820586
1.10024112218
1.09644929193
1.03594664502
1.04182192976
1.04541286805
1.06267651501
1.04595040122
1.06941546488
0.976228677914
0.773950452441
1.07003653407
1.09360790692
1.14539803307
1.17262240894
1.2670068291
1.23015507833
1.31534720164
1.31992576652
1.2693717695
1.22054453468
1.16858021413
1.18881110856
1.1508268054
0.936685351237
0.56925496921
0.94951991025
0.818330286278
1.06877111733
1.1451648807
1.08900186193
1.12902621025
Repetition end
0
0
1
Repetition start
1.09083336675
1.08898692649
1.09677676606
1.04568387706
1.06536894432
1.03649638895
1.06478736949
1.00102155631
1.04157618984
0.953622377492
0.749735134761
1.21072643963
1.11367376167
0.980857692187
1.14182657809
1.18653395534
1.34143668481
1.38902772966
1.49520898035
1.44741400963
1.41756995822
1.24337892107
1.24337892107
1.21006933901
0.681371600231
0.786419390931
0.87623086638
0.874094019336
0.876594021769
1.35006752739
1.09892618458
0.976691601803
Repetition end
0
0
1
Repetition start
1.08555404322
1.10130298378
1.08531767837
1.10732644291
1.05904611374
1.11973839086
1.04698028498
1.03966653268
0.999126018877
0.827091010126
0.766142346795
1.57261188201
1.15159686987
1.2169765199
1.20091935426
1.32825732133
1.24033127203
1.21575342017
1.32300266055
1.28683420403
1.29951007981
1.28150943421
1.21374271243
1.35356977968
0.835658632984
0.761772970568
0.76589644982
1.12400431082
1.01784768625
1.05837568979
1.03010979749
1.07435924998
Repetition end
0
0
1
Repetition start
1.10684294765
1.08234702161
1.1160910184
1.08609150062
1.0756594776
1.07550460497
1.01627442431
1.06353877633
1.04120684687
1.04218854547
1.06595656237
1.07275413197
0.986891810176
0.780817353137
1.32944749875
0.960428589685
1.08137718635
1.25163155709
1.264393263
1.27929501861
1.36596450874
1.33238257253
1.22400163631
1.39670819976
0.962978869683
0.648612797264
0.513140334494
1.50922342116
1.08914715371
1.07716035188
1.1269238731
1.04917404395
Repetition end
0
0
1
Repetition start
1.08461808419
1.05802815977
1.10476308379
1.06314357382
1.04949106544
1.00811908184
1.05067947845
1.0511744058
0.969921507357
0.821811262803
1.00982759902
1.10993033935
1.15576123204
1.08012952562
1.14081899254
1.24799933365
1.30748812813
1.13478888391
1.32400102429
1.23079964866
1.22726544963
1.21669475715
1.21971102415
1.19460232057
0.73714280783
0.995188958497
0.774438145709
1.24447166764
1.0201668092
1.06590299644
1.24080398725
1.10221653656
Repetition end
0
0
1
Repetition start
1.16494413886
1.06213079026
1.0443521533
1.0718663346
1.07375321965
1.03723654174
1.07879618471
0.940178305757
0.853731381275
1.35827758219
1.31383766543
1.02845281126
1.02570776622
1.14752276802
1.1313945265
1.21959709415
1.2794896774
1.28171350364
1.34276694834
1.29379730242
1.27891201753
1.20038882217
1.19712023762
0.829426862257
0.707550095555
1.11789952443
0.939494126153
0.961736784734
1.34929697531
1.08412746138
0.995451353529
1.08354884325
Repetition end
0
0
1
Repetition start
1.05660464037
1.07449451202
1.10966487576
1.08429583809
1.05932347987
1.0210352616
1.05450335237
1.04070913373
1.03879769615
1.06427196046
0.965471592387
0.892898504159
1.0873234313
1.23377460956
1.05396881342
1.04477542493
1.22261883523
1.29161764989
1.35729336302
1.37690053799
1.33390833162
1.29028476365
1.32525198639
1.20393340088
0.913643123326
1.05542736417
0.846972521572
1.2003819388
1.0451060516
1.04526309743
1.11363095262
1.08722967345
Repetition end
0
0
1
Repetition start
1.07558034781
1.1102857696
1.07068947954
1.07877687601
1.05998301753
1.07150952897
1.06692364825
1.04237237767
1.02879669516
0.973209981828
0.817796094502
1.11892024628
1.09740905082
1.14567732797
1.15232691672
1.29096313145
1.32284146396
1.25884101115
1.21976584653
1.15154921247
1.18036430252
1.22023189757
0.764469837168
0.749748649799
0.906959942094
1.00155719757
1.02155459073
1.19051443398
1.2564370605
1.00461636005
1.11763843359
1.1126218583
Repetition end
0
0
1
Repetition start
1.0562730192
1.07555167644
1.12027752634
0.999709819251
1.01437547921
1.13097148135
1.07228618178
1.02215199508
0.988223975109
0.995472220446
1.09572097607
1.14289967178
1.16747290155
1.10247638345
1.19372086895
1.24618261792
1.32437918403
1.32602707995
1.28193051304
1.22936574302
1.17522073769
1.15940355519
1.19475576425
1.01059167082
0.818455749609
0.943361896409
1.02361121414
0.996248713762
1.12010408874
1.09787265165
1.05382877465
1.09935998545
Repetition end
0
0
1
Repetition start
1.06204246915
1.05357650062
1.10796050776
1.00181077388
1.00334171275
0.982210053043
0.825173665502
0.871261554858
1.13749404076
1.17499825872
1.1743646132
1.24452216348
1.30641298492
1.25585392288
1.21859194574
1.24960252433
1.32031364413
1.23665344333
1.21664503231
1.16140790172
1.11755012582
1.21795006016
0.88326425092
0.627182184842
0.963785421194
1.0104216081
1.01944521289
1.22713049263
1.04653122937
0.922707710963
1.10414674991
1.13270757288
Repetition end
0
0
1
Repetition start
1.08916864199
1.07109917494
1.09797490236
1.03432834735
1.04154752487
1.04905027385
1.01184049448
1.09362645644
1.03932479724
0.910977114165
0.787167688959
0.998878457297
1.3026773263
1.14949697975
1.19866458533
1.27058101094
1.23238253493
1.23939151659
1.28269010389
1.2353873357
1.25907933223
1.17378973779
1.16844682095
0.660637200675
1.06962942512
0.92256267002
0.961134148069
1.13657307593
1.07725822463
1.0436545414
1.06027618136
1.08666264042
Repetition end
0
0
1
Repetition start
1.10273473505
1.08097361267
1.09030468057
1.00893368012
1.09052292536
1.10852402467
1.00064053175
1.02862577077
1.05860677057
1.05471067403
0.982800120805
1.1184668485
1.01759119629
1.33382331161
1.07084066349
1.20069133947
1.23266303277
1.19955352994
1.37976615018
1.41611949934
1.36873136409
1.25708880989
1.22998095789
1.17956841101
0.711079295134
0.799580865267
1.14259756675
0.978544478457
1.02462450199
1.15266739293
1.08716739502
1.04450384317
Repetition end
0
0
1
Repetition start
1.10796755343
1.05298335894
1.05553006143
1.08053061335
1.03927636097
1.05300986413
1.05021743113
1.0119609506
0.904483232184
1.00608132515
0.955114135765
1.08883240648
1.21379857165
1.15417874405
1.19645662341
1.27273717445
1.38780819047
1.39244081588
1.29911727268
1.21137420563
1.18703247736
1.19910689152
1.18124089219
1.01112738747
0.648018279201
1.11208889671
1.27337465394
0.773627985029
1.00078369888
1.22064900698
0.979948517526
1.23115060775
Repetition end
0
0
1
Repetition start
1.03958800837
1.02295981245
1.08903676239
1.01120287951
0.986933435582
0.915554168308
0.812177156076
1.11059092824
0.876464888379
1.37494128546
1.23801407353
1.16503098062
1.24191637949
1.24231131704
1.29287393228
1.40578049133
1.23408981995
1.14469863852
1.21569680962
1.27963253743
1.24572476242
0.925047003834
0.839096839476
0.850720396046
1.21595041276
0.95721519999
0.998206806993
1.18490460955
1.10383755537
1.00255213227
0.974878537731
1.08225915416
Repetition end
0
0
1
Repetition start
1.05040708957
1.02941244226
1.03960528753
1.09956501724
1.03151261353
0.995057428978
0.754529315056
0.973172081664
1.06950327988
1.24007776128
1.25559157754
1.14012563239
1.24688591187
1.3916376397
1.3916376397
1.34161181888
1.34586603704
1.23676953112
1.20237813099
1.20237813099
1.20133704314
1.1100668194
1.15712459775
0.870630960311
0.735968142578
0.917739279453
0.855501997315
1.24753459303
0.993749192975
1.03965350603
1.15530989582
1.32813661935
Repetition end
0
0
1
Repetition start
1.14452968767
1.07757461189
1.04263846743
1.08393339261
1.01097908745
1.00624368974
1.02385720718
0.951571789745
0.838522757096
0.866162822381
1.38863806543
1.06048717647
1.22463139601
1.31437581701
1.27802833533
1.4181769431
1.4181769431
1.45230359273
1.3809384751
1.24371779097
1.17171276877
1.16266223034
1.1076115323
0.85207227882
0.870901272554
0.897249609938
1.13269460163
0.978383152383
1.10503041268
1.00842504221
1.0085403047
1.08493766279
Repetition end
0
0
1
Repetition start
1.05875593435
1.15076006024
1.06738587158
1.03119835941
1.09292340549
0.997883736702
1.03984431561
1.04290465719
0.811585053309
1.15955513496
0.919368484307
1.21458925789
1.13706104133
1.18339919861
1.17678363344
1.24756065712
1.35097951664
1.33794082631
1.28920503609
1.22223952842
1.14490434925
1.16583056395
1.17895958718
0.930548727809
0.906608282578
1.20179832374
0.979519894057
1.03998050614
0.966825837366
1.1205439665
1.07563184388
1.04582935216
Repetition end
0
0
1
Repetition start
1.0368650206
1.04423481466
1.06583798118
1.10323240477
1.06689683229
1.01402925061
1.05175031944
1.04723700271
1.03240497711
1.04752041365
0.87045920786
1.01041784749
1.0209574553
1.16051991379
1.23019430642
1.23959964219
1.30562285485
1.25917399065
1.15819697193
1.1624218737
1.16873333219
1.32555873697
1.12917551374
0.859341388825
0.777731106443
1.07769749811
0.996525616617
0.955898724188
1.03813466436
1.1059105297
1.01494464828
1.15654186161
Repetition end
0
0
1
Repetition start
1.04560128522
1.137209457
1.09889142701
1.02471691888
1.06560047679
1.04751921696
1.07001586792
1.02191796774
0.983006621856
1.1931862526
1.00553575328
1.07998891569
1.1209407363
1.14012932622
1.23061545724
1.27459057868
1.43117964116
1.41927962884
1.29630845403
1.22963359586
1.21494710734
1.08780351526
0.932633608529
0.894506672767
0.883398066488
0.937038425226
1.00095781634
0.980382032093
1.06093118705
1.04911089483
1.08093192619
1.13935414153
Repetition end
0
0
1
Repetition start
1.08152587912
1.02004679255
1.14698366994
1.15225898625
0.994005784294
1.03823770506
1.04829714741
1.03637466161
1.02864978363
0.959657485282
0.891586771547
1.08577429451
1.01158856692
1.24297522664
1.12000001329
1.1666875737
1.20000771965
1.28666650594
1.36134409929
1.37283393679
1.30695914619
1.27961689972
1.19913776572
1.18897462876
0.768865643599
0.893546805842
1.00922016412
1.00179471331
0.962827353498
1.07813549382
1.11938765597
1.10730497224
Repetition end
0
0
1
Repetition start
1.09584133956
1.07125525652
1.15367552046
1.04392208505
1.04117360804
1.03680200207
1.0438803964
1.0828888538
0.995572496049
0.795379987019
1.01553228028
1.04856105331
1.26966224288
1.26663089886
1.23480748646
1.3297398637
1.32696077425
1.28913347598
1.28255582476
1.26576649793
1.19712018161
1.29660314129
1.2424259107
1.03469256866
0.325620739547
0.993827551314
1.04836708108
1.08615336914
1.04630860977
1.10217299014
1.32663504949
0.943495047628
Repetition end
0
0
1
Repetition start
1.07605800095
1.06053030588
1.06050158065
1.1033486586
1.07342413383
1.07649276193
1.07224166996
1.08708698683
1.01033857276
0.992558398721
0.888801424833
1.16583856839
1.16023878966
1.10922149315
1.01211631541
1.19700775668
1.26212942744
1.35542240668
1.34152650955
1.25133877379
1.2420813857
1.15730127826
0.962329956615
1.20472047652
1.21515058739
1.11327654185
0.724494958466
0.976564075469
1.06756121409
0.947551106173
1.10101096739
1.04210336194
Repetition end
0
0
1
Repetition start
1.07299634219
1.05671536856
1.15396258876
1.02160675344
1.29600234862
0.99515341149
1.09129172532
1.01657979907
1.07022226782
1.13588486396
1.04134793193
0.851414836102
1.33550781177
0.966214081401
1.14550187743
1.04241523092
1.36301000515
1.39792977339
1.26679173897
1.19671290149
1.11759413475
1.13797477106
1.18053362673
1.06880557176
1.08238267872
0.558794269051
1.53351159485
0.919392536723
0.988936892815
1.16398874632
1.10973845324
0.975012911656
Repetition end
0
0
1
Repetition start
1.04862199743
1.00705813667
1.14245753834
1.15116961679
0.989161079023
1.06927828873
1.04440531753
1.12792961319
1.07174387469
1.00048295853
0.956687197831
1.29764407834
1.12725791908
0.814004765512
1.16575089521
1.23342255926
1.23417028257
1.30008040269
1.35321458824
1.56557511162
1.31484605661
1.04918135124
0.839328004256
0.434550981413
1.47077489072
1.01707740699
0.934607695387
1.00533153795
1.11874439056
1.06925372326
1.109588908
1.1153515188
Repetition end
0
0
1
Repetition start
1.06093359407
1.02533682909
0.966611649851
1.10146187431
1.0154034648
1.02838227863
1.01446355286
1.06726326583
0.956311373595
0.748738210948
1.1724234585
0.823371734472
1.25397777205
1.22306361892
1.24570457964
1.2608500419
1.31271861163
1.15302751104
1.30600931543
1.22049172516
1.24324501955
1.2812596123
1.23978253942
0.594017329392
1.04497657348
0.882910431857
1.01754948325
1.03560573428
1.1692092983
1.00095754838
1.08194383378
1.1610437428
Repetition end
0
0
1
Repetition start
1.07230412044
1.09843666021
1.04059622978
1.04079692075
1.04873723963
1.11420576457
0.949248719625
0.929825027295
0.909993337205
1.02326442078
1.0536061713
1.22078033508
1.24475394691
1.33671788517
1.37372166913
1.43512332533
1.28445979787
1.26562567846
1.2083774994
1.19521358336
1.22688519127
1.19362934824
0.523026222949
0.985228853175
1.1098449964
1.03320184322
1.03193738815
1.13112151282
0.987787522939
1.24153633264
1.00634733419
1.14306032325
Repetition end
0
0
1
Repetition start
1.13554492625
1.11027722206
1.07769838994
1.02664864888
1.08099814959
1.07331979938
1.04464281937
1.01761147926
0.95113802973
0.680793681453
1.1368774667
1.18282722763
1.09140619272
1.1380913925
1.27160892814
1.23546056455
1.23223668958
1.3035075254
1.28275519004
1.2520498649
1.19271199949
1.11547521773
1.27471431542
1.27106062981
1.21742113427
1.01885758173
0.507840148467
1.12480051371
1.13206142322
0.947690215764
1.00260974234
1.02405316093
Repetition end
0
0
1
Repetition start
1.10006331159
1.08710529636
1.11736722648
1.13352932284
1.0678840169
0.941980092072
1.11883844753
1.06151407969
0.990594738128
1.06833224288
0.993084483301
1.01253780512
0.819355319934
0.995166515292
1.10216490865
1.06950455995
1.01343442639
1.13088263354
1.28651556056
1.45728765461
1.26046698807
1.20564050088
1.21140494092
1.19830773663
1.03642432258
0.695889937729
1.21802115808
1.06156154519
0.969046124453
1.05265631413
1.02457519442
1.08764920047
Repetition end
0
0
1
Repetition start
1.05681167847
1.081423594
1.05979608688
1.12358000499
1.13298716185
1.0646888297
1.0161686066
1.01354974772
1.04968525584
0.939462265161
0.776549681322
1.17777609079
1.21503888032
1.07292577784
1.09905631655
1.27943386189
1.28127142406
1.28498739652
1.17074131806
1.24632340142
1.23651175469
1.23482742197
1.16910047943
1.24858860861
0.545958861963
1.08792529402
0.758272898813
1.05920071286
1.16482343701
1.06655187451
1.08111285576
1.15700446303
Repetition end
0
0
1
Repetition start
1.04435516034
1.11951839602
1.08057797611
1.09548712113
1.08860626002
1.05632005895
1.0682904746
1.04150273841
0.98573062664
0.92766227442
0.749109382622
1.03311063428
1.32855886357
1.04560363668
1.16133434995
1.19981925449
1.2472052251
1.26937291405
1.41699073234
1.2948704144
1.21963059267
1.28190429484
1.07706160381
0.956862088259
1.21965626193
0.871843447336
1.09961360809
1.03234556734
1.0672972349
1.13443328075
1.14645581965
1.02792133478
Repetition end
0
0
1
Repetition start
1.11170833299
1.06893007598
1.0736762914
1.04809765623
1.0157777708
1.00322019572
1.02735417328
1.01930418811
0.83347120287
0.965031482024
1.21668539715
1.08125421531
1.17817908284
1.10696763103
1.27960981953
1.26547876738
1.20030555033
1.26521327981
1.23873070253
1.20919106123
1.20360138831
1.08194380796
1.19196350011
1.24569084267
1.11366039479
0.66343770086
1.14268616223
0.804411134668
1.4131658488
0.938272180045
1.07169857561
1.11171918837
Repetition end
0
0
1
Repetition start
1.10777771832
1.06598813905
1.02642977784
1.01782764956
1.02666231408
1.08051919812
0.971995094521
0.865289718632
0.739861127514
1.29878745625
1.23254104226
1.31329432503
1.05075693811
1.16913470468
1.21773838124
1.21573123835
1.25885265743
1.23585220717
1.25380582051
1.1781350683
1.12826497928
1.14082004565
1.20220376018
1.05645957178
0.480091974572
1.17065627622
1.02254931661
1.01247021299
1.04109745706
1.06194998902
1.00270884161
1.16274156605
Repetition end
0
0
1
Repetition start
1.06452650115
1.00651995624
1.15783531499
1.12484268903
1.05542590995
1.03443663074
1.03765817802
1.02620600661
1.10358416758
0.914569469613
0.721196762819
1.10339621683
0.975689236248
1.24595920889
1.13649384578
1.23179708564
1.35792474831
1.27585926909
1.22628110798
1.14156554094
1.04371698557
1.10713338879
1.26616307288
1.23284849258
0.75673186048
0.647393693496
1.04685689071
0.854822709601
1.09260043802
1.10533295765
1.1695409387
1.19816448734
Repetition end
0
0
1
Repetition start
1.09619195509
1.04934309282
1.01384766475
1.18670178396
1.12149105608
1.05096270367
0.988034788694
1.04925788478
1.01055521134
0.850527182125
1.39464146181
1.04548503816
1.20862313113
1.17334569834
1.09548248613
1.16198416604
1.17779393306
1.27413387069
1.2893639111
1.34745512028
1.2994182379
1.25759614689
1.22902377525
1.2302121788
0.991309197728
0.579141062247
1.01511940843
1.05232851808
1.1276470689
1.05595862649
1.01594732195
1.12822619913
Repetition end
0
0
1
Repetition start
1.12936439919
1.00466986384
1.0532865527
0.932963272111
1.07765087296
0.86552732946
1.00879079074
0.949698066179
0.849590682778
1.24706738053
1.3233966329
1.17524954665
1.29078836504
1.22250337681
1.25292552938
1.25278745782
1.25508261697
1.13080798907
1.15552525102
1.1234619203
1.10206017513
0.971677159062
1.07255653785
0.78025062776
1.28676948922
0.950861833319
1.01557306194
1.11859621084
1.01850453927
1.05625697379
1.17905211074
1.21006446254
Repetition end
0
0
1
Repetition start
1.12810560234
1.05675406208
1.08171638493
1.07301413184
1.05969535336
1.02761754858
0.986703272568
0.98711829874
0.902032932816
0.799323497314
1.22452818223
1.26623143573
1.03744534081
1.05305374376
1.35049752355
1.35040589275
1.2934330052
1.33252139457
1.18461407064
1.11697763359
1.12763069781
1.16605308447
1.11506924684
0.617523482172
1.09819975901
1.11883538263
1.01417970707
1.03419039489
1.03191118105
1.18288359567
0.959085189197
1.02726171986
Repetition end
0
0
1
Repetition start
1.07688864881
1.08866313168
1.06002519046
1.09419032668
1.08019328581
1.00199318596
0.997878209697
1.04163823109
1.01146440917
0.80419122568
1.09553210646
1.04213035654
1.18733664851
1.15684228947
1.26330844334
1.23288034233
1.31198139532
1.2327913873
1.27773223301
1.27494277948
1.2979766263
1.23907538801
0.998636608986
0.758723964378
0.770198888216
0.933017045826
1.04926319618
1.01548345386
1.01870537884
1.06028227728
1.12452369283
1.29933455783
Repetition end
0
0
1
Repetition start
1.08907395867
1.14444206496
1.08840774628
1.01488933512
1.03920901671
1.08019957799
1.04087772494
1.01766429434
1.03048003236
0.929017661113
0.681524777884
1.37152160995
0.952637428506
1.26435888798
1.29622907668
1.21865610073
1.27501732882
1.33206296698
1.23966761728
1.32151431203
1.41381187879
1.15012675726
1.2894998531
1.06028391984
0.543417196536
1.24616062649
0.828377732362
0.881175631486
1.0916281708
0.90139448511
1.36881384303
1.13994803818
Repetition end
0
0
1
Repetition start
1.05967686552
1.01201431273
0.982503057201
0.99838140745
0.891183397853
0.832121454641
1.04070325069
1.16111921875
1.35913401008
1.35913401008
1.17696972439
1.20302300516
1.14316371029
1.1889406707
1.27739214733
1.27860992129
1.26360156057
1.28563999649
1.24397312336
1.17697226442
1.05740022239
0.903577093795
1.02492417762
0.814158825566
1.04150307821
1.04584240518
1.28152345873
0.955383583478
1.06485458993
1.10422077099
1.0834508889
1.21981204507
Repetition end
0
0
1
Repetition start
1.10773941648
1.05383865318
1.14463118778
1.04531748939
1.06178603657
1.10762321653
1.05731390024
0.978441302205
0.893414950258
0.929680345412
1.33565336128
0.999474886769
1.03322267784
1.1336015584
1.19263087948
1.26294530089
1.32467458554
1.250226057
1.19496768609
1.19599639582
1.1916692678
1.11054228937
1.00356549295
0.984621215864
0.667450475124
1.21920308989
0.992417173761
1.05931409032
1.06570570506
1.12233917992
0.92140518356
1.25938133174
Repetition end
0
0
1
Repetition start
1.14165330448
1.0373894229
1.09613586319
0.989281506269
1.01434276959
1.02275810186
1.08188891594
1.02421017955
1.04752666915
1.02346017863
1.10291784688
1.12643746424
1.19903888969
1.18875886829
1.1601390147
1.35031581585
1.25825881444
1.30694289339
1.18622182458
1.15628340873
1.19613263567
1.00743479083
0.471350651846
1.13172072218
1.12321548026
1.01740618002
0.982920643295
1.0729443898
1.13010664415
0.909113507674
1.06881861257
1.12689731466
Repetition end
0
0
1
Repetition start
1.16165818183
1.22905093358
1.08949879345
0.927222972258
1.01706683077
0.983842917856
1.0610426364
0.935447325218
0.677899752731
1.34880198137
1.34880198137
0.958982722093
1.23183831486
1.18529567382
1.21975566564
1.22495544447
1.29962011011
1.34211305366
1.35921136787
1.3098548435
1.22318751855
1.37412716651
1.27164641753
0.509170078382
0.725505472704
1.19029604824
0.931458793346
0.931482973495
0.999097062546
1.10098083844
1.17956714616
1.0816803253
Repetition end
0
0
1
Repetition start
1.13057999957
1.02827207157
1.02154190383
1.09065763273
1.09538186135
1.09023379453
0.930623352826
0.992048075409
0.951095276398
0.82664270039
1.16584943261
1.18416444
1.10284849611
1.23630228513
1.15436912769
1.20797467938
1.22043736273
1.30582432844
1.28093590317
1.25168600967
1.25532888655
1.20557913266
1.08638472919
0.6544281472
0.781206308574
0.980731239366
1.07194841449
0.955668465881
1.1459176354
1.06618599137
1.03454779611
1.03938959645
Repetition end
0
0
1
Repetition start
1.09305773694
0.997749062092
1.06760740578
1.13026243474
1.0073831479
0.907368070984
0.802575956617
0.998417147353
1.08090585754
1.18557783366
1.21038716024
1.20032806687
1.17709667819
1.17032114963
1.13829357969
1.21088910929
1.27573246778
1.27994118256
1.25253180313
1.18784109976
1.21075383609
1.19586532562
0.977590830115
0.665378315977
0.980545386705
1.0051105749
1.0251458339
1.1067877641
1.01232739224
1.08531101598
1.11786677644
1.07834516053
Repetition end
0
0
1
Repetition start
1.02353281021
1.00897466756
1.13692523942
1.11466845703
1.070765396
0.991958925997
1.04751440172
0.815669318069
1.15565189473
1.04012378652
0.881899238925
1.27113950245
1.20744545629
1.2809693884
1.29731719682
1.30544949454
1.21859442195
1.18864566506
1.13714663983
1.11481061925
1.10131673236
1.31902523745
1.19337495054
0.60362986684
1.03802951039
0.958865599259
1.10184411244
1.08076618277
1.01015789079
1.18023981024
1.13908921833
0.930105790436
Repetition end
0
0
1
Repetition start
1.16195826149
1.04541800477
1.06625183615
1.13553538617
1.00038364621
1.0154786463
0.810991670751
1.21006672684
1.27714137565
1.13698626186
1.14216149877
1.18642086951
1.18659422549
1.1534338967
1.25707791777
1.27469655556
1.22359660887
1.17103648545
1.13316057218
1.09579607965
1.11667339961
0.933348326167
0.585136791537
1.27274072489
1.18737473109
1.18722397489
0.998423395221
1.02310279476
1.0230644671
1.11691673039
1.02751101195
1.11874091082
Repetition end
0
0
1
Repetition start
1.15303741041
1.08812378794
1.08901152403
1.02986727297
1.06059851266
1.02837417693
1.04100854309
1.05511975438
0.995843927059
0.985938550477
1.08829765479
0.903011046385
0.974277772469
1.22505734204
1.30886689225
1.29556792528
1.4380672077
1.2721275045
1.19759318988
1.11981032175
1.10631619278
1.15151278552
0.923432834165
0.583310931846
1.37253272386
1.0541318401
0.832411124143
1.11832518437
1.17901679419
1.06860836308
1.12777568377
1.01633142332
Repetition end
0
0
1
Repetition start
1.03000323834
1.03000323834
1.03000323834
1.13783184427
1.13783184427
1.13783184427
1.11838984313
1.11838984313
1.34525810075
1.34525810075
1.36799320322
1.51865179481
1.47949676135
1.47949676135
1.37292085126
1.17302878166
1.17302878166
1.17302878166
1.17302878166
0.965519074152
0.965519074152
0.822641938964
0.695651017518
0.695651017518
0.666434690354
0.666434690354
0.666434690354
1.15887676353
1.15887676353
1.15887676353
1.12482968505
1.0060478145
Repetition end
0
0
0
Repetition start
1.05916382512
1.09751802979
1.06267124437
1.06777807702
1.06627662101
1.06930384653
1.15174279141
1.19498527168
1.03475550506
1.09856983259
0.955623808215
0.997082825077
1.02695775486
1.06126334295
1.03190452764
1.05045583181
1.12616762027
1.02818423872
1.02331592114
1.06043297242
1.01163080378
1.04342642218
1.03099617038
0.927295832131
1.2739517411
1.54760500151
1.2265368629
0.828479877494
1.16280092772
1.1340025948
1.04914174461
1.07229599449
Repetition end
0
0
0
Repetition start
1.05276535038
1.06099682075
1.15571120957
1.09051506156
0.892721331604
1.05779002355
1.59421205601
1.75670600822
0.799331212824
0.39622002043
0.39622002043
0.712492429229
1.17804018166
1.22845288709
1.10924110478
1.19521372985
1.26756066926
1.17200727511
1.00840949334
0.950903997749
1.59432709638
1.79246716454
1.79246716454
1.20041739797
0.230668595517
0.217695975105
0.595385247764
1.94941951199
1.72072906669
1.31969610193
0.827281783524
0.592010579064
Repetition end
0
0
0
Repetition start
2.07072551584
1.99777680098
1.99777680098
0.742007647858
0.742007647858
0.742007647858
0.312373099787
0.312373099787
0.0814703429476
0.0814703429476
0.132120010065
1.24219546226
2.08140237053
2.08140237053
2.08140237053
2.08140237053
1.77997604309
1.77997604309
1.11707156087
1.11707156087
0.502061746771
1.07331192061
1.12615273446
0.9705023913
0.9705023913
1.08219400793
1.07893799971
1.07893799971
1.07893799971
1.07893799971
1.08727750331
1.08727750331
Repetition end
0
0
0
Repetition start
1.15220437258
1.02709610569
1.08383456733
0.976224279962
0.905984385387
1.06682385837
1.00382059006
1.1176102212
1.11832227129
1.02144593555
1.17324088446
0.777080019106
0.806881693085
1.80910290952
1.12730545506
0.870360758863
0.468372546656
1.17599627914
1.15685566459
1.16666061288
1.51377634119
1.37348184845
1.36436979398
0.716423145124
0.834842738212
0.711092028225
1.36892113035
1.78516893988
0.954149707684
1.24352646585
1.11130202184
1.24411720362
Repetition end
0
0
0
Repetition start
1.9500023446
2.17389297903
2.17389297903
1.87728006689
1.99106661455
1.99106661455
1.99106661455
0.560732458542
0.560732458542
0.560732458542
0.650832284
0.194527660858
0.190889732048
0.206196785694
2.28290668273
2.28290668273
2.22544295541
2.22544295541
2.16199585549
0.26704644194
0.26704644194
0.562882657494
0.212898980423
0.212898980423
0.242011467733
0.242011467733
1.64737314285
1.83541653628
1.83541653628
1.84253345882
0.908547204991
0.173008055886
Repetition end
0
0
0
Repetition start
1.06755227387
1.11931515709
1.09578568187
0.985117516826
1.00487253612
1.31140064707
1.21173866749
1.21173866749
0.837627087121
0.678823088567
1.94246908239
1.29937476078
1.1554191462
1.13134498415
1.1411907315
1.1411907315
1.17680997139
1.08981264576
1.03493447177
1.13594254312
1.1007772447
1.2419532984
1.15243823585
1.11693481609
1.11693481609
0.973130307857
1.1220377128
1.08678986182
1.24454075653
0.839155014539
1.26689971203
1.26689971203
Repetition end
0
0
0
Repetition start
0.562617875702
1.92177102536
1.92177102536
1.92177102536
2.15595278212
2.13449706546
1.07579991755
0.718886370265
0.41227057319
0.117584097828
0.117584097828
0.117584097828
0.166466347941
2.27743662666
2.02729086632
2.02729086632
2.02729086632
2.00641811597
2.00641811597
2.00641811597
2.00641811597
2.10000324015
2.10000324015
2.10000324015
2.10000324015
1.11333071616
0.452758369435
0.15277970122
0.269268246195
1.44142521223
1.44142521223
2.0029470907
Repetition end
0
0
0
Repetition start
1.0791033214
1.0791033214
1.76282141385
1.76282141385
1.76282141385
1.83136779753
1.83136779753
2.10142181503
1.46267949632
0.884811707532
0.548425193931
0.548425193931
0.371276454119
0.371276454119
0.138554832603
1.23517589149
1.23517589149
2.15072605226
2.15072605226
2.092988098
2.092988098
1.97349829595
1.97349829595
1.02479174246
1.02479174246
1.02479174246
0.4396485424
0.4396485424
0.225433446694
0.191753180085
0.786653159285
2.22834298237
Repetition end
0
0
0
Repetition start
1.02688550338
1.02688550338
1.02688550338
0.704759673802
0.704759673802
0.205171881543
0.205171881543
2.0775307356
2.08578375453
2.06960246308
0.315004599685
0.550915525856
0.136858310313
0.191644141223
0.170629474979
2.02529486445
2.02529486445
1.97418981277
2.02465739906
2.02465739906
2.06573403734
0.885754708198
0.885754708198
0.489011538839
0.489011538839
0.489011538839
0.300252511625
0.286697910289
0.286697910289
2.00373227125
2.00373227125
2.04136454871
Repetition end
0
0
0
Repetition start
1.02390169762
1.35117357783
1.26863132859
1.31260941538
1.31260941538
1.30354192688
1.31548322952
1.31548322952
0.71408545814
0.71408545814
0.682803525582
0.682803525582
1.03139036842
1.14691367714
1.14691367714
0.910582943795
0.656464328848
0.692531462129
1.48868969446
1.48868969446
1.22247532185
1.71150913117
1.70374610167
1.40403388164
0.606127088785
0.606127088785
0.619617197514
0.787330371605
0.787330371605
0.787330371605
1.38734460999
0.967324330722
Repetition end
0
0
0
Repetition start
1.11765306782
1.05576603809
1.01846457546
1.06435600503
1.29442822064
1.29164307535
1.23895350268
0.980993641407
0.980993641407
1.0665680532
1.0209158433
1.0209158433
1.03675279755
1.06720779324
0.988980814648
1.09937691984
0.996472430709
0.789838562693
0.789838562693
1.1554844761
1.34609299951
1.30028367908
1.44622956771
1.44622956771
0.923236540569
0.967961471105
0.864250077466
0.991621060393
1.03497509001
1.07944653206
1.17308732585
1.04760447928
Repetition end
0
0
0
Repetition start
1.01761307354
1.01761307354
1.36101162021
0.877799224919
0.877799224919
0.833960997368
0.833960997368
1.12145526553
1.09001151199
1.22215785206
1.19426085454
1.23476855426
1.23995094064
1.19722444828
1.19722444828
0.923186101273
1.05253428962
1.01749553272
1.16332775168
0.918344422839
1.38647838444
1.38647838444
1.22143091403
1.05051009675
0.925232384543
1.28153281027
1.45146674989
0.849852695919
0.849852695919
1.902668048
0.755694509363
1.03430997336
Repetition end
0
0
0
Repetition start
1.48115275392
1.23824045644
2.11725434588
0.647935653004
0.444996077234
0.451809506854
1.23558790185
2.29909328302
2.26073764693
1.58410612784
0.654758080158
0.428073683155
0.396219879399
0.282732302533
0.282732302533
0.158873022763
2.11892512584
2.1814981216
2.03653199013
2.00943984977
1.96277561135
0.300935055682
0.283198264508
0.219415648151
0.246300239824
0.698757880184
2.0203459561
1.67089213911
0.718188442224
0.718188442224
0.653799779147
1.09747749787
Repetition end
0
0
0
Repetition start
1.16219024697
1.24055032535
0.672269079054
0.792246057013
1.68081296431
1.66114598224
1.32463165614
0.958752128152
1.5402193091
1.1929584835
0.910137696138
1.15849953665
0.438318189978
0.604100126406
2.08207829352
1.9143999104
0.945782715916
0.273173102206
0.775111962699
2.12671207957
1.88420395561
1.41496612329
0.514280212819
0.514280212819
1.1211592592
0.895489903628
0.977252291251
1.18651221313
1.13213490906
1.14755206619
1.07502656214
1.07502656214
Repetition end
0
0
0
Repetition start
1.12893098586
0.732095780577
1.00425778257
1.1515684688
1.54778741048
1.41733778953
1.41733778953
1.00775824445
0.964024379245
1.40304976014
1.40304976014
1.40304976014
1.10761106311
1.60692049205
1.27845738654
1.17221136511
1.29580765344
1.26667544841
0.658066112736
0.658066112736
0.543786270478
0.543786270478
0.693045437622
0.693045437622
1.22415527643
0.751138900255
1.19917844338
1.19917844338
1.1792896323
0.871627656827
1.08700232991
1.06803254598
Repetition end
0
0
0
Repetition start
0.912846002317
0.432666254813
2.10644157561
2.01730478786
2.01730478786
2.09416213267
2.09416213267
1.24878207866
1.24878207866
0.91736340956
0.87502220032
0.87502220032
0.176442122567
0.176442122567
0.176442122567
0.409414342453
0.409414342453
0.378161819888
0.378161819888
2.33918338542
2.33918338542
2.14080128153
1.01049170224
1.01049170224
0.636912053259
0.51327707617
0.332415661154
0.283782931089
2.11904358708
1.23784151904
0.618232283361
0.515336176147
Repetition end
0
0
0
Repetition start
1.13522262858
0.964936151597
1.35057177781
0.868689655791
0.704862963322
0.43204849702
1.97874698623
0.810849978753
0.789787007076
0.530752362658
1.50615844775
1.82061558153
1.54867796152
1.35014589579
1.35014589579
1.37956848938
0.354840362479
0.853754854611
1.10850795927
1.10850795927
1.10850795927
1.10850795927
1.19135577924
0.990936964911
1.6550015758
1.38724135102
0.719225777843
0.842930707259
1.24837531065
1.04428565541
1.04428565541
0.98527260947
Repetition end
0
0
0
Repetition start
1.72022450445
1.30396750422
0.763031552058
0.763031552058
0.333131370108
1.32176571641
1.32176571641
1.49981505774
0.778401891054
0.778401891054
0.849711002103
0.849711002103
0.959378165526
1.54498539009
1.54498539009
1.54498539009
1.95315206986
1.95315206986
1.89116748109
0.514172926089
0.199987815694
0.705341102504
1.25716750122
1.24930856625
1.47980309672
1.28105574682
1.27992062396
1.07305024316
0.89370879215
0.89697766082
0.980391983811
0.955342264061
Repetition end
0
0
0
Repetition start
1.04952366638
1.04443002159
1.06122783275
1.08682710072
1.14098585966
1.18503750978
1.16701824207
1.23532835445
1.0399365388
1.07576976298
0.974298808014
1.00664928863
1.10838667405
1.14112604417
1.1096759257
1.09745679007
1.03746751036
1.00024167322
1.00024167322
0.97919066781
1.0293623109
1.20600327293
1.28549860536
1.30441233452
1.22164500559
0.77399627172
1.13546892981
1.10904012246
1.16055706113
1.16055706113
1.23454092969
1.01455211274
Repetition end
0
0
0
Repetition start
1.04364702586
1.01484228931
1.03379228268
1.04965025897
1.12010751269
1.03983899731
1.05596094959
1.24165937605
1.26521321945
1.09214609597
1.09214609597
1.32978467043
1.25990136325
1.08450342587
1.09468768831
1.02055252926
1.05052587178
1.00906519697
1.04640419536
0.985002941845
1.04909157241
1.11404166436
1.14599313073
1.44932894403
0.99078127
1.62693410521
0.973324599692
1.05139444498
1.09205889927
1.03952518896
1.1034645879
1.10117161863
Repetition end
0
0
0
Repetition start
1.08519173819
1.07008974514
1.102210583
1.07982870261
1.12496549997
1.02055267162
1.06975258675
1.05584097764
1.05419526976
1.11521869856
1.06238225151
1.24441554776
1.06363395878
0.997583487
1.11513558266
1.12783358771
1.17418415967
1.15607005891
1.08486512806
1.07383026207
1.00502843886
1.05440206727
1.1812789395
1.18041965836
1.12293884587
1.05090544722
1.06042874804
1.07248910719
1.06826662745
1.10035337887
1.05635947579
1.03539335486
Repetition end
0
0
0
Repetition start
1.05827888156
1.07053936343
1.06998908941
1.10789686946
1.06766103799
1.01271840826
1.04532630616
1.05235886998
1.07096422673
1.14180413954
1.11043206412
1.23718177558
1.14465588812
0.98591232978
1.04878345231
1.06376274539
1.092067163
1.0713696619
1.13680861796
1.19520514449
1.08217999231
1.11794392447
1.08106512359
1.09055298968
1.14528564907
1.06680787387
1.14878374998
1.04452805808
0.910576099351
1.1022330553
1.07356608938
1.0242088756
Repetition end
0
0
0
Repetition start
1.0747000587
1.06808092509
1.05752371096
1.01272156257
1.17350498645
1.07940123872
1.10465569302
1.04424834782
1.06443523077
1.11827327245
1.18017991791
1.07460699695
1.03011721651
1.0268084016
1.11883517786
1.08672611157
1.06890145102
1.08113249143
1.08599409121
1.08909709539
1.08426643517
1.08389085246
1.06062947614
1.03572315132
1.03521045687
1.26223105845
1.13134851402
1.58965376532
0.893469719938
1.12041056814
1.11097518096
1.27434020577
Repetition end
0
0
0
Repetition start
1.02728468033
1.20097203802
1.09266393588
1.05858285835
1.01081379439
1.07441939474
1.08971124103
1.02310351936
1.10846633703
1.11454417722
1.10772855236
1.11214727572
1.18533306299
1.05659511912
1.09885044231
1.15542187064
1.12912917823
1.03463679362
1.14910734682
1.13426053301
1.09824414308
1.09546494573
1.10927161722
1.077198726
1.12779049531
1.34412188152
1.36412674937
1.00194856111
1.0862044514
1.0708384005
1.06504414101
1.18041467202
Repetition end
0
0
0
Repetition start
1.02545354196
1.09244626715
1.07102391518
1.08816174462
1.04709870525
1.0803275105
1.06164642892
1.03821567396
1.28538208285
1.40162310905
1.10378428877
1.0796063481
1.08951337312
1.08906637004
1.02675355885
1.06377316552
1.08263306459
1.08928056919
1.07149042968
1.05972331652
1.08053772755
0.966527745328
1.12340788471
1.35269294993
1.33929604132
0.876533769113
1.02723157473
1.04413613341
1.06557991864
1.09349715342
1.44187628182
0.950681693257
Repetition end
0
0
0
Repetition start
1.05726210039
1.07485962391
1.03659959251
1.10500229137
1.0386060899
1.09123835839
1.058748146
1.25004353894
1.24551026367
1.13215770542
1.07423219499
1.00594089696
1.12603202147
1.12535654319
1.08389790164
1.09019114143
1.13813228811
1.07965418099
1.06926529882
1.03077326397
1.03693852212
1.1296603001
1.26675763636
1.14348138009
1.09823365145
1.14141761662
0.958527032525
1.06272161325
1.08517014026
1.05094228099
1.03420944639
1.10436839853
Repetition end
0
0
0
Repetition start
1.15338423033
1.04418232853
1.06024719803
1.05428694784
1.09097178679
1.08040520991
1.05518199843
1.23132825381
1.00181303662
1.06195504925
1.10292378649
1.11535692794
1.07223475608
1.0715957679
1.08621761256
1.11344614481
1.09484651131
1.08405745492
1.0579858016
1.08030498254
1.076441731
1.04764455473
1.05959544877
1.07439610144
1.27941129042
1.187056581
1.1637734896
0.885104278779
1.0227348194
1.12437026293
1.15713242739
1.22719035814
Repetition end
0
0
0
Repetition start
1.11940379153
1.08868089459
1.07264137286
1.03346245221
1.09121286711
1.17384042273
1.05167451633
1.14691210181
1.36610384229
1.12109466712
1.04853480871
1.02505607234
1.0489231436
1.13773494701
1.08936581848
1.08706875409
1.10112824572
1.04450552302
1.05958401544
1.12792167165
1.09368376191
1.04000385386
1.08639024655
1.16404025485
1.1484179041
1.41175756913
1.03354229255
0.892680994863
1.02993722284
1.12650550336
1.05786325264
1.07820280631
Repetition end
0
0
0
Repetition start
1.12629665546
1.07700512435
1.04419528085
1.02840843077
1.07504082522
1.09323738381
1.10883829069
1.45866749857
1.03589394213
1.2839494419
1.01792711728
1.09706183456
1.04413437269
1.12433421282
1.08753020482
1.09566097892
1.09743609376
1.05621168593
1.06589101914
1.07135769703
1.05054917485
1.07084233333
1.09850382069
1.09854473185
1.22531005976
1.25302385763
1.18088087611
0.899704740193
1.00761377053
1.13999045698
1.06915177453
1.06225276272
Repetition end
0
0
0
Repetition start
1.1351046983
1.07219537738
1.04072432889
1.02239034677
1.1253721049
1.14713063782
1.04629524924
1.12609315783
1.05413394636
1.10855726877
1.08022109598
1.04651277239
1.04870961761
1.10179651933
1.11270798429
1.09779430689
1.07980432368
1.08856679425
1.12042439978
1.09185598415
1.07437921886
1.02616483071
1.10591097435
1.128473623
1.19055187828
1.16653145031
0.964197894393
0.886549175113
1.10775363837
1.14492492122
1.02940340776
1.07544415372
Repetition end
0
0
0
Repetition start
1.13578909124
1.09156853057
1.06491595539
1.04647045361
1.05526975348
1.11228415359
1.12180586704
1.14033201942
1.20109949437
1.15081035133
0.964178276684
1.04017473688
1.08082028564
1.06147471389
1.09595869351
1.07567532537
1.09619306976
1.09787159128
1.07643290952
1.03572301824
1.01940725932
1.06626403825
1.00176128797
1.30203260339
1.27398347559
0.953168039445
1.00887065052
1.1322542229
1.06678919676
1.05796810609
1.1413003281
1.26785086562
Repetition end
0
0
0
Repetition start
1.13438207149
1.13114645877
1.02129145017
1.04773285043
1.04773285043
1.01890344583
1.0208462259
0.966216440997
0.971855977614
0.86726434685
1.16803678901
0.888756096171
1.1007920151
1.42032879163
1.40564392328
1.5105936203
1.49782162804
1.29528625534
1.22909738778
1.22773834832
1.29947960082
1.01159575536
0.416793686659
1.50803564945
0.830657707278
1.04477066836
1.04406983406
0.986897589333
1.00270195728
1.18812201234
1.07331218439
1.06739435251
Repetition end
0
0
1
Repetition start
1.15325994439
1.05478426348
0.987377937535
1.01940056449
1.01940056449
0.910912255008
0.941361394581
0.863391720276
0.863391720276
0.953284852115
1.28989557166
1.06638116772
1.14325958862
1.40792216648
1.34237264582
1.33034061721
1.33034061721
1.33034061721
1.18323194841
1.28978295567
1.17740107956
1.22350061681
1.19526608072
1.23246857846
1.11314268756
0.594045179803
1.10283067258
0.669192058415
1.02396742009
1.21722727491
1.10969990519
1.00031419005
Repetition end
0
0
1
Repetition start
1.09358270081
1.11368817873
1.11368817873
1.02819950485
1.01479495682
0.994702616878
1.02186521028
1.02186521028
0.830410027065
0.886968186875
1.32035839689
0.90843504744
1.35081567969
1.25306874527
1.2780389119
1.33888072529
1.36568037342
1.27988352247
1.39083853834
1.27846170639
1.19946255675
0.986975919807
1.21017077692
0.822898765965
1.33428908871
0.913512779873
1.09244989032
0.963744015539
0.963744015539
0.890643146815
1.13292005127
1.03206686158
Repetition end
0
0
1
Repetition start
1.08002832757
1.05191528183
1.01718544476
1.02209606419
0.982256158689
0.954263566006
0.823053560108
1.14211806792
1.14211806792
1.16141756447
0.935954021267
1.28442580762
1.33722287799
1.37679540123
1.38882783424
1.38882783424
1.3551660579
1.15184017105
1.15184017105
1.23546856564
1.27014806288
1.31086770379
1.12725722344
0.716043440117
0.952993182541
0.903688842243
1.05662734046
0.9219329642
1.04087152611
1.16053045063
1.08876436886
1.08876436886
Repetition end
0
0
1
Repetition start
1.19428687412
1.00476211772
1.11735683438
1.03446353011
1.05013091585
1.02287230646
1.09097268655
1.0210964513
1.02674966395
0.962790915412
0.827107058034
1.05146770142
1.01364586453
1.08961911946
1.39768055857
1.1470867261
1.35821507421
1.45625342069
1.42652827642
1.29294165211
1.194986966
1.10701459463
1.16431825184
1.08838522128
1.04123314916
0.516005079752
1.50587311106
0.952035697718
0.957789554679
0.98971964646
1.18247238079
1.01382545271
Repetition end
0
0
1
Repetition start
1.108085921
1.11237981675
1.03490274672
1.02874036326
1.00407133897
0.935353095786
1.03742402183
0.852570009926
0.998881468842
1.17847410855
1.17340406162
1.08856417627
1.23817042327
1.15177004644
1.26458547723
1.26458547723
1.24535724046
1.32529678603
1.302128013
1.2752145599
1.17563528283
1.31199581533
1.35692416198
1.08420225651
0.528261421151
1.20844798291
1.21751839354
0.847672264546
1.16073291428
1.006498815
1.03413469903
1.03413469903
Repetition end
0
0
1
Repetition start
1.02218620777
1.02218620777
1.00386506861
1.00386506861
1.03105697848
0.954255734875
0.954255734875
0.908096186177
0.908096186177
0.908096186177
1.20367292059
1.52597226033
1.55978828679
1.55978828679
1.46326405097
1.23549259421
1.23549259421
1.29229010465
1.29229010465
0.822616941558
0.822616941558
0.748999370203
0.748999370203
0.91234827895
0.91234827895
1.0919132836
0.987245780553
0.987245780553
0.987245780553
1.07425191308
1.07425191308
1.02845879878
Repetition end
0
0
1
Repetition start
0.380175264654
0.380175264654
0.380175264654
0.767835891676
0.767835891676
2.12075177838
2.12075177838
2.12075177838
2.12075177838
2.04962689291
2.04962689291
1.84651652482
1.59216226234
1.59216226234
1.36127226891
1.36127226891
1.36127226891
0.188434082146
0.31147039793
0.31147039793
0.31147039793
0.31147039793
0.31147039793
0.822160213446
0.822160213446
0.822160213446
1.34739467598
1.34739467598
1.47639200447
1.47639200447
1.27923560979
1.27923560979
Repetition end
0
0
0
Repetition start
1.00360429616
1.00360429616
0.932354939123
0.783254888065
0.783254888065
0.783254888065
0.665242249514
0.665242249514
0.847933291064
0.847933291064
0.847933291064
0.847933291064
1.52821375686
1.52821375686
2.08214444431
1.91866840762
1.91866840762
1.53394035061
1.30523607434
1.30523607434
1.30523607434
0.272455208557
0.914467878602
0.914467878602
0.914467878602
0.914467878602
0.764596796058
0.981804189023
1.11139034338
1.11139034338
1.08528521385
1.08528521385
Repetition end
0
0
0
Repetition start
1.10079121135
1.14724817454
1.15280703591
1.02359679125
1.02359679125
1.03834287383
0.848504457326
0.450539240342
0.972148490799
1.48454038552
1.48454038552
2.09949992937
1.70916058858
1.70916058858
1.74950707893
1.74950707893
1.74950707893
1.17868404942
0.207311521511
0.207311521511
0.746720497659
0.746720497659
0.742560448554
0.742560448554
0.918835076947
0.918835076947
1.3678121012
1.3678121012
1.6625284906
1.6625284906
1.12273599219
1.12273599219
Repetition end
0
0
0
Repetition start
1.24385159667
1.24385159667
1.16955879672
1.16955879672
1.24427219965
0.781010755623
0.717338118601
0.334714292688
0.334714292688
0.334714292688
0.334714292688
0.334714292688
0.176885148017
2.58863686293
1.6567551162
1.6567551162
2.12623786021
2.12623786021
2.12623786021
1.9370516539
1.3187612345
1.3187612345
0.568890133692
0.401943915496
0.586087871965
0.586087871965
0.586087871965
0.586087871965
1.24904376797
1.85953447516
1.00967494439
1.00967494439
Repetition end
0
0
0
Repetition start
0.919663737256
1.2761425165
1.22394499636
1.15712397962
1.10419342021
0.947442974124
0.947442974124
0.898941431526
0.818412519564
0.747714793146
0.747714793146
1.24887535345
1.89511129604
1.58772342759
1.58772342759
1.57241656841
1.57241656841
1.39506618941
1.39506618941
1.46113861199
1.46113861199
0.918628735389
0.918628735389
0.566325941641
0.652496642624
1.15983789424
1.15983789424
0.732734832023
0.732734832023
0.732734832023
1.0626601088
1.64043919329
Repetition end
0
0
0
Repetition start
1.18323834752
1.12755561009
1.12755561009
1.02709103511
1.02709103511
0.918321951425
0.918321951425
0.918321951425
0.952931202666
0.952931202666
0.952931202666
0.761490112617
0.761490112617
0.624865025609
0.624865025609
2.1216330949
2.26532134372
2.26532134372
2.26532134372
2.26532134372
2.26532134372
1.57564893956
1.95889883815
1.94183799387
0.475422535423
1.3506023588
1.3506023588
0.351831719843
0.443985710874
2.08338829783
2.08338829783
2.15619834461
Repetition end
0
0
0
Repetition start
1.00275374469
0.882167753734
0.711298002289
0.93191641798
0.93191641798
1.1276317302
1.1276317302
1.1276317302
1.1276317302
1.51546795636
1.51546795636
1.71490197854
1.71490197854
1.7302364792
1.7302364792
1.7302364792
1.66574539014
1.66574539014
1.68794792685
0.362038496585
0.362038496585
0.145294301626
0.145294301626
0.145294301626
0.132033165235
0.132033165235
0.132033165235
0.132033165235
0.714537896456
1.29944113699
1.29944113699
1.89019130528
Repetition end
0
0
0
Repetition start
1.14769162882
0.880559292871
1.10803063462
1.10803063462
0.98352835781
0.98352835781
1.08753939871
1.08753939871
0.818315568539
0.818315568539
0.635564676749
1.91871943613
1.91196632922
1.35861380273
1.35861380273
1.47733676758
1.76379860986
1.76379860986
2.07005134051
2.07005134051
2.07005134051
0.670755040643
0.670755040643
1.02925755102
1.02925755102
1.02925755102
1.02925755102
1.02925755102
0.225000074837
1.02243451665
1.44191751872
2.03865667942
Repetition end
0
0
0
Repetition start
1.03900571539
1.03900571539
0.597919658508
0.540109843605
0.540109843605
1.24461449442
1.19143007286
2.1584551677
2.1584551677
1.40072994564
1.46120298238
1.46120298238
1.46120298238
1.50149129333
1.50149129333
1.50149129333
1.21101044004
1.21101044004
1.21101044004
0.932752791128
0.358053477945
0.358053477945
0.895788839209
1.05904555621
1.07884553487
1.07884553487
1.07884553487
1.07884553487
1.42033170036
1.42033170036
1.32045724318
1.32045724318
Repetition end
0
0
0
