Repetition start
0.977937761871
0.975734834888
0.980640187416
0.985155481161
0.938739551211
1.03028488334
0.973527162228
0.953354714024
0.957305014633
1.05883294567
1.12005888131
1.14871887244
1.03438629089
0.980986581892
0.983820980706
0.92216700843
1.02364497593
1.04267625422
0.98637011788
1.01195386416
0.994418019339
1.01504647027
0.947793107792
0.877884890185
0.85377013735
1.20578826247
1.49394720234
1.08354651913
0.809343156593
1.08902446141
0.954953731635
0.864361307445
Repetition end
0
0
0
Repetition start
1.00332576393
0.937085314271
0.937085314271
0.904515872251
0.930841052827
0.946800481505
0.933192534005
0.933192534005
0.819636663689
0.944590351821
1.16913409131
1.12410783492
1.12410783492
1.14114880945
1.14114880945
1.14126671579
1.14126671579
1.13505624671
1.00387241069
0.81354677875
0.897275542328
0.861624861226
1.51193727718
0.969460094447
0.650350944637
0.650350944637
0.650350944637
1.03051572184
1.00832798254
1.00832798254
1.03548735955
0.945544878322
Repetition end
0
0
0
Repetition start
0.914842301489
0.914842301489
0.953649403971
0.953649403971
0.953649403971
0.953649403971
0.937001359971
0.937001359971
0.937001359971
0.888178348788
0.777187595306
0.777187595306
0.719102125365
1.34682235488
1.28877545542
1.352000601
1.352000601
1.23991998457
1.23991998457
1.2077364744
1.2077364744
1.15810698324
0.992421269099
0.752907902344
0.579601535181
0.579601535181
0.808126475819
0.99133280113
0.99133280113
0.991233428925
1.1794684093
1.00854904037
Repetition end
0
0
0
Repetition start
0.988941153243
0.98533572136
0.929619211606
0.985038908097
0.963331048302
0.971463699872
0.93537896746
0.956586668332
0.973849441779
0.984245189554
1.02725370905
0.979062561409
0.868722530058
0.947211370193
0.913986732734
1.11448511318
1.10767787585
1.07327177443
1.03749357173
1.00634381563
0.965099297014
0.930973039716
0.835460058573
0.892620152459
0.999868080632
1.01917754355
1.3566427149
0.948882747961
0.807612671661
0.95989115084
0.96028594475
1.02798163986
Repetition end
0
0
0
Repetition start
0.976104006902
0.978993559899
0.97798444032
1.01528935388
0.939656665824
1.06610633664
0.846119912325
0.92676351443
0.989300396484
1.1875327821
1.06007854209
0.802978378764
1.04597850034
1.10154989587
1.06599893057
0.982045987154
0.953859720259
0.982932325967
0.950099985373
0.917492400006
0.934599649732
0.838743822488
0.956352002572
0.937189694549
1.11100917657
1.18447306203
1.38070438546
0.789776905922
1.04153958281
0.947733928503
0.960555097429
1.04072528641
Repetition end
0
0
0
Repetition start
0.968270444614
0.979727966744
0.946458824921
0.963859786109
0.932528388704
0.933967653122
1.02903074013
0.965557317152
1.21421543352
1.23199645678
1.06720860832
0.934010199314
1.00175834272
0.859687767767
0.859687767767
0.836675961698
0.865410354147
0.935027049755
1.05904051724
0.828119943711
0.881696339369
1.34643372772
1.19271961114
0.938387984701
0.938387984701
0.820514454278
0.996407412716
1.23062522287
1.2892985648
0.871515257599
0.778220638177
0.827144062071
Repetition end
0
0
0
Repetition start
0.930755582715
0.979780040748
0.979780040748
0.935908446792
0.935908446792
0.897812802364
0.897812802364
0.876736078824
0.821717741194
0.753376802023
0.952741189974
0.952741189974
1.16899998218
1.60626132225
1.60626132225
1.62391393502
1.62391393502
1.62391393502
1.4997309354
1.4997309354
1.08418431543
0.327012207363
0.361386196522
0.361386196522
0.812801933125
0.812801933125
0.942690653749
1.05211888405
1.05211888405
1.05211888405
1.26062684599
1.05877767528
Repetition end
0
0
0
Repetition start
0.975740882475
0.992002126318
0.963127774405
0.982590884541
0.982590884541
0.928433833213
0.949454749169
1.11113152164
1.11113152164
0.886502731159
0.811734159542
0.752955308867
0.603070406592
0.603070406592
0.795573492357
1.71321271371
1.83186738455
1.83186738455
1.83186738455
1.69023662547
1.08968354316
0.370619752229
0.370619752229
0.454363040091
0.529563263162
0.529563263162
0.893247163728
0.893247163728
1.02186906001
1.02186906001
1.0988794906
1.21689729292
Repetition end
0
0
0
Repetition start
1.11267013006
1.11267013006
0.9992760146
0.9992760146
0.9992760146
0.970945460428
0.917944741442
0.917944741442
0.7865903743
0.823710519926
0.823710519926
0.841001043712
1.02214693642
1.02214693642
1.69079035609
1.69079035609
1.69079035609
1.60081505547
1.54893177378
1.54893177378
1.16624873913
0.50160792463
0.50160792463
0.320732289381
0.320732289381
1.19681024059
1.19681024059
1.02502565156
1.02502565156
1.03777338492
1.00123347637
0.910165903343
Repetition end
0
0
0
Repetition start
0.798728698848
0.798728698848
0.647251598756
0.350298351824
0.350298351824
0.662409433099
2.01591239588
2.01591239588
2.01450564017
2.01450564017
2.01450564017
1.69297482349
1.69297482349
0.999238980068
0.999238980068
0.999238980068
0.177842002811
0.0502989311758
1.02686539816
1.02686539816
1.01418470262
1.01418470262
0.638527054656
0.638527054656
1.18653034632
1.00985844811
1.00985844811
0.88356649431
0.88356649431
1.03264630679
0.89739575113
0.89739575113
Repetition end
0
0
0
Repetition start
0.577889271954
1.64533376934
1.64533376934
2.16089680293
2.16089680293
2.00808132354
2.00808132354
2.00808132354
1.01744654239
1.01744654239
1.01744654239
0.301141863316
0.301141863316
0.301141863316
0.348811784855
0.348811784855
0.348811784855
0.544882595192
0.544882595192
0.544882595192
0.544882595192
1.39419000922
1.39419000922
1.39419000922
1.39419000922
0.582188428227
0.992814048298
0.992814048298
1.13084510438
1.13084510438
0.81014995968
0.81014995968
Repetition end
0
0
0
Repetition start
1.16499675472
1.16499675472
1.19984421122
1.19984421122
1.32053917711
1.06377474315
1.06377474315
0.953650259462
0.861344568697
0.861344568697
0.760633382496
0.804158652695
0.804158652695
0.856561085304
0.856561085304
0.970841990771
1.11720418751
1.11720418751
1.07708983206
1.07403045738
1.10429801044
1.10429801044
1.13648920429
1.13648920429
1.13392165244
1.13392165244
0.855552958781
0.924914114902
1.03615015826
1.05658555548
0.885210125572
0.885210125572
Repetition end
0
0
0
Repetition start
0.968657885294
0.906869787356
0.970386117563
0.965535217265
0.965535217265
0.945026029182
0.945026029182
1.05058169154
1.05058169154
1.01397032194
1.18092587663
1.18092587663
1.06051113181
1.0962539672
1.14866327318
1.11480003791
1.12015334838
0.97703891196
0.91997717025
0.859564439528
0.896366456531
1.06469433003
1.24893305961
1.03140061716
1.03140061716
1.03140061716
0.774026456235
0.967568463388
0.967568463388
1.03992164558
1.03992164558
1.03992164558
Repetition end
0
0
0
Repetition start
0.898441532375
0.872480539461
0.872480539461
0.952162092062
0.952162092062
0.934398489835
0.878998344683
0.878998344683
1.0145095642
1.0145095642
0.969249558083
1.14248075478
1.14248075478
1.27000647673
1.17588764324
1.17588764324
1.16917840646
1.05961134343
1.00968289728
0.948775256519
0.969620792041
0.927315502974
0.78410928346
1.42145454169
1.10394259438
0.73031408029
0.909845219214
0.909845219214
0.909845219214
1.04046698887
0.954193237726
0.954193237726
Repetition end
0
0
0
Repetition start
1.05669075077
1.68131522443
1.14125483577
1.14125483577
0.65960581534
0.38044964196
0.38044964196
0.38044964196
0.38044964196
0.50270772684
0.50270772684
0.893660625577
0.893660625577
1.55718347377
1.53609621352
1.53609621352
1.59555916621
1.59555916621
1.34362724071
1.34362724071
0.790512127226
0.22074088896
0.215601581532
1.31719953168
1.62563013275
0.813464081063
0.56026741864
1.06245060589
1.06245060589
1.10859665296
1.10859665296
0.834140756226
Repetition end
0
0
0
Repetition start
1.05889044894
1.1240059514
0.946405732292
1.12582746513
0.979765120919
0.949031414965
0.948713753043
0.975732492583
1.04985985012
1.04985985012
0.874085001136
0.975760905296
0.975760905296
1.15247365737
1.02078297934
1.00048829242
1.01146191205
1.01146191205
0.867741847918
0.925148288819
0.925148288819
1.15985075785
0.897773914328
0.897773914328
0.897773914328
1.06940830979
0.983552142256
0.946055161944
0.975105516749
0.931315235279
1.04926235118
0.901800010393
Repetition end
0
0
0
Repetition start
0.97746779061
0.968578342642
0.969602628781
0.978764277786
0.910987787265
0.98273587944
1.02756139132
1.08733315455
1.02180435282
0.995542944291
0.921281613499
0.808784856189
0.912526800957
0.843687445918
1.06614141355
0.966233480425
0.983209938538
1.04517334737
1.03150515398
0.874827802267
0.995083558447
1.05556991186
0.90074066921
1.0757918232
1.09890680415
0.97734601061
0.948265464332
0.962120018612
0.972176772595
0.827961379208
0.962928488801
1.00174050557
Repetition end
0
0
0
Repetition start
0.992568081982
0.992568081982
0.992568081982
0.992568081982
0.992568081982
1.1200583159
1.38239761368
1.38239761368
1.42111923888
1.42111923888
1.28501072236
1.28501072236
1.11222995343
1.11222995343
0.929892673612
0.929892673612
0.801542511072
0.801542511072
0.801542511072
0.801542511072
0.596714487013
0.596714487013
0.596714487013
0.516934765119
1.1835154092
1.1835154092
1.04296887144
1.04296887144
1.04296887144
0.849403036208
0.849403036208
0.849403036208
Repetition end
0
0
0
Repetition start
0.978241630843
0.976400821654
0.974570594658
0.976319755902
0.976319755902
0.975852086113
0.983672968361
0.975712087378
0.979694792387
0.979694792387
0.945945452968
0.945945452968
0.807786849904
0.648855617453
0.810129156828
0.949078155042
0.935983291248
0.985486086612
1.10487758682
1.35961759666
1.35961759666
1.44531429652
1.37192322021
1.18648205124
0.935722806392
0.634355870555
0.634355870555
0.517594398387
0.702107336781
1.07345296614
0.959471739946
0.966262812443
Repetition end
0
0
0
Repetition start
0.275924354793
0.299221534069
0.299221534069
0.299221534069
1.41260915568
1.41260915568
1.12268652732
1.12268652732
1.16361527044
1.16361527044
1.07902804336
1.07902804336
1.07902804336
1.10774256253
1.26675014904
1.50714747434
1.35843573655
1.35843573655
0.811874566162
0.811874566162
0.811874566162
0.256338319154
0.317239940471
2.80894926431
1.66362254613
1.66362254613
0.858526281096
0.858526281096
0.858526281096
0.815247872921
0.815247872921
0.815247872921
Repetition end
0
0
0
Repetition start
1.04175372912
1.04175372912
0.94878258319
0.815765480754
0.815765480754
0.739151915571
0.608701954748
0.842510914056
0.893286647096
0.893286647096
0.893286647096
0.898242222254
0.898242222254
1.36386776061
1.36386776061
1.7373078707
1.66991296732
1.66991296732
1.38098940042
1.38098940042
1.38098940042
1.10223190111
1.10223190111
0.739117275168
0.739117275168
0.739117275168
0.477477922017
0.367985760646
0.750449018872
1.09211862699
0.812551503658
1.01131863949
Repetition end
0
0
0
Repetition start
0.9385200415
0.938550904472
0.938550904472
0.918898699852
0.918898699852
0.753413659588
0.538566201947
0.639492927459
0.911680610892
0.826978332701
1.06814313928
1.58965156598
1.83715395499
1.83715395499
1.71520229623
1.48710747486
1.20263225045
0.952685123702
0.65167334652
0.65167334652
0.345615489003
0.345615489003
0.345615489003
0.345615489003
0.190203654807
0.966858628738
1.30437934828
0.761475052119
0.970839297071
0.970839297071
1.01078407275
1.01078407275
Repetition end
0
0
0
Repetition start
0.580321017061
0.580321017061
0.580321017061
1.42390058801
1.42390058801
1.42390058801
1.50500601648
1.50500601648
1.72674653207
1.72674653207
1.72674653207
1.61552837399
1.38004302723
1.38004302723
1.38004302723
1.04869006223
1.04869006223
0.694558109412
0.694558109412
0.439490083624
0.439490083624
0.439490083624
0.439490083624
0.333072767886
0.333072767886
0.333072767886
0.966418047581
0.966418047581
0.966418047581
0.966418047581
1.10975171295
1.10975171295
Repetition end
0
0
0
Repetition start
0.975181453735
0.986178851399
0.993637859042
0.969151131197
0.985097563173
0.985097563173
0.96815642892
0.947100670207
0.964871570248
0.900670117837
0.697946960885
0.578471444044
0.610877230298
1.02643343805
1.02643343805
1.24106959957
1.24106959957
1.24106959957
1.50763598209
1.65534709665
1.50838453802
1.50838453802
1.28939185125
1.02155459256
0.680938646163
0.333533099287
0.391559960113
1.6021542863
1.02420331607
0.883722431348
1.06921688619
0.970478225613
Repetition end
0
0
0
Repetition start
0.99596100839
1.00942196707
0.721543617997
0.357158777721
0.357158777721
0.495624774876
0.495624774876
1.13298028986
1.13298028986
1.15020610094
1.72492298437
1.72492298437
1.72492298437
1.82266642363
1.67435307656
1.67435307656
1.67435307656
1.44429665126
0.872782362053
0.212874788168
0.212874788168
0.209374091161
0.399160145864
1.46317100766
0.6902201657
0.929421639295
1.1100408376
0.919840268446
0.919840268446
0.953876138801
0.953876138801
1.03014722657
Repetition end
0
0
0
Repetition start
1.0581741962
1.0581741962
1.0581741962
1.05677332371
1.59817857645
1.84479958757
1.84479958757
1.84479958757
1.66133157751
1.66133157751
1.66133157751
1.35265956989
1.35265956989
0.876298998175
0.876298998175
0.271850627048
0.147516379134
0.147516379134
0.401543664305
1.38203715959
0.872733076824
0.872733076824
0.872733076824
1.03577476233
1.03577476233
1.05654096574
1.05654096574
0.947861458495
0.978973235984
0.978973235984
0.978973235984
0.970415003518
Repetition end
0
0
0
Repetition start
0.545092450042
0.545092450042
0.457113058968
0.750258249783
1.26876392504
1.47695113674
1.7512548718
1.7512548718
1.7512548718
1.66074635172
1.66074635172
1.66074635172
1.49327717933
1.49327717933
1.49327717933
1.22286723148
1.22286723148
1.22286723148
0.851859854482
0.488782080338
0.488782080338
0.126710233884
0.126710233884
0.36123176527
1.52854024383
1.52854024383
1.52854024383
0.790067207769
1.03034023773
1.0550902004
1.0550902004
0.868684820605
Repetition end
0
0
0
Repetition start
0.540878987875
0.540878987875
0.777993618261
0.777993618261
0.98174470349
0.95193081643
0.95193081643
0.95193081643
1.20893172148
1.20893172148
1.20893172148
1.21427413183
1.34554048671
1.41973904373
1.41973904373
1.41973904373
1.4279859063
1.31280709404
1.31280709404
1.013341032
1.02357572794
0.693633879467
0.468415176497
0.468415176497
0.468415176497
0.468415176497
0.485153637601
1.05738572135
1.02269631767
1.02269631767
0.804045731443
1.00534996911
Repetition end
0
0
0
Repetition start
0.983075504636
0.973516690705
0.973516690705
0.989185722262
0.925250599477
0.925250599477
0.925250599477
0.612838953124
0.480995397441
0.480995397441
0.741378197375
0.741378197375
1.09466663506
1.01400112398
1.01400112398
1.33646910531
1.33646910531
1.41142214676
1.63801017901
1.51943700984
1.28059544649
1.28059544649
0.875300281379
0.497024537772
0.230570528219
0.564786386941
1.72799582128
1.72799582128
0.785041563474
0.989164756623
0.989164756623
1.0864427098
Repetition end
0
0
0
Repetition start
0.977962320331
1.00525030936
1.00525030936
0.856936962849
0.920587371846
0.920587371846
0.920587371846
1.02855760421
1.02855760421
1.14683992016
1.40853011664
1.42163290462
1.42163290462
1.42163290462
1.31399090563
1.22948580794
1.22948580794
1.22948580794
1.01727212892
0.820747264817
0.820747264817
0.672371218101
0.672371218101
0.584663066904
0.757394503315
1.08001221944
0.955420859689
0.956623868457
0.956623868457
1.01000305461
1.01000305461
1.01000305461
Repetition end
0
0
0
Repetition start
1.02158115286
1.03993866843
1.06744398202
1.08339243011
1.0869072985
0.962092234962
0.962092234962
0.841798470356
0.966060972943
0.980358717926
0.980358717926
0.973449823752
0.977461486924
0.989975080833
0.992248497612
0.976004729247
0.965527253775
0.928166052122
0.978660226367
0.903710861321
0.919501605484
1.04691053088
1.04691053088
1.01998642374
1.4029452102
0.982461913338
0.813111661879
1.01323652566
1.0025466533
0.954552193604
0.938535025579
0.938535025579
Repetition end
0
0
0
Repetition start
0.976266255268
1.02025064577
1.06853520273
1.00222913201
1.10049136482
0.869579489416
1.01236256988
0.9644931299
0.924084458466
1.01690673828
0.979900373941
0.968545532568
0.952284058913
0.952284058913
0.997277086135
1.00951709493
0.968303610261
0.967945849538
0.976652267145
0.941820720195
0.943614508601
0.979724725217
1.09947629635
0.987826723436
1.17001411348
1.02489886526
1.02489886526
0.806528321454
0.874016664788
1.06399599986
0.992257945496
0.977747373841
Repetition end
0
0
0
Repetition start
0.919182413386
0.995635465775
0.988432868816
1.07621548698
1.12666113061
1.01368174245
1.01368174245
0.855180604735
0.855180604735
0.924626507457
0.924626507457
1.04692354196
0.866502226887
0.976247357064
1.02023959856
0.987034712648
0.998739575119
0.981991958211
0.987155170986
0.966632761657
0.935415941685
0.880971275547
1.06957690341
1.11466601732
1.01270506991
1.03848093293
0.849775350735
0.985657146467
0.990187442578
1.01191158188
0.914475691972
1.01121487092
Repetition end
0
0
0
Repetition start
1.00547152328
0.903835801138
0.990978877146
1.01190067924
1.04569680009
1.26692532333
0.980980712848
0.893643344587
0.953073660453
0.967572517594
1.03300501036
0.978095432679
0.97584700695
0.954557146064
0.997296364666
1.00216901695
0.970601717451
0.955039216636
0.991392023241
1.01055050751
0.951259001985
0.890995690935
0.905584660419
1.06454230119
0.941555381375
1.6799051676
0.913964254039
0.625740643588
1.14637615141
1.01954583819
0.97716324067
0.963498169544
Repetition end
0
0
0
Repetition start
0.956665736095
1.03782165623
1.06208143159
1.04883530151
0.94795209649
0.873692563899
0.85839602456
1.02057382653
1.03243980623
0.983637792936
0.949412936296
0.988318003472
0.985539358899
0.982334021172
1.0067299899
0.956499530065
0.997610181389
0.989155237768
0.900009854663
0.947519974136
0.863276837627
1.12309746172
1.05006337017
0.928987682437
1.10906509315
0.84926141651
0.980179227204
1.03720699361
1.03720699361
0.965530431076
0.908390062843
0.93948782938
Repetition end
0
0
0
Repetition start
0.964128982409
0.945606757308
0.984205814234
1.03177357337
1.00858232202
0.997263558068
0.993889612087
0.925384148607
0.789780879891
0.928158000799
1.02786099173
0.989283654571
1.00292743099
0.953183506514
0.987626399706
1.00269757327
0.952321700935
0.990800312095
0.991102094265
0.981964651458
0.959771109407
0.932645517688
0.887062084007
0.88587211741
1.24397505492
0.978190701231
1.1172899386
0.952348482685
0.88352311912
1.01776350716
0.923963970254
0.975905496843
Repetition end
0
0
0
Repetition start
1.06419584157
0.914593310164
0.911060424415
1.02364712126
0.974937355111
1.00504759465
1.04959202764
1.03635377712
0.938335376325
0.945183528425
0.940487553845
0.967635461497
0.980043803603
0.909634913583
1.10789076484
0.977144695308
1.00160224898
0.978517088822
0.94151774415
0.971680450439
0.924488978491
0.946932795149
0.900515256022
1.05063649425
1.45780804461
1.16091989662
0.761151679796
0.970900028222
1.00665644943
0.917448572129
0.975949531824
0.905067842299
Repetition end
0
0
0
Repetition start
0.969469020869
1.01437011367
0.97080471766
0.950346525967
0.967924951112
1.02006290356
0.956421656021
0.968625964407
1.18556659248
0.898766304055
0.971841710447
0.952938556024
1.05667603728
1.00710277
0.952193097754
0.997442463722
0.968916826727
0.978770860441
0.993991900638
1.01418736384
0.950872912804
0.994355787365
0.940774224649
0.904946528463
0.970088843048
0.967867701354
1.03006039084
1.22382554
1.00974722464
0.805330126366
1.02062057894
0.949529810749
Repetition end
0
0
0
Repetition start
0.970059557594
0.926273158925
0.993133345647
0.983056731649
1.04381583671
1.04381583671
1.01997173411
1.01008785463
1.16914310073
0.852951767035
0.931804588573
1.03367731862
0.903106107316
1.0105493721
0.940235046494
0.989505305686
0.966670577152
0.987401861282
0.979695813358
0.994613958217
0.921118338858
0.872502993887
0.890650476961
1.12195145797
1.00258689304
1.42481588839
0.936061194132
0.821513160132
1.03175632373
0.96737386652
0.930871283967
0.930871283967
Repetition end
0
0
0
Repetition start
0.931654670098
0.908253479659
1.0041195628
0.990652129783
1.08629793251
1.03137741963
0.969866674314
0.998595180433
0.872033544536
0.917803138647
1.011809264
0.968614232255
0.96723860658
0.994605255595
0.992483900132
0.967656366175
1.00156019176
0.970142206277
0.987830568165
0.968275119152
0.930628302529
0.940974173973
0.982977401017
1.06200335795
1.20509544558
1.20509544558
1.27812245312
0.798393723656
0.792070177991
1.18123282024
0.967441592403
0.912381319516
Repetition end
0
0
0
Repetition start
0.977116094081
0.977116094081
0.982810218608
0.972609806101
0.970645544006
0.983875764923
0.990848783283
0.980697808353
0.983494476432
0.973676405058
0.98619331345
0.98311618895
0.975168045094
0.980939284867
0.979175577309
0.979793066896
0.976495986581
0.974294313408
0.984538641831
0.976378427324
0.984031412924
0.981725195457
0.979576392467
0.973234420353
0.977905816285
0.969797235547
0.987126648468
0.980853330183
0.979323942239
0.97407534499
0.974923440636
0.982111039862
Repetition end
0
0
0
